-8.652818604863588003e-01
1.699183986691851667e+00
6.274097174529200682e-01
-1.592959080168786956e+00
4.359835920181158175e-01
1.375248142192612821e+00
8.430851577211594394e-01
3.103450087949930047e+00
2.737809372205096126e-01
-2.688494561842603645e-02
4.402638701558321821e-01
7.673306670329591572e-01
1.102387556796708523e+00
-5.549456708698660146e-01
-4.844852380033292105e-01
-2.555739708986032976e+00
1.202828547920478997e+00
-4.198784163727379282e-01
3.537405087324979602e-01
9.116837748540966846e-01
7.554191773666075749e-01
7.834905629618529321e-01
-7.862260892399874912e-01
4.081991355691116236e-02
-1.439341560396791619e+00
-6.691737705942475412e-01
7.531992681589604333e-01
1.065249106783041855e+00
8.733293000604096523e-01
-8.136569669260651505e-01
-4.644684037080860084e-01
3.122504401813316899e-01
4.615311752533133860e-01
5.248792695730616353e-01
1.120325624005316101e+00
1.339880981972620955e+00
-1.378813560833494600e+00
-8.127335206766129749e-01
-6.723422183637293159e-01
5.970466303496663185e-01
6.047085889127997715e-01
-1.244316997207212561e+00
-9.777693172376372699e-01
-2.835953048111802266e-01
-1.197610442145628618e+00
8.524143573165582355e-01
-8.773801617883193460e-01
-1.025054569915814895e+00
2.356580519527315398e-01
1.526797711870007790e+00
1.324199893186866150e+00
6.209471168282421072e-01
-1.181104439541236784e-01
-6.425859402167296563e-01
4.518378653084588747e-01
-5.145633405907582697e-02
1.516074013557723310e+00
3.346022379427234794e-01
-5.742280982941276868e-01
-3.599166979985635173e-02
-1.177010520736781585e+00
-9.976373062145815762e-01
1.017456010751687012e+00
-6.042481798748248201e-01
