-7.835723744503934884e-02
-4.140605971952674991e-01
1.153390344157140257e+00
1.371536953820784888e+00
-2.818126205816470220e-01
-1.786195171843153906e+00
8.916167060218801454e-01
-6.183396269112110405e-02
6.050329152502004204e-01
6.226506792823134351e-01
-9.604820110971608038e-01
-4.924624932468441019e-02
1.228211771738050295e+00
1.117166135181632658e+00
-1.965593731478592066e-01
-9.117209689633221092e-01
-3.463294861960741211e-01
1.462306644674760125e+00
-1.100842801939673488e-02
-1.053112447844535726e+00
-5.720230276578579520e-01
6.239365472654250233e-01
-6.749297627779629050e-01
-1.040475911955617144e-01
-4.241044728230119326e-02
-5.079859322335462668e-01
-3.838648977552327479e-01
-3.928771398150470717e-01
-1.316197183924427749e+00
-1.223459563754109247e+00
1.682295237210996650e-02
2.037699059229186871e-01
-4.277834529660684559e-01
9.598249928179505286e-01
-1.285121032963008614e-01
1.000193434246998692e-01
-7.122396029382400684e-01
1.766561727756247535e+00
-2.203884427076264474e-01
1.421146094419550865e+00
-1.469530017091559726e+00
-1.369006275941513140e+00
9.355103198783305818e-02
-2.270699612698425351e+00
-1.173805426381707484e+00
3.659802892979483468e-01
-2.556219252706524170e-01
1.282552707988814378e+00
-1.997440500411414577e-01
1.034827297015117775e+00
6.744663020105856610e-01
3.369327028970480198e-01
3.518608571854244249e-01
4.659291147158420299e-03
9.944387579493361162e-01
-2.760575510596544047e-01
9.651282751883035749e-01
2.352044003215083112e+00
5.143927740592895564e-02
-9.794951693931469583e-02
-6.366362454407299420e-01
5.541240939031046864e-01
1.777261365627279613e-02
7.448489489748993941e-01
