-7.352886206175574327e-03
-9.682533815422708634e-03
-1.372909177990259966e-02
-1.912227866331804929e-02
-1.545939212414237929e-02
-2.059079069894117694e-02
-5.235478373590677498e-03
5.195880813723808764e-03
5.617989421860606659e-03
1.785407690769477002e-02
3.446487139944653250e-02
6.530436551392299060e-02
6.970011007903000044e-02
9.519944567063400032e-02
1.195199575662467817e-01
1.355333607338568003e-01
1.522266023120528999e-01
1.981141050773060353e-01
2.332183856216235862e-01
2.421438247139004185e-01
2.727210440926047252e-01
2.981564733266691136e-01
3.296370119183289482e-01
3.569808438139937534e-01
3.928814739877216633e-01
4.108115781351033835e-01
4.304680398712833478e-01
4.711160595059400436e-01
5.031752879196895734e-01
5.262231623315879459e-01
5.521842692074286907e-01
5.816017130319744988e-01
6.095278216052387732e-01
6.370476046442606899e-01
6.593281745488879242e-01
6.928058422408079897e-01
7.085837307061805257e-01
7.417177609713198061e-01
7.659315885241969601e-01
7.863465625568792916e-01
8.179162078057686802e-01
8.477108256374384920e-01
8.745991480782412397e-01
8.985008301176025114e-01
9.186578619599481410e-01
9.485920649036095886e-01
9.686418031310050081e-01
9.892753305119450502e-01
1.014741404599639685e+00
1.040312787554058760e+00
1.066021039948073623e+00
1.088407034546398755e+00
1.104920278750385787e+00
1.132395907544328617e+00
1.159296796294676524e+00
1.175163042214655285e+00
1.199358721878187373e+00
1.218694992901981689e+00
1.243891558515943352e+00
1.261539063372896896e+00
1.281377922626098398e+00
1.303799654012398612e+00
1.323498815642190518e+00
1.342724742899756407e+00
1.360489641156289009e+00
1.382391297545938480e+00
1.402692904395937079e+00
1.421882265719393912e+00
1.437840105700072479e+00
1.454958096370668530e+00
1.473385028586374990e+00
1.496930845868203352e+00
1.513595999581080598e+00
1.525508765723189608e+00
1.547412835014762011e+00
1.562019128624679842e+00
1.579439195994859046e+00
1.597852096120265575e+00
1.612529013128089161e+00
1.628176035367833618e+00
1.646306459117340637e+00
1.660276852814117188e+00
1.676581520755021648e+00
1.695267570800364387e+00
1.710729044006275457e+00
1.726692555426750264e+00
1.739882679169173718e+00
1.754339000911906199e+00
1.768904149463543796e+00
1.784487569269464391e+00
1.795715913953746412e+00
1.815088520600599331e+00
1.826600344205955739e+00
1.839770260144615310e+00
1.852181222407591532e+00
1.865686324904597182e+00
1.879994553668143720e+00
1.893235875954994540e+00
1.906831108394152707e+00
1.917637094709825574e+00
1.931644651659508494e+00
1.944926683638980691e+00
1.957964998642240273e+00
1.971665974564021484e+00
1.985050999853101628e+00
1.993246026644662328e+00
2.004989241653194032e+00
2.015224602077942517e+00
2.028218408494477210e+00
2.039617232682174652e+00
2.052302604337940650e+00
2.059268862314737714e+00
2.071923958882783801e+00
2.082312331652988568e+00
2.091516639480435646e+00
2.106212935983090340e+00
2.114048738953870465e+00
2.124897848129859934e+00
2.133890069177409643e+00
2.143062879886742600e+00
2.152489078761188779e+00
2.164772848444959763e+00
2.170642052632799857e+00
2.184757100949917596e+00
2.193137462137668248e+00
2.204409942363843022e+00
2.213196757067096510e+00
2.221482546527511648e+00
2.230567135118930899e+00
2.238853473258466842e+00
2.249533321994151791e+00
2.258271584307493640e+00
2.265163659228080384e+00
2.274292263669634551e+00
2.284730077619909316e+00
2.291146908616295441e+00
2.298596714710803735e+00
2.309509099205456994e+00
2.318526228239671028e+00
2.325662032961619552e+00
2.333121957083683640e+00
2.339418344476971612e+00
2.351785638930074196e+00
2.357906103246783402e+00
2.366953081531224079e+00
2.373037792314189875e+00
2.382617328277018665e+00
2.389412206238501923e+00
2.396421140851697995e+00
2.403128244990737628e+00
2.413227593119100955e+00
2.418977619877669571e+00
2.424859430353964118e+00
2.434907240126968020e+00
2.439377711910097002e+00
2.444236999613752737e+00
2.454135326779622872e+00
2.459341958246318072e+00
2.468474910129569100e+00
2.474098859816153517e+00
2.480334178812444890e+00
2.487818056654704790e+00
2.492650609198341360e+00
2.499422432464145416e+00
2.507470479077526182e+00
2.512887441778106190e+00
2.519459516339284111e+00
2.526398630414886437e+00
2.533445797280390988e+00
2.538427852785554606e+00
2.544692101758068148e+00
2.551117563443348946e+00
2.555405723101502158e+00
2.560031782225214769e+00
2.569580808613903145e+00
2.567844814433289713e+00
2.580642793225768727e+00
2.583662777271138022e+00
2.590186998318791733e+00
2.594723088902961106e+00
2.601492867295312372e+00
2.607407755041614372e+00
2.611655183755212217e+00
2.617888396526435013e+00
2.622361465782747203e+00
2.629877699856958628e+00
2.633647498716012336e+00
2.640472342415778328e+00
2.642869478528945049e+00
2.648743274233809952e+00
2.654989023925503400e+00
2.660582555589817932e+00
2.664687121066297237e+00
2.668707419772363920e+00
2.673586817031006202e+00
2.679349933330192446e+00
2.683963092525150973e+00
2.687781251636861324e+00
2.692554867993243395e+00
2.698788423645696266e+00
2.705236992485513525e+00
2.707266934756960453e+00
2.713615330155130234e+00
2.718540438573591178e+00
2.723823713052474726e+00
2.728949091968736251e+00
2.731209927870613896e+00
2.737538153807577590e+00
2.739560052454406591e+00
2.748034795323365920e+00
2.749790488311555148e+00
2.755521392801893565e+00
2.758686505496516617e+00
2.762890324639422079e+00
2.767029136295700464e+00
2.770287069624081777e+00
2.776773576273269484e+00
2.780604540225098287e+00
2.783538282018637844e+00
2.788270597674703755e+00
2.792748415850386579e+00
2.797551676922999331e+00
2.799562302027742255e+00
2.805149786339181883e+00
2.808478633717233386e+00
2.811858840252891678e+00
2.816480525489894138e+00
2.817928976727025692e+00
2.825029800747277164e+00
2.828044935346586630e+00
2.830440884555833314e+00
2.837318646569735314e+00
2.837251460709921957e+00
2.841946370164446733e+00
2.846932165006144100e+00
2.852281611033187225e+00
2.853257158844310304e+00
2.858705037082104994e+00
2.862481349890493743e+00
2.866579772199612020e+00
2.870433918260490103e+00
2.874424206768443568e+00
2.875988291961285803e+00
2.880561933689082643e+00
2.883224942243692634e+00
2.887704102212658608e+00
2.890580982983243175e+00
2.894702119750444780e+00
2.898712258613608483e+00
2.901180171813728670e+00
2.904276813668907220e+00
2.909480790210293932e+00
2.911113452133643698e+00
2.916710643804579561e+00
2.917730604998555854e+00
2.920770041266524064e+00
2.925392516343353400e+00
2.930245481351869685e+00
2.931678033092091074e+00
2.934850273258903020e+00
2.937693695471089050e+00
2.941322067733193713e+00
2.945351149864103402e+00
2.947022094526504876e+00
2.949687577069369127e+00
2.954176140155021280e+00
2.958059879735468911e+00
2.961797438108964897e+00
2.962495590068861429e+00
2.965838743625916596e+00
2.969370928028745915e+00
2.974260537400351012e+00
2.973762502459502244e+00
2.979432329936689161e+00
2.981884751885541363e+00
2.986032057284047081e+00
2.988706545353746691e+00
2.990323117423650867e+00
2.994557194301027625e+00
2.995975021773253921e+00
2.998566556857198417e+00
3.002050655462032758e+00
3.005566338413548255e+00
3.007721172301510926e+00
3.011879886058161038e+00
3.014349781757576174e+00
3.016635804184722769e+00
3.020480425281463877e+00
3.021556335254297121e+00
3.026280775425961522e+00
3.029790361962623191e+00
3.031436799561278317e+00
3.033737292654090645e+00
3.037107244600259826e+00
3.040059666111761594e+00
3.041931740573284415e+00
3.045124987381122583e+00
3.046401301714539489e+00
3.050169708916454780e+00
3.052992691499610611e+00
3.054620758418950643e+00
3.057153755494403047e+00
3.060357493233630599e+00
3.063709082583458088e+00
3.065605368957149413e+00
3.068794943498074801e+00
3.071177223208292340e+00
3.072388486904935601e+00
3.075832548660675236e+00
3.079162695348374168e+00
3.079933043090743006e+00
3.083665535940482538e+00
3.086577186225931246e+00
3.090573037488666852e+00
3.092269820206677622e+00
3.093016372101796474e+00
3.095985541561679710e+00
3.098609125530576769e+00
3.103013884362127328e+00
3.102388785431552165e+00
3.105637771721917684e+00
3.107547201458312536e+00
3.110430869483607363e+00
3.113185500170264408e+00
3.116372253362000411e+00
3.117727898440097789e+00
3.119984896536737828e+00
3.121809342930537134e+00
3.125131415408619606e+00
3.127004025158068412e+00
3.129005808453388937e+00
3.132355781178749243e+00
3.134905283684733313e+00
3.135839065844624685e+00
3.140388178252305984e+00
3.141596276195866011e+00
3.142467301639788602e+00
3.145457242575208312e+00
3.148754739402804148e+00
3.149824182421609109e+00
3.153802442789725990e+00
3.154771292547931871e+00
3.156905986492410054e+00
3.159560230576250905e+00
3.162190550803432032e+00
3.163811246515142006e+00
3.166418538422548945e+00
3.168270632253982200e+00
3.169796056957592700e+00
3.173225498555020341e+00
3.175071544943377067e+00
3.177046204612293145e+00
3.178480576115154221e+00
3.181816228048303774e+00
3.184108829743631741e+00
3.185409371336229256e+00
3.187729043527913309e+00
3.189322257339696876e+00
3.192097781608163043e+00
3.194188379413183565e+00
3.195972478375064263e+00
3.198342800758541493e+00
3.199844549396165583e+00
3.202151607763066732e+00
3.204331349598057876e+00
3.205723981248857157e+00
3.207473636265840256e+00
3.210516586467408118e+00
3.211835793063623434e+00
3.214615466268701205e+00
3.214918457044823707e+00
3.216077122779534392e+00
3.219854509601066894e+00
3.221055923236890717e+00
3.224613990063457614e+00
3.225802433960490490e+00
3.227741608289743436e+00
3.229436421202668051e+00
3.231801607486901151e+00
3.233869595155133947e+00
3.234286504459350287e+00
3.237997456643649130e+00
3.239790052855020086e+00
3.241529342428942861e+00
3.243136792136712021e+00
3.244273606087836992e+00
3.245377370818956830e+00
3.248269589838881810e+00
3.250173730299780406e+00
3.252224687126300751e+00
3.253444102976727148e+00
3.255601774382656188e+00
3.256685218332270981e+00
3.259411908345916320e+00
3.261328782271291526e+00
3.263647702194758526e+00
3.265568676222910138e+00
3.266675874360647658e+00
3.267685086542887252e+00
3.270427036171582813e+00
3.272338344580043579e+00
3.272964161014614515e+00
3.275659573485538711e+00
3.277399606456069314e+00
3.279797992313123078e+00
3.281460005000782498e+00
3.282071962027044432e+00
3.284197031545327050e+00
3.285701554010509007e+00
3.288841311573611037e+00
3.289688165196943626e+00
3.291730976149314092e+00
3.293306742313261370e+00
3.294460224245777891e+00
3.296314471678067459e+00
3.297336667588854908e+00
3.300008740748436420e+00
3.301650341989122772e+00
3.304769934619280480e+00
3.305861746733106177e+00
3.307482872014570141e+00
3.308390040231569351e+00
3.308985257377573319e+00
3.310694192561578930e+00
3.312198152960899034e+00
3.314908318918415198e+00
3.316130112166797872e+00
3.316897444498321690e+00
3.319645699751107681e+00
3.321916830631153061e+00
3.322420354331440340e+00
3.324845033199510524e+00
3.327830335843950049e+00
3.326688860417413185e+00
3.328668242064596772e+00
3.330651679172354385e+00
3.332562244044865896e+00
3.333997558159714547e+00
3.335190301995412554e+00
3.338408178266127457e+00
3.338340038212244121e+00
3.339464908872621596e+00
3.341627260783791353e+00
3.342178366502132736e+00
3.345326208519594058e+00
3.346827942321295879e+00
3.349625242933560898e+00
3.350331610291609863e+00
3.350216982318335202e+00
3.352838194831186502e+00
3.354754884607580756e+00
3.356124728047415129e+00
3.356915905170716918e+00
3.358824385123747369e+00
3.360302490609992088e+00
3.361427172817978537e+00
3.363744169033194176e+00
3.364056809324406316e+00
3.366270602530603284e+00
3.367804674952765254e+00
3.369083163086275867e+00
3.371110046549536499e+00
3.372276944438904689e+00
3.373257918907944575e+00
3.375859513566926484e+00
3.376227120539772475e+00
3.378958848483983424e+00
3.379352386083821269e+00
3.381402191661780243e+00
3.382053795442301336e+00
3.383861337583783602e+00
3.384807068635609539e+00
3.386248057327901684e+00
3.387800071801238655e+00
3.388782862801855256e+00
3.390860684787299295e+00
3.393010992444636553e+00
3.392779910654241338e+00
3.394112493438283362e+00
3.395164127257630060e+00
3.397901897674223015e+00
3.399251503799040286e+00
3.399997259972729502e+00
3.402077159171342569e+00
3.403633565030012242e+00
3.405249231245195407e+00
3.406450979712817073e+00
3.406710394894084448e+00
3.409717887287427640e+00
3.409880430205654900e+00
3.412524744128528464e+00
3.413242227595413070e+00
3.414434117791131484e+00
3.416016255733095086e+00
3.416387876876271879e+00
3.417329035603921650e+00
3.418717751621100032e+00
3.422023610789135084e+00
3.422694885101015050e+00
3.424042689246399096e+00
3.425883162210223709e+00
3.426537808130987184e+00
3.427917719134264907e+00
3.428995633877371496e+00
3.430284666412469541e+00
3.432185086206989144e+00
3.432954838027154842e+00
3.433521117251538080e+00
3.434641471518718348e+00
3.437604750881535498e+00
3.438117723056870023e+00
3.439072447712402614e+00
