9.676991506231114037e-02
-1.774959844971821799e-01
-9.553754452113871753e-03
-1.221209248742074344e-01
-4.512173520286799633e-02
1.208587185505213824e-02
1.430439235339149295e-01
-4.484131482801741175e-02
-1.330717636000107174e-01
1.346167645963759762e-01
3.188326150792852309e-01
1.178779456300526746e-01
-3.887931248683058616e-01
-1.171586814654264480e-01
1.654255571189169882e-01
-1.351378412419881048e-01
1.167372555064432188e-01
2.533483581767210224e-01
-1.562829120191668586e-01
-1.403003593182145792e-01
7.925165878958362331e-02
1.263824232744050202e-01
1.508679759872117165e-01
-1.372122373299358156e-01
-9.611187457912928611e-02
-2.088810423935451299e-01
-1.570069111739897938e-01
-2.514777135778309414e-01
2.926531733071197627e-01
4.276939125321446017e-02
-3.858123277394708006e-02
-2.177240475187072477e-01
6.520231666323927922e-02
-7.961722998247526550e-02
7.991609044346062452e-02
-2.216282049966504242e-01
-5.094152909171550947e-02
3.877108883695681157e-02
-1.104579169000474842e-01
1.441355073292422684e-01
-2.253054202298064024e-01
1.998521682251657439e-01
-1.431621552862690772e-01
-5.535002428419890513e-02
-1.310583281161002145e-01
-1.648570761627811687e-01
-2.028400792597596924e-01
-6.297699121869193561e-02
1.163942449521995215e-01
-6.296670764857568992e-02
-2.952210242257859510e-02
4.988132321918848505e-02
1.246138016652709596e-01
2.122651203285108035e-01
1.721975558026639375e-01
-2.030382637798418544e-01
4.150978474726591677e-02
1.486634955261484647e-01
-1.231153173499200948e-01
8.055304578134570015e-02
2.137965058142692054e-01
1.327177337505052179e-01
1.059022951905657650e-01
7.866768312629808871e-03
