1.189243591346003992e+00
-9.374552412980118321e-01
5.279322462498978741e-01
-6.340629814097958894e-01
-4.058282222636032111e-01
2.553178386829741409e-01
-1.692458113625602056e+00
9.028806142023632075e-01
1.283472295648959260e+00
-1.211447119719654797e+00
7.619203450094270691e-01
1.251494180823873537e+00
4.741747535741974717e-01
6.759987626123407090e-01
1.018452935957448791e+00
1.335505303282899403e+00
2.616233050742840516e-01
6.155245605504794382e-01
1.222339893856616788e+00
-4.507188376756565695e-01
-1.674747360375865135e+00
-2.449290519110091324e+00
9.660974446358643331e-01
9.474658835713748450e-01
-2.145481923226636223e+00
5.144233072221163910e-02
3.050322890102702966e-01
4.013179368023263305e-02
5.592193312331802391e-01
1.309760928591088003e-01
1.170959629295182935e+00
1.544732881865936713e-01
-2.612803369245263185e-02
-5.773672346441680592e-01
-5.978957327706609925e-01
-4.654725846657344068e-02
1.397650732486544589e+00
5.634488248859987891e-01
-2.715014624045870573e+00
4.793275504496094519e-01
-1.148065369477783149e+00
-4.139106158316820938e-01
-5.850637118031734030e-01
1.143710805647525586e+00
1.287940612733953660e+00
1.042632663214376976e+00
-5.701832400189814631e-01
2.618261043097803165e-01
4.701092542342093228e-02
-5.017111717621980382e-01
-7.403290638705933846e-01
-4.115315464517546595e-01
1.371762404881359254e+00
4.659636843771900461e-01
8.505900371576204932e-01
-6.619940547142476664e-03
-6.979461117394645253e-01
-3.736411719195114056e-01
7.684686154340844566e-02
4.718948490876318513e-01
-1.040134577738189986e-01
6.924901936362204413e-01
-2.020021795313404200e-01
9.191094195467270911e-01
