-5.838968625585655263e-03
-5.105378907284657819e-03
-6.196298809216235076e-03
-8.325655805992667954e-03
-7.291528099475605082e-03
-9.741431133382147389e-03
-1.236530404203700466e-03
5.108990569055080720e-03
4.107880179686140484e-03
1.076997293549315782e-02
2.050927891484511170e-02
3.981458439376637376e-02
4.067382142522889960e-02
5.419379910939241263e-02
7.098558295517459760e-02
7.547417710830595095e-02
8.761810184394974721e-02
1.190877993390769551e-01
1.405969232056182017e-01
1.428632005656307047e-01
1.643116244341639165e-01
1.790149550336951334e-01
1.952110758780236099e-01
2.135204116329516288e-01
2.385860892161091873e-01
2.521955508846868699e-01
2.630812884798665596e-01
2.919498328025533218e-01
3.160490094912966064e-01
3.263472404021800499e-01
3.412950288347644245e-01
3.629109740491177627e-01
3.879581612220101006e-01
3.963301099314467391e-01
4.165108681032527738e-01
4.410448798267998516e-01
4.504384071211067209e-01
4.759208348611652650e-01
4.929907524217193027e-01
5.078167859939697326e-01
5.305501832235465232e-01
5.563661266915045367e-01
5.693969979177085916e-01
5.879082273402843617e-01
6.043554606972260101e-01
6.277079677044384853e-01
6.406330376287708850e-01
6.634791611509949227e-01
6.835061057865557954e-01
7.003031233036227654e-01
7.181951252358822479e-01
7.377484690640373488e-01
7.461072669677892844e-01
7.687038986579061151e-01
7.848624619848691975e-01
8.004102202895516660e-01
8.178452482953995073e-01
8.346524951278172511e-01
8.572730858149920641e-01
8.700804604696001920e-01
8.855758018946402466e-01
9.001187373032373262e-01
9.234601921951767212e-01
9.335059701785155539e-01
9.552431160610305172e-01
9.692944966604958301e-01
9.845570873715501214e-01
1.000625323651941789e+00
1.017381717364123306e+00
1.031964182938314600e+00
1.046219648158124516e+00
1.064511693380008284e+00
1.080164931066098566e+00
1.094946393675515939e+00
1.110723895846023046e+00
1.121250553253116289e+00
1.137306303606081315e+00
1.153339157295510731e+00
1.162775357823789157e+00
1.183339821258080571e+00
1.196412866595309543e+00
1.210102643167106029e+00
1.226326632880168965e+00
1.238871655051006604e+00
1.252900420117264213e+00
1.270241876146674942e+00
1.284085642258879778e+00
1.296115364329486042e+00
1.309422989868966436e+00
1.324088103420715701e+00
1.335257822365933045e+00
1.348751102783125821e+00
1.360742603337619316e+00
1.373575679230116808e+00
1.387290167086073334e+00
1.401059189599199284e+00
1.412831784055643913e+00
1.427143074508911313e+00
1.436397987045314073e+00
1.451184522197709992e+00
1.462058117921766875e+00
1.475043985005477731e+00
1.486207418500849586e+00
1.498789175141241659e+00
1.509045017486581930e+00
1.520389472253174556e+00
1.534211169022273058e+00
1.546155556871188885e+00
1.558326430185019484e+00
1.567701725749913733e+00
1.578787189317110595e+00
1.589467684659512159e+00
1.600741331423107594e+00
1.612887377883049034e+00
1.626904845256063714e+00
1.632204570433752444e+00
1.644230954917610843e+00
1.654363837210215404e+00
1.667104563557062047e+00
1.678960650251217324e+00
1.686243131932847916e+00
1.698484682104146604e+00
1.706711478128165149e+00
1.718526124323847659e+00
1.729209268733884253e+00
1.735689240133800881e+00
1.747699871654715409e+00
1.760218850811714919e+00
1.769319258237364911e+00
1.776256548456934370e+00
1.786175353317532855e+00
1.798604841429499945e+00
1.803556665558878613e+00
1.816036662548012881e+00
1.824579295602817730e+00
1.835761485062083143e+00
1.842551139387782921e+00
1.852346276605409292e+00
1.862086227932857163e+00
1.870437136152732993e+00
1.879624242306590753e+00
1.889035557174719271e+00
1.899087046723638039e+00
1.905792770315200890e+00
1.914615848664724007e+00
1.923813143871275555e+00
1.932065182345280796e+00
1.939147162829659488e+00
1.949345991793615340e+00
1.953123630790071896e+00
1.963873192386894839e+00
1.973150142876909818e+00
1.979613333335663583e+00
1.987403200800866632e+00
1.994984290216283318e+00
2.005487946356937279e+00
2.012102253378572403e+00
2.019216750580477893e+00
2.028366651733100934e+00
2.035404641450911711e+00
2.044149359971662250e+00
2.049348783521528716e+00
2.056798096133608311e+00
2.066232568077003950e+00
2.072761856304006223e+00
2.082034930809487427e+00
2.087266670076941111e+00
2.095273047423508839e+00
2.101101557911702500e+00
2.108553968739074858e+00
2.115350196929044468e+00
2.121574360237903356e+00
2.129144538579178292e+00
2.138395740766357633e+00
2.141509116411292268e+00
2.150541495029023142e+00
2.156264776756225299e+00
2.163194214100879087e+00
2.168813846684962243e+00
2.176259353890667825e+00
2.181366443898231644e+00
2.188008881204940526e+00
2.194565328885214051e+00
2.199108268968120505e+00
2.209932056825578695e+00
2.215246762535676428e+00
2.219386597490300872e+00
2.225657503407513449e+00
2.232759945990197448e+00
2.237867991835073234e+00
2.244800210376449279e+00
2.249980560624149639e+00
2.256337890778519206e+00
2.261873782335250826e+00
2.269133450564408960e+00
2.273875237163790253e+00
2.279307762504454438e+00
2.285562883263831502e+00
2.293231467743018559e+00
2.296654637221636985e+00
2.302417224834187426e+00
2.308048260288434239e+00
2.312720650545287526e+00
2.316757469982400952e+00
2.324598562144431835e+00
2.329544309315811912e+00
2.333802987761621317e+00
2.340194942097495900e+00
2.345946888705480848e+00
2.350822642568095588e+00
2.358161188837278210e+00
2.359923502811222651e+00
2.365477335676661408e+00
2.369530631434586088e+00
2.376783319885858781e+00
2.381263907707691363e+00
2.385689541926227175e+00
2.391540918299759344e+00
2.395675425397584046e+00
2.398735999168895905e+00
2.405954147379252728e+00
2.410051124333720818e+00
2.412622846171790236e+00
2.418072326233182689e+00
2.424728539303123487e+00
2.429264051658826862e+00
2.435523334850180355e+00
2.437836526541277582e+00
2.442811293601151235e+00
2.448130341191295134e+00
2.453023648517596467e+00
2.456022370994937365e+00
2.461273377003260432e+00
2.465926426832921958e+00
2.468843614470758840e+00
2.473309578094136540e+00
2.479513644070323597e+00
2.482084762719851678e+00
2.488203794546868242e+00
2.491939838093387038e+00
2.496188390410249092e+00
2.500377045890361583e+00
2.503674791481596884e+00
2.508345019812419530e+00
2.512313978670191794e+00
2.518033811306453984e+00
2.520986939040391839e+00
2.526457922680374502e+00
2.528939154599255446e+00
2.532664171419969357e+00
2.536130020826818043e+00
2.540030892881318447e+00
2.542908599436422890e+00
2.547849927654253221e+00
2.552490972745446118e+00
2.556539616283045380e+00
2.559222406645711878e+00
2.563357703715210434e+00
2.567562244086648793e+00
2.571689448370529263e+00
2.574670646031508969e+00
2.578984337051500653e+00
2.581288897462929555e+00
2.585556046577158984e+00
2.590400234534226520e+00
2.593380356784254381e+00
2.597992469767077761e+00
2.600740555418137312e+00
2.604281123396107400e+00
2.606534603535830108e+00
2.611296571118414622e+00
2.614364655512996016e+00
2.619448758715772652e+00
2.622684644936283060e+00
2.625717538342200452e+00
2.628113214115454177e+00
2.632479442208949472e+00
2.635660689415024294e+00
2.638862231524263802e+00
2.642133585759876446e+00
2.645273443114470879e+00
2.649360991837180546e+00
2.652191099738556712e+00
2.657150155689797177e+00
2.658298946824597664e+00
2.661918319033711011e+00
2.665227778877239828e+00
2.668423721573724983e+00
2.671336282297409159e+00
2.674440170133098427e+00
2.678500663207924681e+00
2.681076602820770649e+00
2.685401077670769965e+00
2.687627923618604697e+00
2.690630559423309531e+00
2.693303372683830244e+00
2.696899179815998249e+00
2.699505759192293741e+00
2.703315755999662784e+00
2.705777048385793915e+00
2.709833177635975865e+00
2.710804484530354941e+00
2.714662837270547691e+00
2.717770305153163868e+00
2.719675169312821605e+00
2.722371914453193487e+00
2.726157546373595419e+00
2.729141433741346656e+00
2.731658423890722442e+00
2.735216334060881493e+00
2.736827781388703862e+00
2.739618880789872701e+00
2.743814709697153020e+00
2.745078054198808015e+00
2.747668471505461341e+00
2.751444185328710823e+00
2.753995086793226132e+00
2.755943213850136519e+00
2.760111974437462035e+00
2.761164597096167572e+00
2.764843133341001735e+00
2.767737215849476407e+00
2.768598722685676972e+00
2.772813804677024319e+00
2.776014353712664473e+00
2.777295985433547276e+00
2.780497054119756672e+00
2.783927389127933250e+00
2.786722860374748034e+00
2.787803221210135796e+00
2.791117714658582383e+00
2.791670946758344929e+00
2.795619385523901101e+00
2.798569662192642138e+00
2.802711265192128209e+00
2.803651211725556980e+00
2.806708760399654334e+00
2.810092442220634812e+00
2.811006012101344709e+00
2.813551506471439367e+00
2.815036472830259484e+00
2.818126933062786943e+00
2.820996480417119923e+00
2.823358129225043367e+00
2.824307166746763187e+00
2.829408053634352438e+00
2.831985871156206258e+00
2.830824087041829529e+00
2.834661369989512014e+00
2.838202286732030899e+00
2.839331993973915669e+00
2.841812758815631224e+00
2.845483731543137829e+00
2.846900447910925447e+00
2.849573444690228108e+00
2.851603185049128353e+00
2.853542436600418952e+00
2.856125419630709317e+00
2.858560319745750089e+00
2.860502754380290558e+00
2.862448903387114996e+00
2.863971182729065479e+00
2.867699718022746591e+00
2.868094233536374826e+00
2.871835173312469625e+00
2.873419808410206944e+00
2.875281086486589643e+00
2.877980747526708960e+00
2.879607622162521974e+00
2.881281244940581576e+00
2.882873658493062763e+00
2.884944038294057655e+00
2.888767154912686763e+00
2.890459451066889063e+00
2.892524020450827571e+00
2.894242742359696141e+00
2.896235042531560389e+00
2.898371438403534839e+00
2.901541827348237845e+00
2.902790270706772091e+00
2.904957611219256997e+00
2.907617079860432163e+00
2.908993330893033136e+00
2.911041179328817563e+00
2.913632017461294854e+00
2.914808998995955580e+00
2.917153401280609071e+00
2.920140862923425562e+00
2.920914321336684161e+00
2.923788631029658358e+00
2.926213851844354785e+00
2.927007768314799030e+00
2.929510443886420568e+00
2.931263915035431378e+00
2.933232859861305997e+00
2.936878466333305848e+00
2.935953134321799052e+00
2.939220156344787060e+00
2.940883438322805965e+00
2.940797782511172631e+00
2.945184357591352775e+00
2.946529613316962504e+00
2.948509115897505861e+00
2.950283753165448442e+00
2.951706170952596242e+00
2.954380669815289906e+00
2.956295785615574712e+00
2.957918967614010075e+00
2.958941385934787061e+00
2.961296059260320579e+00
2.962166490257226670e+00
2.965429215101734517e+00
2.966055639892584139e+00
2.968627541637922640e+00
2.969753011514397301e+00
2.972436919714426029e+00
2.972290861096650083e+00
2.975287777694322067e+00
2.978710987829165990e+00
2.978351232575465080e+00
2.981388740964423967e+00
2.982270900410434855e+00
2.984639742670101903e+00
2.986878105185702292e+00
2.988301147336215546e+00
2.989597777322822836e+00
2.989969984857987484e+00
2.992561370486942707e+00
2.994363212038140265e+00
2.997594356326262144e+00
2.998383711008191899e+00
2.999639245445715030e+00
3.001381871837041526e+00
3.002966641719295726e+00
3.006062769446702809e+00
3.005773715291768067e+00
3.008781398786035233e+00
3.011263075253398647e+00
3.011764722198207789e+00
3.014112926070068088e+00
3.014629868821087300e+00
3.017269051685563586e+00
3.018447977815707173e+00
3.018461068223174504e+00
3.021183163996039589e+00
3.022764671501541933e+00
3.024675044128823487e+00
3.027280255954094113e+00
3.027614300099545463e+00
3.029348559811294361e+00
3.031963272505244777e+00
3.032975860437322702e+00
3.034419128512169106e+00
3.035760054133167962e+00
3.037516577137247875e+00
3.040108029041512783e+00
3.039908059109677207e+00
3.042457141620281469e+00
3.044726016674545122e+00
3.045987499209727112e+00
3.046538966017202643e+00
3.047210652777550877e+00
3.049644634439879987e+00
3.051224385762628444e+00
3.053099921205469691e+00
3.054217295594044757e+00
3.056624733406119176e+00
3.057788489332243120e+00
3.058892358140470780e+00
3.060461285346758764e+00
3.062118764212571786e+00
3.063423140889360852e+00
3.064714532483745923e+00
3.066508084704140824e+00
3.068110594806780611e+00
3.069031923597262956e+00
3.071832223324050926e+00
3.073170587275490639e+00
3.074343753087958930e+00
3.076097789799295601e+00
3.076987454976379155e+00
3.077968625009745995e+00
3.080482685718026747e+00
3.080479767171020899e+00
3.083662751628878596e+00
3.084043340853753090e+00
3.084887403273549378e+00
3.087640026821548922e+00
3.088245475384624683e+00
3.089769349396440212e+00
3.091320725478970743e+00
3.092916685173298319e+00
3.094197410071855447e+00
3.094900512778966828e+00
3.097428780579108309e+00
3.098516692894169200e+00
3.099462375646615975e+00
3.100903957867471306e+00
3.102638627227365831e+00
3.103313323921453204e+00
3.104165068015318329e+00
3.106561412315477000e+00
3.107450525166463695e+00
3.109514978028529608e+00
3.110382855606951047e+00
3.111421170674057990e+00
3.114037831650571686e+00
3.115517616976271498e+00
3.117473247512945633e+00
3.116240937787138066e+00
3.118055912939603935e+00
3.118846312751273331e+00
