2.710609514622319599e-15
3.014255511857299849e-15
-1.486588629973084671e-15
1.067479438177088037e-15
1.443289932012703552e-16
-4.535261055593764428e-16
1.404432126150822915e-16
-1.054711873393898726e-17
9.880984919163893358e-17
-1.398881011027697251e-16
-8.326672684688674053e-17
3.158584505058570574e-16
2.836619827917275138e-16
8.870681966755000995e-16
4.504729922416572781e-16
-2.775557561562891351e-17
3.842759443983822760e-15
-4.176381462883682584e-15
-1.815492201018287138e-15
2.595423875817459844e-15
4.017272625667090185e-15
7.316369732279781444e-16
1.322882775545153377e-15
-1.484133996254577355e-15
4.829608934997508969e-15
-1.613847944170743263e-15
-3.949618410103994511e-16
-2.337019466835954498e-16
6.420836085041514928e-15
-8.135159212940834195e-16
-4.731770530952416891e-15
-7.513711874906902608e-15
-1.601774268777944622e-15
-8.924527783449321418e-15
3.741174037230621031e-15
-4.217182159038657056e-15
-4.366784711606897310e-15
-8.756328995218610139e-15
1.302097318855999207e-14
-3.786970736996408896e-15
6.214750936095469929e-15
4.515832152662823913e-15
5.593303598061538935e-15
-1.353611667198606477e-14
-6.661060591994783206e-15
-4.224676164454877146e-15
-6.714628852932946409e-15
1.560834794744892014e-14
-4.726774527341604286e-15
-2.749467320484200235e-15
-3.761990718942342716e-15
-4.599098879509711048e-16
-9.785783294802285847e-15
1.408873018249323595e-15
-2.302880108828730922e-15
-3.961830863374871367e-15
-1.294853113620320023e-14
-2.862432513239809724e-15
-9.998113448261847982e-15
4.518052598712074573e-15
9.197365091750953196e-15
1.116828851621676209e-14
1.700029006457270953e-15
8.540113061172860335e-15
5.925815393936773035e-15
5.492828414332962142e-15
-6.045164369083977678e-16
-5.754841048144499022e-15
-1.248279257737294781e-14
-6.050160372694790283e-15
-1.086908341108028158e-15
2.115252417667079325e-15
1.340594302234876444e-15
7.107370247894095693e-15
-3.432254480628671350e-15
1.210587186051270761e-14
1.467603816251994406e-14
8.212874824664595468e-16
-6.577238753635583603e-15
-1.636718538478021552e-14
6.555311848899236982e-15
8.947287355454136938e-15
-1.783267977728542089e-14
-1.127237192477537052e-14
6.963873921961294360e-16
-1.913053049307222785e-15
5.616479503700588509e-15
6.793177131925176582e-15
8.970740816849342549e-15
3.311517726700685734e-15
-1.130304183583064097e-14
-1.376676550535194150e-15
-5.202921427027718329e-15
9.993811334041424680e-15
6.254718964981975502e-15
1.852282216496803408e-14
-1.022827655905444967e-14
-4.667724540219353836e-15
-7.255585021681554975e-15
-3.219230437778719518e-15
-9.995060334944128423e-15
-9.195144645701703325e-15
-2.782496455466798432e-17
-3.182107355392815688e-15
-1.080337208581028152e-14
4.872595382732214596e-15
3.167674456072688764e-15
2.400354220943867808e-15
-4.573320888656695868e-15
-2.805909150860319582e-14
-1.113060598550985615e-14
-1.117795092597795319e-15
-1.182682424216707741e-15
1.612009137286207824e-14
5.014495763067116943e-15
6.256765938683628639e-15
-2.096933737760764337e-15
-1.005660832387178478e-14
1.425241868968640650e-14
-4.550942955816594898e-15
1.360175860831702740e-14
-4.680700271819659596e-15
2.228016382499475766e-14
-1.062275267749157655e-14
-5.861422458508514144e-15
1.225686219186172726e-15
-6.257494522543539024e-16
2.969846590872293746e-15
1.625949375139157231e-14
8.681944052568724462e-15
-3.017863736687331876e-15
3.255173908200959008e-15
-1.058472753889816482e-14
-3.200772979994326117e-15
-8.599093659356071776e-15
8.665290707199346482e-16
1.442179708988078370e-15
1.297850715786808059e-14
1.612210365209421108e-14
-3.542860449456952555e-15
-5.011269177401800650e-15
-4.180267243469871042e-15
2.026795398180070202e-14
7.691070003090772565e-15
-2.571554080788018995e-15
1.837974217266946621e-15
5.897227151052675222e-15
1.542099781204342498e-15
1.045885600348128700e-14
6.498135363131041357e-15
2.090549955369169576e-15
-5.425382365586983692e-15
-2.343958360739861825e-15
8.130995876598489897e-15
-9.473255513370304533e-15
9.876821582821549504e-15
1.891042877844029274e-14
7.137068713802818441e-15
-1.449396158648141832e-15
2.685157651782787841e-14
-1.840499974647968922e-14
-5.197786645538826917e-15
-1.521005543736464460e-14
-3.351485755587191306e-15
1.426525564340863740e-14
3.580746810172285880e-15
-1.165872953734492544e-14
1.315336728424654227e-15
1.794037141067406095e-14
7.794043188624755266e-15
-1.764172141704989410e-14
-1.422473250300981817e-15
-2.010724919898621162e-14
7.572831250968192068e-15
-9.120204591539503996e-15
-7.953360192658465482e-15
3.913536161803676583e-17
1.654953951657489572e-14
-8.534006834537422794e-15
-1.251998504869788986e-14
-1.275840544323614312e-14
-4.098388295403765274e-15
-7.414624469959107577e-15
-2.133543341997779104e-14
6.699640842100507017e-15
3.718414465225805511e-15
-8.014144903256692739e-15
-8.217038161006940160e-15
-5.719036355600337944e-15
1.500743973537055480e-14
-3.635702849891231633e-15
-4.400368958101807727e-15
1.371625035773149667e-14
3.107791801681969414e-15
-1.241784453043237527e-14
-1.131872373605347125e-15
-2.344235916496017862e-15
8.690270725253413451e-15
1.009081707081804786e-14
-2.403077736801151284e-15
-6.979417044306046812e-15
1.080968647926283609e-14
5.038192085748960664e-15
-1.201261312644419408e-15
3.514410984450933155e-14
7.947531521779182400e-15
9.094947017729282568e-15
1.178168673732216171e-14
4.770073225301985455e-15
-1.833644347470908504e-14
1.901812041182893043e-15
-1.943223360001411505e-14
-1.283639861071606043e-14
-4.903299988257003766e-15
1.866284904394888002e-15
4.595213098923522984e-15
-4.768963002277359730e-15
-7.795986078917849101e-15
1.377231662047506617e-15
4.488631688559507861e-15
2.700450973946999663e-14
-1.673994276529811044e-14
1.492472812003598013e-14
6.322720125240266813e-16
1.717737063700042187e-14
-2.345235117218180777e-14
5.923039836375210301e-15
-9.968692538109281271e-15
-3.086420008457935261e-15
-1.209032873816795536e-15
-2.376376873058916178e-14
-1.786737424680495704e-14
1.559030682329876198e-14
4.738986980612480945e-15
-1.823263762190663265e-14
-4.008460230409127342e-15
2.812750032887834190e-15
5.440647932175579910e-15
2.299938017813474251e-14
4.104494522039203604e-15
1.201705401854269383e-14
4.277134202368415414e-15
4.108380302625392062e-15
-2.224331829836501145e-15
1.130595617127028094e-14
9.848233339937450903e-15
-1.451005982033848265e-14
5.999645225074345850e-15
2.533639964497069829e-14
-5.346834086594753520e-15
-7.923661726749742734e-15
-5.277445147555681236e-15
1.586453191038117552e-14
1.396049942314903142e-14
9.081624341433780185e-15
7.043809979734305702e-15
-8.683609387105662260e-15
-4.464206782017754544e-15
-1.828315276952707867e-14
3.127498260369066164e-15
-2.220446049250313081e-16
-1.521449632946314435e-14
1.212918654402983599e-15
-6.517009154549669011e-16
-2.797206910543081935e-15
-1.259214954529852567e-14
-5.738742814287433905e-15
-5.683786774568488940e-15
1.377176150896275450e-14
-9.977019210793968683e-15
-8.674172491396347545e-15
3.513855872938620490e-16
1.815658734471980918e-14
7.157607839758384090e-15
1.397326698793222015e-14
-8.997802503074581371e-15
1.823541317946819697e-15
6.789568907095144949e-15
1.029176743827520066e-15
-6.089018178556670920e-15
3.412270466185418564e-15
6.274980535181385114e-15
4.356515148629114486e-15
5.258016244624741312e-15
1.669775429036235342e-15
1.574296248918471943e-15
8.122391648157644871e-15
-8.107403637325206268e-15
7.142619828925943909e-15
-5.097589017566406161e-15
-7.081557562571560614e-15
1.673994276529811044e-14
-7.813749647311851227e-15
1.163069640597314049e-14
-5.955791415601652608e-15
6.071254610162668794e-15
2.201572257831685230e-15
4.284905763540791542e-15
7.305267502033530115e-16
-4.001798892261376939e-15
5.034861416675085069e-16
4.706235401386038638e-15
-6.455946888195285125e-15
-1.199040866595169143e-15
-4.596323321948147920e-15
-1.894817636127754529e-14
1.323940956865499253e-15
4.943268017143509338e-15
4.832245714680993684e-15
-6.867284518818905434e-15
1.241229341530924981e-14
2.488564909697288291e-15
-1.499578239361198863e-14
-1.530608972899472165e-14
1.548261518991012192e-14
-8.837375276016245431e-15
1.951550032686100179e-14
5.733746810676621300e-15
1.016242645590637001e-14
2.042810365310287877e-15
-8.165690346118026039e-15
-2.768896223415140554e-15
3.783084956410221227e-15
-5.218603327250548602e-15
1.087463452620340863e-14
-1.960098749975713998e-15
1.083411138580458941e-14
-6.294964549624637505e-16
1.787625603100195652e-14
-5.651035195342046633e-15
-1.790789738720377389e-15
1.103672708779868079e-14
-7.864264794932295660e-15
-1.643241098747694095e-14
1.845190666927010044e-14
-9.223177777073488275e-15
1.647959546602351136e-14
3.231304113171518158e-15
-1.731448318054163021e-14
7.838174553853604742e-16
4.320432900328796582e-15
8.175682353339652827e-15
5.773159728050814207e-16
-1.032840479808783142e-14
2.892686090660845335e-15
-1.453281939234329975e-14
-1.519895320711839249e-15
3.396727343840666309e-15
2.684019673182547144e-14
5.528910662633280045e-16
2.166877788312149404e-14
-7.552847236524940071e-15
-5.462852392668082568e-15
-2.288391698357372712e-14
7.888134589961737693e-16
8.657519146026971144e-15
-1.151856388048599911e-14
1.719735465144367505e-15
-1.685318551380987597e-15
-7.087108677694686870e-15
7.265854584659336221e-15
6.504796701278792549e-15
-2.877698079828405942e-15
-1.586508702189348602e-15
-1.345590305845689640e-15
-4.022338018216941799e-15
-6.937228569370290580e-15
8.696932063401163065e-15
1.251776460264864039e-15
-1.387223669269133129e-14
2.472078097781604722e-14
-1.477151734263770745e-15
7.853162564686044726e-15
8.722467192967542107e-15
2.406963517387339348e-15
-1.762756607348592360e-14
7.673861546209082512e-15
5.942468739306150225e-15
-7.536193891155562092e-15
1.932898285872397553e-15
-1.021405182655144062e-16
7.053801986955931701e-15
-6.435962873752032339e-15
2.335909243811329266e-15
7.409073354835982109e-15
-9.020562075079396891e-15
-2.111422148232122784e-14
6.413203301747216819e-15
2.251643316242280005e-14
8.087974734394265555e-16
-3.188616037874680665e-14
-8.882894420025878048e-15
-8.389955397092307219e-15
6.371569938323773449e-15
9.441891712924643987e-15
8.750777880095483094e-15
4.069522496763511425e-15
-1.094624391129173078e-14
-9.987011218015595470e-15
-1.642352920327994146e-14
-1.499023127848886474e-14
-1.267985716424391215e-14
-9.393041899841137352e-15
-4.358735594678364357e-15
-3.138600490615317492e-15
-3.635980405647387571e-16
-3.497202527569243004e-16
1.769084878588955677e-14
1.233013691148698879e-14
-1.237343560944736917e-15
-4.072298054325074159e-15
1.542099781204342498e-15
-1.535438443056591503e-15
1.736388810513744892e-15
-1.099564883588755107e-14
2.083888617221418779e-15
1.383893000195257612e-15
1.982136677014523192e-14
2.465250226180160224e-14
1.555977569012156955e-15
8.455458555545191833e-15
-1.159405904616051051e-14
1.785238623597251528e-15
1.817546113613843861e-14
6.739053759474700516e-16
5.176969963827105232e-15
-7.030487303438804108e-15
-1.315614284180810461e-15
4.959366251000574455e-15
-1.104283331443411991e-14
1.574795849279553282e-14
1.921851566777377116e-14
1.479094624556864738e-14
7.112088695748753050e-15
-6.423195308968842818e-15
5.602185382258539998e-15
-2.056521619664408869e-14
-9.443557047461581785e-15
-6.187272916235997053e-15
-2.248201624865941896e-16
1.600775068055781983e-14
-1.286803996691787701e-14
1.167121954637195813e-14
1.306843522286271694e-14
-1.279254480124336561e-14
-1.684818951019906257e-14
-1.571687224810602831e-14
-4.222733274161782523e-15
-1.156075235542175455e-14
1.386446513151895437e-14
4.541922393741515028e-15
-1.300237695289752026e-14
1.578515096412047645e-14
2.212063865414393199e-14
-8.677503160470223141e-15
1.890709810936641715e-15
7.419065362057608897e-15
-4.485856130997945128e-15
4.444777879086813831e-15
-6.883382752675970748e-16
5.821454429622008572e-15
4.888311977424564374e-15
5.784817069809377807e-15
-9.830469771543448777e-15
-5.472289288377396493e-15
-6.996625501187736865e-15
-2.858269176897465624e-15
5.117573032009658947e-15
-2.729483306040947449e-15
-7.230327447871331970e-15
-4.850564394587308673e-15
1.309563568696603378e-14
9.242606680004428199e-15
1.150080031209199698e-14
-1.788569292671127124e-15
-5.928035839986023695e-15
7.913114608015803873e-15
-5.868083796656264547e-15
-3.036459972349803296e-15
-7.751022046420530135e-15
1.788902359578514683e-14
-7.334133300673784358e-15
5.626055177287980453e-15
-2.253752739989067777e-14
3.774758283725532509e-17
2.842170943040400803e-16
4.461986335968503884e-15
-1.491251566676510189e-14
1.576516694967722209e-16
9.310885396018874758e-15
-7.505107646466057977e-16
-5.335176744836189723e-15
1.953381900676731599e-14
-1.732003429566475410e-14
1.020517004235443911e-14
-1.005528993403004203e-14
-7.336353746723034230e-15
1.672328941992873246e-14
-2.379207941771710435e-15
-8.497647030480948855e-15
-1.530442439445778307e-15
-5.431766147978578058e-15
-3.829159211932165129e-15
-9.670042544485112836e-15
1.070366018041113383e-14
8.293365993949919673e-15
-1.226851953362029185e-14
-8.315570454442423119e-15
1.361133428190441855e-14
2.372546603623959637e-15
3.669842207898454913e-15
-6.948885911128855165e-15
