6.004209657036916562e-04
3.354158909683453010e-03
4.134785195412741740e-03
5.841813878170249580e-03
4.646790448844636406e-03
7.123983417835241631e-03
1.055757945453692989e-02
1.293324009540384491e-02
1.277427124153561640e-02
1.198635415406272726e-02
1.443001566781942219e-02
1.835074631161977277e-02
2.127733602388914499e-02
1.640028027287568357e-02
1.745373641309965959e-02
1.842012852934303904e-02
2.141438176969004056e-02
2.332138790723504648e-02
2.245455296646238844e-02
2.278557349451804104e-02
2.140888367962209826e-02
2.510471698186943906e-02
2.611258998963289155e-02
2.850550473027523707e-02
2.855522456679934068e-02
2.883328097681498933e-02
3.236589615255224678e-02
3.286261624570885331e-02
3.440514228966008725e-02
3.324216319697655131e-02
3.956882979400205835e-02
3.834198466011638773e-02
4.192592985460184135e-02
4.088951716344649268e-02
4.516041572875283128e-02
4.780833305665785349e-02
4.855160968880872785e-02
5.039510877203373651e-02
5.028218478801363411e-02
5.601711638901496482e-02
5.445846990279244043e-02
5.797725660574871986e-02
5.928207885224765633e-02
6.093778717061792971e-02
6.268772878897028999e-02
6.542933669592183865e-02
6.561435396914480633e-02
7.001559840583294891e-02
6.775152612521803674e-02
7.112203732480364138e-02
7.242194630639965658e-02
7.490266546360350997e-02
7.593002774695643831e-02
7.536465990440882612e-02
7.718519867204035045e-02
8.079656171174494361e-02
8.507459120362619032e-02
8.307411108790628551e-02
8.632982928801478939e-02
8.726771284899803582e-02
8.801757365666512678e-02
9.040570137358490410e-02
9.169503470462428418e-02
9.296700780993516489e-02
9.439402871466190392e-02
9.312215049259196797e-02
9.450425625396710605e-02
9.575721355418502501e-02
9.645078463971856753e-02
9.799236760653051714e-02
1.009141732732076469e-01
1.017880786372990648e-01
1.038353203786596679e-01
1.016791977842252254e-01
1.037926849954892150e-01
1.064417873756905858e-01
1.044325526752858391e-01
1.058459229003271274e-01
1.094585117265495650e-01
1.091289189435341450e-01
1.096634796761764286e-01
1.107395314173540979e-01
1.096703874397015055e-01
1.115646658423739696e-01
1.138323917488131692e-01
1.147516533934146848e-01
1.143616338432502655e-01
1.158294034438202696e-01
1.155181340219695596e-01
1.134565419696490773e-01
1.145415150330303528e-01
1.166333506189759783e-01
1.173276289776365722e-01
1.175957316899763350e-01
1.170514522347878006e-01
1.168302672046478141e-01
1.188621373491295374e-01
1.200937660923717953e-01
1.204775636171819403e-01
1.199634056623623685e-01
1.194863026902057146e-01
1.206513531103570319e-01
1.217462946665851253e-01
1.238341523343958889e-01
1.226784439810558180e-01
1.214432480483923632e-01
1.228254248886581634e-01
1.219822083493841414e-01
1.213017173868648629e-01
1.235148274003926017e-01
1.234789379491028349e-01
1.241748390788055961e-01
1.227524782026606642e-01
1.242863898897925146e-01
1.226250692911550894e-01
1.250531801863993264e-01
1.246077154839128343e-01
1.236894596607502478e-01
1.221878442303953455e-01
1.232565291419900205e-01
1.241559007718207874e-01
1.227959177429695375e-01
1.244083500220145855e-01
1.232151262588438156e-01
1.239802489459513740e-01
1.263028803692910207e-01
1.231037032725221803e-01
1.228626510365615904e-01
1.220500363301434688e-01
1.247946578967738529e-01
1.235516485252805552e-01
1.240542219373754473e-01
1.242896043276090212e-01
1.228016642577440254e-01
1.231923970033870497e-01
1.225615967860674282e-01
1.233165187605983065e-01
1.238734740787996169e-01
1.227152926828471158e-01
1.222773855290225781e-01
1.226691148060028713e-01
1.221195763276276824e-01
1.210905633892032929e-01
1.209911380723087682e-01
1.214597539358893974e-01
1.194911314735648683e-01
1.216180476765166413e-01
1.204347510269596633e-01
1.208902991728553894e-01
1.233142092029866077e-01
1.219253183270288809e-01
1.199434500408692594e-01
1.206528191234250147e-01
1.200180901781897069e-01
1.200480598689344508e-01
1.180324285513466576e-01
1.188390587657530417e-01
1.194877265021243307e-01
1.184010212473211587e-01
1.175571869867545888e-01
1.185053868750307188e-01
1.179791394181264885e-01
1.174668520421779383e-01
1.169847866383496998e-01
1.168389441199664536e-01
1.155142941812820762e-01
1.166103950739783846e-01
1.155899752383134776e-01
1.165950075492431931e-01
1.146845450572708813e-01
1.160142282559239596e-01
1.149499296569914952e-01
1.141500780958617095e-01
1.129442856035748344e-01
1.138417470119820474e-01
1.126308346158100271e-01
1.126627763336114502e-01
1.119303793703486094e-01
1.124977723428906423e-01
1.124126772882472203e-01
1.126287733107027428e-01
1.120797748689717349e-01
1.121987848862575077e-01
1.120934841153946870e-01
1.113036291715021331e-01
1.106492030701983348e-01
1.110031599357668430e-01
1.102608719795459130e-01
1.103303165126814228e-01
1.094018603968090336e-01
1.091960470000221811e-01
1.090883884610475973e-01
1.084884690566982890e-01
1.084029713491088814e-01
1.087200052048194199e-01
1.077364856963702183e-01
1.079902640733973185e-01
1.069839987071762588e-01
1.072504221668955510e-01
1.067813944568223317e-01
1.064609133182821826e-01
1.057360018733435741e-01
1.057555626794508957e-01
1.068345944198711983e-01
1.055471640153584217e-01
1.053480518301262298e-01
1.048266222566739958e-01
1.048729814028871582e-01
1.034445891205348494e-01
1.040993526446358092e-01
1.036395148473742561e-01
1.036430967336434278e-01
1.034568670868418333e-01
1.038363852719947772e-01
1.024316220301138558e-01
1.028122534887165457e-01
1.026963135865656407e-01
1.019333932976283358e-01
1.018844370679531375e-01
1.018713453779210715e-01
1.008394881802976151e-01
1.013564195768988513e-01
1.014128583636428743e-01
1.009255591097656668e-01
1.004449913298129798e-01
9.995553442277931022e-02
9.962083876270753924e-02
1.000260240140598417e-01
9.985813160534613708e-02
9.936301546556471076e-02
9.891779405728270969e-02
9.886617997237749644e-02
9.847656943305842236e-02
9.818343932070307256e-02
9.773838400714027208e-02
9.775809374454363931e-02
9.724889434274433531e-02
9.746888040855562763e-02
9.707822432683470282e-02
9.720152256203544450e-02
9.692399206511492782e-02
9.680976008512631736e-02
9.701550653138699132e-02
9.714613001594508968e-02
9.675796349056574319e-02
9.624426259260593364e-02
9.653327430951488819e-02
9.579579364251364360e-02
9.587657646359719343e-02
9.579159255963151653e-02
9.564713765736462814e-02
9.542355997332691020e-02
9.543336009888128690e-02
9.523091744118959701e-02
9.474576586235719522e-02
9.453086514724806655e-02
9.444921116200706568e-02
9.442278004841794803e-02
9.461652399694905902e-02
9.441386980613357405e-02
9.384677547345512960e-02
9.419256224317602844e-02
9.401570446150861460e-02
9.372284419932648547e-02
9.373296917383636129e-02
9.399766990212853057e-02
9.353029147782425390e-02
9.340340460347337781e-02
9.329056990673668948e-02
9.322891113523647244e-02
9.350341248845348008e-02
9.328186317115708115e-02
9.317144761206500037e-02
9.310800359305478058e-02
9.340621571742964424e-02
9.328192252581193888e-02
9.260801531578494172e-02
9.327801540929067659e-02
9.304345278456316315e-02
9.319963291648804271e-02
9.324136211673055008e-02
9.283667367069380061e-02
9.299055330519066798e-02
9.306121508114914564e-02
9.291251825536660236e-02
9.287973816463222787e-02
9.300683483776701899e-02
9.272372952385866951e-02
9.272654941139171769e-02
9.301087976964492188e-02
9.254446365061802515e-02
9.287699290362978755e-02
9.231770525132415584e-02
9.301180327405847437e-02
9.273122972386817209e-02
9.304674634091834873e-02
9.285037326313642925e-02
9.253287161921636139e-02
9.287982996736866836e-02
9.301550147952908354e-02
9.294939304229819788e-02
9.336533271523220212e-02
9.303043748744177499e-02
9.340298480883151011e-02
9.318331367819497613e-02
9.322961930345906312e-02
9.347263693729419842e-02
9.329639480386028860e-02
9.337381526108139151e-02
9.354714283009567255e-02
9.379740228017691139e-02
9.353849705371725110e-02
9.392707073019494757e-02
9.392652519486771601e-02
9.367994336737507644e-02
9.414498580721511467e-02
9.406913765296651131e-02
9.398712028880776281e-02
9.395495909044082605e-02
9.436436645186792316e-02
9.404164525565408828e-02
9.425765909721356417e-02
9.429541702849592033e-02
9.474179089546680421e-02
9.425137140911303557e-02
9.446511716862547592e-02
9.466176544499224632e-02
9.479096605805001352e-02
9.482199021325636579e-02
9.483629529941797753e-02
9.520842518346991912e-02
9.535396797796824586e-02
9.500018179678527963e-02
9.552893592137891299e-02
9.564808935559189484e-02
9.585263245425630629e-02
9.565877892512271441e-02
9.569314717294660766e-02
9.599210250607558004e-02
9.626270746933014710e-02
9.666504163278420714e-02
9.627969999802843404e-02
9.651998029696373660e-02
9.616420523513793950e-02
9.652835631502458547e-02
9.642877712234948495e-02
9.709966648872742079e-02
9.691565511738779726e-02
9.733938139981219984e-02
9.735941545918652684e-02
9.749932483151577123e-02
9.756813698751862218e-02
9.781119489337564143e-02
9.780055567217893486e-02
9.813966539329360694e-02
9.811295785431151106e-02
9.792073451001417905e-02
9.822799385433442221e-02
9.842902483009707826e-02
9.874383614154186306e-02
9.910209503673141074e-02
9.872688231976139983e-02
9.938025925630118718e-02
9.940778761172321121e-02
9.939492000420684092e-02
9.943145193337042664e-02
9.986778577345824248e-02
9.986803945206197686e-02
9.984951255862800634e-02
1.001089667285801760e-01
1.004542159652679068e-01
1.003448697812488744e-01
1.006857320421182811e-01
1.005133017463032824e-01
1.009360303698087491e-01
1.010619864048321603e-01
1.009673986039101440e-01
1.014456810116576430e-01
1.016942709781552268e-01
1.016749219887728983e-01
1.017062786909011113e-01
1.017844700400108576e-01
1.022087645801417616e-01
1.019006902368430750e-01
1.024644363319387880e-01
1.027651231844361746e-01
1.028485239989592459e-01
1.027609550011850115e-01
1.032240560116549910e-01
1.030675397040960034e-01
1.033877284675685376e-01
1.035994282643420000e-01
1.037354381892217625e-01
1.037365313278203749e-01
1.042704865226055794e-01
1.041571011305876399e-01
1.044865581124077986e-01
1.042491545525104507e-01
1.045096287991009454e-01
1.048024718313044640e-01
1.047912941716833274e-01
1.050131810558074807e-01
1.052122475447034300e-01
1.054756393919192986e-01
1.055616789669053257e-01
1.057678908165506637e-01
1.058413414066780994e-01
1.057106275948866414e-01
1.061882842749965888e-01
1.063979381506047345e-01
1.066596619401140589e-01
1.065865651088362953e-01
1.068548044770922939e-01
1.068407588557672705e-01
1.072113847452662999e-01
1.074557198529762225e-01
1.076567319875736117e-01
1.075496509184393767e-01
1.073299531897614484e-01
1.080727195720960626e-01
1.080638219263492655e-01
1.081663279379510983e-01
1.082615775476783032e-01
1.085587678398490380e-01
1.087552862264511283e-01
1.086744884066971062e-01
1.087324846298962783e-01
1.092972599020402558e-01
1.093603828565980346e-01
1.095324099373513049e-01
1.096745989487038914e-01
1.097064459362202538e-01
1.100153899241722161e-01
1.099890621817980613e-01
1.103085716769959951e-01
1.105088605355485781e-01
1.104457716397393985e-01
1.109020812436352504e-01
1.108567720042094029e-01
1.110502909233850866e-01
1.112768423162515813e-01
1.113247694236390029e-01
1.115974292301539772e-01
1.117134924227595194e-01
1.119023573901883895e-01
1.122482640674566101e-01
1.122182562774785008e-01
1.123508731309277170e-01
1.124280654613451919e-01
1.126390528862817320e-01
1.128719014734218956e-01
1.130152139537127370e-01
1.129548537792766094e-01
1.132552418163591534e-01
1.132774718162154193e-01
1.135775177208406955e-01
1.136783460503724558e-01
1.138693970648130965e-01
1.136026432935594715e-01
1.139777746761563570e-01
1.144133000813783579e-01
1.146003025525342001e-01
1.146117071916865765e-01
1.148380979839287719e-01
1.149111549074476185e-01
1.150968473719970186e-01
1.154416524956450030e-01
1.153085613669877912e-01
1.156105599466056705e-01
1.158346122923739480e-01
1.158670848384180385e-01
1.161549478616010628e-01
1.162139701140368631e-01
1.162925182989438810e-01
1.164304620311990696e-01
1.165919158887783191e-01
1.166888208329168036e-01
1.165692041523818251e-01
1.170257902258033805e-01
1.170896510672010116e-01
1.173028767136397449e-01
1.174474365058107567e-01
1.177376951534739868e-01
1.177444632261453183e-01
1.179053541295675550e-01
1.182235471258016452e-01
1.179808390024469633e-01
1.181073242170190829e-01
1.182996887205991499e-01
1.188387716084331192e-01
1.186599707597680298e-01
1.185664021846994653e-01
1.189388404747701439e-01
1.191597582589303400e-01
1.192273261774126902e-01
1.194750590669309692e-01
1.193421278628844506e-01
1.196874024271981501e-01
1.195912207164541580e-01
1.200233950661585419e-01
1.201531126290233953e-01
1.202753715332232631e-01
1.202701181583348267e-01
1.204657101421847676e-01
1.206140802425156588e-01
1.206003593673449920e-01
1.207877903210287790e-01
1.209363619298164244e-01
1.209362612516158147e-01
1.212785964338333189e-01
1.212958859038789777e-01
1.214398355801471763e-01
