5.700530667653333321e-04
2.960129414142494749e-03
3.274357191640838490e-03
4.435085575292780496e-03
2.704926182165744587e-03
4.352502566168098795e-03
7.227237397635830583e-03
8.921107865361951536e-03
8.099546997942319929e-03
7.107624653470700181e-03
8.982781724831554598e-03
1.233152262308792949e-02
1.426998342990456158e-02
1.033775355112226228e-02
1.110734679483771359e-02
1.193442380281173158e-02
1.459745988844799933e-02
1.589526322945819872e-02
1.528836393489555433e-02
1.561645090194167633e-02
1.434589325449820395e-02
1.785368952024450964e-02
1.876100927006387961e-02
2.080254062359203349e-02
2.014888642831653975e-02
2.137078634568322089e-02
2.415698170713126425e-02
2.490182740962302091e-02
2.673741084193974674e-02
2.478660956778239166e-02
3.090049334920185256e-02
3.053415453594645126e-02
3.313956053100199084e-02
3.308208835168783418e-02
3.555665459002187861e-02
3.945348762720170266e-02
3.958341571143803028e-02
4.084011045543214924e-02
4.304103397967017075e-02
4.714638308990964921e-02
4.771481338661603261e-02
4.852750739864516299e-02
4.980235866932426758e-02
5.383156478586048621e-02
5.419824791847742407e-02
5.589871973473684724e-02
5.728406631664914594e-02
5.957789441543231285e-02
6.082838869141585919e-02
6.186975989822138949e-02
6.465075100534085906e-02
6.888424183212707441e-02
6.842219025542441158e-02
7.007519914184810739e-02
7.184577793453413019e-02
7.476336859881183017e-02
7.790526623045744559e-02
7.739580260151610047e-02
8.053842322667276177e-02
8.029114500278485000e-02
8.270311322390173914e-02
8.597074100797663654e-02
8.561146112669650032e-02
8.771338955862928444e-02
8.883725984198652392e-02
9.255376871485056223e-02
9.284351989505730540e-02
9.286256983478356763e-02
9.427358675400297761e-02
9.636633576551589808e-02
9.731982874070724265e-02
9.809934039892737045e-02
1.028868695871475725e-01
1.026224757817243149e-01
1.052265502199994651e-01
1.057087461962262637e-01
1.088039413085622742e-01
1.068552907238697613e-01
1.100063789060442554e-01
1.115579213947787696e-01
1.128221374371638774e-01
1.132183406686287502e-01
1.128713148848863729e-01
1.167778717702376984e-01
1.189279267437380744e-01
1.169846658945568885e-01
1.177068783361477911e-01
1.209890601313807906e-01
1.213337458182831008e-01
1.230177252465643051e-01
1.224621864841928254e-01
1.251643763867362757e-01
1.267595407825810316e-01
1.275742068272917584e-01
1.286127521023834874e-01
1.302545162853871452e-01
1.292703980094674909e-01
1.317782860305263259e-01
1.339776486818495260e-01
1.325183803987216857e-01
1.346544104861045199e-01
1.362819887457094592e-01
1.370904408709065214e-01
1.366108486755376605e-01
1.390400535988540742e-01
1.370539217233754936e-01
1.397306251764674767e-01
1.397755447697486275e-01
1.415049898191785838e-01
1.429184904832024317e-01
1.421298189337526496e-01
1.435239472393526339e-01
1.452022136650024664e-01
1.448780030446835676e-01
1.452603784461196368e-01
1.483742145702617587e-01
1.464377854167158988e-01
1.472436567205842872e-01
1.494795417330853915e-01
1.497911542429443410e-01
1.495119101177469767e-01
1.520330871350360213e-01
1.486484828539714198e-01
1.516215991189991119e-01
1.529366432937129539e-01
1.529788634117823787e-01
1.528852471876270269e-01
1.552020613825300654e-01
1.551797500869941671e-01
1.555380046637749869e-01
1.561612312354439813e-01
1.568691405015948948e-01
1.578345027704867731e-01
1.580873096315977555e-01
1.577850190022706545e-01
1.576954635815171202e-01
1.572502951727797194e-01
1.590808191259769355e-01
1.605990588933907670e-01
1.604383447342725699e-01
1.605684080580045692e-01
1.614196714328541005e-01
1.607646051181621794e-01
1.615011072520371738e-01
1.614760862866569113e-01
1.621286252715407883e-01
1.635915844463390334e-01
1.636309445365513593e-01
1.632467429454609875e-01
1.626151242641883099e-01
1.637452918561288773e-01
1.628371195879719513e-01
1.641106979189881909e-01
1.630175373848083697e-01
1.649748185469409600e-01
1.648399602303568245e-01
1.647129209140104911e-01
1.652435790403380955e-01
1.660900656652182783e-01
1.646652674649980996e-01
1.655779254265635214e-01
1.656593044223235167e-01
1.648225023354399077e-01
1.665193889496619506e-01
1.665514213545477851e-01
1.664323384894695890e-01
1.665728026172037801e-01
1.672661040067309202e-01
1.654804306861374641e-01
1.663585486101693822e-01
1.662787160259906194e-01
1.677742521989097346e-01
1.659919641690139336e-01
1.670277441522313167e-01
1.672571866269837448e-01
1.678823438155518932e-01
1.666744309566808857e-01
1.687075943933244171e-01
1.673569795491000323e-01
1.669350044809428668e-01
1.666955304186458209e-01
1.682612868846348753e-01
1.676867583749393209e-01
1.678899252742559745e-01
1.669068017078655375e-01
1.673810244308963080e-01
1.674837177288736600e-01
1.676194065134265221e-01
1.664539187540709786e-01
1.678680277333745863e-01
1.673189838831027065e-01
1.674301636547377015e-01
1.665809897720512411e-01
1.670271516216316476e-01
1.669993596599007590e-01
1.672048735433923905e-01
1.675392797315119475e-01
1.664815966275400017e-01
1.654406186803914491e-01
1.659407165658551564e-01
1.670906151014543706e-01
1.658226389422027269e-01
1.674683658060852343e-01
1.655533669233661687e-01
1.663793084165538227e-01
1.653378319074341463e-01
1.662449776402785684e-01
1.657159288619624304e-01
1.655226461586946918e-01
1.643026628930322475e-01
1.652083882232230350e-01
1.649346557566437332e-01
1.645236574155150844e-01
1.643338329084506333e-01
1.644456543396611015e-01
1.645748274260342703e-01
1.641996159901291663e-01
1.649630221740606972e-01
1.641582750165532512e-01
1.641304486692769515e-01
1.633766599763061544e-01
1.630026084262546637e-01
1.631625743302134168e-01
1.631914776801314249e-01
1.630151705042968968e-01
1.625241352969919728e-01
1.629162647268859454e-01
1.620765200360449187e-01
1.613894630352701864e-01
1.620826322518746920e-01
1.614153578459936733e-01
1.617100249096468934e-01
1.600947106506575845e-01
1.611075521698377144e-01
1.604396535766890175e-01
1.601296613383705880e-01
1.608680281450577954e-01
1.603693540082459512e-01
1.605712130561542939e-01
1.598590392402405858e-01
1.603623739343628396e-01
1.602097406527108470e-01
1.594898911983108902e-01
1.591003839462752922e-01
1.582307060628480311e-01
1.579320557688845272e-01
1.579653731231745739e-01
1.570962078854816202e-01
1.573213882031926358e-01
1.563314045166924182e-01
1.565036833192851862e-01
1.564700594071300466e-01
1.556598919024605732e-01
1.558761400732356361e-01
1.556807939612457892e-01
1.561107619692433945e-01
1.557019789335768178e-01
1.553608668367646717e-01
1.555900965010667825e-01
1.541729710985091373e-01
1.548758145163682542e-01
1.546906410391302444e-01
1.538418857909421289e-01
1.531703145188364479e-01
1.533117916604897213e-01
1.531152099067659700e-01
1.539150909907012477e-01
1.530382977970435043e-01
1.528379460465904283e-01
1.523525271722705188e-01
1.517660632280665167e-01
1.518886417736235173e-01
1.519972794315375686e-01
1.515593511915926117e-01
1.512744463931741667e-01
1.514063735971238334e-01
1.507877157057036233e-01
1.504081287599644545e-01
1.498278199243743003e-01
1.492236702496392287e-01
1.492228642744844180e-01
1.495668939472130365e-01
1.495673573896892095e-01
1.484758358687908453e-01
1.474695354540592473e-01
1.482771073317646071e-01
1.481001365449264584e-01
1.478200832234052853e-01
1.472413027453607082e-01
1.471152682198394734e-01
1.465868795333076791e-01
1.463147106597850744e-01
1.464248712596322444e-01
1.458052178077699768e-01
1.454578279966996235e-01
1.457583592917412463e-01
1.453861646261393747e-01
1.454502658372770485e-01
1.444488749868246824e-01
1.452737715054456258e-01
1.447872704651664844e-01
1.443621861985232846e-01
1.436785943978258206e-01
1.430328009170038217e-01
1.434417166977473013e-01
1.429127326175691493e-01
1.426775025268367525e-01
1.422669175938857389e-01
1.421296150747304032e-01
1.421614471449768324e-01
1.415618023201925813e-01
1.413633031518169714e-01
1.409065181835131575e-01
1.410594351008369052e-01
1.409689870946932988e-01
1.407519632023949141e-01
1.405045241543564360e-01
1.398572395852357153e-01
1.392744988226052305e-01
1.387614054932651830e-01
1.391620925057875657e-01
1.383775968279556401e-01
1.385509698660834232e-01
1.383001854842899059e-01
1.385064808583387763e-01
1.380096723408592851e-01
1.375490654009681180e-01
1.375736610884522038e-01
1.371984680572801429e-01
1.368581013842276040e-01
1.365057266161378013e-01
1.362085670833711182e-01
1.363102932327403538e-01
1.359315577344127335e-01
1.356767577640192735e-01
1.357967649414848765e-01
1.349554673560542373e-01
1.350751116671960184e-01
1.348718889418765998e-01
1.344470138744478793e-01
1.342457081101607053e-01
1.340720313015326681e-01
1.338740638840539010e-01
1.335532188359455086e-01
1.333110657027948287e-01
1.332468728378130018e-01
1.331354028433357761e-01
1.329658689178613573e-01
1.330315810747418337e-01
1.322016978119097685e-01
1.317738729317246005e-01
1.320087189769647562e-01
1.317321929479685072e-01
1.312736717781885221e-01
1.312426504129140525e-01
1.313619191121454810e-01
1.308435362291874571e-01
1.307653274263242682e-01
1.301044160649516557e-01
1.301308902962345915e-01
1.298083601906289408e-01
1.296153337596410160e-01
1.290153391113208203e-01
1.291353157887141778e-01
1.293628328512878289e-01
1.288795227781483199e-01
1.287150012850416247e-01
1.284190126998355497e-01
1.285617882618348140e-01
1.279420700438707592e-01
1.282862686220404003e-01
1.277880377036873238e-01
1.273829450328685664e-01
1.276387701558396037e-01
1.271391643526937065e-01
1.271961257936119194e-01
1.271782320355949181e-01
1.266529995771207839e-01
1.264700479438269076e-01
1.262220123979977404e-01
1.258462514683957312e-01
1.256285858734694783e-01
1.253525054351013190e-01
1.254726616258627914e-01
1.254062380508728369e-01
1.249645807417241739e-01
1.245558738766247009e-01
1.242974977990024404e-01
1.245286822678641214e-01
1.242896665663160427e-01
1.240497348978450709e-01
1.236555017435728848e-01
1.234098437815491223e-01
1.237909218712048565e-01
1.230180443454963884e-01
1.232764720193902236e-01
1.228699780244893458e-01
1.228608195924781460e-01
1.224759511178891147e-01
1.227638071796156582e-01
1.224198968088764661e-01
1.221721152650172143e-01
1.221279309858476214e-01
1.217877456226574423e-01
1.217829617888142313e-01
1.214201218376048108e-01
1.214213006734908146e-01
1.212103851344248223e-01
1.208842794264172182e-01
1.209377402273608959e-01
1.210101306697368428e-01
1.205328811886262619e-01
1.204917978077401641e-01
1.205132459923704547e-01
1.203127018280855665e-01
1.200305741154690659e-01
1.202020718466362131e-01
1.197210354287914641e-01
1.191820461973665118e-01
1.192653476437255666e-01
1.192727198476886546e-01
1.192418636774700696e-01
1.188877741166153995e-01
1.188516785180116081e-01
1.186047537726646062e-01
1.188548573111599671e-01
1.183874641717938131e-01
1.180768752582048303e-01
1.182529249979558383e-01
1.182217816451109627e-01
1.178385887421017075e-01
1.178519964175981927e-01
1.176343667418901229e-01
1.174773003456365816e-01
1.173943251684904099e-01
1.175781005570611937e-01
1.170454774338777759e-01
1.171825300846401352e-01
1.169750859868920329e-01
1.171661445056176171e-01
1.167423176365131321e-01
1.166460863674866621e-01
1.166522255650513373e-01
1.166300761937853064e-01
1.163833475188520983e-01
1.163633051316498995e-01
1.161566772587005469e-01
1.158624370444053531e-01
1.159517015988256600e-01
1.158831120881417681e-01
1.157411279701637680e-01
1.159906794180171202e-01
1.155766116146004496e-01
1.155189001899716295e-01
1.152670748018106983e-01
1.153626810570254346e-01
1.154158712301020379e-01
1.154804868077487917e-01
1.148723056791103453e-01
1.148113167920154082e-01
1.147521971351746911e-01
1.144791913426116275e-01
1.144032669725896650e-01
1.145697625814986742e-01
1.144132171523853936e-01
1.141973838946468145e-01
1.143726713668042627e-01
1.142919481570100065e-01
1.142381137377174172e-01
1.141292349615021379e-01
1.141153774260485892e-01
1.137734004649119252e-01
1.136828929857897630e-01
1.135038737272049403e-01
1.136888966586056399e-01
1.136866984519943058e-01
1.136020024922898691e-01
1.133684508892192355e-01
1.133411210511533346e-01
1.132681274027673018e-01
1.131915873309916748e-01
1.131669382832489468e-01
1.128923690308194089e-01
1.129119339942892125e-01
1.129888276193474622e-01
1.128494251074580179e-01
1.126388212768792835e-01
1.127842103831285664e-01
1.127441468940330593e-01
1.130032885834830331e-01
1.128222343414882756e-01
1.126330653554833555e-01
1.126400848400836013e-01
1.126266266670361699e-01
1.121792609457779033e-01
1.122132529905169457e-01
1.122463456077563149e-01
1.123844035321590329e-01
1.121353514817698821e-01
1.121657971615768745e-01
1.123555031450434449e-01
1.120861915475994813e-01
1.123578041929513688e-01
1.120505791637194520e-01
1.118480383864647182e-01
1.118733077712976837e-01
1.119330489350744556e-01
1.120858148132528181e-01
1.119625270979459075e-01
1.120333682556951260e-01
1.119940064355123693e-01
1.120564705073654604e-01
