-1.097560603943634305e+00
4.606411615901370715e-01
-4.775563866801179613e-01
-5.904485517052566745e-01
9.706034372349537920e-01
1.227091104510183772e+00
-6.831075763215374019e-01
-1.395023293588277813e+00
-8.142000976337960827e-01
1.304244065879313519e+00
9.012324010496381987e-01
7.272620228917185958e-01
-2.841270975008287555e-02
-1.100212312567504513e+00
-1.511785757222626092e+00
8.153335268477764908e-01
2.055288897608794629e-01
3.340669566441777927e-01
3.924321648917953320e-01
1.260733546377167391e-01
8.217302679496540918e-01
7.026279197681563060e-01
-3.018001977799650848e-01
1.788799676100803482e-01
-1.073378754668959795e-01
9.848332151054490780e-01
-3.021034499838766707e-01
-1.529784826617236027e+00
1.038128335814694908e-01
-1.153590261039797227e+00
-7.692569508196337447e-01
1.003245979970853075e+00
-1.454943154910866565e-01
-7.455093110623947084e-01
-8.025797578585829317e-01
1.492362017278865416e-01
5.918285302299272077e-01
-1.991884756153783353e-01
1.187540429315797175e+00
-5.234624027092185106e-01
1.026806358609661629e+00
-2.598435588822740172e+00
-2.445048146567371017e+00
-1.723126983165124138e-01
-2.689004769386325600e-01
6.352078670371014146e-01
-1.588161275646823745e+00
9.031345352779867053e-01
4.535208913819596677e-01
-3.420663031491757294e-02
-1.418199370824232107e-02
-3.838073498146507223e+00
6.032712360256613227e-02
2.240436607704934246e-01
-2.196733976907812580e-01
-9.475704683116423221e-02
-7.716613761295029184e-01
-1.870518605546517832e-01
1.307175724975104369e+00
-1.339429400865751463e-01
-1.374905602028486218e+00
9.193474144440074713e-01
-3.893297087387879163e-01
-2.076585703517348058e+00
