-5.838968625585654396e-03
-5.105378907284654350e-03
-6.196298809216239413e-03
-8.325655805992671424e-03
-7.291528099475609419e-03
-9.741431133382154328e-03
-1.236530404203701333e-03
5.108990569055081588e-03
4.107880179686139617e-03
1.076997293549315608e-02
2.050927891484511864e-02
3.981458439376633907e-02
4.067382142522886490e-02
5.419379910939245426e-02
7.098558295517454209e-02
7.547417710830596482e-02
8.761810184394970558e-02
1.190877993390769968e-01
1.405969232056181462e-01
1.428632005656307324e-01
1.643116244341639165e-01
1.790149550336951334e-01
1.952110758780238875e-01
2.135204116329515178e-01
2.385860892161093538e-01
2.521955508846868144e-01
2.630812884798664486e-01
2.919498328025533773e-01
3.160490094912967729e-01
3.263472404021801054e-01
3.412950288347646466e-01
3.629109740491178182e-01
3.879581612220099340e-01
3.963301099314465170e-01
4.165108681032523297e-01
4.410448798267994075e-01
4.504384071211067209e-01
4.759208348611651540e-01
4.929907524217192472e-01
5.078167859939701767e-01
5.305501832235466342e-01
5.563661266915043146e-01
5.693969979177085916e-01
5.879082273402842507e-01
6.043554606972257881e-01
6.277079677044388184e-01
6.406330376287704409e-01
6.634791611509949227e-01
6.835061057865559064e-01
7.003031233036227654e-01
7.181951252358824700e-01
7.377484690640373488e-01
7.461072669677898395e-01
7.687038986579067812e-01
7.848624619848689754e-01
8.004102202895518881e-01
8.178452482953993963e-01
8.346524951278173621e-01
8.572730858149915090e-01
8.700804604695997480e-01
8.855758018946406906e-01
9.001187373032366601e-01
9.234601921951769432e-01
9.335059701785161090e-01
9.552431160610301841e-01
9.692944966604964963e-01
9.845570873715497884e-01
1.000625323651941345e+00
1.017381717364122418e+00
1.031964182938315489e+00
1.046219648158125404e+00
1.064511693380008062e+00
1.080164931066099454e+00
1.094946393675515939e+00
1.110723895846022824e+00
1.121250553253116511e+00
1.137306303606080649e+00
1.153339157295509843e+00
1.162775357823789157e+00
1.183339821258081459e+00
1.196412866595308655e+00
1.210102643167106473e+00
1.226326632880168965e+00
1.238871655051005938e+00
1.252900420117264213e+00
1.270241876146674942e+00
1.284085642258880888e+00
1.296115364329485597e+00
1.309422989868966880e+00
1.324088103420715701e+00
1.335257822365933489e+00
1.348751102783126044e+00
1.360742603337619760e+00
1.373575679230117030e+00
1.387290167086073334e+00
1.401059189599199284e+00
1.412831784055644357e+00
1.427143074508912202e+00
1.436397987045315183e+00
1.451184522197709548e+00
1.462058117921765321e+00
1.475043985005477953e+00
1.486207418500850030e+00
1.498789175141242103e+00
1.509045017486581264e+00
1.520389472253175223e+00
1.534211169022273058e+00
1.546155556871189773e+00
1.558326430185020373e+00
1.567701725749912622e+00
1.578787189317110595e+00
1.589467684659511715e+00
1.600741331423106928e+00
1.612887377883047701e+00
1.626904845256063270e+00
1.632204570433753776e+00
1.644230954917611065e+00
1.654363837210214738e+00
1.667104563557063157e+00
1.678960650251217990e+00
1.686243131932847694e+00
1.698484682104146382e+00
1.706711478128164927e+00
1.718526124323848547e+00
1.729209268733884697e+00
1.735689240133800659e+00
1.747699871654715409e+00
1.760218850811716251e+00
1.769319258237367132e+00
1.776256548456935480e+00
1.786175353317534187e+00
1.798604841429501056e+00
1.803556665558881722e+00
1.816036662548013769e+00
1.824579295602819728e+00
1.835761485062084475e+00
1.842551139387784254e+00
1.852346276605409292e+00
1.862086227932857385e+00
1.870437136152732993e+00
1.879624242306589865e+00
1.889035557174718161e+00
1.899087046723637817e+00
1.905792770315201778e+00
1.914615848664723563e+00
1.923813143871275999e+00
1.932065182345280574e+00
1.939147162829660598e+00
1.949345991793615340e+00
1.953123630790070564e+00
1.963873192386892841e+00
1.973150142876910262e+00
1.979613333335665137e+00
1.987403200800866854e+00
1.994984290216283984e+00
2.005487946356938167e+00
2.012102253378572847e+00
2.019216750580478781e+00
2.028366651733102266e+00
2.035404641450913044e+00
2.044149359971662694e+00
2.049348783521527828e+00
2.056798096133607423e+00
2.066232568077001286e+00
2.072761856304005779e+00
2.082034930809489648e+00
2.087266670076940667e+00
2.095273047423506618e+00
2.101101557911703388e+00
2.108553968739073969e+00
2.115350196929045357e+00
2.121574360237902468e+00
2.129144538579179624e+00
2.138395740766355857e+00
2.141509116411291380e+00
2.150541495029023142e+00
2.156264776756224855e+00
2.163194214100877311e+00
2.168813846684960911e+00
2.176259353890669601e+00
2.181366443898231644e+00
2.188008881204940970e+00
2.194565328885213162e+00
2.199108268968122282e+00
2.209932056825576474e+00
2.215246762535676872e+00
2.219386597490301316e+00
2.225657503407513893e+00
2.232759945990197448e+00
2.237867991835073678e+00
2.244800210376451055e+00
2.249980560624150527e+00
2.256337890778518318e+00
2.261873782335249050e+00
2.269133450564407184e+00
2.273875237163790253e+00
2.279307762504455770e+00
2.285562883263831502e+00
2.293231467743020779e+00
2.296654637221636541e+00
2.302417224834187870e+00
2.308048260288435127e+00
2.312720650545287526e+00
2.316757469982400064e+00
2.324598562144433611e+00
2.329544309315813688e+00
2.333802987761620873e+00
2.340194942097495012e+00
2.345946888705481292e+00
2.350822642568095144e+00
2.358161188837278655e+00
2.359923502811221319e+00
2.365477335676661852e+00
2.369530631434587864e+00
2.376783319885858337e+00
2.381263907707692251e+00
2.385689541926229396e+00
2.391540918299760232e+00
2.395675425397582714e+00
2.398735999168895017e+00
2.405954147379254060e+00
2.410051124333721262e+00
2.412622846171789792e+00
2.418072326233181801e+00
2.424728539303123931e+00
2.429264051658825530e+00
2.435523334850179467e+00
2.437836526541274473e+00
2.442811293601151235e+00
2.448130341191293802e+00
2.453023648517596911e+00
2.456022370994937809e+00
2.461273377003259988e+00
2.465926426832920626e+00
2.468843614470758396e+00
2.473309578094136985e+00
2.479513644070321821e+00
2.482084762719851678e+00
2.488203794546868242e+00
2.491939838093384818e+00
2.496188390410247315e+00
2.500377045890361138e+00
2.503674791481597772e+00
2.508345019812416421e+00
2.512313978670191794e+00
2.518033811306454872e+00
2.520986939040391395e+00
2.526457922680374502e+00
2.528939154599256334e+00
2.532664171419967136e+00
2.536130020826818043e+00
2.540030892881318891e+00
2.542908599436423334e+00
2.547849927654253221e+00
2.552490972745447007e+00
2.556539616283046268e+00
2.559222406645712766e+00
2.563357703715209990e+00
2.567562244086647016e+00
2.571689448370529707e+00
2.574670646031512522e+00
2.578984337051500653e+00
2.581288897462928222e+00
2.585556046577157652e+00
2.590400234534226964e+00
2.593380356784253493e+00
2.597992469767077317e+00
2.600740555418135980e+00
2.604281123396107844e+00
2.606534603535831440e+00
2.611296571118412846e+00
2.614364655512995128e+00
2.619448758715774872e+00
2.622684644936283505e+00
2.625717538342200896e+00
2.628113214115452401e+00
2.632479442208949028e+00
2.635660689415023850e+00
2.638862231524265134e+00
2.642133585759875558e+00
2.645273443114470879e+00
2.649360991837179657e+00
2.652191099738559821e+00
2.657150155689797177e+00
2.658298946824597664e+00
2.661918319033711011e+00
2.665227778877239828e+00
2.668423721573724094e+00
2.671336282297409603e+00
2.674440170133096206e+00
2.678500663207923793e+00
2.681076602820771093e+00
2.685401077670768188e+00
2.687627923618601589e+00
2.690630559423308199e+00
2.693303372683830688e+00
2.696899179815997805e+00
2.699505759192293297e+00
2.703315755999662784e+00
2.705777048385793915e+00
2.709833177635975865e+00
2.710804484530357161e+00
2.714662837270545470e+00
2.717770305153162091e+00
2.719675169312822494e+00
2.722371914453191266e+00
2.726157546373595419e+00
2.729141433741346656e+00
2.731658423890721554e+00
2.735216334060881493e+00
2.736827781388701197e+00
2.739618880789874034e+00
2.743814709697151688e+00
2.745078054198804907e+00
2.747668471505460897e+00
2.751444185328709935e+00
2.753995086793227021e+00
2.755943213850136075e+00
2.760111974437461591e+00
2.761164597096168904e+00
2.764843133340998627e+00
2.767737215849477739e+00
2.768598722685676083e+00
2.772813804677026095e+00
2.776014353712662253e+00
2.777295985433546832e+00
2.780497054119754452e+00
2.783927389127936358e+00
2.786722860374749366e+00
2.787803221210134907e+00
2.791117714658582827e+00
2.791670946758343597e+00
2.795619385523901990e+00
2.798569662192641694e+00
2.802711265192126877e+00
2.803651211725557424e+00
2.806708760399654334e+00
2.810092442220632591e+00
2.811006012101345597e+00
2.813551506471439811e+00
2.815036472830259928e+00
2.818126933062788719e+00
2.820996480417120367e+00
2.823358129225043811e+00
2.824307166746764519e+00
2.829408053634356435e+00
2.831985871156208923e+00
2.830824087041831305e+00
2.834661369989512458e+00
2.838202286732032231e+00
2.839331993973913892e+00
2.841812758815636109e+00
2.845483731543135164e+00
2.846900447910927223e+00
2.849573444690228996e+00
2.851603185049128353e+00
2.853542436600418508e+00
2.856125419630707096e+00
2.858560319745748757e+00
2.860502754380294110e+00
2.862448903387112775e+00
2.863971182729068143e+00
2.867699718022747035e+00
2.868094233536373938e+00
2.871835173312472733e+00
2.873419808410205611e+00
2.875281086486591864e+00
2.877980747526707184e+00
2.879607622162524194e+00
2.881281244940582464e+00
2.882873658493062763e+00
2.884944038294057655e+00
2.888767154912686763e+00
2.890459451066888175e+00
2.892524020450825351e+00
2.894242742359697473e+00
2.896235042531563053e+00
2.898371438403537503e+00
2.901541827348236957e+00
2.902790270706772091e+00
2.904957611219260105e+00
2.907617079860433495e+00
2.908993330893033136e+00
2.911041179328817119e+00
2.913632017461295742e+00
2.914808998995956468e+00
2.917153401280607738e+00
2.920140862923426450e+00
2.920914321336684605e+00
2.923788631029660134e+00
2.926213851844354341e+00
2.927007768314797254e+00
2.929510443886417459e+00
2.931263915035432266e+00
2.933232859861309105e+00
2.936878466333305848e+00
2.935953134321801716e+00
2.939220156344789725e+00
2.940883438322803300e+00
2.940797782511170855e+00
2.945184357591354996e+00
2.946529613316962948e+00
2.948509115897507193e+00
2.950283753165445333e+00
2.951706170952596686e+00
2.954380669815289906e+00
2.956295785615578708e+00
2.957918967614011407e+00
2.958941385934787505e+00
2.961296059260321467e+00
2.962166490257225338e+00
2.965429215101736737e+00
2.966055639892583695e+00
2.968627541637921308e+00
2.969753011514396857e+00
2.972436919714424253e+00
2.972290861096650083e+00
2.975287777694322955e+00
2.978710987829164658e+00
2.978351232575465080e+00
2.981388740964423967e+00
2.982270900410433967e+00
2.984639742670101903e+00
2.986878105185702736e+00
2.988301147336215102e+00
2.989597777322826833e+00
2.989969984857986152e+00
2.992561370486940042e+00
2.994363212038140265e+00
2.997594356326264364e+00
2.998383711008191010e+00
2.999639245445713698e+00
3.001381871837043747e+00
3.002966641719294838e+00
3.006062769446704586e+00
3.005773715291765402e+00
3.008781398786036121e+00
3.011263075253400867e+00
3.011764722198206901e+00
3.014112926070064979e+00
3.014629868821086855e+00
3.017269051685563586e+00
3.018447977815708505e+00
3.018461068223171395e+00
3.021183163996038257e+00
3.022764671501540601e+00
3.024675044128823043e+00
3.027280255954095889e+00
3.027614300099545019e+00
3.029348559811294805e+00
3.031963272505245222e+00
3.032975860437323590e+00
3.034419128512168218e+00
3.035760054133163521e+00
3.037516577137248319e+00
3.040108029041513671e+00
3.039908059109678540e+00
3.042457141620281025e+00
3.044726016674543789e+00
3.045987499209727112e+00
3.046538966017202643e+00
3.047210652777547324e+00
3.049644634439876878e+00
3.051224385762627112e+00
3.053099921205475020e+00
3.054217295594044757e+00
3.056624733406120953e+00
3.057788489332239124e+00
3.058892358140470336e+00
3.060461285346758764e+00
3.062118764212570010e+00
3.063423140889361296e+00
3.064714532483745923e+00
3.066508084704138160e+00
3.068110594806778835e+00
3.069031923597264733e+00
3.071832223324051370e+00
3.073170587275488419e+00
3.074343753087959819e+00
3.076097789799295601e+00
3.076987454976381819e+00
3.077968625009742443e+00
3.080482685718029412e+00
3.080479767171023564e+00
3.083662751628877707e+00
3.084043340853752202e+00
3.084887403273548490e+00
3.087640026821548922e+00
3.088245475384624239e+00
3.089769349396440656e+00
3.091320725478969855e+00
3.092916685173301428e+00
3.094197410071856336e+00
3.094900512778969048e+00
3.097428780579109642e+00
3.098516692894171864e+00
3.099462375646618195e+00
3.100903957867469085e+00
3.102638627227362278e+00
3.103313323921454980e+00
3.104165068015316553e+00
3.106561412315477444e+00
3.107450525166465471e+00
3.109514978028530052e+00
3.110382855606953711e+00
3.111421170674059766e+00
3.114037831650571242e+00
3.115517616976274162e+00
3.117473247512946966e+00
3.116240937787138954e+00
3.118055912939607932e+00
3.118846312751273331e+00
