9.966391213996665943e-01
1.327730489283625914e+00
1.501467575410024846e+00
6.332239183574324415e-02
2.222233778389132386e+00
-1.910732208887702122e-01
-6.808663898298255024e-01
-6.850327322604058411e-01
1.157188246612688376e+00
4.382640465566251531e-01
-2.956162025483818345e-01
-1.532184948287362847e+00
-3.334108821729240835e-01
2.128330970503323205e-01
-5.990269124688883950e-01
7.660475253046572508e-01
-3.034186016621819082e+00
-4.741783455259778735e-01
8.805902150314685040e-01
5.473645089788959917e-01
7.244652570608074715e-02
1.514663885787565833e+00
-4.532547481929495858e-01
-3.142097268292681211e-01
1.427356675529250774e-01
1.042641407999226333e+00
-1.174508229874974274e+00
6.160017935991238813e-01
3.009095019529360315e-01
-7.765918106437039725e-01
3.373174301530840746e-01
5.812289241822162777e-01
8.869842561797400826e-01
-2.704473425522945229e-01
7.590499247659845405e-01
7.821320225328084463e-01
-9.199848241543454597e-01
1.136178508333063553e+00
-2.668116841382702220e-01
-2.259990968829703739e-01
1.203545823181479069e+00
-1.937657120943024447e+00
1.818234887948914524e+00
-3.277604364491115696e-01
2.781368511847709613e+00
1.903239431435229001e+00
3.569013556316446567e-01
-9.067118360718878778e-01
8.472794709404007918e-01
-7.693094030982988718e-01
-1.448555940651313989e+00
-8.267923435184739711e-01
1.376188861802879193e-01
-6.494792618425364594e-01
-6.116549979320693442e-01
-1.454716035423860632e+00
1.599357226001326016e+00
7.734936054905784397e-01
8.013664571448078089e-01
-7.237074306595162598e-01
-4.598373112981760102e-01
2.926711747694275001e-01
2.156094882726760364e-01
5.700776788576805698e-02
