-4.480963755931095110e-02 -2.648453756585319452e-01 2.602709496549176008e-02 -3.692223350698121964e-02 1.389425424350425320e-01 -6.388677395658669267e-02 -1.499229610110459632e-01 -7.604512203315266783e-02 2.829745037713591871e-01 -6.246815054757201557e-02 -1.639042546503257161e-02 8.942970754567024227e-02 -1.962539173796809533e-02 -1.369312083668094981e-01 1.393493707462514341e-03 -6.134957535665484796e-02 4.384153674612056156e-02 -2.482601730512838389e-01 1.262624219576233622e-02
-2.061131758844604242e-02 -4.468867866896017449e-02 2.603320638466180004e-01 8.951066951273740913e-02 -2.183456306817784659e-02 2.167651428895852328e-01 1.398498443396438418e-01 2.048798498898070364e-01 -9.638000981355333840e-02 -1.577019209606025374e-01 2.500313691053477338e-01 9.763888075135965239e-02 1.065016327145953956e-01 1.811570892546292277e-01 8.393668520833078017e-02 -1.644714193148652248e-01 2.547804470656613030e-02 1.198029483164791791e-02 5.300119332446302789e-02
-8.880014210399853058e-02 -2.404754884030315676e-01 -9.754766354284254148e-02 2.942654908826795590e-01 -1.330901958293163045e-01 3.729034780784275943e-02 5.629618963315793229e-02 -1.535662567596518535e-01 -1.117466312261863048e-01 -9.111756934895932913e-02 2.203006568787436448e-01 9.607636951910371315e-02 -4.898923508041704705e-02 -1.060282997294074575e-01 5.547189248502784435e-04 4.590593812166758603e-02 -1.846484049415834383e-01 2.887207990811830882e-01 -5.295994345115580954e-02
4.924424334346463178e-02 -1.005986887405986713e-01 -3.563904333605725783e-01 6.419958890905380633e-02 -1.814842843417996676e-01 -9.023701752318788460e-02 9.127647064602040228e-02 -8.341490749385296888e-02 4.521202425982578932e-02 1.987121921705145011e-01 1.500510830712418475e-01 7.812033632212374290e-02 -7.448552117223405933e-02 -8.291050275972385031e-02 1.793783295211600071e-01 -2.164014548506104640e-01 -1.650851238119154518e-01 -1.945833539648516297e-01 -3.587908806892096680e-01
-1.586882255374912620e-01 8.697148512660041186e-02 2.580021610676841437e-01 -4.742222414122402446e-02 -6.076132325114965704e-01 4.224395862309031080e-01 2.109892572698797431e-01 9.084005450239739099e-02 1.836608671056270958e-01 -1.209597110883177257e-01 1.901066506156919578e-01 1.550998367346400619e-01 2.022343884626330024e-01 -1.864366913155076633e-01 -2.212084261013752551e-02 6.719121144970297910e-04 1.392157848271909359e-01 -2.798555201077775334e-01 9.264481503282930019e-02
6.923387442791530469e-03 -6.838928336437603839e-02 -7.131944027759788696e-02 3.968770738361728639e-02 -1.381956414614698980e-01 -1.204727128067716868e-01 5.016058525460780244e-03 -5.007664104030011554e-02 -4.856951626224157575e-02 2.077658465798584986e-01 1.372260280647334685e-01 -1.948364429592066571e-01 2.913086608895909535e-01 3.027414102018070596e-01 2.248324188825577830e-01 1.130472653103750391e-01 -1.404699727602119197e-01 1.915815376231936873e-01 -1.019560427205279222e-02
5.029640477333514187e-02 1.917111870827033493e-01 3.106657515042417911e-02 2.140658477512143720e-01 -1.752854638282753952e-01 1.269712505173974659e-01 -2.451021527906165065e-02 -1.646064463832264818e-02 7.207714346356089430e-02 7.738713320010638663e-02 -2.029602841387522505e-01 -1.651979588735918991e-01 9.781880813945277586e-02 4.314978364272998440e-02 -5.996109718231220492e-02 6.692741773938319649e-02 -1.497486451735490776e-01 -5.662820922653316602e-02 8.530289885525520199e-02
5.706941602522175479e-03 2.866989452875362554e-01 7.441526652943387943e-02 2.028019742157261551e-01 1.272342122406805442e-01 -2.012451593096854785e-01 5.191755470242389453e-02 9.822452333405155833e-02 -3.070506661632159059e-02 2.068383853713706144e-01 1.698549781081109267e-01 1.957046109328562655e-01 -2.896992243198414640e-01 -9.991013444419447054e-02 -4.954625929365876619e-03 -1.855316501163930820e-01 -1.528610970105612754e-01 -5.448103021878054203e-02 2.406565854911705826e-01
3.011199450389510229e-02 1.545584353097875611e-02 1.168168983594489695e-02 1.357026778011628798e-01 -1.995620910196135023e-01 -4.673096657637432899e-02 -9.518586745632647006e-02 -2.660295359052982159e-02 1.326197063829709921e-01 -1.944863883385015701e-01 1.663562828598257326e-01 -1.527467271006373861e-01 1.083059613801837379e-01 -2.113964142392492362e-01 -1.295030769316892101e-02 -7.705100357969982099e-03 2.099861541443364121e-01 -1.333549807702141543e-01 -7.205332012929334742e-03
-2.716761431119419160e-02 -1.117755544032895537e-01 2.754808981554565661e-01 1.498114236790882015e-01 -2.066006996682635821e-01 2.597731115054646156e-01 -1.207540182056513894e-01 -2.353997403417726064e-01 1.787102661041315710e-01 2.942874613660143024e-01 1.356640587594956648e-01 3.569201700814685907e-01 5.352495824867633915e-03 -2.011673181438759783e-01 1.349927313162257170e-01 -1.266587105857586507e-02 7.233106515036800965e-02 9.066326568716567835e-02 -9.980175220008716958e-03
-1.748501664936962657e-02 -1.778519293343897301e-01 2.114299612680047846e-01 -1.392902270373139462e-01 -3.992015712930271909e-01 5.387944903457717732e-02 1.340784356683871470e-01 -4.308736136498052538e-01 1.557080848008295625e-02 -1.551808535282461765e-01 2.582367926946082526e-01 -1.113495523374621737e-01 9.046993839486094924e-02 9.049548829737485978e-02 4.138988710054564146e-02 1.895182825894533851e-01 1.093280757570935097e-01 2.833870150927251252e-01 1.077444078068261757e-01
-1.022306798539107317e-02 6.040104350935778660e-02 1.287054981523603481e-01 -3.342719604696258590e-02 -2.302772044122916584e-01 9.863939051012625414e-02 1.734058417969740196e-02 -3.461446281065524988e-01 -8.738255758378219004e-05 -1.715987613081851049e-01 -3.874394449261685941e-02 -3.264995857704856563e-01 -1.470499919485838136e-01 7.021849413030925580e-02 -8.092548026339485556e-02 -2.561858036134895267e-01 -5.529516529940303043e-02 1.548208160665185372e-02 -6.310174191078180006e-02
-8.691356983188269422e-03 1.610171874020951965e-02 -3.529161735564215283e-03 -1.279795256609136123e-01 5.964642910496315009e-02 -4.232860932558118461e-01 2.121296243715038998e-01 1.161873898797421839e-01 -3.667644028609818863e-01 3.782334133651110708e-02 -1.465091251858484656e-01 -1.946193065488255602e-01 1.701467290853234948e-01 -1.631990449683701494e-01 -1.359658947204482049e-01 1.816780240231713195e-01 -2.846321220495133877e-02 1.608538989215127224e-01 6.423504065480678538e-02
7.888485660685477449e-03 -1.739125584426039553e-02 2.402444347690235182e-01 8.590720647538858945e-02 3.470894507312023008e-02 3.172805763147142910e-01 -4.132676921306189383e-02 -2.469072489362122633e-02 -1.384758503120304685e-01 8.444308098746461377e-02 1.420972755003323436e-02 -8.654942595501165237e-02 -3.476737696431430047e-01 4.160997379837408361e-02 6.290297767577480992e-02 -3.407563133433866992e-02 1.311780455687674429e-01 1.909027566321919445e-01 2.258410797246684365e-01
-1.857759884994363356e-02 -2.262479433710776477e-01 5.176126751589122527e-02 1.187983467088557232e-01 -1.441216399627639755e-01 8.557937488221518951e-02 -2.607720982922774322e-01 -1.190676913931616732e-02 -9.412194371040474850e-02 3.666499218049421582e-01 1.929594986949878244e-01 6.896515076286849344e-02 1.804534461403908552e-01 -1.076389486790158972e-01 1.157608833159373546e-01 -4.792990907791066721e-03 5.216616697351779929e-03 3.162636997462108246e-01 -2.179981289104873099e-01
-6.724347054424706371e-03 5.569737614382217622e-02 -4.833819135585841649e-03 -3.168097058710456215e-02 1.621517096423082671e-01 7.055681405423923358e-02 3.346600191813102754e-01 -3.343070149417679549e-01 -2.927938140782197496e-01 1.219968472434562468e-01 -1.013200920219036877e-01 -1.570610658313182917e-01 1.266705542031138498e-01 -4.695128068545159628e-02 -2.426020977880611607e-01 -1.029156539293640260e-01 -5.030643668680494229e-02 -2.065619788390873346e-01 5.449775260238264550e-03
-1.786478373009008080e-02 1.731382879047008161e-02 -8.656385340530607653e-02 -2.222787194478226536e-01 2.422526477202661399e-01 -7.551170277744843895e-02 -4.537327631712443493e-02 -8.402475842936359129e-02 2.891852982938173944e-01 -9.987410589448243725e-02 4.939493078958458183e-02 1.275234730788579185e-01 -4.745307073982609203e-01 -2.099834207872001424e-01 -1.797536822069501494e-01 -5.563421098825094974e-02 1.583953560280878525e-01 3.634916124366337903e-02 -9.567370648879887363e-02
2.993951390933423384e-02 3.883155673343119951e-01 2.448877026978172333e-01 3.192327527769542872e-01 -8.852531145978853599e-02 5.824190494480632752e-02 -2.977751192425234089e-02 9.894685270531228261e-02 -1.068711691240496336e-01 -2.004256391746923882e-01 -1.486795428189094381e-01 8.310099497553087577e-02 1.032955959459997825e-01 -3.910618207597752610e-02 -8.524581805549416580e-02 -1.807342792507564133e-01 1.816873235855880342e-01 1.147083068696790921e-02 -1.746272807467242061e-01
-4.960845793776667845e-02 5.340010725213629669e-03 2.431299797289090958e-01 -1.903283089500803771e-01 -3.038214402857773722e-02 1.769072214092938244e-01 -2.358726823391909810e-01 2.514104463680796181e-02 1.437493656481448334e-01 -9.901320575372259125e-02 9.099125594800719363e-02 1.917332073152489824e-01 -6.725433174604493469e-02 1.138598386921915312e-01 -2.063709221841756036e-01 7.247251589290627793e-02 -2.023924117141149559e-01 6.268661358935311012e-02 1.052927336846486983e-01
-7.717249195568580411e-02 -4.540009247875550491e-01 2.091121001298464066e-01 -9.776366663167861126e-02 -7.758270609598770517e-02 -5.448007664804605660e-02 -2.527287491989799184e-01 -1.291833044310931877e-02 -2.617086656659925459e-01 -3.025574087780338317e-01 -2.012988756925411238e-01 1.368192603254306250e-01 -1.549854855970951018e-01 -1.276056738315884120e-01 1.210013283788015925e-01 -1.186043959152564969e-01 1.939113816068911700e-02 2.297616196662246590e-01 1.169423785626743234e-01
-1.792911962431407991e-01 -2.076070170106333879e-01 3.966008090487475601e-01 -1.365059798766043997e-01 1.291068419239087550e-01 8.171869092245806487e-02 6.659879402247625979e-02 1.474740294827275033e-01 1.543388165094940478e-01 2.605282841714912090e-01 2.937987825654212598e-02 2.895447904256676086e-01 1.506283079058907681e-01 -2.143483223245384872e-01 8.655847252653547930e-02 2.497756470868228371e-02 -1.449285454522375493e-03 5.353930244997142512e-02 2.533421487863276589e-01
-4.664109930227661877e-02 -1.803426874980985917e-02 -1.965052416640252278e-02 -1.310790752026816386e-01 2.954197089792001130e-01 8.729083269481054119e-02 1.305786418214288924e-01 1.036163108597149829e-01 1.266292537333394141e-01 6.982144821178408456e-02 -1.637326746912408093e-01 1.156146297430507286e-01 1.568214258413613005e-01 -2.684149263268187369e-02 9.279970760664532636e-02 -2.620466718723868035e-02 7.130038856006672143e-02 -1.501464716866130478e-01 -9.245806965615831208e-02
-3.852912478469879692e-02 -5.172467785917114758e-02 2.214578511095922353e-01 -1.975470889776665684e-01 -2.702557273358323631e-01 2.786081213606025897e-01 1.222677986724666210e-01 -2.861241202081805934e-02 -2.091971374542799245e-01 1.241519549083837382e-02 -3.455243873513986763e-01 -8.411985133597055242e-02 1.571864649610932307e-01 7.993093289790378919e-02 1.333462032059618274e-01 6.872726472336339321e-02 1.052151427801060746e-01 -5.182143176833579196e-02 -4.181316279316883711e-02
-2.355703320796151065e-02 3.837422629689218878e-02 1.735717434313029106e-01 -3.251725696044281688e-02 -7.184307240344105228e-02 -8.372556811166358137e-02 1.691599005546847445e-01 -4.702637289197664910e-02 1.762016710986461510e-01 -2.132004290784105527e-01 2.982657341906642667e-01 2.294608442023113037e-01 -7.779559610538143433e-02 1.037977374867653929e-01 -2.549712618231158023e-01 1.008019509310802281e-01 1.338613433594658397e-01 -5.355706601383884713e-02 -7.318180309554647711e-02
2.576973108413709197e-03 -9.624395751353949369e-02 -1.394914511009667513e-01 3.082834575883795503e-01 8.985683927388891934e-02 2.614415197451155914e-01 1.377633114406155157e-01 -2.525994700626884581e-01 1.513373748935803453e-01 3.762901625629146152e-02 6.284978133826490954e-02 -4.114764180823424211e-02 -2.708104539990495163e-01 -8.671902543287636489e-02 -1.023212173136080205e-01 3.597183533756225654e-02 1.293054770761030148e-01 9.349993413269737375e-02 3.842628831202540840e-02
4.081770525021817531e-02 -2.272691654874318956e-01 -3.187560587127254430e-01 3.201710850760958182e-01 -3.375464474586778452e-01 -2.764358974235929245e-01 -1.036841612743412966e-01 -1.058086158241335756e-02 2.404998925286703226e-01 3.357876011360196866e-01 -9.615115337058237344e-02 4.473401481218752113e-02 -7.873592378072436643e-03 -9.245553711779966322e-02 6.345120921204087938e-02 9.685834321160574634e-03 5.760743264041665035e-02 2.977254640481515890e-01 -7.657037262442890901e-02
-6.044258027391220811e-02 -8.180030779381826378e-02 2.466748876981734173e-01 1.596968056380665690e-01 4.112241630632183613e-03 -1.650633490867035036e-01 -1.323325070353817967e-01 1.634368648711344019e-01 -1.657088638453539375e-01 1.166717097183430779e-01 -2.894031520190161744e-01 -1.291318809155787006e-01 1.036596680382898122e-01 -1.636145815046181895e-01 1.344216994535290255e-01 1.616857286459739140e-01 -1.747483561414909792e-01 -1.411464430196827102e-01 -1.465909747452946443e-01
3.976871715898909476e-02 -1.706894570258155330e-01 1.979891721794627413e-01 2.654796173831368011e-01 3.498285317372657605e-02 -1.592498774560459629e-01 -2.429971431861946418e-01 6.054522390800218257e-02 1.921211565469225779e-01 -2.689364298724884472e-01 1.326366764838499968e-01 -7.905074612451438998e-02 -5.937478877841224911e-02 -1.864423258008585937e-01 1.720598948623457414e-01 -5.077605893024446371e-02 -2.655914185971080532e-01 -1.709602478668255932e-01 1.580702069713718350e-01
5.407237176347964164e-02 6.876079978262299164e-02 -3.309531288701818980e-02 1.387180871106066804e-01 -1.437231208436138552e-01 3.917213567680145891e-02 -2.564637931399672000e-01 -1.460283843374309276e-01 -4.244469558132070441e-02 -1.731410686182107139e-01 5.044335433078882963e-02 -9.973204897121754064e-02 -1.568099952310974265e-01 4.659394158552608578e-02 1.429038581141064967e-01 2.145172476379287457e-02 -1.449318134463917045e-02 -8.443807299079012646e-03 1.306912159216392089e-01
3.122698621280810272e-02 9.894122505738510431e-02 2.981561164301809175e-01 1.592529793472731436e-01 -4.900205221671733585e-02 2.559833603551119399e-02 1.149690904841144112e-01 -4.858846860328602246e-01 -3.203453529349476470e-01 2.051534934832103252e-01 -4.479154027723456499e-01 1.368683062523550209e-01 9.914978743385509385e-02 -1.533256454316570816e-01 3.551613744268982548e-02 2.071943359449854652e-02 1.192661017304518789e-01 -1.260389763101826821e-01 1.586237277326554007e-01
3.171496380993139852e-02 -1.408388780089463999e-01 -2.426403482265266087e-01 4.379801361969476448e-01 -4.320184052631087339e-03 -5.761727076478821881e-03 -2.619246971965019655e-01 1.327918189826143014e-01 1.836638477030111682e-01 2.149096277223720153e-01 5.953078333951258849e-02 -1.314618568676028942e-01 2.201639354846216257e-01 -5.907202944979562248e-02 -1.050980429339565259e-02 -1.493239078007273513e-01 -1.468131031059015552e-02 1.827204980312777671e-01 1.210126673001450798e-01
-2.602286827217130394e-02 6.034651014664274005e-01 2.832812964151281698e-01 -1.349285854522156991e-01 6.947525319441218983e-01 -3.280605092863555505e-01 1.790285982179399549e-01 5.399274167917286760e-02 -4.107300780876792928e-02 2.300655109883899610e-02 4.216150915630059726e-02 1.046426731334466897e-01 7.736318663987210020e-02 -1.344355792088876012e-01 -3.550773419342348469e-02 -3.038825851601185610e-02 -2.176818442902296868e-01 8.484673240015642645e-03 8.638055754622682436e-02
-5.454194194323795652e-02 2.321643349787004887e-02 4.136209321974398945e-01 1.467391150536527696e-02 1.404033051369388274e-01 -4.823923890376520807e-01 1.373361834945672766e-01 7.863091903763130830e-02 3.812791872497637846e-01 8.704223073027785029e-02 6.613421475849942666e-02 1.846905668846237636e-01 7.595355872619356796e-02 1.508470598405816654e-01 2.478875773134580143e-02 -8.364122268417094330e-02 -1.024417845514099049e-02 1.889228093608887049e-01 -1.203285115926673310e-01
2.378519684192775471e-02 -2.769526384572253835e-02 -1.235579939629891655e-01 -1.435134672571392600e-01 -5.604234540912670370e-01 -1.378904046145731088e-01 3.286364362171250164e-01 1.346367242540240372e-01 -1.000646566958652943e-02 -4.701860250265864627e-01 3.226802247629134701e-01 -7.100548104606252409e-02 -6.678288110153113299e-02 -1.861105849976241733e-01 -1.746857456757245908e-01 -1.443604256079318859e-01 -1.576077869438588519e-01 3.768773816564838317e-03 1.864993025798636073e-01
2.492281306473983701e-02 6.590228418027689605e-02 -1.211102717515461086e-01 9.846663098811041237e-02 2.185486297887637153e-02 -6.627573625695890036e-02 7.114105387116788186e-03 1.837197070241104457e-01 5.677423242622813698e-02 1.250037546683963607e-01 -2.825487508230691280e-01 1.479046652113056581e-01 2.144400731762660384e-01 1.305659038051317777e-01 1.493570266858027795e-01 -1.170861854836776073e-01 2.691192664821517311e-01 2.318073830460953555e-01 -2.364858183182542636e-02
2.466001327446649266e-02 -2.774983314079123020e-01 -2.308238269817906030e-01 1.105253830199779963e-01 -1.762135558690722803e-01 -1.538672759736910145e-01 -2.324136497292987602e-01 2.375870446257846436e-01 1.083124937673118487e-01 2.439321230547129501e-02 -2.691892757312257592e-02 1.148817932188684887e-01 3.427841823748712380e-01 -6.004648289055042332e-02 1.773476780738992425e-02 3.478479836846503498e-02 1.308432962668595011e-02 -1.477158501069369689e-01 -2.636651843373608584e-01
-1.434432366707823377e-02 2.515472922099371705e-02 5.273264189684322145e-02 -2.775788686503328703e-02 7.072051852325958454e-02 1.982178529660049149e-01 1.483554652654117401e-01 -2.030345428864817336e-01 -1.364750656949083873e-01 -2.261359613331709872e-01 2.290728340526748119e-01 -1.408781683242209259e-01 3.013371613461920950e-01 2.989192623688068096e-02 -1.748960325138476934e-01 -1.565521584649059161e-01 1.838521623582836106e-01 8.870547523009181257e-02 1.791043843960135884e-01
1.946509329391236248e-02 -1.491709715854767637e-01 5.397630605837587525e-02 -2.673536024122376564e-01 -1.096294629579858820e-01 1.481007775136916060e-01 1.533080035214948733e-01 -5.102956013338853791e-02 -9.184372914001913413e-02 -1.669436828774387982e-01 1.504644711857615891e-01 -9.512020074220738086e-02 -7.537604898027665257e-02 5.745968553781154869e-02 -2.060089327392803649e-01 2.654991263795339895e-01 -2.305486624392925066e-01 2.046502110249329709e-01 -1.043868962370800291e-02
6.742914540727711070e-02 5.331759879397326429e-01 -2.343173570528567784e-01 1.831570816224378229e-01 2.299075698690926095e-01 -3.117521821937689341e-01 9.719427659876250791e-02 4.499177156861012411e-02 -2.227889778267642951e-01 8.915568648812764729e-02 -2.614463408279470436e-01 1.818369458676358519e-01 1.910936789095687427e-01 -8.597801137456828613e-02 8.162603185851025067e-02 -1.870906868162367301e-02 -3.619109547522367937e-02 -1.172806632548893252e-01 -1.912281422192694917e-03
-9.075104298566939037e-03 2.882035389056870622e-01 1.544376669379799449e-01 1.623657200569293413e-01 5.619417810654201567e-02 -3.854619046203341948e-01 -2.251934099876820930e-02 9.675470330706804206e-03 1.239488481765989442e-01 9.595819075798969755e-02 -1.080013562009636136e-01 -1.226330369330283498e-01 6.341939278444265471e-02 3.111554263740013981e-01 -1.567670127233862232e-01 -1.299044187071361489e-01 7.784814902314607377e-02 9.955185731713524222e-02 -9.582847425434677657e-02
-4.531158685293020655e-02 -1.512485225705593322e-02 2.779044821347535499e-01 -4.031725098911435184e-02 -3.322533346750884409e-01 -6.846681556524684964e-02 1.602444638598715110e-01 -1.368908277249634708e-01 -5.829387398201443110e-02 2.785642532143384753e-01 -4.543953602573857012e-03 2.668492223060885404e-01 9.242343837022948261e-02 1.674873433068799489e-01 2.509360141539718203e-01 -1.970002767469384297e-01 -7.423972897572408969e-02 1.312045652821827169e-01 -1.329819726301053884e-01
1.364510426328427103e-02 -6.666976359928417084e-02 -1.948278584901366392e-02 -4.452848879112115132e-01 -2.243314574055373101e-01 2.460458202756267143e-01 -2.342025906603403818e-01 4.639024962948191666e-01 1.798095861571575305e-01 -5.163484692184715230e-02 5.392734195734096847e-01 6.292644007204703516e-02 3.784006389762889088e-04 -5.819611433657888994e-02 1.634349501751007350e-01 -3.917601576037229444e-02 1.925724212596413576e-01 2.009988086458967538e-01 2.594297397721343490e-01
1.802006142688316118e-02 8.260420128845460952e-02 -2.450721938504862862e-01 -2.215337353018830557e-01 1.334758680042556767e-01 -5.816565104980929435e-02 -8.097968178664477837e-03 4.003854847786367244e-02 -7.820168069081673279e-02 -1.321132141198183563e-01 -5.172364959820085345e-02 -1.051773870722123166e-01 -1.909167976665500921e-01 1.909500127432676719e-01 -3.238246256038820187e-02 2.903412814473598225e-01 -1.946543879674877964e-01 -3.840309726692145431e-02 1.159396747628856084e-02
9.904827992013537363e-02 -1.080309944048704097e-02 1.351775413253607228e-01 2.475775928874797416e-02 4.283019917330001536e-01 -5.159185140831004102e-01 -4.865664714794334933e-01 -2.201413570031299782e-01 -1.809671428807295424e-01 3.979470668305522263e-02 -3.684248754865153686e-01 9.989258695303344926e-02 -1.242409481988057812e-01 6.932807872429247453e-02 -1.748444271820943086e-01 -5.750548706717691777e-02 -8.840889086163361554e-02 -9.546944163939645456e-02 -2.249465192111551048e-01
4.117174944729442426e-02 1.788690315945398734e-01 -5.176241769678258109e-02 -5.800979551754165131e-02 2.543120374070674192e-02 1.736825391292400045e-01 7.722736128649228433e-03 4.773788248331144457e-01 -2.604577362957843575e-02 7.963503836923334703e-04 -4.363520605832469923e-01 4.041846419267437762e-02 -3.516736055430672980e-03 2.471823819565579713e-02 -2.849723272304782729e-01 2.179560866924819817e-01 -7.843548251530682233e-03 1.490475726321428274e-01 1.656573789000669317e-01
-1.612768164580486996e-01 -1.488304323719007449e-01 -1.481127967769508280e-01 2.504303641027091562e-02 -9.862498231636467050e-02 -2.151436716540428562e-01 1.941651923839783980e-02 1.551489425219015061e-01 1.735672007153143126e-01 -5.056740784024051777e-02 -1.316551198370890241e-01 -6.897901225177867357e-02 1.083218383237051358e-01 -1.698915813595715599e-02 1.254289126041178704e-01 -2.259878600280371477e-02 1.707342962886142790e-01 7.246308684680914658e-02 -1.986508869107783681e-02
7.100657515778531492e-02 -1.453284244800391763e-02 -9.891849307580985462e-02 1.804908966383148572e-01 1.135568702861157048e-01 2.343293964157511511e-01 1.571562407746701640e-01 -5.896151118634813948e-02 9.493677550494458717e-02 -1.610136490427254707e-01 1.566283170762179933e-01 -4.389706081479525374e-02 2.323767775027154592e-01 6.121798500158500463e-04 -1.037054773690122833e-01 2.213562827114694265e-02 9.407760725651019562e-02 1.095286743594698319e-02 -1.695586140924714713e-01
-2.974904859582420263e-02 -1.732610915919073902e-01 1.008984322237618803e-01 4.001336803676173726e-01 2.140364092787083727e-01 -4.180395657228084261e-01 1.642018410527738004e-01 1.326997999478511381e-01 -1.597884125047464160e-02 -2.805563945411912452e-01 1.758475150335066517e-01 2.333920495311269383e-01 1.991208583480469363e-01 -1.053448110143761357e-01 2.546900486754574144e-01 -8.849657347323849899e-02 1.053937125314896930e-02 6.104493704293162404e-02 3.322152533417170595e-02
-9.562804301330088755e-03 -3.801542150761665952e-07 8.575949730666755644e-03 -1.648092840806325288e-01 -1.480294791107674701e-01 -1.770741266970614625e-01 -6.396725743727792179e-02 -4.251345358346796111e-02 1.941875334676797793e-01 7.184495995386631917e-02 3.507408144977499642e-01 4.846565311240137036e-02 -2.316674250357899367e-01 1.543887886598591941e-01 -2.071116060655396329e-01 1.943766983619044653e-01 -1.775797317802147168e-01 9.193475224572791871e-02 -3.919939444294470721e-02
-6.790284582098161069e-03 2.764445452856945096e-01 8.249770368666829723e-02 1.734637506625292050e-02 2.498612816376045986e-01 3.468421278795300045e-02 1.345910204539885191e-01 1.403419462028253871e-02 1.126730505534400822e-01 -1.419788995076365357e-01 -2.782175372870455132e-01 6.489288989648693030e-03 -1.759387223437070547e-01 -1.408055904008812531e-01 -3.937024599720387319e-02 2.218245655202208955e-01 2.653647996693823674e-01 -1.749849224285112970e-01 1.284213814651225805e-01
7.113128690006535748e-02 4.665766009749294785e-02 -4.642734948193475431e-01 -2.029891692352562005e-01 -3.363399610163755327e-01 4.170457532413495150e-01 2.661588497486373772e-02 9.870694117353191743e-02 1.342586093282563571e-02 2.727375855276897854e-01 -2.079300936309562975e-01 6.108817162686651370e-02 -1.311987642259055398e-01 2.041734509379840995e-02 1.143547349489585502e-01 -2.038346294381853108e-01 -3.460311179497475159e-02 7.883091800638539204e-02 7.732912729893094694e-02
-3.030726024525911416e-02 -2.923110270754653017e-02 -1.944437515285072846e-02 -7.945534551925198530e-02 1.445068108118425787e-01 1.061003892544124666e-01 -2.308290799111098815e-02 5.158635264179434882e-02 1.083146204598624818e-01 -2.503014829152807597e-01 -3.282150672008581904e-01 2.926602444974816392e-02 -2.306840818314556674e-01 2.195558729205383808e-01 8.758353355384318473e-02 -4.497211304245280622e-02 -5.661771864274007388e-02 -2.981163096184785005e-02 1.780770993705840244e-01
6.096513441363204250e-03 6.605578801333381565e-03 -4.651639774160670066e-02 1.187454399864087962e-01 1.315626808326952890e-01 -8.214176485282358164e-02 -1.821104937191085626e-01 2.209580206717557394e-01 2.498599091303446151e-01 -1.331341752402154521e-01 8.448800327005799582e-02 1.191478151290109588e-01 -2.146234813801786157e-01 2.300826400641203251e-01 2.151691633963302430e-01 -8.836819231219222859e-02 -1.693723879927944848e-02 6.554588523210554130e-02 -1.210301666457725828e-01
-2.365402503200948053e-02 5.471463937073449413e-02 2.505744953904762845e-02 -1.801855388562260407e-01 2.542562840971301363e-01 -1.479977266229721700e-01 3.878992235362495929e-03 -1.295124667493589843e-01 -2.905914919409255393e-01 4.450655822694041253e-02 -1.289325454882194188e-01 -3.619683095109106907e-01 -1.107653153179565392e-01 3.579439443197526827e-01 -3.402964205772811557e-01 -1.229591384354791414e-02 1.437132421200071064e-01 -2.055102643769908879e-02 2.340664470846501310e-02
-3.017497988598948078e-02 -1.716580799718750161e-01 -2.383735621557124817e-01 -2.857623731738681561e-01 3.449016078005232022e-01 -8.318120698075369412e-02 1.646752631890940344e-01 4.735854456327734385e-02 5.971714511589173296e-02 3.134947780301777231e-01 2.100530362679892404e-01 -9.162957340865390821e-02 -1.170572532743334171e-01 1.253009225171536623e-01 2.805366070861909852e-02 2.545570077014982502e-01 4.642422156206902489e-02 -3.841898238943264321e-01 -2.823317860126765486e-02
-4.224054463562144923e-02 2.575689793549704176e-02 -3.331932615834307110e-01 -4.855159083231294637e-01 5.360672641641133218e-01 -2.185612397237198523e-01 -1.818457656801406586e-01 -1.046563769714444758e-01 -9.646483096180839822e-02 -9.804614831367283734e-02 5.525903872184986104e-02 -5.995420502037580174e-02 -2.644663553197045824e-01 -2.042463823638059339e-01 -5.957039543148740651e-02 4.198530848745023886e-02 -9.794802706015007243e-02 -3.280119844683094393e-02 2.748327448798430495e-01
3.164062339769233012e-02 -1.027420644248075582e-01 -1.584590026877142066e-01 -2.821118584983314248e-01 -3.268962573098462832e-01 -2.927882076623034013e-01 1.585474238852543349e-01 2.397449516994880347e-01 -6.408827892314143682e-02 8.418303812440491862e-03 -9.300566183789230057e-02 1.554714073916104167e-01 7.107290543774531788e-02 -5.833148924560965787e-02 -1.080654387505084260e-02 7.442054791270176495e-02 -2.998294642945111832e-01 3.051978256685261570e-01 -2.917262177519548416e-01
-6.604265103872611342e-02 5.782655803190894089e-02 -2.645741519466024982e-01 -3.859229575499725090e-02 3.204418350451795211e-02 6.311924019227165006e-02 2.722457588622049229e-01 -1.424787966007997897e-01 1.113975201366827622e-01 1.937160905645336217e-01 -9.880445030973689091e-02 9.176794976761502853e-02 -8.903740021228460921e-02 9.872885298017336497e-02 1.126363842858422032e-01 1.475443504217235080e-01 1.486550135033522235e-01 1.317830791516226285e-01 -3.357330734333412864e-02
-1.031346558394601390e-02 1.426000521422416930e-03 -1.414503649865682944e-01 2.136363945808086306e-01 -1.404614138905699305e-01 7.566794601612716886e-02 -1.127811452707561668e-01 -1.113428968936644725e-01 -1.467491391052037075e-01 2.618479775235663665e-01 -1.684921638143253297e-01 9.684450636175477578e-02 -8.451814131749096903e-02 9.978871915609070775e-02 6.171654028017152516e-02 8.245516499414803913e-02 -1.620545248700092644e-01 2.500791004219620750e-01 1.282631943484979498e-01
-3.238375295613592914e-02 -1.437297944254945503e-01 -9.074753677202013202e-02 4.121529184090713116e-01 1.605541867601711359e-01 3.935513141987639907e-01 -2.722352750684312594e-01 1.496383749012699382e-01 -2.215660589081429321e-01 -1.488707304399549680e-01 -6.307970025555777183e-02 1.879703954571864954e-01 1.112576793409937037e-01 1.079441918563896763e-01 -4.992825751407602153e-02 -1.072572035462632384e-01 -2.521539194685438745e-01 4.560666025746773489e-02 1.175197434932271773e-01
-2.019924129287261824e-02 1.874836870230048996e-02 1.883220696157952567e-01 -1.008169152489670345e-01 1.293158301386593545e-01 8.021485643221279438e-02 -1.217337251421222039e-01 -1.392205088454595736e-02 5.013815012908945379e-01 3.566073883940861639e-02 2.142017582889997884e-01 -6.483852149323920955e-02 3.981244296473978456e-02 -1.067335325638075344e-01 2.182224900627158792e-01 9.213404674820487028e-02 -2.197483631625934686e-01 -8.883301737298907041e-02 -1.225888134775454108e-01
-2.347934006980357743e-02 -3.420635241655663183e-02 4.500563956958658629e-02 8.075674395953003071e-02 4.576119980342780932e-03 1.880397492180224117e-01 1.414106981242420347e-01 1.680778412074925010e-01 -3.193216258703061861e-02 -3.672682887782938166e-02 -7.232343770994768828e-02 9.862810687267203891e-02 1.478890592372265056e-01 4.611774754272025822e-02 1.977499726154566262e-01 -4.672525179258803923e-02 -1.314723015248198679e-01 2.079503390471967306e-01 -1.641463493379894875e-02
-3.511288235168781146e-03 1.928201763311748751e-02 5.756687065758669258e-02 1.364345355643694357e-01 2.918126287898989979e-01 5.595903702504746724e-02 -4.644407049085697015e-01 -4.233409097499983564e-02 -1.568183743600056190e-01 1.638105538759411228e-01 1.228942837044253236e-02 -2.515667174863558397e-01 -6.534440398370836012e-02 -3.970630124810161504e-02 8.970508996712536764e-02 -2.113691472408801841e-02 -1.463112857330018390e-01 2.230968016480873728e-01 -2.176995525633278195e-01
-4.903287463774805982e-02 5.134603871057979996e-02 -1.875121225940870606e-01 -3.490942908257503863e-01 3.015384642017077121e-01 -2.096009049027007520e-01 -1.324440103063518615e-01 -4.597060253495121041e-01 8.534649686654380285e-02 8.922719083505249726e-02 -3.851235083622677191e-01 -1.380943505430588525e-01 -7.022773595629375198e-03 2.096891488731233988e-01 -5.078193873216654136e-02 1.813006827831663559e-01 1.463375471048892762e-01 -4.550727882716475853e-02 6.245105355763228699e-02
