-9.388271932332846459e-02
-7.044560634838927145e-03
-1.565698999215231826e-02
-2.341954647802833855e-02
-3.515392073088437208e-03
-2.095631927649862364e-02
-3.525888005341789450e-02
1.972746563554344384e-02
-6.790291075251811415e-02
3.416368757162701469e-02
8.565973871956178431e-03
8.094640718348122821e-02
5.617733130409082593e-02
-4.364976600045621102e-02
2.002381103177213600e-02
-2.937488365212857777e-02
-1.253807635429784739e-01
9.519354907699591195e-02
3.541245754543976415e-02
5.021782938402724605e-02
8.205499771635857420e-03
4.553598613884862062e-03
7.935570754405338323e-02
-5.524410279480877761e-02
3.048579371605241242e-02
-1.776752650840230817e-03
1.899967903273334187e-03
9.016995203391896946e-03
-3.204770829079725547e-02
1.259479427885071452e-02
9.105235517244690546e-02
1.526489172044771248e-01
2.359886957093476900e-01
2.413186041706451568e-01
3.155453693558126771e-01
8.079603758539330438e-02
2.930484543033691214e-01
-4.761669136533901864e-03
-5.110725859554408543e-03
-1.081288679250002327e-01
2.847714848486929476e-03
5.067319295575502258e-02
4.144871834981789065e-03
1.054526464034747507e-01
-2.381283451124199466e-02
6.477381703883310950e-03
1.952326591221431040e-01
-2.590442275757553602e-03
-6.352918082767887095e-03
7.195511525472553238e-02
5.989450543771920876e-02
-1.349959118857360987e-03
1.241276316192430063e-01
-9.305123765397092206e-06
-3.185379101793869849e-02
5.663156129166139335e-02
-1.646935577013685370e-01
-1.569618044606256313e-01
-5.575923435509197923e-04
6.307758790333939380e-02
-1.132362350159518000e-02
-6.758436350006555293e-02
6.195144970338879731e-02
-2.025528858326658410e-02
