-6.344032191874202642e-01
-9.034756036140665358e-01
1.119965285769254582e+00
1.219331656196280117e-01
-3.707494405648823488e-01
-3.525418060257747843e-01
2.419326427471919227e-01
-2.955671160114451967e-01
5.530421238537707174e-01
7.229373060371117043e-01
1.311998913728213090e+00
3.103856916399819199e-01
3.489146844056840169e-01
8.042226151274789459e-02
4.615315109597254439e-01
-1.896696169418519595e+00
-4.163210530718385732e-02
4.116242001679378260e-01
-1.790372881307051300e-01
1.760305795452062894e+00
-3.486878699100652290e-01
3.936076971987378936e-01
7.306540341390173054e-01
1.048155722510607291e+00
-1.669937192330991083e-01
9.780596979890854303e-01
8.533779967770540598e-01
3.788717116729183876e-01
6.942020857461150829e-01
-8.107675411329527959e-01
5.701442196747553703e-01
5.840619355111058564e-01
-2.108729410138964200e-01
-9.028988889342780544e-01
1.104661599747180256e+00
4.660915446968151854e-01
-3.565858119349840094e-01
5.328734305429140283e-01
1.596308206326820245e-01
-1.606872250387284262e-01
-5.770222077438171837e-01
-6.953146541574835304e-02
5.562052809769530565e-03
-4.433227220273687763e-01
5.191351886751631728e-01
-9.992532415410732005e-01
-1.312314458742237955e+00
9.704726976331202737e-01
-2.780963463167559491e-01
2.202160697081029017e+00
-1.685745372568051570e-01
-2.208754705104919669e+00
-4.024439229868126411e-01
1.995514951161688200e-01
-1.822303528762584668e-01
1.206065268895041509e+00
-3.227988308443622834e-01
9.259551179167027080e-01
-3.513482737711488557e-01
-2.753341171459547931e-01
6.031087101890552082e-01
-6.807048563287588783e-01
-1.297001485303806101e+00
-1.581950522917519919e+00
