-8.954223342503669913e-02
9.264813772149155247e-02
-7.714252979453263548e-02
9.477142447754763332e-02
7.587447403043942606e-02
1.097421084191875680e-02
3.764790037673320516e-02
8.156894976881219617e-03
-7.307173082852479185e-02
6.665217014867098888e-02
-1.284587954207584981e-01
-1.204475609383847123e-01
7.656491767300209472e-02
-1.899365492033895696e-03
6.547226043568162707e-03
-9.139474914368418690e-02
6.439486914034135701e-02
-9.060911010725188064e-02
-7.141642977786137603e-02
1.302945458108140941e-01
1.199958149730907808e-01
1.232070947963193469e-01
-5.441412485615541167e-02
3.970613048355693675e-02
1.270615533961014509e-01
4.851482317528020213e-03
-5.562334676705826819e-02
6.408256884401850040e-02
4.087896827488259749e-02
8.467109925932007897e-02
-3.346721069392635806e-02
2.673365937509297741e-02
-3.500363255329558276e-02
7.350321869901735305e-02
-9.820885869482062769e-02
-5.206156210261693451e-02
1.067734003674894738e-01
-5.530996409693317989e-02
-5.401742401369058477e-02
-9.542666864004882565e-02
-1.133508438119937567e-01
-2.854369552947024630e-02
5.560092766904784628e-02
3.276558009536062466e-02
5.616961538766745976e-02
6.733222841095466704e-02
-9.937656211516768257e-02
5.304585919420406331e-02
1.039624260056297433e-01
5.836478801232747315e-02
8.806578544049768753e-02
4.130946547898390470e-02
1.165037076914045011e-01
6.197924873766081505e-02
1.202902268590891610e-01
3.162774707619458309e-02
-3.364367042777030581e-02
7.067485063835401982e-02
-2.986767550314407479e-02
1.069728038967163591e-01
-8.501449277746887800e-02
-9.009475566275272629e-02
9.758764453554495677e-02
1.183008071770944858e-01
