-9.341510962240164029e-02
-7.334790736139273903e-01
1.337813454170249994e+00
-5.981306372906779467e-01
1.731059534500209329e+00
1.020071758143930030e+00
3.415850970451601576e-01
-2.750573277698839525e-01
4.046558052209684453e-01
-1.003717021734665399e-01
-1.585738152202748330e-01
6.205556857942736565e-02
-2.575662609889520227e-02
-1.709461465360075372e-01
-3.538601199610573130e-04
2.291094766856191234e-01
1.296821975558982432e-01
1.466852159173756442e+00
-7.706042808105005859e-01
-2.433260985958843325e-02
-1.301680669452628614e+00
5.038747205877793650e-02
-1.068645234699922231e+00
-4.654905124562843666e-01
4.586964868250882343e-01
8.685209617333213006e-02
3.467951775791089375e-01
1.641300178055714598e+00
4.968946611762108112e-02
-1.013603755094293790e+00
-3.021785781759761536e-01
-1.195266968230236149e+00
-3.657505947948642144e-01
-1.070375687765811268e+00
-1.596552896362438911e+00
-2.021086775241021982e+00
1.055180210235282079e+00
-6.626117812367008364e-01
-1.375869094971981177e+00
3.112585872433955569e-01
-1.006907910619166291e+00
2.381812496759959374e-01
-5.628383218106957492e-02
5.413196137371821814e-01
-1.409459493650490725e+00
6.522484499027061400e-01
-1.039326845165569280e+00
-1.382859570696032270e+00
-1.165036499249854307e+00
2.685749765452921101e-01
1.043993673427152880e+00
1.475806103738767527e+00
3.106320205656314948e-01
-5.839843934964059624e-01
8.455142809093957323e-02
-4.996974200683393375e-01
-2.970749054833143332e-01
1.966148464110681060e-01
4.169692340376394135e-01
-1.979160466241949523e+00
-3.365412732871447266e-01
-2.882757838188470534e-01
-4.273556513231547421e-02
3.318680909529043155e-01
