3.816391647148975608e-15
-1.337818744673313710e-16
7.349676423018536416e-16
-7.516209876712309305e-16
-1.859623566247137255e-16
-2.048361480433413787e-16
-3.386180225106727374e-17
6.661338147750938996e-18
-1.632027846198980085e-16
-4.041211809635569945e-16
1.506572644416337457e-15
2.206013149930186156e-15
-6.994405055138486254e-17
-8.831824160893120358e-16
-2.653988140366436836e-15
-1.867950238931825998e-16
-1.213196210159139833e-15
2.528810494339950294e-15
6.239453398393379876e-16
-4.479611126484428780e-15
2.737324256152362586e-15
1.795785742331190783e-15
-1.692222750815375456e-17
6.509116162733974568e-17
-3.594902153736257162e-15
-9.876197082370196844e-15
2.388228503846789910e-15
8.965328479604295101e-15
6.099704075168687799e-15
-4.753697435688764301e-15
-1.552369344182125125e-15
3.157474282033945343e-15
3.158584505058570279e-15
5.951072967746995251e-15
2.946809463111321795e-15
6.863121182476561728e-15
1.511568648027150653e-15
5.577482919960629854e-15
2.927380560180381476e-15
1.328936960476312450e-15
-7.308875726863561353e-15
2.082778394196793607e-14
7.485678743535117658e-16
-9.690304114684522448e-15
-4.699018951725974978e-16
5.526412660827873348e-15
8.416878305439468022e-15
6.369349492274522788e-15
-3.655409308578327594e-15
4.235223283188816007e-15
-5.215550213932829043e-15
-1.838529328779259089e-15
-1.038003016873290158e-14
-9.115486143684848217e-15
-7.522871214860061286e-15
7.888412145717892941e-15
6.877276526040532221e-15
1.301181384860683536e-15
2.808586696545489695e-15
5.093980792736374528e-15
-8.787415239908114057e-16
6.660505480482470344e-15
-1.070088462284957188e-14
7.760458942129844454e-16
-6.636913241209185925e-15
3.501920975423900065e-15
-4.883038418057594943e-15
-1.676492278335217583e-14
9.061085215478214537e-15
7.737144258612715678e-15
-7.237821453287551271e-15
-1.120492587602939167e-15
1.534716798090585295e-14
-4.310440893107170091e-16
9.670597655997426487e-15
-3.934075287759242453e-15
7.707445792703992930e-15
1.694089313275526403e-14
-2.878253191340718114e-16
9.204026429898704388e-15
3.942401960443930654e-15
-8.243683513597943349e-15
1.705219299097393572e-14
1.272454364098507508e-14
1.029870633217910867e-14
-9.117429033977942052e-15
-2.114697306154766857e-14
9.115763699441004254e-15
4.307526557667529043e-15
1.746117139767022814e-14
2.190192471829277470e-15
5.580536033278349414e-15
-1.156574835903256873e-15
1.366684543313567756e-15
1.259825577193396400e-15
9.126310818174943115e-15
2.298161660974073960e-15
2.334243909274391666e-16
-5.331013408493845229e-15
-8.250344851745694541e-15
-9.504896869572120722e-16
1.941377614222972284e-14
1.608831123878218364e-14
-1.218865286478631971e-14
-1.046454589648249049e-14
-2.335097393224572228e-14
-4.596809044521421773e-15
-1.777446245743164013e-14
4.393915786771174352e-15
-9.383917254357498968e-15
9.546287371708928743e-15
1.115546890972929292e-14
-1.177695961585012428e-14
2.505734768981637727e-14
-1.045101505336987265e-15
7.523062034442418167e-15
-1.241135666463222239e-14
5.117642420948697956e-15
3.438221929386031464e-16
7.394224121881619946e-15
4.736766534563230285e-15
7.283409986236222898e-15
-3.079252131055199066e-14
-1.146187311729107655e-14
-3.955238914166159184e-15
-3.281749871852923582e-15
1.361799562005216975e-14
1.881633737710330795e-14
1.884159495091353253e-14
3.035349749325177966e-15
1.973005092636981143e-15
1.030772689425418775e-14
-2.017858102831837616e-14
-1.724037579364790018e-15
-3.821526428637867020e-15
9.674067102949380101e-15
-2.219363581801303591e-14
7.982781102811032193e-15
-1.971950380763587494e-14
7.785577738061988258e-15
-8.922446115278147987e-15
6.469824676003099384e-16
-3.863132036485694471e-14
-5.113409695667314452e-15
2.217753758415597001e-14
-7.039091531879649134e-15
-1.592920240156558887e-14
9.971190539914687179e-15
-6.973310817670608483e-15
6.303291222309326100e-15
1.794009385491790492e-14
6.604161661982743618e-15
5.000722058667861000e-15
-1.225353152278785324e-14
9.794942634755443341e-16
-4.460321001431566480e-16
-5.625500065775668380e-15
-1.230210378011520384e-14
1.179917274996000780e-14
-2.635114348947808986e-15
3.012035065808049584e-15
-2.479128013987974365e-15
6.876998970284376185e-15
-9.055811656111245106e-15
3.758382494112311084e-15
1.773026170326374869e-14
-1.663058579737253101e-14
4.277411758124572240e-15
1.784711267660554742e-14
-8.038014698286133984e-15
1.382199910082704289e-14
8.504308368628699257e-16
6.757649995137171541e-15
9.582612481295882390e-15
-1.219246925643346837e-14
1.270372695927335458e-15
3.292088823769745416e-15
-9.650613641554174095e-16
-2.937733389885011269e-14
-1.944833183387117780e-15
-1.784822289963017157e-14
2.024713730008898033e-14
-4.023170685485410698e-15
3.064215547965432209e-15
-1.138533711753098001e-14
4.298783551348605998e-15
5.651590306854359495e-15
-3.688160887804769901e-15
2.689237721398285446e-15
1.079969447204120930e-15
2.238487173400472032e-15
-3.533284775869560808e-16
9.552081348118689954e-15
1.088462653342503542e-14
1.634831159336158609e-14
-5.028755190039646739e-15
-8.428813202954188644e-15
-9.270362255620057113e-15
1.574018693162315748e-14
1.211752920227127062e-14
8.134604101428521530e-15
2.171096635805724948e-14
8.685829833154912131e-15
-4.714006962558414765e-15
1.625144463446304093e-14
-2.166267165648605492e-14
-6.875611191503594423e-15
-1.077471445398714391e-14
3.235189893757706222e-15
-1.161015728001757484e-14
-1.348199329953558870e-14
-1.355582313067316073e-14
4.736211423050917423e-15
7.247535904753022022e-15
6.940004126931853313e-15
-9.279799151329370249e-15
2.353561789902869451e-14
1.127209436901921448e-14
-1.193378729169580709e-14
1.087796519527728422e-14
1.025013407485175808e-14
-2.794986464493831669e-15
-6.250000517127318934e-15
1.020517004235443911e-14
1.585565012618417288e-14
8.014700014769004813e-15
4.443667656062188895e-15
-5.556111126736596096e-15
2.283728761653947035e-15
5.127565039231285734e-15
-2.436384427539906060e-15
-1.321442955060092635e-14
1.494471213447923371e-14
2.241151708659572351e-14
-6.400435736964027298e-15
-1.559308238086032235e-14
5.417888360170763799e-16
-1.101396751579386527e-14
4.973244038808388912e-15
2.699451773224836984e-14
-2.687516875710116362e-14
3.787525848508721759e-15
4.475864123776318340e-15
4.556355293061642347e-15
1.761479850870273329e-14
-5.343503417520878713e-15
8.196221479295218475e-15
2.758349104681201298e-15
2.519651154386792800e-15
-2.743749671907380515e-14
3.420597138870107159e-15
1.359412582502272850e-14
-6.747935543671701579e-15
2.075950522595349109e-14
1.466715637832294457e-14
1.716515818372954679e-14
8.052447597606260514e-15
1.584787856501179754e-14
-7.390754674929666332e-15
7.814859870336476951e-15
6.125100426856988823e-15
1.672328941992873246e-14
1.226796442210798056e-15
-1.638245095136881016e-14
3.048117314108367092e-15
-4.377054274584679345e-15
7.800426971016350421e-15
-3.514410984450933155e-15
-1.274869099177067236e-14
-8.236189508181724048e-15
-1.383893000195257691e-14
1.103894753384793224e-14
1.795785742331190783e-15
-2.953193245502916555e-16
7.641665078494952278e-15
5.778155731661627404e-15
9.581224702515101812e-16
1.535438443056591622e-14
-2.633337992108408773e-14
-1.113553693699031939e-15
-1.280642258905118085e-15
3.441691376337985374e-16
-6.373790384373023320e-15
8.478773239062321004e-15
-1.279198968973105353e-14
1.538158489466922990e-14
1.809219440929155187e-14
3.602562692606170559e-14
-9.019451852054771166e-15
-9.473533069126460570e-15
6.671330154972566030e-15
3.376188217885101055e-15
1.342481681376739308e-14
3.736455589375964463e-15
7.517320099736934241e-15
-3.477218513125990316e-15
1.019073714303431258e-14
-1.602773469500107341e-14
9.080514118409156038e-15
-2.187139358511558355e-16
1.166178265066264499e-14
-1.246669434351588349e-14
-1.354805156950078539e-14
-4.069522496763511425e-15
1.095790125305029537e-14
-7.751577157932842208e-15
-1.790012582603139777e-14
1.119881964939395453e-14
-9.728329253277934185e-15
1.112054892615788118e-14
1.203925847903519727e-14
-1.496136547984860853e-14
-8.570921750106208808e-15
-5.365707878013381371e-15
7.046585537295868436e-15
-2.658095965557549650e-14
3.745337373572965526e-15
-7.982503547054875960e-16
9.333644968023690278e-15
-4.561351296672455741e-15
2.753353101070388201e-16
-3.302913498259840708e-15
1.365574320288942525e-16
-9.482969964835775284e-15
1.290301199219356919e-14
4.062306047103448160e-15
2.836619827917275138e-16
2.017885858407453220e-14
5.947464742916963619e-15
5.179745521388667966e-15
3.183564523112636459e-15
-7.092659792817812338e-15
1.207922650792170284e-14
-2.198241588757809930e-16
-1.076527755827783077e-14
2.597810855320403890e-14
1.137978600240785355e-16
3.461675390781238061e-15
5.836997551966760827e-15
-2.136069099378801010e-15
-1.154354389854006450e-14
-1.751987444009728354e-14
-4.959366251000574455e-15
1.573130514742615484e-14
2.183253577925370242e-15
-1.278699368612024014e-14
1.527500348430521714e-14
3.468336728928988859e-15
-1.256716952724445870e-14
-4.025668687290817395e-15
-2.091493644940101048e-14
1.571243135600752857e-14
-7.037148641586554511e-15
4.229949723821846577e-15
1.531663684772866052e-14
-4.773959005888172927e-16
6.694644838489694215e-16
-6.300515664747763170e-16
-9.297007608211060302e-15
1.163291685202239036e-14
2.465139203877697494e-14
1.379063530038138235e-14
-4.509170814515073510e-15
-1.902478174997668399e-14
-7.479572516899680118e-15
-1.550481965040262379e-14
4.635736239322341419e-15
-1.859623566247137255e-16
-7.051026429394368967e-15
-2.143840660551177138e-15
-4.355960037116801623e-15
-3.992361996552063014e-15
-5.641043188120420634e-15
-7.590594819362195772e-15
-7.420730696594546695e-15
-1.345257238938302199e-14
-4.499733918805759585e-15
-8.431033649003438516e-15
8.494871472919385332e-15
-3.552713678800500929e-15
-1.071309707612044854e-14
1.008415573267029667e-14
3.120281810709002504e-15
3.883560140138797231e-15
-4.018452237630754130e-15
-2.993716385901734595e-15
1.078304112667183290e-14
1.801003790546928927e-14
-5.979106099118780201e-15
-3.974598428158060099e-15
6.199485369506874500e-15
1.278865902065717794e-14
1.415589867548305796e-14
1.699196339188802211e-14
1.470490396116019751e-15
7.371880883511040060e-15
-1.076860822735170637e-14
3.756439603819217249e-15
3.110289803487376111e-15
1.476263555844070639e-14
-6.322720125240266813e-15
1.101230218125692747e-14
6.269429420058258858e-15
-2.036149027162537079e-15
-1.200761712283338069e-14
1.349698131036802730e-14
7.647216193618077746e-15
-1.984801212273623668e-14
-2.162714451969804988e-15
-3.439470930288735010e-15
-3.236300116782331355e-16
9.310885396018874758e-15
-1.985800412995786347e-14
-6.356026815979020799e-16
5.334066521811564788e-15
-1.892819234683429487e-14
1.036226660033889788e-14
5.826450433232821177e-15
-3.036459972349803000e-16
2.499667139943540014e-15
7.519540545786185690e-15
5.222489107836736271e-15
-2.663425036075750367e-15
3.045896868059116827e-15
2.016664613080365711e-14
1.567135310409639727e-14
1.174615960053415628e-15
1.576516694967722209e-16
-7.066569551739121616e-16
6.830092047493963384e-15
1.326716514427061987e-15
-1.714350883474935384e-14
1.776745417458869232e-14
-1.548206007839780827e-15
-3.070876886113183007e-15
-1.118827253066001567e-14
1.747324507306302520e-14
1.374400593334712558e-14
-1.232569601938848747e-14
-1.487143741485397139e-15
-3.928524172636116197e-15
4.235500838944972143e-16
-2.881028748902281439e-16
-5.769829058976938414e-15
-1.280642258905118006e-14
3.476108290101364986e-15
-7.472911178751928926e-15
-7.435718707426985298e-15
3.812505866562787938e-15
-2.642330798607872448e-16
-2.799427356592332201e-15
-3.566591466608315386e-15
9.803269307440132331e-16
7.353007092092412209e-15
1.881272915227327632e-14
9.279799151329370249e-15
4.599098879509710653e-15
1.798006188380441049e-15
-3.082534227871747198e-15
4.274358644806852681e-15
7.304157279008905574e-15
-6.711298183859071208e-16
1.220024081760584529e-14
-1.274702565723373457e-14
1.593614129546949610e-14
-3.059219544354618816e-15
-1.449396158648141832e-15
-5.367928324062631834e-16
7.816525204873414749e-15
2.553512956637860154e-17
-4.790612351257550906e-16
1.442235220139309616e-14
-2.624012118701557657e-15
-1.168232177661820907e-14
2.674527266322002090e-15
2.008393451546908166e-15
-1.113276137942875784e-14
-5.512812428776214928e-15
-5.329070518200751197e-16
-1.010302952408892412e-15
-1.333544386028506722e-14
-1.883160294369190574e-14
1.925792858514796623e-14
-8.699707620962726588e-15
-8.416045638170999912e-15
-8.953948693601886946e-16
-4.460876112943878948e-15
-6.148970221886429278e-15
2.886024752513094537e-15
-1.854072451124011344e-16
1.835920304671390214e-14
5.268008251846368100e-15
2.137734433915738808e-15
-2.889355421586969739e-15
-2.301381307745486904e-14
-1.936784066458585616e-15
-2.434163981490655715e-14
-4.199973702156967003e-15
-2.823852263134085519e-15
-5.835887328942135102e-15
5.599964936209289337e-15
-1.347977285348633883e-14
-1.855182674148636516e-14
5.486167076185210950e-15
9.319767180215875821e-15
-8.245626403891037184e-15
-1.406652572200073329e-15
3.069211551576245209e-15
-5.641598299632732708e-15
9.251488464201429262e-15
1.343369859796439414e-14
-5.011546733157956687e-15
