-5.689702723229383974e-03
-4.628808643710338386e-03
-5.405938277639801663e-03
-7.192154716663016339e-03
-6.432720029398097950e-03
-8.609020218077851130e-03
-8.560627074535756380e-04
4.996506772143067751e-03
3.958878601265782698e-03
9.954715660165869284e-03
1.882832085002519862e-02
3.656254734716708754e-02
3.720127297278626177e-02
4.934293399719050927e-02
6.497196909693511713e-02
6.846160092770568750e-02
7.996182730087299240e-02
1.090798542310268682e-01
1.286741367553695947e-01
1.304570417176882102e-01
1.504657707768049246e-01
1.636719649956930311e-01
1.783883439100846791e-01
1.953823082364956609e-01
2.187356615070739085e-01
2.315637783559166274e-01
2.418401451827746074e-01
2.680107603717576947e-01
2.909936714338940411e-01
2.997715965748234401e-01
3.137804993276926968e-01
3.344145566487155552e-01
3.571012542903567177e-01
3.645854733932114566e-01
3.839719550283008931e-01
4.075249112112440675e-01
4.157612926181443735e-01
4.396021226550730909e-01
4.558343447702356555e-01
4.700222696527455724e-01
4.911953514031583978e-01
5.165910076549988794e-01
5.267653439611749144e-01
5.449285276472062289e-01
5.601883095416008151e-01
5.823702799381600403e-01
5.945346514941376448e-01
6.170987464144620516e-01
6.357353980859591358e-01
6.509974824571286289e-01
6.679549036339611501e-01
6.863253941459436236e-01
6.937003120529966482e-01
7.141601374792452273e-01
7.297982894249964714e-01
7.450904409665795036e-01
7.625480668831595699e-01
7.769077038731947438e-01
7.998788148182630620e-01
8.114857761944320735e-01
8.263712590829216387e-01
8.394705430476184782e-01
8.634219135834648728e-01
8.724116229927372235e-01
8.930136492976374907e-01
9.049961401560111529e-01
9.204023773790221963e-01
9.365967955778554677e-01
9.525191460381008390e-01
9.657627374603536818e-01
9.802434883899322493e-01
9.983134241487624516e-01
1.012526983397309621e+00
1.027173697121885887e+00
1.041915019688096411e+00
1.052854171618723189e+00
1.066909985266568883e+00
1.083907239498812736e+00
1.093096105409357310e+00
1.112649966160938808e+00
1.125209053734406162e+00
1.139396509475448127e+00
1.154838368099704082e+00
1.166888741822428965e+00
1.179994513005566459e+00
1.198936184855925680e+00
1.210166799994926157e+00
1.222532797250249104e+00
1.234910851531910270e+00
1.248486990107364303e+00
1.259639308380523959e+00
1.273344230117302800e+00
1.285128645951806092e+00
1.297911948294999895e+00
1.310959615169810411e+00
1.322703483227114951e+00
1.336410637514337862e+00
1.350013563644119730e+00
1.359421631314192025e+00
1.374200461239679871e+00
1.384105310528544575e+00
1.397027849876609551e+00
1.407933711132328902e+00
1.418903312956778739e+00
1.430626728077424081e+00
1.441793193331242007e+00
1.455359757118020791e+00
1.467014695285907555e+00
1.477935106567971113e+00
1.488972297705336789e+00
1.499404113366808788e+00
1.510339102171308623e+00
1.521838983035519455e+00
1.533085928212982285e+00
1.546303111103277450e+00
1.552453999032395782e+00
1.565718980178501418e+00
1.575318459172143859e+00
1.586509611578837742e+00
1.599083282154353469e+00
1.606228966914617251e+00
1.617835638365938244e+00
1.627722643778844791e+00
1.639294693432546524e+00
1.649179729785974713e+00
1.656911472680369313e+00
1.667830580679269259e+00
1.679327818134568107e+00
1.687854891422163606e+00
1.696942813459174859e+00
1.706638407718886530e+00
1.718810907926487941e+00
1.723822869010847025e+00
1.736843719288483134e+00
1.745423734625977330e+00
1.755904033713981294e+00
1.762408926397447395e+00
1.772329058299561000e+00
1.783267546626359445e+00
1.791041983567304818e+00
1.800027043570078478e+00
1.808656467720902494e+00
1.817909741084004160e+00
1.826886344852556743e+00
1.835180210677543222e+00
1.844529105285152681e+00
1.853086371009945887e+00
1.859290516756790135e+00
1.869858846991425239e+00
1.873828981253825354e+00
1.885074120444129475e+00
1.894739972222690527e+00
1.901363702368060071e+00
1.907679778538169391e+00
1.916134540306578149e+00
1.926546277735589952e+00
1.932770402091849693e+00
1.941837706041367184e+00
1.949837673780949743e+00
1.957637295542474787e+00
1.965077780975693189e+00
1.972067338337469611e+00
1.980854429156934993e+00
1.988109490258956891e+00
1.994516314572937876e+00
2.003984733293677767e+00
2.009347665750766954e+00
2.018215103142090960e+00
2.022984540834042555e+00
2.032167514881950687e+00
2.036593190479360160e+00
2.044436381939176428e+00
2.052019725211360335e+00
2.060792177541903580e+00
2.065468540502881645e+00
2.074996701624823636e+00
2.079634324548905955e+00
2.087107102342051768e+00
2.093500097606538102e+00
2.098762351315861974e+00
2.103657414774483758e+00
2.113065547526189025e+00
2.120357673569647883e+00
2.124408631584880247e+00
2.133146118503711275e+00
2.139308822378026775e+00
2.145308002416884463e+00
2.148206194207042063e+00
2.157257029303151441e+00
2.163302086826874415e+00
2.169512090659331260e+00
2.175252030547153659e+00
2.180588752420963949e+00
2.188059059233090853e+00
2.192847211379415739e+00
2.198478639217171793e+00
2.206045993818400497e+00
2.211423958937211331e+00
2.216423675582306796e+00
2.222427354394360677e+00
2.228313071881805385e+00
2.234752846075918065e+00
2.239235581288054888e+00
2.240885843267905297e+00
2.252580274391403847e+00
2.258100087230266340e+00
2.262083581543622657e+00
2.266806121152638909e+00
2.274425172200916556e+00
2.277483240869565773e+00
2.285202348030295649e+00
2.286866235405780934e+00
2.293302666155883962e+00
2.298460490536379908e+00
2.304987209080257671e+00
2.309642427464774883e+00
2.312861765661469171e+00
2.321054969084658470e+00
2.324232247449149469e+00
2.328659177474673658e+00
2.336101612751714462e+00
2.338245031797274720e+00
2.343820636619848852e+00
2.349976839938572315e+00
2.356055424761617001e+00
2.359128243200872888e+00
2.366875125875337993e+00
2.369419119100009130e+00
2.373629001814037132e+00
2.379231527319761508e+00
2.384084298033754212e+00
2.387370178118843445e+00
2.392683269420710523e+00
2.396576050362337007e+00
2.402524068806121793e+00
2.406146819358145894e+00
2.412978701263392534e+00
2.413918862050379310e+00
2.421192658422960164e+00
2.424515258021313624e+00
2.430269020017517878e+00
2.433867662903204554e+00
2.436422468211632886e+00
2.442641879587501563e+00
2.444744989461682838e+00
2.451274266998840545e+00
2.454823564711845929e+00
2.458453600812121387e+00
2.462840250439852330e+00
2.466914886064976553e+00
2.470289310140089345e+00
2.474570638287547197e+00
2.477897486810363592e+00
2.484595568592050441e+00
2.488560976823289916e+00
2.492488644204621906e+00
2.495915629109195955e+00
2.499812125909672833e+00
2.503325634483942963e+00
2.505834552691000638e+00
2.513262028498218559e+00
2.515440767305469283e+00
2.519448926094742358e+00
2.523159502942292409e+00
2.527734437470229967e+00
2.529980419674188408e+00
2.535949267659393769e+00
2.539526983060121257e+00
2.542614014191350691e+00
2.545299644976488196e+00
2.550198410101482516e+00
2.553057890473907854e+00
2.558902659020772408e+00
2.561011723389640782e+00
2.564281635956910499e+00
2.567942878702796694e+00
2.572168593160924832e+00
2.575522430309983513e+00
2.577114659831997834e+00
2.581346427439559665e+00
2.586051084485623708e+00
2.588559943182963785e+00
2.592053367567364042e+00
2.595832358286578323e+00
2.598667385221192117e+00
2.602163124175092879e+00
2.605302832519288181e+00
2.610208277058177373e+00
2.613624535515872260e+00
2.615723366640430037e+00
2.619625505478799798e+00
2.622064535077000880e+00
2.627642443835000563e+00
2.629422686152460997e+00
2.632091548397728520e+00
2.635466822081551808e+00
2.638040452259308388e+00
2.642509357328413966e+00
2.645596534169846858e+00
2.648811671253922029e+00
2.650674750541198943e+00
2.654972034927027824e+00
2.658934191641195266e+00
2.660104647881302853e+00
2.661974934504574009e+00
2.666630565881892068e+00
2.668031590097645012e+00
2.672022170420890408e+00
2.676407793442811212e+00
2.677523268911490284e+00
2.681622939802705385e+00
2.683273207469483168e+00
2.686781614036387822e+00
2.688729732137366657e+00
2.692575386318123876e+00
2.696882035507742525e+00
2.699238530927932533e+00
2.700987634922243696e+00
2.703040784220985593e+00
2.706125873661641812e+00
2.710072758343270216e+00
2.713688940574919606e+00
2.714947503795534178e+00
2.718826864758970174e+00
2.721068105591497588e+00
2.722703775667708825e+00
2.726514710609371672e+00
2.729110467303111687e+00
2.732057891488618218e+00
2.734368722176330202e+00
2.737916805908804374e+00
2.739083718386369881e+00
2.743350103162169873e+00
2.744946357934711756e+00
2.747452421264105826e+00
2.751666071552776760e+00
2.753505977951153483e+00
2.755401097727751214e+00
2.758812474427745798e+00
2.760508989120538548e+00
2.762492545093469420e+00
2.767271510798383183e+00
2.768465009708056535e+00
2.771822384517932836e+00
2.772587761129702066e+00
2.776436870711587623e+00
2.777976374994680864e+00
2.779855030121150428e+00
2.784461351057342604e+00
2.786536085432208765e+00
2.788433906207608892e+00
2.791138826383623872e+00
2.792939457546942617e+00
2.794366660608513797e+00
2.797997611609884139e+00
2.800577716744872436e+00
2.803588931304702658e+00
2.804724081069108088e+00
2.808124904957313817e+00
2.809010155546352916e+00
2.811609804775196508e+00
2.814521834897975250e+00
2.817031933677642375e+00
2.819518338252103629e+00
2.820366771693644914e+00
2.823005607025783625e+00
2.825309924594870292e+00
2.827949530593004024e+00
2.829850597873424523e+00
2.832459815360154121e+00
2.834570992041364423e+00
2.836258810827481103e+00
2.839751773722326345e+00
2.841642281936095582e+00
2.844408975940489359e+00
2.845183036588134762e+00
2.848578646188419050e+00
2.850492464860569619e+00
2.852330837146422660e+00
2.855569008192338387e+00
2.857752137354887978e+00
2.859317131035137294e+00
2.861579678468662014e+00
2.863302961588427120e+00
2.866042999841844185e+00
2.867481963482931828e+00
2.870306789017935678e+00
2.872442713978049511e+00
2.874415641733608417e+00
2.875429745220092759e+00
2.877305377346603965e+00
2.879731692377868413e+00
2.882054310745675085e+00
2.885342250181278878e+00
2.885816764147415725e+00
2.888983678107480468e+00
2.889599108955441586e+00
2.891888651808977251e+00
2.894685073350242277e+00
2.896261043518614020e+00
2.898575357991195478e+00
2.900126310756950154e+00
2.901866949078067304e+00
2.903868934430116511e+00
2.904829946693922693e+00
2.907528202200631018e+00
2.908549933979637458e+00
2.911664712664070898e+00
2.913444732471932141e+00
2.915576049672850445e+00
2.918306972587945580e+00
2.919153391815576537e+00
2.921060195980606622e+00
2.923654847790558176e+00
2.924263453720436612e+00
2.927274166062528771e+00
2.929287751312913191e+00
2.930889023802633719e+00
2.933280754856737449e+00
2.933873639970842717e+00
2.935071247420196983e+00
2.938354155273500634e+00
2.939894225720018461e+00
2.941403166173565342e+00
2.943279230477761743e+00
2.944635659722570686e+00
2.947516236259362987e+00
2.950088963697010680e+00
2.950782092841347293e+00
2.952577351813916451e+00
2.954982866588450108e+00
2.956978985339378418e+00
2.957105065870510252e+00
2.958325806421538751e+00
2.961145456755981620e+00
2.962888841514029092e+00
2.964821416589117575e+00
2.966524364041355444e+00
2.969214348195580833e+00
2.969882308044196506e+00
2.971432788550268711e+00
2.973738478480425940e+00
2.974552956657222413e+00
2.976434020544663106e+00
2.978321693550709082e+00
2.980090061674967927e+00
2.981561756580017430e+00
2.983543172571214264e+00
2.985485076434388763e+00
2.988232838053107798e+00
2.988130245558579201e+00
2.990812356559778173e+00
2.991552023936019378e+00
2.993027301941888041e+00
2.994433538624536872e+00
2.997281996834125994e+00
2.998225285962883291e+00
3.000175423159829879e+00
3.000941790421525202e+00
3.002749023764774261e+00
3.005428933388557766e+00
3.005168295046305449e+00
3.008578391560988052e+00
3.009204322320329084e+00
3.010554724129959059e+00
3.011845201219281343e+00
3.014155014099090923e+00
3.015454635564344343e+00
3.016858328314212745e+00
3.017524226066728765e+00
3.020040032866288193e+00
3.022826754735403743e+00
3.022595283834712987e+00
3.024853002639685151e+00
3.026586249380069926e+00
3.028471023259323935e+00
3.029700187739882367e+00
3.031889529766054192e+00
3.031796469196864408e+00
3.033084772489808678e+00
3.036250501178853423e+00
3.036679570078279600e+00
3.037904468366895649e+00
3.039114039205275564e+00
3.041172114059555565e+00
3.043220648411881779e+00
3.043565477527865770e+00
3.046275908093891704e+00
3.046439645211935776e+00
3.049525236650190596e+00
3.050096979388150498e+00
3.051198966246852606e+00
3.052411491534839261e+00
3.054976596542030798e+00
3.056295496789565025e+00
3.057095965318970876e+00
3.058986655206676453e+00
3.060181425743925931e+00
3.062103506263756714e+00
3.063086787905801689e+00
3.064171963954548161e+00
3.067194122139210943e+00
3.067166295454971436e+00
3.069025894911536767e+00
3.069723795271696698e+00
3.071130860636475113e+00
3.073850796377644912e+00
3.074073298668650533e+00
3.075376703422193270e+00
3.077496218913351456e+00
3.077396852882534617e+00
3.080063769005387364e+00
