-6.470640490606850877e-03
-7.080388509947409779e-03
-9.452798296214608501e-03
-1.299977311890005392e-02
-1.083627742012008115e-02
-1.444890704658162613e-02
-2.927521604445970475e-03
5.248584398140646902e-03
4.614434067800184461e-03
1.381697979623057980e-02
2.677504825089947402e-02
5.168105638237802807e-02
5.379445193856498969e-02
7.268168896861984529e-02
9.330938786592252177e-02
1.025088817725083035e-01
1.167027981575675527e-01
1.559530169343759376e-01
1.842307997043978740e-01
1.890253256965490625e-01
2.150995150852937632e-01
2.352153006273206004e-01
2.578288403639878434e-01
2.805427715592191951e-01
3.113425175550471602e-01
3.272983439730605681e-01
3.412097274255621593e-01
3.776579695383351920e-01
4.058547399258105592e-01
4.218863699987551730e-01
4.411206795508950673e-01
4.659851166712885018e-01
4.958059799243448307e-01
5.109175998721336986e-01
5.328626317292165515e-01
5.611929552794062692e-01
5.737075475245831946e-01
6.037074802342442537e-01
6.241116018632129059e-01
6.418757820138072390e-01
6.689324002142117420e-01
6.965239061660466469e-01
7.169768773954745544e-01
7.380629269703966600e-01
7.573998920215636588e-01
7.830343225190817824e-01
7.997412870012033936e-01
8.206705229578963312e-01
8.444743652139204970e-01
8.669322199167601717e-01
8.877935977699228376e-01
9.111758394529949623e-01
9.226109313031687353e-01
9.508181934815044256e-01
9.726488952764886786e-01
9.847560472234598850e-01
1.006488866156637574e+00
1.026161926423779125e+00
1.048027747953875988e+00
1.063721166213870806e+00
1.081828475146375812e+00
1.099128952060717479e+00
1.120734103818574301e+00
1.136404967456243975e+00
1.157540875851813311e+00
1.179996333461032387e+00
1.195526307735883087e+00
1.212197957070817012e+00
1.230007418335694602e+00
1.249053617195207577e+00
1.262326729087082544e+00
1.282196163185570281e+00
1.299292290902081870e+00
1.312202233971829335e+00
1.329208592667880939e+00
1.345782547329964496e+00
1.365982373410142836e+00
1.378335392481010224e+00
1.393217025740435266e+00
1.411692810848832025e+00
1.427204281848202694e+00
1.438923376900753004e+00
1.456915483699173341e+00
1.472115979599755153e+00
1.485787555267097604e+00
1.499061869125848157e+00
1.517663901983243857e+00
1.528174043865557108e+00
1.544002122786060749e+00
1.559913488694866901e+00
1.570285753485837432e+00
1.586437085249971402e+00
1.599269860605221583e+00
1.611647857623542457e+00
1.622744407096754049e+00
1.641484927557028017e+00
1.654551967353678599e+00
1.664834599576425989e+00
1.679007872174202332e+00
1.689927095534962120e+00
1.705291921307911407e+00
1.715122167218240179e+00
1.728986847091761092e+00
1.748382711495628739e+00
1.752088764954683242e+00
1.763529937763447908e+00
1.777065388306645177e+00
1.789266230026054894e+00
1.800618342562206875e+00
1.812144463578534204e+00
1.825136881324115556e+00
1.832588762186650788e+00
1.845421336529156076e+00
1.856365976635468318e+00
1.868662861590458801e+00
1.879449401050403035e+00
1.888944842895921683e+00
1.898740487232034146e+00
1.910820935538039000e+00
1.922162252616031575e+00
1.931839985728282416e+00
1.940658138117032250e+00
1.951731919971137152e+00
1.959658725452764427e+00
1.970602214837277044e+00
1.981877058730201036e+00
1.991673165232310305e+00
1.998580485648761007e+00
2.009486457817145855e+00
2.019008710875767498e+00
2.028411460598520399e+00
2.038937224248050128e+00
2.045982306846691579e+00
2.056233564390065993e+00
2.064568853563707673e+00
2.074601894332943175e+00
2.081609302675734963e+00
2.090512131616173441e+00
2.101713519847668188e+00
2.109192042903388131e+00
2.116285116394918564e+00
2.124292140508369009e+00
2.130998317157466904e+00
2.141090786215501751e+00
2.147436460476135345e+00
2.157132603399436466e+00
2.165690200706265944e+00
2.171559188648764849e+00
2.181496002692876690e+00
2.189386669264879792e+00
2.195152751935425250e+00
2.204183628064318334e+00
2.211659272534940879e+00
2.220403997207371916e+00
2.224189409839573806e+00
2.236953082880311250e+00
2.239788265680945134e+00
2.246309816816825844e+00
2.255836446594730926e+00
2.262259415089808545e+00
2.269134627133221560e+00
2.277093515390771650e+00
2.284790360413958332e+00
2.289769115616668849e+00
2.296668102887718721e+00
2.302368107437362532e+00
2.309827008641674784e+00
2.318063381710620430e+00
2.324298825290514348e+00
2.329717036761983273e+00
2.336676608943665912e+00
2.340409716268383011e+00
2.349390265050104620e+00
2.356179966698479067e+00
2.362293755674951257e+00
2.370108353903569665e+00
2.373945601291756358e+00
2.380685236689242146e+00
2.385653948624626874e+00
2.390074584325565965e+00
2.397647720368384583e+00
2.403487720238365544e+00
2.408855692739359622e+00
2.412163176712449175e+00
2.421721426586477932e+00
2.427942306521905458e+00
2.431786553954743635e+00
2.436874980778295452e+00
2.443274429785758706e+00
2.449117849269241365e+00
2.452830185133379803e+00
2.458729581215593818e+00
2.466886216768503282e+00
2.471813568978971531e+00
2.476577325244344596e+00
2.478482276919554028e+00
2.487152268686630752e+00
2.490874617541336544e+00
2.494984915203807940e+00
2.499965322141595614e+00
2.504852945939714193e+00
2.509502269949141606e+00
2.515765233380162780e+00
2.520228452192969204e+00
2.525651947361397642e+00
2.530005332296556109e+00
2.537503698929256757e+00
2.539063718570789607e+00
2.545095518535707146e+00
2.551409338814978778e+00
2.553601357451146026e+00
2.557609321630383903e+00
2.565633528401206398e+00
2.568784656367270713e+00
2.575616472479253183e+00
2.577589836199630557e+00
2.580952009935835179e+00
2.587456099946956023e+00
2.590448404898572754e+00
2.593576741784000550e+00
2.600163260972863100e+00
2.604059924605154119e+00
2.605398702126817234e+00
2.613013340844282606e+00
2.614961448624575802e+00
2.620702953624944431e+00
2.626789062502565386e+00
2.629852287337315353e+00
2.634278211182613738e+00
2.636760013340005759e+00
2.638902964806651319e+00
2.644975366505363024e+00
2.648462810854819605e+00
2.652104681482146731e+00
2.656566613656607956e+00
2.661067660163315196e+00
2.664306366658002467e+00
2.668389217148058545e+00
2.670470256321795244e+00
2.674914620332142334e+00
2.679097003334770744e+00
2.683397338995742842e+00
2.687907543336105487e+00
2.693003338257469181e+00
2.693896265741689611e+00
2.696882550698871395e+00
2.700037025019265791e+00
2.705136711425624174e+00
2.709217097489442061e+00
2.713636655153951693e+00
2.716137721874957833e+00
2.718690030497934895e+00
2.723025569160961723e+00
2.725747707683017662e+00
2.730233381399512105e+00
2.734982824054611683e+00
2.738264339158694494e+00
2.737935175544039978e+00
2.745165806662430708e+00
2.747049289648643811e+00
2.752475398452966182e+00
2.755142484181978713e+00
2.756915110455571138e+00
2.760920422027643095e+00
2.764222497262038392e+00
2.768071898639258066e+00
2.771979280264363243e+00
2.774717115665893186e+00
2.776479111084649620e+00
2.780029040715994437e+00
2.782764700061740815e+00
2.788547575422619662e+00
2.790344887769291127e+00
2.792546958799046131e+00
2.797986050624097665e+00
2.799167954671515357e+00
2.803459846502755148e+00
2.805224687393585103e+00
2.807571288237791673e+00
2.811801491434990030e+00
2.815143338504583426e+00
2.818375039572003971e+00
2.821834658865465695e+00
2.823356196749005065e+00
2.827360734770036022e+00
2.830827103198805261e+00
2.832205701977692058e+00
2.835025031037828658e+00
2.838262884332809044e+00
2.840988621551390203e+00
2.843610160504145057e+00
2.846847913990061318e+00
2.848471751726620038e+00
2.852355933062183269e+00
2.853594446671039453e+00
2.856558469139229395e+00
2.860378955177733662e+00
2.862905099511913853e+00
2.866470125448305151e+00
2.868407262882417985e+00
2.871846273495343382e+00
2.873779179158532759e+00
2.876152994664137097e+00
2.879319137385740301e+00
2.881613772024991693e+00
2.883234637615055718e+00
2.887236674097770628e+00
2.888934362385684018e+00
2.891463401174809711e+00
2.894408605827250458e+00
2.897190116629936529e+00
2.900905480741565956e+00
2.903544303088074763e+00
2.904318305614788986e+00
2.908444373737099742e+00
2.911757103562687021e+00
2.914477097086324520e+00
2.916131107567534464e+00
2.918747881933753341e+00
2.922391669907998146e+00
2.922005677525961520e+00
2.926063604744608693e+00
2.928557295151815953e+00
2.931947415585478112e+00
2.932473905433092831e+00
2.934311219641249302e+00
2.937295473796540435e+00
2.940939839629796548e+00
2.941500987174026527e+00
2.945027596551077043e+00
2.947439553380945210e+00
2.949734757803560647e+00
2.950569803483308107e+00
2.952405336683051384e+00
2.955640197766904453e+00
2.957042289617256792e+00
2.960286616270420890e+00
2.962863293883453597e+00
2.965400790117731056e+00
2.967490188043031996e+00
2.969785812438376471e+00
2.971726796961971395e+00
2.973543364176029158e+00
2.975923042541516850e+00
2.979035100237462874e+00
2.980496073015581171e+00
2.982447504784071501e+00
2.985711155653346882e+00
2.987993645051683522e+00
2.989073264104064709e+00
2.990921327450196898e+00
2.995417976041867103e+00
2.994298280605799167e+00
2.996170541979716440e+00
2.999745378491649017e+00
3.002473417601980277e+00
3.005412323756618154e+00
3.006003823454442170e+00
3.007351850823498207e+00
3.009353538070400180e+00
3.011746288083532175e+00
3.014149284708694587e+00
3.017299635274480973e+00
3.017714410245694978e+00
3.020484166131522485e+00
3.023852777878861975e+00
3.025266872683568309e+00
3.025843672669639162e+00
3.029501870195117963e+00
3.030333918175662333e+00
3.033427445890725771e+00
3.034141398400555634e+00
3.037045047722027657e+00
3.038141878354502445e+00
3.039832794233956914e+00
3.041428339278935411e+00
3.044449370199551641e+00
3.046233189004231789e+00
3.049275092821981836e+00
3.049263293745613002e+00
3.052430875265906618e+00
3.053633992683811638e+00
3.056308301604110156e+00
3.057279268997398436e+00
3.060474197717629075e+00
3.061032100735752159e+00
3.064415500040214901e+00
3.065798913392892011e+00
3.067063816032209900e+00
3.068202916861649143e+00
3.070930129845047318e+00
3.072954309027744912e+00
3.073978085726197573e+00
3.076636260640528864e+00
3.078906330936178826e+00
3.080137979406847748e+00
3.083009881073381475e+00
3.084603834439537007e+00
3.084714207142669640e+00
3.088017021814744911e+00
3.088580393184665596e+00
3.090233144785668351e+00
3.092279822176829729e+00
3.094300722451611918e+00
3.095901532819542279e+00
3.098991309034869968e+00
3.098699886421349969e+00
3.101340108865359824e+00
3.103011352954179625e+00
3.105430370825645436e+00
3.107040543181049053e+00
3.107673638936636173e+00
3.110048155938943015e+00
3.111387694090810729e+00
3.113008589586270691e+00
3.115616104420297461e+00
3.116352773440192347e+00
3.118311179946545941e+00
3.119903939877199495e+00
3.122525462499937010e+00
3.123687149381555450e+00
3.125015999217605422e+00
3.127100768317131685e+00
3.128140973476578157e+00
3.129307925342194707e+00
3.130698462879392796e+00
3.134651759190345111e+00
3.136258517484566521e+00
3.136169591205528739e+00
3.138181589209935840e+00
3.140443773759075796e+00
3.142307677472523153e+00
3.143351591588747329e+00
3.143936294894840611e+00
3.145066320934181814e+00
3.147863070746242720e+00
3.149815208437383163e+00
3.151099676771153213e+00
3.152056226769594183e+00
3.154415044136803292e+00
3.155414254596912382e+00
3.155904728151103011e+00
3.158467406238696817e+00
3.160662614382459434e+00
3.161942689848268540e+00
3.163405572453869663e+00
3.164731795006459514e+00
3.166986404441757941e+00
3.168601447560709161e+00
3.168832949181369596e+00
3.171316690016029227e+00
3.172164571601027383e+00
3.174045476284134359e+00
3.174320037136983075e+00
3.177323002066547719e+00
3.178054167892114812e+00
3.179136589100906463e+00
3.181279125307356903e+00
3.181533383207600707e+00
3.183542133324105183e+00
3.184877877879999541e+00
3.187082787504684767e+00
3.187955747506981741e+00
3.190451793062951680e+00
3.191641586248171514e+00
3.191703500646247083e+00
3.194163473756109983e+00
3.195943574727308167e+00
3.196712854895886746e+00
3.198707822918891441e+00
3.200038631122252397e+00
3.201034887997130429e+00
3.203710645806330248e+00
3.203708992769907837e+00
3.204818772017278050e+00
3.206722964302136436e+00
3.208536224134898251e+00
3.209418110862373830e+00
3.210688870713791943e+00
3.212671501081401537e+00
3.212852277788659894e+00
3.214780371585062024e+00
3.217453995926244481e+00
3.218756673427320525e+00
3.219056508080550216e+00
3.220667296095273802e+00
3.223165877778356059e+00
3.223931882768551915e+00
3.224239995357219168e+00
3.226254797907834426e+00
3.227560185674203996e+00
3.228603121725480918e+00
3.230279442262773859e+00
3.231885190380204165e+00
3.233120313621888453e+00
3.234565470630879069e+00
3.236486580365423471e+00
3.237116691092184251e+00
3.238777433962287233e+00
3.239622588469751374e+00
3.241907108031320206e+00
3.242233791324775627e+00
3.244581201218577515e+00
3.244596594461663042e+00
3.246654815964777452e+00
3.247593424398933948e+00
3.248774405083183048e+00
3.250630757814923388e+00
3.252193090748999538e+00
3.253159245867534910e+00
3.254790828921716450e+00
3.255461532646672485e+00
