-1.001142975090566267e+00
-3.360209379426585041e+00
2.432484239245474578e-01
-6.695238185718522805e-01
-1.712765814350401650e+00
3.299659374773181164e-01
2.374983777662223114e-02
6.217920470011005785e-01
6.170234330012010909e-02
-2.230277817454394962e-01
-1.877905759898071736e+00
-4.468678745265617369e-01
-6.018081475693681792e-02
-1.956296102167939033e+00
1.119073327228802039e+00
5.949370130691288283e-01
-3.838622909726526616e-02
1.085209278798781929e+00
3.235586587878094833e-01
-1.441703325780268885e-01
2.044723562419505480e+00
-1.349935132321255615e+00
4.532858367175610775e-02
5.237051778486608022e-02
-1.919519787882635053e-01
3.500256390824764141e-01
2.136557519029614605e-01
-1.419234055376970838e-01
2.351107980424645305e+00
-1.529732428357899021e+00
1.097371350013783164e+00
9.299922064408319144e-01
8.253398388608770286e-01
-1.047004219435576422e+00
-2.418927540192897574e+00
7.968793266396839714e-01
5.313360636193028563e-01
6.977681015393900621e-01
3.905575098299839953e-01
-1.048317950091107870e-01
-9.012941704513275365e-01
-1.796977368615060744e+00
1.625557424361067094e+00
-4.520381915730410372e-01
2.563947418837190795e-01
4.354971711060090511e-01
6.960324531823951499e-01
-1.109880075649748221e+00
-8.143880822460392022e-01
1.839936769921517223e+00
1.485539399099256475e+00
-9.467366695727233994e-01
9.256204302449838606e-01
-7.454438504278650957e-01
-1.298211138501385475e+00
-5.415241511269166530e-01
-8.339971555137309922e-01
9.882297865753146837e-01
-1.489010883197397606e+00
1.695253728128581425e-02
1.038730959057683867e+00
-1.394977244335466215e+00
-2.029886241616634113e-01
4.259098701517831098e-01
