6.753528152624173027e-04
3.771328796344780056e-03
5.008087196465057372e-03
7.247570128780718782e-03
6.616063343744304007e-03
9.695165828095982791e-03
1.367942648562830467e-02
1.657016663176034965e-02
1.704698054562998888e-02
1.637844563606902226e-02
1.931888080646114100e-02
2.349752763571213987e-02
2.715146620716506198e-02
2.159194594284401247e-02
2.285522483096074850e-02
2.391401604963009145e-02
2.702407196611131962e-02
2.926047340128636043e-02
2.835836485381179259e-02
2.838882651018236059e-02
2.727442021245714970e-02
3.106064568731024128e-02
3.197318700707925399e-02
3.388471804773540708e-02
3.496601490314783789e-02
3.494122082154982323e-02
3.789738470280869242e-02
3.884703815140035793e-02
3.980608139968619397e-02
4.073230813798375122e-02
4.467214126788136841e-02
4.370570808764975140e-02
4.785479869839853045e-02
4.655991699688278446e-02
5.178970752587973986e-02
5.227890981243177304e-02
5.357652025105608118e-02
5.708904282345575454e-02
5.527079883530225390e-02
6.104479830888300679e-02
5.871346215013574510e-02
6.170981054360827334e-02
6.463770452553735391e-02
6.421914885669707806e-02
6.766798421721809120e-02
6.982343375941582608e-02
7.000954265353930006e-02
7.504987130161065723e-02
7.297307386949654362e-02
7.687658810552799871e-02
7.697753535802802360e-02
7.624262910716848862e-02
7.909532060219974514e-02
7.912648381031060774e-02
7.909041867284545557e-02
8.311439048348752412e-02
8.464489177695266875e-02
8.446894252272112158e-02
8.611646848611066718e-02
8.896636294533036282e-02
8.902276202236682201e-02
9.245951372949620661e-02
9.279360517820554877e-02
9.432141822604203640e-02
9.456915109047035750e-02
9.132178797726671349e-02
9.207479835075851882e-02
9.562377561880576471e-02
9.569667775293941303e-02
9.610930842713900912e-02
9.996508795442829443e-02
1.005687495006616361e-01
9.874507475061622408e-02
1.020788193511266290e-01
1.010864266771069747e-01
1.012538295031241015e-01
9.971791315177658266e-02
1.016515793973156306e-01
1.015733259679836714e-01
1.045843581485837587e-01
1.033621133790891961e-01
1.053833852216207456e-01
1.030205576561402520e-01
1.039027379913695925e-01
1.059487611971324378e-01
1.072019330735024117e-01
1.058297058127087992e-01
1.086435032479639851e-01
1.082758752564492444e-01
1.076832046865846132e-01
1.079948923919099302e-01
1.076443478792503267e-01
1.059578675989593238e-01
1.082861985013467837e-01
1.094157824824495834e-01
1.067193726554016564e-01
1.084407135684422180e-01
1.099228191751001060e-01
1.080478208564986664e-01
1.087742597667640809e-01
1.086889803004209704e-01
1.086225636969275071e-01
1.086694431519684562e-01
1.073782987927535404e-01
1.096855621923049223e-01
1.100753477300670524e-01
1.089416243528905370e-01
1.098723750024539619e-01
1.086014365575583285e-01
1.082361172423055712e-01
1.080756107525881610e-01
1.095588619984669138e-01
1.086937401020768440e-01
1.083615483290072956e-01
1.085036871265951663e-01
1.077409231741142670e-01
1.079393841419363370e-01
1.087643606922707451e-01
1.055473810022238279e-01
1.073908009934576857e-01
1.068696958018445498e-01
1.061174900997903792e-01
1.069289091577950851e-01
1.064788189574333299e-01
1.075710481533199148e-01
1.065171513295858213e-01
1.048820991611902204e-01
1.063674227274515743e-01
1.044836033928132346e-01
1.054239607429968556e-01
1.049563688831653546e-01
1.064876907645448539e-01
1.039033002544945822e-01
1.043576593356750765e-01
1.045690436089722897e-01
1.043496716856069650e-01
1.041195936018677742e-01
1.041213134573253096e-01
1.027563349933153236e-01
1.031998971573038076e-01
1.026513359402035225e-01
1.029830005834417167e-01
1.022934138273777077e-01
1.016794764002183910e-01
1.021567058972303044e-01
1.018145784829069395e-01
1.014981077634942302e-01
1.003098972810631678e-01
1.007784672889616567e-01
1.011333994381198864e-01
1.009743491987163816e-01
1.011228939609442740e-01
1.000525454580722812e-01
9.973266462660607123e-02
9.957886080275241136e-02
9.796017520571918824e-02
9.913209696556210537e-02
1.000447253168346429e-01
9.834172892236232866e-02
9.873382632973307094e-02
9.936993750521994073e-02
9.834263031965288782e-02
9.766524366854857642e-02
9.783330442306677199e-02
9.756078436222212491e-02
9.725789117882975565e-02
9.742953774222727625e-02
9.648650932257342439e-02
9.678584013948909881e-02
9.667707610251025097e-02
9.697212291084487956e-02
9.698419612006224655e-02
9.638075026748599283e-02
9.506859978926554544e-02
9.504302712723632085e-02
9.438540415190753430e-02
9.516474886281649226e-02
9.553232609602216319e-02
9.435454087867679862e-02
9.485501747196140032e-02
9.450874125141278670e-02
9.459480845809303817e-02
9.463696908640992222e-02
9.490847613416714124e-02
9.412365823104922036e-02
9.421518532893861930e-02
9.436993531199290575e-02
9.445032069198415481e-02
9.421669155988461608e-02
9.391745526863380655e-02
9.338294863023133274e-02
9.390897395450538421e-02
9.345872434895384495e-02
9.371405246076593143e-02
9.390723870198013079e-02
9.344103470623027485e-02
9.306042164671750327e-02
9.327617084839499861e-02
9.313956100578421604e-02
9.331690773392339877e-02
9.368561911428660571e-02
9.429583591025239575e-02
9.345424994909602712e-02
9.274902733165235613e-02
9.381743748112666981e-02
9.392268566423914167e-02
9.380861923075869968e-02
9.402356485917912066e-02
9.333518192753341436e-02
9.311013930996622778e-02
9.377981835004067790e-02
9.429136596886529553e-02
9.388853746422157198e-02
9.425110394347985254e-02
9.379897278779922298e-02
9.431274021144768482e-02
9.432779906289849581e-02
9.407869171256426355e-02
9.390111908610110358e-02
9.477784106260100927e-02
9.498584676341072230e-02
9.468277619444155635e-02
9.491561464847823870e-02
9.478299324744926535e-02
9.533664654575027542e-02
9.487015810796907422e-02
9.526078184126268722e-02
9.570693564938095865e-02
9.538920133545482349e-02
9.583533475545411018e-02
9.621333084384910139e-02
9.567975508280840424e-02
9.614522709981174198e-02
9.619992285266612542e-02
9.623175822724919226e-02
9.697168988799230449e-02
9.729656231729509608e-02
9.653243797671841320e-02
9.655099953143753133e-02
9.687622625532707477e-02
9.711683073723814674e-02
9.748201379467043293e-02
9.747058412117570736e-02
9.839299352292993350e-02
9.756344937025807074e-02
9.810880626043448627e-02
9.861367937056389477e-02
9.832793447175927626e-02
9.892008766401361175e-02
9.928072126946911602e-02
9.870745049982476704e-02
9.966091954197521530e-02
9.960295305355579276e-02
9.953255937767817307e-02
1.001266025932718851e-01
1.003446191161368600e-01
1.002796980187300596e-01
1.006576460908751025e-01
1.007054148946871230e-01
1.008825971215653594e-01
1.012648313812855999e-01
1.015534287712338002e-01
1.018772042087018603e-01
1.017117432501898344e-01
1.019481846022513988e-01
1.021504561209470030e-01
1.025553638926075123e-01
1.026619757550123191e-01
1.026948116136930239e-01
1.030934753329422332e-01
1.038557530586518007e-01
1.036163453650967708e-01
1.040270872994857321e-01
1.042413098484336054e-01
1.045125224292587224e-01
1.052619775022835824e-01
1.047574966272373093e-01
1.050773704527762364e-01
1.055842253333172109e-01
1.056721392287439526e-01
1.062880074663723057e-01
1.062504904951645374e-01
1.062192091024253826e-01
1.068177910926621371e-01
1.069764663644098418e-01
1.071009254360237306e-01
1.073149798474360150e-01
1.079870649775765828e-01
1.074377821465755112e-01
1.081226096034533513e-01
1.082282301763027033e-01
1.082268681979906694e-01
1.084102779096713515e-01
1.092021964770528153e-01
1.095285036545649709e-01
1.098360512652788723e-01
1.101426935777441718e-01
1.100733219321538003e-01
1.103066294854199436e-01
1.104268942961527528e-01
1.109660397829766998e-01
1.114016599340449942e-01
1.114881161270137311e-01
1.117520072037497814e-01
1.121378784114178406e-01
1.124326039382062131e-01
1.121562066606135305e-01
1.127721110053519771e-01
1.131928466919129572e-01
1.132008793405825525e-01
1.137367014959367595e-01
1.140154556450542617e-01
1.139851176133089422e-01
1.144422034364421942e-01
1.142701347197341566e-01
1.149797152192332250e-01
1.152652855744495941e-01
1.152593339799089789e-01
1.157316804342068406e-01
1.160433954957129504e-01
1.157996552566665227e-01
1.163361313082802162e-01
1.166300819156515373e-01
1.170670793024535389e-01
1.169285209867628739e-01
1.169643539360314538e-01
1.173522418881157992e-01
1.175263704626897526e-01
1.179800950403809140e-01
1.180862763644882907e-01
1.185391477865011117e-01
1.190579323776615045e-01
1.189947722281853443e-01
1.192224429146682280e-01
1.192119659286185324e-01
1.199847302608730570e-01
1.200190968984643641e-01
1.201051928234214833e-01
1.203819661847860961e-01
1.211858078525393234e-01
1.212059666843468692e-01
1.211890906551584268e-01
1.220175679491369292e-01
1.219418733246968034e-01
1.222064056829400280e-01
1.221538216767024260e-01
1.224146415062349752e-01
1.226364910465302521e-01
1.232427670356608940e-01
1.231499266874096221e-01
1.234762036024736054e-01
1.237572983242689606e-01
1.237512134559090732e-01
1.239812468278567031e-01
1.244321646710148943e-01
1.246402823845608465e-01
1.247870269485561179e-01
1.249759696932156994e-01
1.253974373955997479e-01
1.255675995115064503e-01
1.257055060577422501e-01
1.259772006978410464e-01
1.264352121244733673e-01
1.265796861199368628e-01
1.267228663660717736e-01
1.269334569175149807e-01
1.273750535793898020e-01
1.272015307115502147e-01
1.274485997871779575e-01
1.278348532455357012e-01
1.279673531466468672e-01
1.280511296396864840e-01
1.287307376483902144e-01
1.286971683548574497e-01
1.288256845473064460e-01
1.292134710712597168e-01
1.293483057754266086e-01
1.294314588903273389e-01
1.297274972745231791e-01
1.300586340958090059e-01
1.301722308116922688e-01
1.303284799166955221e-01
1.311353543420205325e-01
1.306754677118032726e-01
1.309811352956509467e-01
1.312286609823687944e-01
1.316389845883606524e-01
1.312940810730934271e-01
1.318621596713857869e-01
1.318769609061630210e-01
1.320556771266417351e-01
1.325307156666889752e-01
1.326044145337210434e-01
1.326928520260461930e-01
1.332113802245908363e-01
1.332486146348602907e-01
1.335249817273436723e-01
1.333415182751191697e-01
1.338309797005943491e-01
1.339061300723065895e-01
1.341785659960334776e-01
1.343475075076445702e-01
1.346158589198211408e-01
1.348609119726251193e-01
1.350488444462930038e-01
1.351573160753890002e-01
1.354561598035558256e-01
1.356872188325123629e-01
1.356431615244729494e-01
1.357799399737040502e-01
1.364037247338652503e-01
1.364642778362150088e-01
1.366153391324396449e-01
1.363701563243308601e-01
1.372101809420593066e-01
1.371301843538196563e-01
1.373260368022327649e-01
1.374576246869923801e-01
1.373064123219999710e-01
1.378283661524881409e-01
1.382332250945947916e-01
1.383569976025771919e-01
1.383421382176535097e-01
1.383586742702123118e-01
1.383785141344790470e-01
1.387377657373867201e-01
1.389141007210115963e-01
1.394916707366332942e-01
1.395848621687530156e-01
1.396580972492740269e-01
1.397908859894167466e-01
1.401251755570420421e-01
1.400140547288988291e-01
1.399769272479866600e-01
1.405047657809188055e-01
1.406331006573151576e-01
1.406646083748553933e-01
1.408463264596674924e-01
1.410312125998530730e-01
1.411190574141498455e-01
1.413604952737115561e-01
1.415057765523642652e-01
1.417896260625065574e-01
1.418975180601633745e-01
1.422589476784705820e-01
1.422682228938237370e-01
1.424232435882522574e-01
1.426130617639425613e-01
1.427926322742239795e-01
1.429633982019428151e-01
1.429753006638877222e-01
1.432430334248399328e-01
1.433129533812908529e-01
1.432734906685899923e-01
1.433039984085334173e-01
1.434906602959294397e-01
1.437441552048017157e-01
1.441496431201492456e-01
1.441047763865093978e-01
1.441788163930346478e-01
1.444695727160228982e-01
1.448403233696926584e-01
1.449490415318807623e-01
1.450327457184263646e-01
1.450302914702507051e-01
1.453761613688021870e-01
1.453948855994970368e-01
1.453692838715228142e-01
1.458176979138862961e-01
1.461451154514496198e-01
1.461237221307597201e-01
1.463143509379372098e-01
1.464005601210544572e-01
1.461403845298938631e-01
1.465969402368568486e-01
1.466960306459199614e-01
1.467408936128027086e-01
1.467248058961322099e-01
1.468489766671960961e-01
1.471039429947876842e-01
1.475604573463897562e-01
1.479359038906348234e-01
1.478561490761830244e-01
1.477018956692132956e-01
1.479377818344213835e-01
1.484257769751226863e-01
1.481011455235997087e-01
1.481986227607897944e-01
1.483229507892015187e-01
1.488042213889749776e-01
1.486436830054002345e-01
1.489430550219536520e-01
1.490105889156434771e-01
1.490602632385459314e-01
1.492250001602303533e-01
1.494103474204478699e-01
1.495547408410549395e-01
1.498791656055004362e-01
1.497708419483472497e-01
1.500402646993817812e-01
1.501259407480277641e-01
1.502669720443005064e-01
1.502974913368591570e-01
1.504699808361999736e-01
1.504647735063842640e-01
1.505780971655518441e-01
1.508896994129862723e-01
1.507469756181545328e-01
1.509725102465247493e-01
1.510623543397998925e-01
1.513481941775510209e-01
1.514827898290219133e-01
