-3.315761681452610021e-02
5.064045078583935544e-02
1.987933974776553633e-02
5.475238270242787676e-04
-2.310450013294255370e-03
7.365436304722806915e-02
1.043573823607674145e-02
3.888665720961899386e-02
-3.791289987973777559e-02
4.832004160758910510e-02
6.033698440115553563e-02
2.061321978587454806e-01
3.625383631967701165e-02
5.585776927085614463e-02
9.245800649175844876e-02
1.790999127412894742e-01
2.797201599126003611e-03
2.065242319195388643e-02
1.388110920770005939e-02
-2.046040264953037993e-02
-1.652575758777067791e-02
5.395023019500114897e-02
3.921222173814379319e-01
5.593107865246837312e-02
3.309336137614876105e-01
1.087201601692158737e-01
-5.862657396344760075e-02
1.275180326582608069e-02
1.371660786055887427e-01
2.310189739980825219e-01
4.385896650722511704e-03
-8.329353204799855304e-02
-1.917124095791829935e-02
-2.063919593112176903e-02
-8.397752963926063616e-03
-1.440603998904007310e-01
-3.918547450623250067e-04
-2.471453149629139132e-03
-6.914850060353754102e-02
2.516051485149694428e-02
-2.106807556337622622e-02
1.087407060801723752e-01
5.603676458024080265e-02
1.469131788603062969e-02
2.057491915927391404e-02
1.946903592285296192e-01
-1.344640493669411463e-01
-1.143544554264675807e-02
-4.991170370949810781e-02
7.408880367700408642e-02
5.879068791617000911e-02
1.105077745294681391e-01
1.247780576717010328e-02
2.040799813311871061e-02
-2.071054694833484797e-02
1.739016269304364815e-01
7.206718945668764975e-02
9.758187266739125343e-02
1.056816111661146307e-01
-1.084660358475258816e-02
-2.389654354500257150e-01
1.287450107009820155e-02
9.337837582165688100e-02
-7.377703337490292869e-03
