1.036820456100358001e+00
1.369509348439856833e+00
1.000482989718258331e+00
9.410903294580803546e-01
6.309124012050977282e-01
-6.044030099395850675e-01
8.261441724151630250e-01
2.004155848815217800e-01
1.329725381699076170e+00
2.298627474072343801e+00
-3.372439513775459807e-01
-5.903584424735143221e-01
1.616504259769169671e+00
9.932367863167286259e-01
8.960751543289914300e-01
-1.756036851527584819e-01
2.361403732035508796e+00
-4.416590899603966558e-01
7.977181745121435519e-01
-5.298163014768801637e-02
1.488746443665134311e+00
-3.438513990467350068e-01
-1.523563362315490111e-01
-1.233568839255900329e+00
-7.748617269707498423e-01
-1.513576611287821949e+00
7.230274603303331604e-01
-6.141773207861906947e-01
2.597925368161304038e-01
1.118017712883810589e-03
2.667735399100236715e-01
-1.606139413187074871e-01
-3.708130279667280482e-01
-1.214715471247314715e+00
-4.819087938012954764e-01
-6.331146305231318827e-01
7.691431845870910777e-01
1.721708523034823912e-01
2.084584514899226193e-01
9.855105943552742165e-01
-1.044722511762822048e+00
-7.214563480782401061e-01
-1.227162483929925774e+00
-2.056646226030908742e-02
-3.390838057062796063e-01
-1.026908646564678618e+00
2.300577946754981673e-01
-2.079763527766652409e+00
9.924939023794161486e-01
1.560479670168994026e+00
1.504840150926739784e-01
-3.657484987576647417e-01
1.076792495062887767e+00
-1.970978967615930333e-01
-6.262254449746089691e-01
-5.151013034295800486e-01
2.342018918898316482e+00
-2.406680909362808943e-02
-9.811058100943093052e-01
-1.591910405960266894e+00
1.960048587467335124e-01
-9.732517881288384187e-02
-5.170701072171433044e-01
3.791557620555987412e-02
