3.436244344623417927e-15
-2.386979502944086463e-16
-3.508304757815494826e-16
4.124478536482456390e-16
4.174438572590588355e-16
-4.918287999089443159e-16
5.218048215738235444e-17
2.459143999544721579e-16
-2.153832667772803629e-16
1.271205363195804259e-16
1.962319196024964264e-15
-9.217626661950362414e-16
-4.857225732735059864e-17
2.118305530984798490e-15
-4.048289481417554896e-15
2.965683254529949547e-16
-3.833391937213548140e-16
-2.326229486815378809e-15
-1.051242426441945099e-15
3.599065490078600868e-15
-4.005684672847564609e-15
-2.666478149393469532e-15
3.048117314108367092e-15
-1.029731855339832681e-16
2.888245198562344803e-15
6.399880625451715224e-15
-3.841926776715353861e-15
-3.268496584496460997e-15
3.678723992095455976e-15
-3.183564523112636459e-15
2.335909243811329266e-15
-6.198930257994561638e-15
-7.993605777301127288e-16
3.058109321329993880e-15
-5.943023850818463087e-15
3.319011732116905430e-15
2.953193245502916555e-15
-1.835198659705383888e-15
1.726396803292118351e-16
-2.048361480433413787e-16
-1.366129431801255091e-15
4.569677969357143942e-15
-8.992806499463767583e-16
2.629008122312370656e-15
-5.073719222536965705e-15
-2.134403764841863607e-15
-8.631984016460592496e-16
-1.635913626785168099e-15
-9.786615962070754352e-16
-9.658940314238861852e-17
-6.689648834878881018e-15
-9.930944955272025570e-16
2.786104680296830212e-15
-3.072542220650120805e-15
-3.624878175401136243e-16
-3.528843883771060080e-15
4.390932062392494196e-16
3.607114607007133821e-15
2.318145675417326746e-15
1.839084440291571951e-15
-3.311795282456841771e-15
-6.636913241209185925e-15
-8.326672684688673745e-18
4.691802502065911319e-15
2.992051051364796699e-16
-2.837730050941899975e-15
-5.185851748024106295e-15
-4.482525461924069532e-15
4.348743587456738358e-15
4.578004642041832931e-15
1.568190022283033613e-15
2.138289545428051670e-15
9.681144774731365742e-16
7.366329768387913409e-16
1.249556014215613773e-15
7.199796314694140520e-16
-4.493627692170321255e-15
4.751754545395670269e-16
-4.752864768420295402e-15
4.276579090856103341e-15
-4.057310043492634766e-15
2.573496971081112829e-15
-3.160249839595508077e-15
-8.419376307244873930e-15
1.854627562636323811e-15
-1.722511022705930436e-15
-1.570410468332283879e-15
2.319811009954264544e-15
-5.269673586383305898e-15
-1.500466417780899127e-15
-6.488698467421727432e-15
-1.179056852151916159e-15
-3.511080315377057559e-15
2.325917236589702873e-15
3.153033389935444417e-16
-1.124655923945283662e-15
-2.924882558374974780e-15
-4.796718577892988644e-15
-5.823119764158946173e-16
2.767230888878202756e-15
4.524158825347513099e-16
-5.245803791353864259e-16
4.368727601899991046e-16
3.411715354673106096e-15
-5.019318294330332814e-15
-1.877387134641139726e-15
2.509104035652853939e-15
-3.702593787124897023e-16
-5.009326287108706026e-15
7.244205235679146821e-16
-4.474198789239381134e-16
-3.301803275235215378e-15
-4.281575094466915946e-15
4.257150187925162628e-15
-2.380873276308648232e-15
-3.653188862529077722e-15
9.325873406851314594e-17
6.206146707654624903e-16
-1.831867990631508378e-17
3.802513859341161151e-15
2.664535259100375697e-15
2.264854970235319382e-16
-4.881095527764501109e-15
-6.927791673660977049e-16
3.728128916691275473e-15
-2.621791672652306997e-15
-3.631539513548887138e-15
1.917355163527645298e-15
4.805045250577677633e-15
-1.371125435412068436e-16
5.024314297941146208e-15
-1.244560010604800576e-15
-2.201572257831685230e-15
4.497513472756508924e-15
1.350586309456502837e-15
1.561528684135282619e-15
-4.409805853811121652e-15
3.518851876549433686e-15
1.674771432647048736e-15
-6.962208587424356760e-15
-7.760458942129844454e-16
2.113864638886297958e-15
1.998401444325281822e-16
2.253752739989067560e-16
-2.095545958979982970e-15
2.324807013565077938e-15
1.347810751894940103e-15
3.117506253147439376e-15
2.848832281188151699e-15
-7.438494264988549265e-17
-1.185163078787354686e-15
2.605693438795242274e-15
3.749223154159153984e-15
-3.177458296477198129e-15
3.229638778634580360e-15
1.793565296281940517e-15
1.120215031846782934e-15
-3.233524559220768424e-15
3.534950110406498409e-15
4.627409566637652429e-15
5.081490783709341833e-15
-5.456746166032644436e-16
-1.597610932435600325e-15
1.392219672879946207e-15
-4.184430579812214748e-15
-5.895284260759580796e-16
-5.791478407957128998e-15
5.463407504180395430e-15
-3.569367024169878120e-16
-1.673661209622423406e-15
-3.930189507173054193e-16
4.646283358056279688e-16
-2.151612221723553265e-15
-3.190225861260387256e-15
-2.094435735955357640e-15
-3.269606807521085834e-16
-7.360778653264787745e-16
1.687538997430237961e-16
1.047495423733835251e-15
-2.972067036921544011e-15
7.510103650076870976e-15
3.497202527569243127e-17
1.368904989362818022e-15
-2.964850587261480352e-15
-1.223465773136922460e-15
-1.505462421391712324e-15
-5.645484080218920969e-16
1.194044862984355946e-15
6.393219287303964033e-15
-2.926547892911912577e-15
-7.816525204873414749e-15
-4.587996649263459719e-15
-5.279110482092619034e-15
-7.083222897108498610e-16
-5.532796443219467714e-15
-2.835509604892649710e-15
-2.075006833024417716e-15
2.109423746787797451e-17
3.444466933899548009e-15
3.266276138447210731e-15
-2.775557561562891351e-15
2.128852649718737745e-15
5.056510765655275653e-15
-4.934941344458821138e-16
4.409250742298809579e-15
-1.764144386129373806e-15
4.003464226798314737e-15
-7.305267502033530115e-16
3.374522883348163257e-15
5.416778137146138666e-15
-1.110223024625156602e-17
1.045274977684584788e-15
-2.168820678605243317e-15
2.746136651410324640e-15
2.033373469600974346e-15
5.125344593182035074e-15
-4.239386619531160502e-15
5.268563363358680173e-15
2.690625500179066813e-15
-4.218847493575594656e-16
2.732813975114822651e-15
6.569744748219363512e-15
7.049916206369744130e-17
-1.499911306268586462e-15
3.191891195797325054e-16
3.443356710874923073e-15
-2.495226247845039482e-15
1.890709810936641715e-15
-1.572630914381534145e-15
-4.427014310692811705e-15
1.779132396961813198e-15
1.171840402491852697e-15
9.832690217592698648e-15
3.453348718096549466e-15
3.910205492729801209e-15
-2.822186928597148115e-15
-1.971756091734278189e-15
4.870548409030561459e-15
2.080557948147543183e-15
-1.447175712598891566e-15
-6.818989817247711661e-15
-4.062861158615760233e-15
-2.884359417976156739e-15
-8.102962745226704947e-15
-6.274980535181385114e-15
1.554312234475219305e-17
1.554312234475219058e-16
9.320877403240501546e-15
1.805222638040504708e-15
5.414557691096888795e-15
2.499112028431227546e-15
3.267941472984148135e-15
-6.050715484207103343e-16
5.700440119937866131e-15
7.639444632445702407e-15
-6.253886297713506603e-15
