1.402015581858462485e-02
-4.165421192459305422e-01
7.960676230777126161e-01
-4.881392699885782338e-02
-1.256818577556970684e+00
-8.510751522309664141e-01
1.269052626211065737e+00
-1.550881479562234322e+00
5.067590457582962227e-01
9.959135810709665582e-02
-9.066375812139009227e-01
-6.913685732139147611e-01
4.529931846331550216e-01
1.614471162461635689e+00
9.972900902989465521e-01
9.856337596104464138e-02
1.110930719077884099e+00
-1.406643004277086328e+00
-1.401954156609657609e+00
1.686456324401359952e+00
3.215484656070161096e-01
-1.600685897939408520e+00
2.724696535615377391e-01
-8.221207492999533795e-01
5.942211353362469861e-01
1.077661565830466822e-01
4.635358104167064397e-01
-5.934367455811750958e-01
-1.778412683057519983e+00
-1.350923044151747798e-01
-3.649314616859565263e-01
9.194738489897263944e-01
-1.232869462133785177e-01
1.076760232890685121e+00
6.241067364078325408e-01
1.443726296133524656e+00
1.486725407109413144e+00
-1.513278543846056978e+00
1.823407374653045476e+00
1.790388892991979342e+00
6.313298932229559624e-01
1.832869619541299677e+00
8.877425283244322340e-01
-1.630266313296216518e+00
1.206520824434647920e+00
2.927274415207287706e-01
1.364321204777201091e+00
7.370257593968300436e-02
-5.361855797889730768e-01
-1.168497470564533902e+00
-7.129783457333376262e-01
-1.194221179011344947e-01
-1.938320999832100267e+00
7.272340930256812053e-01
9.583074922215337188e-02
2.532741026562969289e+00
6.925838541115314495e-01
-9.529899177908836005e-01
-1.554970060125041353e+00
1.861220863383773017e+00
-2.865578472482046557e-01
-1.951505993223677862e-02
-1.729126525943254000e+00
9.934571099772236957e-01
