2.588965856046329325e-02
-1.498128730746359993e+00
2.247007605401391661e+00
-2.018572790878564227e+00
1.290277165738533016e+00
-5.198602481413093501e-02
-4.791264496321102212e-02
-1.473224819605930547e+00
9.148908667232380498e-01
-1.090581588162754974e-02
-8.179901829195596052e-01
-3.026351912792609178e-01
3.332732480034816258e-01
-2.180459686118988438e-01
-9.641271444689904213e-02
3.955290355491981047e-01
1.753583102557739193e-01
1.279563040100608839e+00
5.157083647368605472e-01
-5.425548136070892369e-01
-3.385908779838721627e-01
5.956644171179801411e-02
1.083864302432045568e+00
3.567728527350434997e-01
-1.907155765009828641e-01
-8.875944379246947236e-01
9.742074331938496146e-01
-8.327199357963741555e-01
-1.437875704887801476e+00
1.816930284829571418e+00
5.240757383174882156e-01
-8.392826318552012443e-01
2.825446927614650924e-02
1.098099721601866197e+00
1.563984046989583376e+00
1.063469536484848765e+00
-1.369545573206517597e+00
-4.286841844729908924e-01
-7.431317421793552924e-01
-1.189486882917929478e+00
-9.123351748570628084e-02
-1.478934670274269392e+00
-5.039536972450561203e-01
1.273327067190100081e-01
-1.357389100649684988e+00
-8.568784556802281349e-01
1.631399307807675392e+00
1.207558813302593403e+00
8.655207245018293749e-01
4.529570229158179639e-01
-6.365105216573866409e-01
-7.909618335811143819e-01
1.553550083838255658e+00
-8.252447952442580892e-01
-2.993355372220074528e-01
1.149899706815425970e+00
-1.729832579593739983e-01
1.100171161246271012e+00
7.879905797516920662e-01
7.833213606360751591e-01
5.379298419801174097e-02
1.189076585937062003e+00
2.282037100582229083e+00
-3.202380198568205993e-01
