3.469357730984511945e-01
1.496903009689337649e+00
-7.631803957043306053e-01
-1.237498376266500832e+00
-6.805237801222744354e-01
7.667637245825150716e-01
1.469924112451485576e-01
1.376699349070132472e+00
8.599884908646305837e-01
4.828297276653069070e-01
9.835822966320603156e-01
1.789611769011049347e+00
-1.548554469400288625e+00
3.141779781733108901e-01
-1.640890609097508668e-01
-2.371164007773356522e-02
9.328905680837017433e-01
-2.803804065682110810e-02
5.512668699732153205e-02
7.220052937959238193e-01
9.780679545313901713e-01
1.363534371452006289e+00
1.317719572055313648e+00
-3.596810148602743173e-01
-7.351920493920290900e-01
-9.997889204016870979e-01
8.972432985312137066e-02
-1.504495486778077984e+00
8.704629182093143180e-02
-6.409937305666892904e-01
1.644269679110881954e+00
2.860336346807183516e-01
1.150662624798884703e+00
-9.657609848403613251e-01
4.725574247295106223e-01
-1.123467290410695985e-01
-3.443468891042851254e-01
1.256199235441472772e-01
1.760912025071253328e+00
2.445039642643081379e+00
1.049401082270198016e+00
7.075906978234707267e-01
-5.001066587286083776e-01
-2.116836582231207853e+00
7.731595427864713654e-01
-2.554011438855629534e-01
6.804717495409459693e-02
2.653806936334672795e+00
5.940116784717494047e-01
-7.982005116003058065e-01
-1.570881561592240461e+00
-5.988599397091479704e-01
-1.531082652790414778e-01
6.109592607380582852e-01
-1.357943291816041897e+00
-6.887368065655830041e-01
7.008640470426358293e-01
8.885091263187936406e-01
8.504947180056272593e-01
6.963036715991285375e-01
-1.603992900988558734e+00
-2.155164413195861106e-01
1.420866071478537940e+00
-2.316267138556172167e+00
