-7.440601751077926540e-01
-1.652046649332144512e-01
1.723238408459452642e-01
-2.410904358248344259e+00
6.504969364983387292e-01
1.765939186086247892e+00
-2.161725334756456618e-01
3.789195021392662288e-01
3.399382534383657561e-01
9.556227516543176481e-01
-3.203705709078333852e-01
-5.150217909697762941e-01
-1.096883243435762489e+00
-1.789866116273812757e+00
-3.340218538728245146e-01
1.051417895275141623e+00
1.210954492230342516e-01
-1.410531650672237181e+00
-1.620796236795027101e-01
-6.191034432000052101e-01
1.299295651811177121e+00
-1.563053306778126039e+00
-3.024934728044231455e-02
1.847068696568353874e-01
3.074106909049242331e-01
-1.132756324825842098e+00
1.160101290732324930e+00
2.249797007896949363e+00
5.897175821445304056e-01
-8.148362833053808263e-01
-3.437982808027638115e-01
2.673230271236001432e+00
-8.152353027666906504e-01
-1.200220586419172841e+00
-2.181273066794537641e-01
-7.184887918163156417e-01
6.626783769639849053e-01
1.342769297080721735e-01
8.570980800880708683e-01
1.573551267805572307e+00
-6.260523490220667453e-01
3.315195077006544144e-01
1.668233513720750461e-01
3.739730851421907420e-01
1.060831078886071976e-01
1.016327921662266043e+00
-1.671094494394453456e+00
9.271511346761222017e-01
1.028242612979061166e+00
-9.692654900153681030e-01
3.831797768937292292e-02
-5.648916923807025814e-01
1.002060675125053368e+00
1.412331918360957506e+00
-9.052671874389306428e-01
5.957740675711153955e-01
-2.336341722498531670e+00
-1.573788933592632722e+00
1.332517202062234674e+00
-6.768538620176559606e-01
9.846123743620113222e-01
6.515458420560874542e-01
9.475040464702765746e-04
1.066928252403170685e+00
