-2.095167666946315954e-01
1.124823783039636593e+00
-1.533983780087601612e-01
7.152978777773037755e-02
-6.339261106637000820e-01
-6.919813780863437458e-01
6.394461437221972133e-01
2.966688410244681662e-01
-6.664370552311932316e-01
8.112478856356595269e-01
1.208360323731979102e+00
-6.492697534272878768e-01
-1.470973189477823573e-01
1.637825979064805093e+00
-3.483976816684096756e-01
-6.042760987383779536e-01
6.500345586759965766e-01
-2.090984036878801966e+00
3.551773279215775236e-01
-7.993186971094712323e-01
-4.315274289788402218e-01
-6.770846325919838149e-01
-1.412657850288563166e+00
-3.140675001534759536e-01
-3.439647045744729237e+00
1.183402322267420370e+00
1.355895919838334129e-01
1.650444747725824834e+00
-2.256537827862116138e-02
1.329544007913431525e+00
-1.595736624184034724e+00
4.375257134527037461e-01
1.060698977216994354e+00
-3.437206847391969244e-01
-1.401518957885587446e-01
-4.935224547443230192e-02
1.124046007491338761e+00
4.029541886649602445e-01
-8.263315401874666843e-01
-2.666407883974724946e+00
1.312170368862454639e+00
-7.490742618574545986e-02
1.155503180767658566e+00
9.041671334291793982e-02
7.436658345431631720e-03
-1.051383189914600669e+00
1.803842071395465041e+00
-9.367441629630459676e-01
-8.775337050645874715e-02
-9.587118311622241373e-01
-3.657624777943964678e-01
-1.377476711710202473e+00
1.012592206381303095e+00
-8.265189491500809504e-01
-1.085825784215163736e+00
-4.020116953468059195e-01
6.710846124914501276e-01
2.162734515095392496e-01
-3.917050428182459187e-01
-4.559563182297557971e-01
-2.198280131072400181e-02
-7.569851330737351613e-01
3.357469724507208819e-01
-1.176254492959211834e-01
