-6.069390704487868243e-03
-5.837130120735199885e-03
-7.402761570851641021e-03
-1.005567001256293773e-02
-8.603091838557301932e-03
-1.148451048218730730e-02
-1.847958557281344574e-03
5.205562283181644316e-03
4.311590037630645689e-03
1.194180819734880911e-02
2.292748284254825589e-02
4.446454735857038876e-02
4.572985571779757813e-02
6.130728173632820494e-02
7.966817678074908371e-02
8.580493341804426577e-02
9.879508669408297583e-02
1.334964076722562620e-01
1.577064165249816574e-01
1.608420498961536105e-01
1.842089218516587967e-01
2.010662017680067137e-01
2.195952950519159674e-01
2.396999681110083824e-01
2.671207956503306447e-01
2.817597026121156922e-01
2.936132199110543239e-01
3.259010706394465107e-01
3.516744593752089698e-01
3.641605943580030758e-01
3.806269231741998826e-01
4.035250240453172044e-01
4.312379637118494702e-01
4.416200478851689537e-01
4.626492907038330382e-01
4.886734257974865714e-01
4.995024561869826907e-01
5.270701925950244116e-01
5.454045611240776470e-01
5.612784742108030134e-01
5.858812032411053750e-01
6.124013930703664510e-01
6.288692474171058144e-01
6.481878837480862243e-01
6.660704608990131170e-01
6.906997728537492831e-01
7.050330678193108547e-01
7.273777676096253586e-01
7.492810254191059061e-01
7.684244855327431178e-01
7.875614516567663870e-01
8.086979940536047629e-01
8.185435826276098448e-01
8.439215132953356013e-01
8.615258392430970025e-01
8.764367762105982340e-01
8.947754202050596239e-01
9.139240939575147271e-01
9.359173512037147757e-01
9.503375839095948852e-01
9.668414376705348756e-01
9.831195177042210132e-01
1.005626516317609020e+00
1.017615291669022426e+00
1.040201361640150646e+00
1.057813016533560635e+00
1.072536867518958381e+00
1.088936845375974460e+00
1.106440252065911789e+00
1.123002832988230892e+00
1.136650168785690029e+00
1.155284799894615855e+00
1.172193210463826407e+00
1.187216331229099309e+00
1.203516493015112765e+00
1.215782755332781795e+00
1.233860820600847008e+00
1.248101054300857937e+00
1.259041873770963660e+00
1.279794879301407562e+00
1.294077444883657613e+00
1.306554841871694128e+00
1.323784383987673730e+00
1.336483006514033400e+00
1.351182853606731848e+00
1.365899732259715282e+00
1.383683259908317531e+00
1.394352843761037075e+00
1.410013955335153391e+00
1.425183942091940770e+00
1.436625299813563572e+00
1.449196972968198160e+00
1.462823212526940253e+00
1.475413862182232583e+00
1.488755626640529961e+00
1.505703922587050325e+00
1.517744098889968418e+00
1.529619664937887258e+00
1.541168371805968329e+00
1.553900156806553579e+00
1.567088003024614151e+00
1.578941035868076215e+00
1.590791492983038902e+00
1.607346256837262510e+00
1.614683293353867288e+00
1.626073017945042221e+00
1.639636512123493706e+00
1.651797711018645920e+00
1.664795629067603588e+00
1.673130592647842363e+00
1.686600049113709865e+00
1.695952465657573294e+00
1.706083768854463001e+00
1.719768018665212672e+00
1.732899791175044113e+00
1.740667763227742526e+00
1.749663119969146363e+00
1.760946360029614466e+00
1.775116356076316348e+00
1.785402491501024480e+00
1.794089891745942911e+00
1.804495071657409078e+00
1.814250646608444484e+00
1.825287986645118155e+00
1.833853699500165302e+00
1.842458811813801223e+00
1.854717636940923065e+00
1.865073377563726931e+00
1.876068949587092805e+00
1.883269734237879911e+00
1.892392805815181545e+00
1.903278920434485766e+00
1.910404648999413091e+00
1.921106917329982844e+00
1.929470544064401105e+00
1.939683825964302111e+00
1.947715295684248504e+00
1.956707361719094207e+00
1.966405305125831227e+00
1.976176038658095768e+00
1.984522815649980121e+00
1.992444257903355442e+00
2.002393584919049729e+00
2.010413369505564152e+00
2.017356706810420341e+00
2.026300208860060348e+00
2.034541339084121159e+00
2.042316110711462240e+00
2.052052238806575613e+00
2.056770886668586318e+00
2.069119940982118155e+00
2.076074160988121253e+00
2.080635521096696028e+00
2.090974474744748957e+00
2.098346927171232501e+00
2.108081931562354683e+00
2.115204412405789380e+00
2.120632363552437116e+00
2.130220927154563348e+00
2.135380138483420343e+00
2.144829609750330324e+00
2.149528270734012203e+00
2.157391053080964571e+00
2.165562225579928501e+00
2.173879042585243671e+00
2.179777217617676843e+00
2.186591202262185174e+00
2.191879764087615534e+00
2.200346044205852003e+00
2.207026076625794087e+00
2.215304232875247248e+00
2.220164724685837587e+00
2.226426672097354231e+00
2.236083085636602075e+00
2.240845435277836195e+00
2.246619741470946341e+00
2.256251124926509366e+00
2.259621922190464982e+00
2.265241564319085299e+00
2.273719050059768154e+00
2.279928799298496234e+00
2.285855892898963848e+00
2.291236854006275969e+00
2.295756100051406179e+00
2.302907184058908374e+00
2.308266291279194693e+00
2.313355770465131300e+00
2.321260681952029170e+00
2.325694571742406236e+00
2.332326818002533386e+00
2.338568882609335375e+00
2.343565958304996588e+00
2.347981695924317158e+00
2.354795243061124310e+00
2.360374052394364153e+00
2.365788156440039369e+00
2.370481454814511224e+00
2.377066095772041532e+00
2.385064803074535611e+00
2.388161777520064533e+00
2.393878522010996601e+00
2.398805554693932862e+00
2.403822897349959575e+00
2.410212021993649145e+00
2.414190053382887502e+00
2.416911743267748047e+00
2.422731429949605886e+00
2.430072524065404416e+00
2.435102263385335863e+00
2.439634300930594968e+00
2.445069860178027632e+00
2.449046321710361074e+00
2.453001511133432899e+00
2.458329275395753744e+00
2.463343929538227339e+00
2.468683592949316274e+00
2.474462006870952191e+00
2.478610093507013890e+00
2.483526800037442861e+00
2.488049126878881800e+00
2.492327385132420581e+00
2.497340604635615691e+00
2.501318741373891541e+00
2.505924883073631815e+00
2.507865536433268261e+00
2.514653309196621667e+00
2.517945206951440973e+00
2.521819386154042775e+00
2.528558471214411352e+00
2.532389292696670235e+00
2.535176701168612823e+00
2.540347282532351425e+00
2.545167534427167588e+00
2.549917662848550037e+00
2.554021677016074410e+00
2.557274817986074478e+00
2.561455658183635187e+00
2.565180649770218313e+00
2.569159923600941919e+00
2.573698953924016042e+00
2.576817675648410244e+00
2.581234606334179116e+00
2.585905661547416301e+00
2.588983085117074090e+00
2.594871854096213681e+00
2.596984653953461564e+00
2.602199959132676099e+00
2.606336099532056583e+00
2.607544680328309106e+00
2.612472382563822748e+00
2.615017584626643909e+00
2.620896958070566107e+00
2.624359402513985806e+00
2.628326386260970260e+00
2.630566198909165987e+00
2.633667248359345070e+00
2.636715299596107176e+00
2.642110643178834817e+00
2.645559341300574463e+00
2.651166277924557946e+00
2.652776566584359230e+00
2.656429858821241385e+00
2.659876219951591292e+00
2.663131084745355093e+00
2.668901598823718579e+00
2.670209501759144732e+00
2.673117841852623133e+00
2.678210940159490683e+00
2.680943035776541805e+00
2.684318931850691481e+00
2.687679735632343636e+00
2.689594458673107980e+00
2.693424214075951895e+00
2.697026353439852642e+00
2.700609624710662793e+00
2.704188001057320268e+00
2.706140657793635551e+00
2.710202496205485367e+00
2.712511175786814110e+00
2.716442951641674153e+00
2.719235979447398144e+00
2.722103529170574188e+00
2.725439728432602848e+00
2.729096161795942610e+00
2.732321619679205060e+00
2.736545282234750243e+00
2.737429404616132711e+00
2.740621435837089059e+00
2.743351363564735301e+00
2.746924205456823476e+00
2.751282556940729318e+00
2.753120189840657428e+00
2.754995571897737250e+00
2.759021902667402770e+00
2.762698554441054721e+00
2.764940358327543812e+00
2.768638492008483443e+00
2.771500771878165015e+00
2.773060554977037295e+00
2.776035557003866838e+00
2.779227277721767031e+00
2.782629301467602456e+00
2.786285492914632123e+00
2.788094325368171145e+00
2.789915992572796988e+00
2.794532617484205783e+00
2.796445447092018366e+00
2.799183341933322300e+00
2.802662651419960405e+00
2.806433081827336196e+00
2.807430444418072657e+00
2.809040385019989650e+00
2.812404147059448078e+00
2.815603535234540100e+00
2.818103244363701521e+00
2.819718802421109505e+00
2.822876325349544580e+00
2.824646812804014750e+00
2.827198050916122529e+00
2.829159196671318099e+00
2.833796785420935382e+00
2.834828413189572238e+00
2.837672669414468274e+00
2.839469790309879116e+00
2.843854788102996078e+00
2.846479169171291179e+00
2.849055945446930416e+00
2.850237332536587953e+00
2.851960465964415992e+00
2.855099370569567085e+00
2.857012230201516623e+00
2.860609248837235441e+00
2.863699275076794670e+00
2.865850997227850971e+00
2.869247081398721644e+00
2.869933312635765343e+00
2.872230696882792422e+00
2.874648757708840652e+00
2.877439484321162588e+00
2.880357712150872551e+00
2.881860538321846743e+00
2.884897230080003983e+00
2.885008386783136203e+00
2.887789363183735691e+00
2.890031044393255755e+00
2.892993843744111615e+00
2.896099677107678794e+00
2.898180698579113646e+00
2.900633935672975117e+00
2.902801601085383876e+00
2.904241784324501197e+00
2.906884273567627464e+00
2.908409872619059033e+00
2.911636746211651250e+00
2.913155090415342041e+00
2.914441418569964526e+00
2.917884642223774971e+00
2.920391424958509674e+00
2.922255690188538146e+00
2.923960427735569745e+00
2.926690129782397065e+00
2.927849131935125637e+00
2.931433126876747064e+00
2.934358018657387213e+00
2.935876048267503702e+00
2.937796998377252944e+00
2.938001582430997516e+00
2.942227726325461035e+00
2.943336193232645392e+00
2.944132068310397088e+00
2.947413198219099861e+00
2.950204673449943193e+00
2.950983522373007872e+00
2.952940768781922021e+00
2.955646373731478871e+00
2.957627548446308818e+00
2.959583680965327535e+00
2.960746458246677371e+00
2.963975099562496052e+00
2.964680250120541594e+00
2.966370253174225535e+00
2.969675096153389315e+00
2.971820214719333997e+00
2.973370770345503011e+00
2.974016909463467861e+00
2.977443370434693204e+00
2.977184397434982088e+00
2.981639038165460942e+00
2.982492134389011174e+00
2.985726231639780348e+00
2.985649667110878980e+00
2.987664839636549274e+00
2.990588971766928061e+00
2.991620509753150969e+00
2.994702299201266182e+00
2.995690775502558356e+00
2.997957001448775305e+00
2.999856705854769601e+00
3.001157193378324539e+00
3.002898206362403233e+00
3.005323872757367454e+00
3.006236073617269078e+00
3.009350800495331768e+00
3.010296940496264284e+00
3.013227462078495567e+00
3.014965896356914588e+00
3.015936201390704952e+00
3.018162056998978215e+00
3.019223890226256035e+00
3.021425515072729162e+00
3.024380417589632497e+00
3.024345700080804278e+00
3.027141723253773620e+00
3.028558633357178120e+00
3.031924444173473621e+00
3.032050396983545504e+00
3.033483449022625678e+00
3.035804958034453271e+00
3.037123475332153877e+00
3.038851867461935363e+00
3.041361821507882812e+00
3.042346208090332293e+00
3.043410721121606599e+00
3.043999632340532280e+00
3.046532045457575055e+00
3.047050079834549674e+00
3.050143495187193299e+00
3.052223832472125142e+00
3.054228365830129910e+00
3.054613100492234778e+00
3.055872170113979269e+00
3.060119062925987787e+00
3.059702528206134975e+00
3.062727411707769409e+00
3.062151659144518590e+00
3.064632236613915595e+00
3.067261365050089061e+00
3.069051016721732417e+00
3.069648783036523110e+00
3.070935160492370031e+00
3.073330341135866117e+00
3.074300214480964133e+00
3.075970577268675399e+00
3.078352995786810986e+00
3.079255311220351121e+00
3.081160906912582487e+00
3.082840150671738666e+00
3.083693256620400280e+00
3.085335027588709700e+00
3.087110609649623694e+00
3.088229344795346165e+00
3.090123972000558439e+00
3.091583741738905822e+00
3.094204024976366263e+00
3.095128321495298707e+00
3.097222492430200091e+00
3.097846833050846627e+00
3.099200800255504706e+00
3.100341357568391132e+00
3.102940612623221295e+00
3.103258519466729481e+00
3.105804737817298378e+00
3.106667350367364300e+00
3.107982009884882491e+00
3.109853869804314996e+00
3.112569700813198725e+00
3.114177099648695268e+00
3.114064321106939648e+00
3.116314431937334373e+00
3.117749127296887579e+00
3.119262273391253615e+00
3.120320376605302481e+00
3.122036524124032653e+00
3.123482940114716389e+00
3.125017488707833468e+00
3.124955371574381857e+00
3.127052953134844326e+00
3.129023060412193136e+00
3.129672966525497646e+00
3.131867644690958130e+00
3.132494239243706957e+00
3.135084473349244227e+00
3.136442893548479383e+00
3.137128225238791313e+00
3.138975622118552966e+00
3.140345099244497007e+00
3.141714961372132464e+00
3.142704029442472624e+00
3.143691736520525026e+00
3.145528591390805762e+00
3.146804844317084626e+00
3.147538934310722070e+00
3.150904293307601023e+00
3.150479774668029531e+00
3.152689505187466157e+00
3.153658304503481613e+00
3.155197178361076826e+00
3.155923851700333849e+00
3.157320090917538735e+00
3.159461980496370614e+00
3.160472000115303270e+00
3.161643545750651096e+00
3.162856891133122517e+00
3.164044059342530968e+00
3.165775044613908573e+00
3.166944449798843486e+00
3.167132501625421703e+00
3.169104129233951017e+00
3.170512164255371079e+00
3.171665008587082113e+00
3.172348293212812642e+00
3.173935566053986523e+00
