-2.538363402088321397e-02
-4.444770673864128357e-02
2.241682905111134095e-03
-1.835731500161325025e-02
2.791693097853494010e-02
-3.765280098117410740e-02
4.171866284968889227e-02
1.178987299065494682e-01
1.080939602696260188e-01
-1.183616279498769797e-03
1.390750907398375924e-01
7.463283020866007299e-04
-6.096628175985448206e-03
5.738097781662269969e-02
-6.332187163070973623e-02
-2.817853837149463404e-03
-2.111358881639092272e-02
-2.280814719009459021e-02
1.010950837104124533e-01
3.246112321372485177e-02
2.978915829710969410e-02
7.958118039031032015e-03
2.673367687502703829e-02
2.078295781147531177e-03
1.163474048024444076e-03
-1.797767979197895539e-03
4.265657964638807503e-02
-3.240261696524461554e-02
7.852972825562720693e-02
-1.082091547485074072e-02
3.822049582091723019e-02
-1.457132820118858460e-02
2.706492440183069694e-03
-5.342835827148687683e-02
7.157207672884649541e-02
3.048175030664064360e-03
4.830783365620653388e-04
3.667100922136139196e-02
2.077200867484024251e-03
-3.247851789246783329e-03
-8.544975151041458647e-03
5.759053376337251035e-02
-2.913950857990287718e-02
1.825260196470469831e-02
5.097245798620258367e-02
8.604628941674567766e-03
-1.840030095943348196e-02
-2.227146658018826220e-02
2.399005800871341909e-01
-1.554452184953280733e-02
1.060098468117164940e-02
-1.472512618658577315e-03
5.942961539497880474e-03
1.408204259820956773e-03
1.794625199485253833e-03
1.027998200452860840e-02
-7.289648901713259750e-03
1.248212182432330286e-01
1.773279037864183838e-02
1.499920904238249419e-01
1.220505677598423232e-02
-3.026761520084692361e-02
-2.774343994251253498e-02
-1.508482869887648077e-02
