-7.495194763365371077e-03
-1.009369425886913474e-02
-1.441024265369530641e-02
-2.009278063509256293e-02
-1.618411263736253131e-02
-2.154483508993717059e-02
-5.584704541975800407e-03
5.185760935972070877e-03
5.839679623743198982e-03
1.853722169315693419e-02
3.569329438743732569e-02
6.737612973888243428e-02
7.217652543888050665e-02
9.868527982356430084e-02
1.235245939791439207e-01
1.405983389098681702e-01
1.577543252146539898e-01
2.043958748927038604e-01
2.404088748330849290e-01
2.500491909275014968e-01
2.812495385252685165e-01
3.073968247842986945e-01
3.402344346455961066e-01
3.682099652368033271e-01
4.047551328471032384e-01
4.230054890428718850e-01
4.435646836029316642e-01
4.846234999069732874e-01
5.171660205685073564e-01
5.412238948463417021e-01
5.681658040484631744e-01
5.983325222445196045e-01
6.255732025972641219e-01
6.549889491477824954e-01
6.773348460056114462e-01
7.113832408800051521e-01
7.279018081557844244e-01
7.612302691469189364e-01
7.860839686937081128e-01
8.065699525270692005e-01
8.388068608844663210e-01
8.688796739360965526e-01
8.965235398102475717e-01
9.208218552619662489e-01
9.413217880249996616e-01
9.718017960730366278e-01
9.922379329608266296e-01
1.013164779453884945e+00
1.038660234820756756e+00
1.064400860617487510e+00
1.090736756279252484e+00
1.112673125796811879e+00
1.130400248107845007e+00
1.157410232642912762e+00
1.184165845278560836e+00
1.201568480597572375e+00
1.225193810661122873e+00
1.244529609926120273e+00
1.270144032465524653e+00
1.288193378689225010e+00
1.308281608683980135e+00
1.332030161213139774e+00
1.351206636953067086e+00
1.370593482502406202e+00
1.389151309263575662e+00
1.410454088357694369e+00
1.430613301873390864e+00
1.451117208207816978e+00
1.466466414602714430e+00
1.483292475917000308e+00
1.501588225033929858e+00
1.525774260605476274e+00
1.541491272037423421e+00
1.555005510860767881e+00
1.577496249750400814e+00
1.590826538504654053e+00
1.608550191283588671e+00
1.627628453283172849e+00
1.641508738887319296e+00
1.657405226869929527e+00
1.675466956273477193e+00
1.689570747904435732e+00
1.706066637266135055e+00
1.723812895241782828e+00
1.739585182276255360e+00
1.756870110371281157e+00
1.768996250325598263e+00
1.784191310979728717e+00
1.798729451468632501e+00
1.814562807691340929e+00
1.826369613592855545e+00
1.844451689092035940e+00
1.855790000707453036e+00
1.869453566999175864e+00
1.882934744632801305e+00
1.894315569970387303e+00
1.909565727538455882e+00
1.922506594570539740e+00
1.935479544754149961e+00
1.947432019472743026e+00
1.961505913943330626e+00
1.974793026669631191e+00
1.988163497064267204e+00
2.000977775927886171e+00
2.014435911367624676e+00
2.022973789017164847e+00
2.035382709990535055e+00
2.045463517433247169e+00
2.059453126450877747e+00
2.068440557449688466e+00
2.082093750673418064e+00
2.089794364420396899e+00
2.101882654397327688e+00
2.112224181507156295e+00
2.121038847632929158e+00
2.136167187129142775e+00
2.144248751047692636e+00
2.156114385945066214e+00
2.163867089874824678e+00
2.172663551921258929e+00
2.181802273127743330e+00
2.194704023069349308e+00
2.200027028653652739e+00
2.214740930749054648e+00
2.222634062468592298e+00
2.233949533287980405e+00
2.242116977866556837e+00
2.250880416988537469e+00
2.259490269046040556e+00
2.268163077230972213e+00
2.279486575342399401e+00
2.287681776820259749e+00
2.295369910632531596e+00
2.303802618089832777e+00
2.313950696635010296e+00
2.320323295438009747e+00
2.327471235344390266e+00
2.339172630383888674e+00
2.347636643683295610e+00
2.354549157601216525e+00
2.362082366683798007e+00
2.368800661450081613e+00
2.381905121440512030e+00
2.387213358395448015e+00
2.395741764225295167e+00
2.401046510122398558e+00
2.411433174866547180e+00
2.418355048000108809e+00
2.425433974973687512e+00
2.432768788749786193e+00
2.442297507094829179e+00
2.449132919435462963e+00
2.454401520910748591e+00
2.463937375362847515e+00
2.469010152320390006e+00
2.474709291060063432e+00
2.483922937369089645e+00
2.488704796825295329e+00
2.497600394820540082e+00
2.502424768834702995e+00
2.508467761182223921e+00
2.517794557401964450e+00
2.522005040548473964e+00
2.529507407906398164e+00
2.536681902044918946e+00
2.542163309320353726e+00
2.548579903675113112e+00
2.556014294793539143e+00
2.562136169645314876e+00
2.567272109417594983e+00
2.573955277121018792e+00
2.581023603929374577e+00
2.586697904539417170e+00
2.590376157619517450e+00
2.599285476866885158e+00
2.597997614227507857e+00
2.610445369445277386e+00
2.613942151980193973e+00
2.618504577652824405e+00
2.624150600619217233e+00
2.631735755506210861e+00
2.637558037268039612e+00
2.641559570568974280e+00
2.647939261777119135e+00
2.652520974091090444e+00
2.659953367778913780e+00
2.663894587994413143e+00
2.670392321953272141e+00
2.672230124880202062e+00
2.678944742469310025e+00
2.684398186730012181e+00
2.689672378217032200e+00
2.694858211064950382e+00
2.698336052278638153e+00
2.701443879619430000e+00
2.710182299658344451e+00
2.713619278704654914e+00
2.717080073023802722e+00
2.721193025200285387e+00
2.728330192594877968e+00
2.733473370054331220e+00
2.737492685665990688e+00
2.741616653505281498e+00
2.747789347147886030e+00
2.754019770265801803e+00
2.758029005436966052e+00
2.762065044065132202e+00
2.766362828558574183e+00
2.768920496251292551e+00
2.776883729929629396e+00
2.780034648855402413e+00
2.785577288008248775e+00
2.788320627200411295e+00
2.792364908243119448e+00
2.796511596060773375e+00
2.800445294167956956e+00
2.806193592265252779e+00
2.811219091109239621e+00
2.813383758354346842e+00
2.818128096936078020e+00
2.823222315461841880e+00
2.827539221406747849e+00
2.829662070438942578e+00
2.835238673018921851e+00
2.839563170836484574e+00
2.842179951705775753e+00
2.847760163169412273e+00
2.848185295921414451e+00
2.855329502440003164e+00
2.858424703905007025e+00
2.860907934437422639e+00
2.867920174663775246e+00
2.867768652130459284e+00
2.872011737788866093e+00
2.876367124857233115e+00
2.880640933864446307e+00
2.883957102826144592e+00
2.889099030986565175e+00
2.892167400286851375e+00
2.895577322108683127e+00
2.899202908434377779e+00
2.904201995032622108e+00
2.905968009885175896e+00
2.910005912574795683e+00
2.913736306248211783e+00
2.918197172198718548e+00
2.921107292721421445e+00
2.924672692131573104e+00
2.928882721190562144e+00
2.931049743258505647e+00
2.935592093400980040e+00
2.939745662579829943e+00
2.941629630169496412e+00
2.945658303351445628e+00
2.947853758105069666e+00
2.951621766090376298e+00
2.955150338523353071e+00
2.959886135815349206e+00
2.962233679799063601e+00
2.964995079397792832e+00
2.968797549741867048e+00
2.972577427563896979e+00
2.975820159200836645e+00
2.977365263737258960e+00
2.980483075462392772e+00
2.985027194257522165e+00
2.988453122795739603e+00
2.990724727901326485e+00
2.993898456995977231e+00
2.996552756496052794e+00
3.000433903790850731e+00
3.003781516398703832e+00
3.004588012878770087e+00
3.008436828709923461e+00
3.011538839548794755e+00
3.017349972054004681e+00
3.019097821516277591e+00
3.022227741254983613e+00
3.024834364592484004e+00
3.025758049814312844e+00
3.029147483964883758e+00
3.033050224735113876e+00
3.034563946948289459e+00
3.038734997545707195e+00
3.042589264249472070e+00
3.044760269839852374e+00
3.047065408719873858e+00
3.050871595487818055e+00
3.052619153860608225e+00
3.056175542096614794e+00
3.061212564506233136e+00
3.060721146260672043e+00
3.064091613772618850e+00
3.067538877930845675e+00
3.070576157957544350e+00
3.072568190565930113e+00
3.075792297170413914e+00
3.077785989198734473e+00
3.081327526486581370e+00
3.083560380271892498e+00
3.084686761167384716e+00
3.089018988907463292e+00
3.092581268035082598e+00
3.094404906716355264e+00
3.095291564735942025e+00
3.099535670866355730e+00
3.102047401076033939e+00
3.103863836053600167e+00
3.106647136706162105e+00
3.109105586327141513e+00
3.110135269046211182e+00
3.113573751613297524e+00
3.116872706746355970e+00
3.119958014122881540e+00
3.123689552649207890e+00
3.124069630134246545e+00
3.127868323955077745e+00
3.130098336577100682e+00
3.134156039764914414e+00
3.133004642321894906e+00
3.136174061639238175e+00
3.138780164657452243e+00
3.141970663030768662e+00
3.144857457988019078e+00
3.147181122236702322e+00
3.148582731273850577e+00
3.150945689740832112e+00
3.153185848778883305e+00
3.156180972539609275e+00
3.158549498266468802e+00
3.160780369832563164e+00
3.163071409503449782e+00
3.165216678892793123e+00
3.166989830873661038e+00
3.170696939288585536e+00
3.173384936275040147e+00
3.173696769772564874e+00
3.175594264457592075e+00
3.178944375069288064e+00
3.181827576845752237e+00
3.184319364033905142e+00
3.186132827373348686e+00
3.187860697927740183e+00
3.190505558481674164e+00
3.192602115451848022e+00
3.196115780523552719e+00
3.197767648283994291e+00
3.200144380048209669e+00
3.200680897229912336e+00
3.204120015684219780e+00
3.205757327777791321e+00
3.208486128205107146e+00
3.208994383463407374e+00
3.212709939271009674e+00
3.215141167382350229e+00
3.217107735548402569e+00
3.218458502305647784e+00
3.220782086698598334e+00
3.224201195147421206e+00
3.225315981434824675e+00
3.227241097531325487e+00
3.229886344280238575e+00
3.230635947777954708e+00
3.234734180515945745e+00
3.235973181055632253e+00
3.237383409499869025e+00
3.239678967239424168e+00
3.241816619658806964e+00
3.244390813648743599e+00
3.246195895637025153e+00
3.246804487103225334e+00
3.247984521866988938e+00
3.250769678908730587e+00
3.252482260217562704e+00
3.256267548492151942e+00
3.256521359940042881e+00
3.258614058009235759e+00
3.262080139075216323e+00
3.262954959136321165e+00
3.265953049958121301e+00
3.265974542600811770e+00
3.270050152090039131e+00
3.271309689723188363e+00
3.272970944538021953e+00
3.274437171595952378e+00
3.275880602693093557e+00
3.278169363300657668e+00
3.280846053196154966e+00
3.281202337850328998e+00
3.283075315892688639e+00
3.283546941362815996e+00
3.286562919690822593e+00
3.289310035699628099e+00
3.291647927386534889e+00
3.292812327070583578e+00
3.295343959199263484e+00
3.297167394191202305e+00
3.299339482958802083e+00
3.299720166958512113e+00
3.302800185648344655e+00
3.304462875030627078e+00
3.304319669273881210e+00
3.306860116480736078e+00
3.308617902518118381e+00
3.311948167677856603e+00
3.312734569999478573e+00
3.314427532945869004e+00
3.315933297728343998e+00
3.318303339052401491e+00
3.322157102995120237e+00
3.322474645515397285e+00
3.325303285342809723e+00
3.325340299870039207e+00
3.327954232122761535e+00
3.329871815478314456e+00
3.329643769752371085e+00
3.332040273038552325e+00
3.334424960086944889e+00
3.336139257204850495e+00
3.338765645441879037e+00
3.339468158776868201e+00
3.341105198662861930e+00
3.341994833828780376e+00
3.343615678954805048e+00
3.345228332936107218e+00
3.347350001262984431e+00
3.348929897308237535e+00
3.351174801230855316e+00
3.353590462895338575e+00
3.354260965401930417e+00
3.354973712677175257e+00
3.358302667254441598e+00
3.359475231055871980e+00
3.360488639507109632e+00
3.362099615319402712e+00
3.363323432710314087e+00
3.365655868771513681e+00
3.367417292082416580e+00
3.368627173069594249e+00
3.370931620080096724e+00
3.371910574232620306e+00
3.373189160398660569e+00
3.375888960268386807e+00
3.376525193433410177e+00
3.379779735387893336e+00
3.380805064242049518e+00
3.383629526415673272e+00
3.384927492587059383e+00
3.384309835991266002e+00
3.386635348366217269e+00
3.388221760315073272e+00
3.390117944526219951e+00
3.391381136918426353e+00
3.393425894065006609e+00
3.393740333119476205e+00
3.395819382695774546e+00
3.396116222315976874e+00
3.398692007465527354e+00
3.400393960126058879e+00
3.401641322455324357e+00
3.402608734818780345e+00
3.404786946476794807e+00
3.405974565936515042e+00
3.406128257461234377e+00
3.409533524441112462e+00
3.410660207400484367e+00
3.412013314505548234e+00
3.413424536539160670e+00
3.416133616436510589e+00
3.416069003462097076e+00
3.417973865625118179e+00
3.418839346894422260e+00
3.420640108367060783e+00
3.422422224695869986e+00
3.424096741096056995e+00
3.425244950332221983e+00
3.426598429737865992e+00
3.427964075928375820e+00
3.429722550882353449e+00
3.429904019349271138e+00
3.431878622236802290e+00
3.433158401873591004e+00
3.434679080018569586e+00
3.437194723927782469e+00
3.436556311117826557e+00
3.439942092901591142e+00
3.441634056879369741e+00
3.441176737771525218e+00
3.444410390533950928e+00
3.445301387127699844e+00
3.446506804300996762e+00
3.447977098746699109e+00
3.448522821527328919e+00
3.450123680708634399e+00
3.451455514465583185e+00
3.451905816098036706e+00
3.454808294139317670e+00
3.456708359508413153e+00
3.457442529144590271e+00
3.458716824724393568e+00
3.460358035805747967e+00
3.461319303764429200e+00
3.462389599245150773e+00
3.463865335400012402e+00
3.465237721789009573e+00
3.466877538546683013e+00
3.467879381821676432e+00
3.469237416604645130e+00
3.471042769327412625e+00
3.471862529983658519e+00
3.473039260956159779e+00
3.473884531433798717e+00
