-3.761394137904133239e-01
-7.915069915043446451e-04
-3.927098298059102793e-02
-1.778868540072009896e+00
-1.455692256969529641e-01
5.126430952844113209e-01
1.121478988281478184e+00
5.849718071002264486e-01
-9.794223002253534816e-01
1.943184983136036215e-01
1.210272810728844961e+00
-2.095236526173953340e-01
1.513633235232644481e+00
5.180346012565277547e-04
2.652665656975152775e-01
-1.082730408884094775e+00
9.176768415150519109e-01
-2.146166003141866341e+00
6.076701363484682261e-01
9.015333020560839516e-01
1.768968220325906282e+00
-4.333259201079327494e-01
1.394064791323652353e+00
-2.481792539675641562e-01
-2.249037365669920019e-01
-5.975530786359243944e-04
-1.771415066510649838e-01
-1.943244668973046041e+00
-7.388133307844737541e-01
-1.777600018634961088e-01
1.808664774642076978e-01
2.250227658622684090e-01
-6.340665130410327865e-01
-1.885402007050237527e+00
3.569662939205129337e-01
-4.547899106477831799e-01
-1.046313755813634394e+00
-6.066295709605593056e-02
2.913938921971284679e-01
6.937245423531429589e-01
-2.017942306616355153e-01
1.074469205317060805e+00
2.168456808333485419e+00
6.027649572906872422e-01
-2.395888911517960462e+00
4.852460588003536524e-01
2.280456637457548119e+00
5.271509218691672327e-01
1.119984140549154100e-01
-1.179245597003628854e+00
2.477661390804682673e-01
3.853871806568014979e-01
-1.443983675397909894e-01
-9.311475537244671141e-01
1.333565539662770472e-01
-9.528093429907656675e-02
-1.216706793339539461e+00
1.533563850419027652e+00
-1.563342195661755030e+00
-1.869981692544135377e-01
3.330700266005993671e-01
-3.017469714508309031e-01
1.898530717561316417e+00
-3.442610269332159190e-01
