-7.805422974627163815e-15
-1.293409823688307409e-16
-1.301736496372996004e-15
-1.262323578998802900e-15
-8.404388296412435327e-16
-4.130029651605582547e-16
5.939693181744587836e-17
-1.826316875508382529e-16
-1.254552017826426772e-16
6.938893903907228378e-16
-4.402034292638745525e-16
4.504729922416572781e-16
-1.025846074753644667e-15
-2.253197628476755388e-15
2.828570710988742481e-15
3.045064200790647928e-15
1.394440118929196670e-15
-7.506495425246840132e-16
-7.016678904570028660e-15
1.710853680947366245e-15
-6.412266551070189406e-15
-3.400127401853580914e-15
-6.203718094788257215e-15
-8.576472865229333880e-17
-6.186440248967528154e-15
5.898337374077300158e-15
2.376709939966303738e-15
-3.105293799876562717e-15
3.219091659900641499e-15
1.051658760076179549e-15
-6.494804694057165367e-16
-9.797718192317005680e-16
-2.873257187729905016e-15
-4.461986335968503884e-15
-3.608224830031758756e-16
1.051270182017560703e-14
-5.812017533912694647e-15
5.808131753326506189e-15
4.890532423473814837e-16
4.760636329592671529e-15
-5.792033519469441861e-15
1.967315199635777263e-15
1.071975841426819973e-14
4.933276009921883340e-15
6.463163337855349179e-15
6.378231276471524640e-15
3.102518242314999984e-15
2.761124662242764426e-15
3.800293413291910491e-15
-4.013456234019941130e-16
-2.660649478514187633e-15
-2.366440376988521308e-15
-8.084644065320389170e-15
-6.371569938323773449e-15
2.953193245502916555e-16
9.832135106080386574e-15
-5.640488076608107772e-15
-7.879807917277047915e-15
2.639000129533997049e-15
-1.185163078787354686e-15
-3.957945082788683007e-16
5.307421169220560810e-15
2.157163336846679126e-15
-1.019684336966975012e-14
-6.812883590612273331e-15
-1.940114735532461212e-15
-1.012523398458142796e-14
-5.791478407957128998e-15
-1.207367539279857738e-15
4.533040609544513965e-15
-1.678657213233236602e-15
5.366818101038007095e-15
-8.411604746072498592e-15
1.407762795224698462e-15
-5.530575997170217054e-15
7.094325127354749938e-16
8.206768598029157336e-15
-3.144706717250755822e-15
5.241918010767676984e-15
-2.787770014833768010e-15
1.754540956966366101e-14
-5.127009927718972872e-15
8.468781231840694217e-15
-4.847788837025745939e-15
-3.475553178589052518e-15
8.548717289613705558e-17
-4.649058915617843013e-15
-5.099254352103343959e-15
3.089195566019497995e-15
-1.045330488835816153e-14
5.987432771803469191e-15
8.865130851631875330e-16
-2.920996777788786716e-15
2.065014825802791323e-15
-2.059463710679665461e-15
-3.322342401190781026e-15
9.276468482255496231e-15
4.722333635243102966e-15
-4.404809850200308259e-15
4.576339307504895133e-15
1.508237978953275255e-15
1.079691891447964736e-14
-4.133915432191770315e-15
9.803269307440132331e-16
7.665534873524393523e-15
-9.321432514752813619e-15
9.088840791093843450e-15
-1.014799355658624348e-14
-3.658739977652203190e-15
-6.573075417293239108e-15
-1.497690860219336197e-15
-8.368306048112117423e-15
2.998712389512547989e-15
-7.566169912820442454e-15
-3.737565812400589399e-15
-4.536926390130702423e-15
-7.572276139455879995e-15
1.063038546078587387e-14
3.476663401613677848e-15
-6.429856647116594009e-15
3.431699369116358882e-15
3.208544541166702540e-16
-7.545630786864876806e-15
-1.746380817735371285e-15
-5.247469125890802451e-15
5.892508703198018654e-15
3.932965064734616729e-15
4.889977311961502172e-15
4.516942375687449637e-15
5.528910662633279256e-15
-2.759459327705826629e-15
-1.081357225984902494e-15
-4.318767565791859080e-16
-4.156119892684273762e-15
-3.462230502293550529e-15
-7.535083668130937945e-15
-1.591504705800161838e-14
1.282918216105599716e-14
8.234524173644786250e-15
-4.145572773950334901e-15
5.017652959793395016e-15
7.965295090173186104e-15
3.840816553690728925e-15
1.771582880394362216e-14
7.460698725481051676e-16
-4.523603713835200040e-15
1.156796880508181782e-14
-5.872802244510921904e-15
-7.216449660063517513e-16
5.978273431850311302e-15
5.965783422823278607e-15
-5.611067166455541061e-15
-6.977751709769109014e-16
7.806533197651787962e-15
-4.844735723708027169e-15
-6.352973702661301635e-15
1.633720936311533516e-14
4.398981179321026755e-15
-1.434352636664470917e-14
1.749766997960477852e-14
-4.798661468186082478e-15
-1.238426028393746486e-14
2.080280392391387147e-15
4.405920073224933983e-15
6.046274592108602614e-15
-1.020572515386675237e-15
1.583400077720398308e-14
-1.058458876102008680e-14
-5.459521723594206972e-15
1.013716888209614859e-14
1.554700812533837924e-14
2.431388423929092764e-16
-7.628897513711763546e-15
-6.152578446716460911e-15
1.749433931053090450e-15
3.530731262912922628e-14
-6.956102360788918430e-15
5.658529200758266724e-15
8.474054791207663647e-15
-1.122435477896033199e-15
1.575323205216250383e-14
3.724798247617400173e-16
2.984307245768036511e-14
-1.863259546652784441e-14
-3.578803919879192045e-15
-2.896294315490876967e-15
3.674838211509268307e-15
-9.935940958882838963e-15
-7.256417688950023085e-15
8.779088567223425659e-15
-8.376632720796806019e-16
1.766448098905470804e-14
1.789041137456593017e-14
-3.873568132917171233e-15
9.967027203572341895e-16
-7.158718062783009814e-15
1.820765760385256618e-16
-1.139810468231417032e-14
4.499733918805759585e-15
3.927136393855335225e-15
-2.767369666756280774e-15
-1.190714193910480350e-15
-2.993300052267500146e-15
-1.547595385176237073e-14
4.915928775162115269e-15
-2.627342787775432858e-15
-2.088745842954153760e-15
-6.862427293086170847e-15
-1.245462066812308485e-14
-1.027747331683315293e-14
-8.186368249951669706e-15
4.967692923685262656e-15
3.782807400654064401e-15
-1.047328890280141353e-14
-3.052974539841102468e-15
2.190747583341590333e-15
-9.645062526431047691e-17
2.219696648708691151e-14
1.312866482194863213e-14
4.505840145441197914e-15
-2.854938507823590028e-15
-9.725067973143097599e-15
1.187182296913391667e-14
-1.117203551892487174e-14
1.043790054389148730e-14
8.230569004119559571e-15
-1.304956143144409067e-14
1.395675242044092177e-14
-8.088876790601773463e-15
-2.088260120380880301e-15
-7.965988979563576196e-15
6.088046733410124002e-15
-1.386286918592105558e-14
-1.796465753933773625e-14
-7.824747794149544436e-15
1.132583610230497521e-14
3.666442149885540308e-15
-7.777528621133455305e-15
2.122878262067473454e-14
-3.488632993597917581e-15
5.753626741711314784e-15
-1.173963704026448271e-14
-9.278168511261952646e-17
1.337716863550417821e-14
2.026389039205822521e-14
-1.424593082388625362e-14
2.233060958367616308e-14
-2.539242253962736940e-14
-1.019663520285263309e-14
1.571548446932524813e-14
-1.482744482750320091e-14
-2.116650604788716780e-14
-1.207568767203071022e-14
-6.816248954155668432e-15
1.422827133890081238e-14
-3.017169847296940996e-15
1.269817584415022842e-16
6.666889262874064710e-15
-1.850207487219534983e-14
-7.915265665126014735e-15
1.181749142986632200e-14
-1.565414464721470633e-16
2.156261280639171218e-15
7.727637973964363532e-15
1.104422109321490167e-14
-7.983891325835656340e-15
-2.114211583581493477e-14
6.169370569963916908e-15
8.093109515883156178e-15
2.261885123644446910e-14
-9.757750163430500897e-15
-7.192718642912154287e-15
-2.682812305643267438e-14
-2.245148511548222830e-15
-1.273287031366976407e-15
9.086620345044593579e-15
9.236778009125146695e-15
-1.317349007656787307e-14
-1.397770788003072069e-15
-1.605993116271520206e-14
8.264777751065821071e-15
-1.221009404694939405e-14
1.278116501524095863e-14
-6.096650961850969029e-15
5.938305402963805730e-15
6.460526558171863675e-15
-2.838757007239678337e-14
2.398609089127035228e-14
-8.962552922042733156e-15
9.015010959956271424e-15
1.323857690138652363e-14
-2.192579451332221753e-14
-7.181477634787825334e-15
3.078287624802555734e-14
-1.293548601566385546e-14
-2.456923553495471314e-15
2.593814052431753175e-14
-9.451328608633957124e-15
6.749600878208639377e-15
-3.170519402573290901e-15
-1.781380598586679147e-14
-4.423378330287164469e-14
5.282163595410338593e-15
1.285305195608543683e-14
-2.212424687897396363e-14
6.006029007465940216e-15
-2.126188114459637190e-14
8.654188476953095548e-15
-1.650901637617607689e-15
1.268984917146553894e-15
1.785710468382717421e-14
-1.040556529829927904e-14
1.351529999027434308e-14
4.324318680914985040e-15
1.022737450284694256e-14
-1.451061493185079630e-15
1.439626196031440347e-14
-1.466909926861603683e-14
1.114747183450504041e-14
-1.194239152013665211e-14
4.752309656907982540e-15
-1.796646165175275049e-14
-3.901878820045113008e-15
-2.393585329940606231e-14
2.555983202867650978e-14
-1.108252378756446944e-14
-4.536371278618389561e-15
1.486782919002393896e-14
-2.771671780976703287e-15
6.994405055138486007e-16
-7.041589533685055634e-16
-4.382050278195492739e-15
1.162153706601998181e-14
1.582345365847004304e-15
-2.065847493071260222e-15
2.529643161608419114e-14
3.440775442342669723e-14
2.462502424194212937e-14
1.016187134439405794e-14
-1.361771806429601371e-14
2.752242878045763127e-14
-4.506395256953510776e-15
-1.320887843547780089e-15
-2.778610674880610516e-15
-1.582095565666463674e-14
1.035421748341036650e-14
-8.781864124784987604e-15
-1.564026685940689276e-14
7.084888231645436210e-15
-1.225103352098244576e-14
-7.453482275820989002e-15
-1.522282300214783491e-14
1.170730179467227603e-14
9.919842725025773058e-15
-1.818212247428618980e-14
-1.026456697417188461e-14
-7.177591854201637665e-15
-9.393597011353449425e-15
-4.827804822582493153e-15
1.249500503064382447e-14
8.881784197001252508e-18
-9.923728505611962305e-15
2.565170298396424234e-15
6.346589920269707269e-15
-8.499867476530198726e-15
-8.329448242250237576e-15
1.628086554461560922e-14
-9.997558336749534331e-15
6.841749389252527180e-15
1.560362949959426121e-14
1.458388965147605783e-14
-2.994771097775128560e-14
1.579514297134210324e-14
1.024014206763013129e-14
-1.224020884649235086e-14
-2.433497847675880596e-14
-2.439048962799006378e-14
-3.060884878891556614e-15
-1.901978574636586902e-14
5.366262989525694233e-15
-1.013633621482767890e-14
-1.071143174158351074e-14
2.570332835460931013e-14
-2.708389068573069254e-14
2.663813614134369371e-14
-2.992495140574647166e-14
1.647015857031419665e-14
-2.597921877622866147e-16
-1.973199381666290606e-14
-3.246458657457651725e-14
-3.598232822810131969e-15
-3.368028078654106240e-14
-2.308708779708012900e-14
-2.999100967571166519e-14
1.339484079210251429e-14
-1.740885213763476789e-14
-7.893685705084862371e-15
-1.148858785882112032e-14
5.456746166032644238e-15
1.018685136244812333e-14
-1.192379528447418148e-15
1.679822947409093179e-14
-2.142175326014239734e-15
-4.517497487199761711e-15
-3.969047313034934829e-16
-2.942146526407896039e-14
1.097455459841967177e-14
1.008915173628111006e-14
9.837131109691199968e-15
2.763345108292014692e-14
1.291744489151369611e-15
1.250888281845163893e-14
7.421285808106858768e-15
-2.405520227455326537e-14
-9.465761507954085232e-15
-1.215194611603465072e-14
2.384703545743604852e-14
2.147670929986133994e-14
2.434052959188193300e-14
1.698197138466639533e-14
-1.921240944113833362e-15
7.603917495657696577e-15
-5.412337245047638135e-16
-1.444178110432403767e-14
-1.687594508581469149e-14
1.681155215038643418e-14
-6.378786387983836714e-15
6.059597268404104208e-15
2.684519273543628641e-14
-1.146471806379167908e-14
2.098321516541545753e-16
-1.627031842588166839e-15
-1.494415702296691848e-14
-8.948952689991074736e-15
2.962630141212230086e-15
-1.629973933603423550e-14
-1.600997112660707128e-14
1.176281294590353426e-15
9.617862062327730605e-15
1.176114761136659606e-14
-1.378286373920900543e-14
-1.738054145050682690e-14
4.330147351794266544e-14
-1.034949903555570914e-14
-1.210143096841420629e-14
8.514855487362637329e-15
-5.986322548778844255e-15
-8.094080961029703884e-15
1.833533325168446090e-14
1.690925177655344745e-14
-6.820655151784649459e-15
2.084277195280037783e-14
8.686940056179537855e-15
6.152300890960304874e-15
9.606759832081479671e-15
1.557753925851557167e-14
8.573697307667770752e-15
5.062616992290713390e-16
-2.100652984893258778e-14
2.273181642920008017e-14
-2.304378909911974941e-14
-7.072120666862247478e-15
1.260214155252015246e-14
-1.210975764109889528e-14
5.482281295599023281e-15
-1.899536083982411570e-14
-2.898459250388896104e-14
-8.480438573599258802e-15
7.419065362057608897e-15
1.712519015484304042e-15
-1.636801805204868363e-14
1.051991826983567029e-14
-4.429789868254374439e-15
7.021050407729490183e-15
-5.758171717218374618e-15
2.143174526736402097e-14
2.731148640577885247e-15
-2.005617893985345432e-15
1.234568003383174105e-14
-2.247313446446241730e-14
-8.620881786214340181e-16
-1.620148459835491015e-14
1.980637875931279331e-14
-7.999712003936566209e-15
5.573319583618286148e-15
-2.669642285013651505e-14
4.798383912429926441e-15
1.466216037471212960e-14
9.381939669594884840e-15
2.502997809017415610e-15
7.605027718682321907e-16
-1.071753796821894828e-14
-2.981281888025932555e-14
-3.644862189844388733e-15
1.438793528762971606e-14
2.100541962590796364e-15
2.047251257408788803e-15
-2.095823514736139322e-14
1.271760474708116825e-15
8.569256415569271010e-15
-1.943500915757567858e-14
-3.015421246033156624e-14
5.144218384600662925e-15
-7.242539901142208628e-15
-1.667888049894372557e-14
-2.615130334504556199e-15
1.157796081230344460e-14
4.027334021827755193e-15
-3.437805595751797212e-15
5.884182030513329664e-15
1.635858115633936892e-14
9.825473767932635481e-17
