2.307937647278076321e-01
3.371998659919801106e-02
4.541498506316617167e-02
2.130411541792252283e-01
2.171847746855896100e-01
-1.646171660052439256e-01
-1.123049479430528463e-01
9.591586510298037715e-02
2.084613463345260653e-01
1.090548659475196469e-01
2.067901396351445042e-01
1.497140323065327197e-02
-2.539452093955865131e-01
-6.590404449609819221e-03
-1.022357305993659288e-01
2.211713711453529851e-01
9.532693359069037420e-02
-2.406373339191831065e-02
2.053531214207884592e-01
1.186577899315554574e-01
-1.852207296867941777e-01
-6.108423459426321617e-02
-7.799352484801582407e-03
2.007602845720458662e-01
5.574782400971704105e-02
-1.770644678952778828e-01
-1.492727745629776892e-01
-2.957631058977727712e-02
4.704796789515365563e-02
5.197046679588361584e-02
2.163911069976584833e-01
-1.073802804466957028e-01
-9.673573436867934083e-02
1.482861745228025441e-01
-1.183018737838896633e-01
-1.809260434979514942e-01
-1.805515430253732123e-01
1.758853019916607405e-02
-8.595544623019382713e-02
-7.455536676531196449e-02
2.171324888720796431e-01
-1.439976008562211460e-02
-2.351980893880919674e-02
5.503783025611169027e-02
2.730160294176696700e-01
1.860078089566356840e-01
1.545873269489033419e-01
-1.885672080847601295e-01
-1.109286442211866591e-01
-1.276887354314755474e-01
-9.789225398301182324e-02
8.084943471766896372e-02
5.414219190335842896e-02
-1.393507414400095394e-02
1.195050459689919881e-01
9.217849154940008227e-02
2.197803975399298393e-01
-2.085281427327243808e-01
1.518469496816848563e-01
2.189389185119421655e-01
-1.132399654359505931e-01
-2.896266491727188686e-03
7.376114668062033752e-02
2.047923787623160963e-01
