-7.428007241809490326e-03
-9.896380351336563769e-03
-1.407868958992959316e-02
-1.962223902433325728e-02
-1.583650041539895470e-02
-2.108976288827804982e-02
-5.417956403317281296e-03
5.196796153670890303e-03
5.736552225281098261e-03
1.820402929185619550e-02
3.509112013154276621e-02
6.637545538266456657e-02
7.099019116583579758e-02
9.701408237418986114e-02
1.215977169642259020e-01
1.381551096400220613e-01
1.550846460847813413e-01
2.013783884023363779e-01
2.369619799803820981e-01
2.462580697163557486e-01
2.771536090403217689e-01
3.029605344589689220e-01
3.351483748439778032e-01
3.628270754081058258e-01
3.990593675928412742e-01
4.171562372757008363e-01
4.372855898165551314e-01
4.781425485840813394e-01
5.104555084165403045e-01
5.340423010403538839e-01
5.605084882998597751e-01
5.903196083837822794e-01
6.178975139350357804e-01
6.464074618801531891e-01
6.687159365345477502e-01
7.024992439108784792e-01
7.186510726894630441e-01
7.518981799798797327e-01
7.764378338050823558e-01
7.969054420318523180e-01
8.288231849234638515e-01
8.587698573613834485e-01
8.860612706660626614e-01
9.101723960032559457e-01
9.304854158024450372e-01
9.607206933117236058e-01
9.809660598998060088e-01
1.001748996605502651e+00
1.027238301757068539e+00
1.052912923510464394e+00
1.078952529551529427e+00
1.101107758919016355e+00
1.118233354437912830e+00
1.145464648294294063e+00
1.172323246351764769e+00
1.188976216368551553e+00
1.212907185087253925e+00
1.232237167183424242e+00
1.257652458387578331e+00
1.275515228906023202e+00
1.295483557291752019e+00
1.318603427962955488e+00
1.338052048559774443e+00
1.357343498250941360e+00
1.375476439328168210e+00
1.397077524423198769e+00
1.417356757057909755e+00
1.437181727829203171e+00
1.452806685595034564e+00
1.469766778014017117e+00
1.488167347871357293e+00
1.512041803303684651e+00
1.528264566701700966e+00
1.540941398139737295e+00
1.563198170054394653e+00
1.577155945782509949e+00
1.594665519570077183e+00
1.613462994353042301e+00
1.627699552525151860e+00
1.643461845077704098e+00
1.661587115626836475e+00
1.675646029429214146e+00
1.692023599069772288e+00
1.710245137830723072e+00
1.725904059858534012e+00
1.742560512104936343e+00
1.755178879077527121e+00
1.770016309441362568e+00
1.784586684452141636e+00
1.800282011922794467e+00
1.811775887496601678e+00
1.830530663542365044e+00
1.841943972428468523e+00
1.855404296209284043e+00
1.868333537191158467e+00
1.880725960542616537e+00
1.895528695376003103e+00
1.908666780710450261e+00
1.921960508613044905e+00
1.933317947551926652e+00
1.947381671422157678e+00
1.960667738345488909e+00
1.973863802342572971e+00
1.987102383962073837e+00
2.000608341839316129e+00
2.008956017691410523e+00
2.021024723778372945e+00
2.031133932771260753e+00
2.044611143802780528e+00
2.054790652537870521e+00
2.068022424059563047e+00
2.075326435395692393e+00
2.087700784597497528e+00
2.098097447589960307e+00
2.107062727821055859e+00
2.122100115875291682e+00
2.129958924044430546e+00
2.141346737894378460e+00
2.149653995203229417e+00
2.158535309819804571e+00
2.167907687329319266e+00
2.180515744521349220e+00
2.186093195773492592e+00
2.200564851549060563e+00
2.208620162975774903e+00
2.219969764811175139e+00
2.228481054047751986e+00
2.237007012181722931e+00
2.245838798970127836e+00
2.254353775991698505e+00
2.265360737102712463e+00
2.273772315055649251e+00
2.281073535547475384e+00
2.289806898890764053e+00
2.300191322894852952e+00
2.306468808360955247e+00
2.313703416900950494e+00
2.325134754994556019e+00
2.333858826782230000e+00
2.340931624569492886e+00
2.348345324349246255e+00
2.354872265582450108e+00
2.367688808488678465e+00
2.373327971876446174e+00
2.382091744318256321e+00
2.387824950334484608e+00
2.397847449022762589e+00
2.404755883810262507e+00
2.411686572156679809e+00
2.418693548549766703e+00
2.428576117425124803e+00
2.434925300524932723e+00
2.440348622807585244e+00
2.450342864807798726e+00
2.454944123016295165e+00
2.460157930686426742e+00
2.469767694903350908e+00
2.474789877078442224e+00
2.483851980537556070e+00
2.489020267033780875e+00
2.495148224300367978e+00
2.503668068315660022e+00
2.508111130526085475e+00
2.515246117460989250e+00
2.522990301323781992e+00
2.528305218638989160e+00
2.534757979895868818e+00
2.542130588303892047e+00
2.548623883225378250e+00
2.553705273101080753e+00
2.560161345946512679e+00
2.567010299920131189e+00
2.571813617556399922e+00
2.575998329867112080e+00
2.585251699122931512e+00
2.583477691167399115e+00
2.596460792435534071e+00
2.599558156259531128e+00
2.605162754432744254e+00
2.610223309946015480e+00
2.617456917087630064e+00
2.623302765710333606e+00
2.627291442046329806e+00
2.633621101691999034e+00
2.638249069763506593e+00
2.645783164086550787e+00
2.649357839328736031e+00
2.656186760405085057e+00
2.658170901501208050e+00
2.664717656446955463e+00
2.670363230211107997e+00
2.675863753311476412e+00
2.680606753451617141e+00
2.684185742287897636e+00
2.688127641361615527e+00
2.695500466511901561e+00
2.699581235946163282e+00
2.703173715736775673e+00
2.707497006621248037e+00
2.714292336630717450e+00
2.720079943439193126e+00
2.723127225340236102e+00
2.728373169210906557e+00
2.733944657188907446e+00
2.739799243299195997e+00
2.744325356442259167e+00
2.747445599742638578e+00
2.752694028006726246e+00
2.754922455011151072e+00
2.763437164551945102e+00
2.765765626353870132e+00
2.771341128237442497e+00
2.774308570413324126e+00
2.778311065173107774e+00
2.782563919019376275e+00
2.786137493927278275e+00
2.792451783583202118e+00
2.796589495600306563e+00
2.799343377507780062e+00
2.803965035646410975e+00
2.808787998625284388e+00
2.813254133461522866e+00
2.815220772935986826e+00
2.821012892371825842e+00
2.824874388826758675e+00
2.827705687649186839e+00
2.832871045342710392e+00
2.833615172475568045e+00
2.840995709628239663e+00
2.843885543823044149e+00
2.846212400586096258e+00
2.853289640005936434e+00
2.853101807476024376e+00
2.857483830162965699e+00
2.862316601734641530e+00
2.867040076076821986e+00
2.869292371532281560e+00
2.874561842410070511e+00
2.878014463774131393e+00
2.881756418231317340e+00
2.885584997216728009e+00
2.889850217972596447e+00
2.891717825473868242e+00
2.896017404854659638e+00
2.899262513407026010e+00
2.903680696019991458e+00
2.906594722382753293e+00
2.910496798251206663e+00
2.914570685603262934e+00
2.916804664495566968e+00
2.920626768509679838e+00
2.925337804947823361e+00
2.926999470949334992e+00
2.931926528866075188e+00
2.933344302289293548e+00
2.936974546735325209e+00
2.940881984050958575e+00
2.945794735728274993e+00
2.947657683045427746e+00
2.950425286838744388e+00
2.954048361059320449e+00
2.957763032757454447e+00
2.961252613301642356e+00
2.962766641628173936e+00
2.965694883571810880e+00
2.970115437107721856e+00
2.973803967903942080e+00
2.976962169753957888e+00
2.978802732657793939e+00
2.981780407362615737e+00
2.985541666660877169e+00
2.989671009849011796e+00
2.989611960473069985e+00
2.994514042124263753e+00
2.997274419736476236e+00
3.002303100518138201e+00
3.004529697548567135e+00
3.006888647753096500e+00
3.010231632332706297e+00
3.011301635100847918e+00
3.014338880803950182e+00
3.018027193480353976e+00
3.020560099734348469e+00
3.023759928222442550e+00
3.027820230143353886e+00
3.030035378910693300e+00
3.032443914205677160e+00
3.036251147399908312e+00
3.037548803869384972e+00
3.041777474857838559e+00
3.046110103813691072e+00
3.046634768137407079e+00
3.049578225075185056e+00
3.052935461233143855e+00
3.055831607976404740e+00
3.057695565547558392e+00
3.060928482465825606e+00
3.062486644864576668e+00
3.066334431548236594e+00
3.068689271137838404e+00
3.069994278148898470e+00
3.073765751625778364e+00
3.076790390059414460e+00
3.079618317245091497e+00
3.080642752728897094e+00
3.084593827603537619e+00
3.087110785757217979e+00
3.088591293685550632e+00
3.091621961546875408e+00
3.094380840064686389e+00
3.095331398012035162e+00
3.098892517203641450e+00
3.102226494198429663e+00
3.105788696879506983e+00
3.108623247744301654e+00
3.108919749921344344e+00
3.112287022324096597e+00
3.114933907935611757e+00
3.119283018507095662e+00
3.117981105519061824e+00
3.121320714353752912e+00
3.123362947098015319e+00
3.126770695987608928e+00
3.129294747744151284e+00
3.132207336411321208e+00
3.133573953872004214e+00
3.135910533536206746e+00
3.137927908637305308e+00
3.141138605931606431e+00
3.143235981197383122e+00
3.145229391177044587e+00
3.148003403677759326e+00
3.150179790042483052e+00
3.151612941269963386e+00
3.156084620677253039e+00
3.157775002941504816e+00
3.158245276316828942e+00
3.160611294397917881e+00
3.164291112576420595e+00
3.166168512362961263e+00
3.169346246001596867e+00
3.170878811486842253e+00
3.172684664860180082e+00
3.175510302518115946e+00
3.177538379132229807e+00
3.180401989764263249e+00
3.182338331970570255e+00
3.184414168204137585e+00
3.185403965292822104e+00
3.188998291699143728e+00
3.190625386208751024e+00
3.192919479019737050e+00
3.193620125280092648e+00
3.197599092808077081e+00
3.199843113266426453e+00
3.201579011427708288e+00
3.203349043420225861e+00
3.205089173761442645e+00
3.208315942324658554e+00
3.210026592882040397e+00
3.211465105916458285e+00
3.214338832458766948e+00
3.215340306145585192e+00
3.218711012464328114e+00
3.220399779863306833e+00
3.221767596295400882e+00
3.223663372505708224e+00
3.226223249225609102e+00
3.228207540145633825e+00
3.230604601818408916e+00
3.230887457882943625e+00
3.232185130523521188e+00
3.235419593508039870e+00
3.236753330227677417e+00
3.240635189263477933e+00
3.241206743878132013e+00
3.243406697786092696e+00
3.246031882788334766e+00
3.247431239944145620e+00
3.250398667025162336e+00
3.250124052106718953e+00
3.254384594244404738e+00
3.255709273622683142e+00
3.257496443984803314e+00
3.258903122637937244e+00
3.260069718236097813e+00
3.262062282929655943e+00
3.264763991025267487e+00
3.265744083941174658e+00
3.267833524577994364e+00
3.268711310161017902e+00
3.271333039717691626e+00
3.273124451774843013e+00
3.275728677044330350e+00
3.277349560451439991e+00
3.279654155358561862e+00
3.281735512477037542e+00
3.283031279090917742e+00
3.283964368649728183e+00
3.286743843012169375e+00
3.288616315813648328e+00
3.288992397692883873e+00
3.291281862571625361e+00
3.293346376638461859e+00
3.296392682543676678e+00
3.297666147978438822e+00
3.298355544143061202e+00
3.300471935597327544e+00
3.302305598515298701e+00
3.306083673359594854e+00
3.306369946885701072e+00
3.308991538168314150e+00
3.309413197030566245e+00
3.311642261130563369e+00
3.313384085221650732e+00
3.313279829609117488e+00
3.316147804338831495e+00
3.318220208578979591e+00
3.320733600140499231e+00
3.322630122385415774e+00
3.323719671534301590e+00
3.324953419642082686e+00
3.325886705351490225e+00
3.327395502048788423e+00
3.328993253436085098e+00
3.331279753929203835e+00
3.332620779008759637e+00
3.334574436804069730e+00
3.336792838785380688e+00
3.338449586298148919e+00
3.338819640227137064e+00
3.341635078470288622e+00
3.344100526833422293e+00
3.343700568718860566e+00
3.345592008581152133e+00
3.347119982250171599e+00
3.349447303442610657e+00
3.350895727927582168e+00
3.352062482078319139e+00
3.355048701935535060e+00
3.355386337672581210e+00
3.356780616349947621e+00
3.359109389400643408e+00
3.359490936928378080e+00
3.362851746400548514e+00
3.363967614970442277e+00
3.366937641528338521e+00
3.367614107528134060e+00
3.367076562535520790e+00
3.370077266781375869e+00
3.371697977925906642e+00
3.372916503852598336e+00
3.374004173525796624e+00
3.376448782757288658e+00
3.377222824953144631e+00
3.378695715153577250e+00
3.379790738675025441e+00
3.381355499425549471e+00
3.383605388893945243e+00
3.384948623504508536e+00
3.386073944530012536e+00
3.387946526173383432e+00
3.389117052383224138e+00
3.389706719079180086e+00
3.393041168283624121e+00
3.393698102782979120e+00
3.395765178391539241e+00
3.396425349204641453e+00
3.398988872077569834e+00
3.399194600705235381e+00
3.401375442242531744e+00
3.401961923165935708e+00
3.403796092753755165e+00
3.405315636500192866e+00
3.406761404679722549e+00
3.408542629041463545e+00
3.410114010896172054e+00
3.410647655444205562e+00
3.411935259526758912e+00
3.412924983081491170e+00
3.414947668367357192e+00
3.416374084395060962e+00
3.417511076658918512e+00
3.419992786464955525e+00
3.420111383748623446e+00
3.422836594920676490e+00
3.424594962512377272e+00
3.424008674097114291e+00
3.427677693837392514e+00
3.427692808584121842e+00
3.429533796382072453e+00
3.430841226889934426e+00
3.432045454227445447e+00
3.433370357051128696e+00
3.434322102508799546e+00
3.434971191607573360e+00
3.436772048698781390e+00
3.439622492676955190e+00
3.440222751950055446e+00
3.441855049881682227e+00
3.443577994223632199e+00
3.443832516438116276e+00
3.445444193012252132e+00
3.446585955694427827e+00
3.448232615249068100e+00
3.449780473055835017e+00
3.450899632261816841e+00
3.451369230037177438e+00
3.453067298474706170e+00
3.455235844484813690e+00
3.455720445028416243e+00
3.456589924730263608e+00
