-2.033299310215041789e-01
-1.169560083493100811e+00
-2.095562102778532054e+00
-1.462567661478961334e+00
-3.947349036448599136e-01
-9.780870378035324553e-01
7.198909741418472175e-01
2.195897864906321661e+00
-3.265446354895729653e-01
-6.203711418330756233e-01
1.118275430696122230e+00
4.449702259953069450e-01
2.576519912343064878e-01
6.922922592738123271e-01
1.653616528874908953e+00
-9.415122836977863480e-03
-1.511327997471385132e+00
-2.782732019553258773e+00
7.911534237861945762e-01
-1.164189746788991675e+00
-6.898585918289518171e-01
-1.091036932944361215e+00
1.596252734785228444e+00
1.670387893192734508e+00
-7.935696026110977686e-02
9.643638253578025177e-01
-1.169545176396053821e+00
1.878452327657160303e+00
1.065489626098521603e+00
-5.882013122135049121e-01
1.891721998408314898e+00
1.127796983491291982e+00
7.970914249212500413e-02
1.176510208684973691e+00
-7.654368546426494335e-01
1.888799142386796470e+00
-5.385719007474133457e-01
8.552868989340038919e-01
2.119711853678287294e+00
8.371877973351036228e-01
2.900311948367249038e-01
1.289145600897786181e+00
-6.706190794752135975e-01
-5.470244970975901566e-01
-1.106350156515414795e+00
5.196979506391508075e-01
-6.286081156304752504e-01
-6.484373573757563625e-01
7.126968238378340592e-01
1.848323483563849123e+00
1.090374340507750839e+00
5.683535987990359084e-01
-1.596007641229205964e-01
-1.618582637651667433e+00
1.208688755365097504e-02
9.913852383850718653e-01
1.650339873921736755e+00
1.170310643089979674e+00
-6.963073832351510672e-01
8.143775044312906441e-01
1.273471440417829559e+00
-1.118460041254865645e-01
-1.723082256016155445e-01
2.753488879531579503e+00
