-1.264952865498154139e-02
3.324724118419364414e-03
-6.412689696532125443e-03
1.213123296330519407e-01
4.684310282480896176e-02
1.229509119868557321e-01
-4.297003634315690185e-02
5.991402826101938084e-02
1.469395096013931951e-02
4.647352647871931010e-03
7.498840480773247275e-02
1.532407063574802580e-02
1.510649968603317884e-02
3.629672864036888325e-02
2.820939558943193117e-03
1.242030651100345211e-02
-1.564913243600777881e-01
2.505673142261551078e-02
9.129405538840024148e-02
-3.286735529748261147e-04
3.584715958054117413e-02
4.640963109817262261e-02
7.412102500434021579e-02
1.332528891197083502e-02
-5.087126921824163418e-04
-2.095152839586114646e-01
-1.274804024905080817e-02
1.285209039423739971e-02
-9.399103998878656496e-02
-6.510345678287567106e-02
-3.553840656568173911e-02
1.007434375175557395e-01
-2.518963695406245193e-02
-3.455962536616167396e-02
-4.154780455643940218e-02
-3.053590504573626407e-02
-9.493008764808115105e-03
-3.435925651248274149e-02
-1.552720626614910622e-02
-4.332181900745114833e-03
1.253190840476630097e-01
-1.150693961801733944e-01
-2.875034489418189579e-02
7.763733434566631036e-03
-4.296903764460210766e-03
-6.027292534688050846e-03
8.662312944075821128e-03
1.425770679348448144e-01
-1.426054078000229056e-02
3.441426754739910360e-02
7.835614189519764239e-02
-2.074479041997685791e-02
7.420720666581635599e-04
7.954348961546941002e-03
1.442368890629010779e-04
3.775788576406623465e-01
4.255532767408239103e-02
-1.414446447703581085e-02
-7.448819210496537271e-04
3.547540789477252043e-02
7.048435178575905395e-03
6.910458983709726055e-03
2.664646352458293482e-02
2.554581754394318061e-02
