-2.327601336981020494e-02
1.904026320074818021e-02
5.571179039174674677e-03
-1.942586971048171698e-02
-1.754704019838175966e-04
-8.372116411851811962e-03
4.465819934301241967e-02
1.623537983934954590e-02
-3.756844913255302180e-03
1.060956854327021722e-03
-7.592515966951868603e-03
-2.420578056034480147e-02
4.130092676064984515e-03
-5.700100679150482685e-02
1.466154565126362918e-03
-1.152921936778698517e-02
-1.417520020813158727e-02
1.681274141500108815e-02
-4.979393248960146262e-03
-1.109652157780923083e-02
3.705909033530425576e-04
1.533682503096035939e-02
-1.356869942007453596e-02
1.096580873725026654e-02
-4.649016327529991582e-03
6.165396749170910795e-02
2.443945620785826166e-04
-3.107116396255009318e-03
2.331234962395844351e-02
1.825799840451526948e-02
3.551250594631333302e-02
1.668512391964405150e-02
1.381892642867846299e-02
-2.036465304603924439e-03
5.785012112638476638e-03
-3.305698327129359682e-02
2.046853424445098657e-01
-5.519046172806425093e-03
2.556472855048497195e-02
1.826197319709937580e-02
-9.066441898792332831e-04
-1.239565259442262229e-01
1.531435301698699791e-02
-4.343183719048652677e-03
-5.617394872839058355e-04
3.085092611852564923e-03
3.627284910501964860e-02
-1.338472036245841323e-02
1.647252238902596408e-02
2.471872958158226885e-01
1.960386349193072031e-01
1.945341604371888383e-02
-9.115806971255484628e-03
-7.293518582354524549e-02
-1.064885811741603412e-03
-9.947175686391567656e-03
-8.223684795874759701e-02
-1.307919683664168428e-02
-3.663698275576883490e-02
-1.993570803773833319e-02
3.625255279880805134e-03
5.917923307251415216e-02
9.853781941812549128e-02
4.161265182602827406e-02
