-8.135978851684976254e-01
-1.153916205898829705e+00
1.051688690417633465e+00
-5.004407475147965023e-01
8.115546318761552858e-01
2.924152608476516813e-01
1.879749366125080812e-01
1.028676433123290712e+00
9.119251140252085941e-01
-1.514618097037510269e+00
-8.952093303562257132e-02
-2.386090052285096963e+00
7.380851032579729409e-01
-7.407029260292345985e-01
-5.583027919858456478e-01
-5.796262223450624473e-01
-6.068370040970312573e-02
-1.264544867589355998e-02
7.777211005898055918e-01
8.094131282454308796e-01
-1.316985754535328068e+00
-7.312094189653346454e-01
6.692828654925777609e-01
7.328757211984044950e-01
-2.358862637850011601e-01
-7.233122589162104266e-01
-8.532247186784233106e-01
-6.827315831789708689e-01
-1.089997338371126334e+00
-5.999410485926162107e-01
7.510695651507556247e-01
-1.428904947553877869e-01
-4.328900272437920943e-02
4.615276136001632001e-01
-2.350157625468427269e-01
-6.591823057899817706e-02
-4.785800070139049622e-01
1.060941853207700403e+00
2.257185883071229637e-01
-5.819776666199327070e-02
9.157909250862757977e-01
2.497204462195812824e-01
-2.603293641135066006e-01
-1.052359839059268776e+00
8.457614817204602842e-01
-7.124080709626678942e-01
4.107892393030390665e-01
1.252130940496251510e+00
-2.091634844313228214e+00
1.431397995226027398e+00
-1.080628990501693254e+00
2.132106433063963580e-01
-7.579745133460394912e-01
2.404791381063581812e-01
9.575461892428868138e-01
4.997307512784183309e-02
5.027371282617953963e-01
-3.336826879145225466e-01
-1.456805629869243113e+00
-1.440885883730704531e-01
3.188241433875481090e-01
1.041404853129988428e+00
2.505028154840458487e-01
-1.418112579701852560e+00
