6.600002510825435332e-04
3.699123693403257463e-03
4.859070948975289031e-03
7.008870304848528743e-03
6.282935094581708693e-03
9.273087148706827404e-03
1.316543279390798050e-02
1.597637782841134987e-02
1.634747504867068574e-02
1.566299967671782450e-02
1.852424256381033849e-02
2.267921982535157921e-02
2.622659172905278044e-02
2.076772378529812696e-02
2.199891321655998364e-02
2.304266627466018333e-02
2.614262759709630457e-02
2.834446809805406253e-02
2.743242820199316007e-02
2.753262446615913073e-02
2.635851708203441543e-02
3.012953442486213801e-02
3.106517725955614678e-02
3.309312632368704987e-02
3.399021766562900643e-02
3.398642207570857360e-02
3.708116987353050897e-02
3.795775771120350750e-02
3.900913457760761538e-02
3.953837111678773497e-02
4.395398289902836819e-02
4.292370405419160956e-02
4.698080989485073355e-02
4.571964905386591282e-02
5.083756416316073667e-02
5.167165049166851792e-02
5.294137697095746553e-02
5.614150689695242974e-02
5.454303241738549940e-02
6.031337312905763609e-02
5.806426250983876686e-02
6.130296931758841966e-02
6.400103792477362941e-02
6.374339517477972672e-02
6.699164253563676119e-02
6.938877108455954179e-02
6.952232900416725758e-02
7.456924712692973578e-02
7.217077396124682576e-02
7.618294908381406660e-02
7.639728126227018912e-02
7.607300349882650803e-02
7.876095265898765130e-02
7.853560332738884764e-02
7.874651354083010701e-02
8.293027494965078683e-02
8.500416028155284576e-02
8.444022832159740755e-02
8.638003764932385142e-02
8.899580023164037346e-02
8.905358855204376090e-02
9.239888384995710580e-02
9.292832549714626078e-02
9.440202534412556190e-02
9.471042166501297821e-02
9.137494221856500010e-02
9.251237460469913243e-02
9.587649840703378612e-02
9.589342808999885837e-02
9.641012494553771739e-02
1.003792502550639870e-01
1.011535593336803512e-01
9.983084550804482982e-02
1.021331345510445715e-01
1.015481289265535575e-01
1.021093367875184066e-01
1.003838909755570830e-01
1.024726018323144222e-01
1.028932540265364570e-01
1.053994977921273585e-01
1.042872773914626516e-01
1.063732457538211496e-01
1.042399877126315016e-01
1.053283779859803537e-01
1.074136767429477030e-01
1.088970277407067117e-01
1.073937637981116355e-01
1.100252570884930614e-01
1.098036153899854955e-01
1.086109975273376049e-01
1.091242862414771864e-01
1.093412509918225695e-01
1.077559517879622536e-01
1.099070993867686530e-01
1.107772388386336487e-01
1.081277251661907357e-01
1.100781822391702081e-01
1.116110001545126407e-01
1.098723777338551921e-01
1.106205540210522253e-01
1.103629787912387972e-01
1.103405520427946651e-01
1.108201167254029285e-01
1.098640018100161680e-01
1.117131483090961219e-01
1.119301709534635120e-01
1.110988489354691189e-01
1.118393487367217720e-01
1.104104562646368998e-01
1.107636790116282854e-01
1.102858540144605048e-01
1.118567517177539161e-01
1.107421392488992656e-01
1.105975491576274422e-01
1.106961052208862983e-01
1.101811147660454737e-01
1.104155023295601140e-01
1.111915377091048374e-01
1.078093548784641587e-01
1.096151116588034019e-01
1.093593449056033534e-01
1.084080726402728012e-01
1.094406918851723309e-01
1.088867617210255850e-01
1.101311146152159776e-01
1.093384728570742648e-01
1.075255457575317874e-01
1.086727711187960854e-01
1.067538616991292322e-01
1.081172432244704718e-01
1.074699795164637817e-01
1.091406194693525233e-01
1.064879877092285015e-01
1.069141630554688582e-01
1.070897709609489740e-01
1.068371358368189195e-01
1.067201314671355900e-01
1.067654607193252864e-01
1.054827652583489733e-01
1.057260577430522985e-01
1.052103046724707086e-01
1.055532222428587769e-01
1.046627252157572574e-01
1.040349140421317486e-01
1.046666373690262747e-01
1.040216458314869447e-01
1.040255278302133213e-01
1.026663973353116460e-01
1.032461419945614328e-01
1.038264806093154996e-01
1.034818590237530506e-01
1.033289977416495670e-01
1.025211860624445082e-01
1.021508700660517938e-01
1.020332217672173386e-01
1.002357916554622586e-01
1.013249610110723564e-01
1.022982741374763999e-01
1.006099432445107106e-01
1.008564744739004343e-01
1.014972059459877118e-01
1.004763282785988282e-01
9.975368634972492377e-02
9.984218888730374275e-02
9.947896393785091163e-02
9.912994607826577931e-02
9.927295860539731009e-02
9.836447553905193486e-02
9.852710094583050360e-02
9.846859963413723271e-02
9.878874488248516605e-02
9.863351224645111603e-02
9.798011858562447052e-02
9.647585795941313047e-02
9.662709119946435998e-02
9.610215894677945347e-02
9.634738641265369608e-02
9.680464098698467190e-02
9.571980262011606233e-02
9.611744336896599350e-02
9.578080083327326910e-02
9.586098923824333540e-02
9.600846052323956659e-02
9.603314315893890507e-02
9.524765915954057360e-02
9.531397942444962135e-02
9.550340308120684740e-02
9.518557184564678531e-02
9.521500200060957486e-02
9.466538665658072449e-02
9.409064551842949431e-02
9.464038333488995758e-02
9.411177233220249794e-02
9.442493377258179277e-02
9.462479971236821552e-02
9.377897800239022585e-02
9.364315818254714818e-02
9.370193451752870106e-02
9.351314985568946747e-02
9.367660102082608908e-02
9.383748045914795666e-02
9.448313380089090607e-02
9.344283349152203433e-02
9.284144288896374608e-02
9.387815539764983452e-02
9.389839906662124369e-02
9.360817444580618596e-02
9.386195776002612123e-02
9.298512932541648512e-02
9.291521506293894117e-02
9.340262835300677802e-02
9.382940162307122633e-02
9.348651440768597498e-02
9.385240128646392399e-02
9.312312715900801507e-02
9.359960683308476970e-02
9.359368208847018700e-02
9.339959183813195676e-02
9.315047266317248720e-02
9.401078312392274761e-02
9.382138125564012943e-02
9.372668372368686551e-02
9.386838977739150880e-02
9.374609653868556935e-02
9.419068550087210390e-02
9.358753043578110775e-02
9.399868184424187145e-02
9.435116975883453549e-02
9.407538028114137418e-02
9.431117113659930051e-02
9.464902751960661831e-02
9.413487614496174327e-02
9.444617858275307365e-02
9.443869234253164657e-02
9.447660738707948369e-02
9.515072078822602031e-02
9.526873087857330724e-02
9.463201031697385246e-02
9.456028967128421447e-02
9.480991831018646676e-02
9.489165320017223237e-02
9.540888779536944864e-02
9.531105235303431733e-02
9.620367272516996970e-02
9.528215683175020323e-02
9.578226678734109989e-02
9.630648703141027334e-02
9.590095650468767607e-02
9.644707064988598810e-02
9.680409324401856308e-02
9.629076707276836011e-02
9.708448876110124803e-02
9.701485048820877866e-02
9.687587910279357728e-02
9.734551940489928612e-02
9.760021123032870671e-02
9.753390793145973181e-02
9.786754848319544065e-02
9.791763924149780862e-02
9.800664513058672533e-02
9.828748975932309617e-02
9.858266370128854206e-02
9.883643758087570785e-02
9.867520788680640698e-02
9.882556989790017288e-02
9.906043321761952292e-02
9.932532700405674597e-02
9.941335619872038176e-02
9.952945841365014312e-02
9.977904422564817799e-02
1.005415706972397766e-01
1.002513577158760660e-01
1.005832030681944600e-01
1.008231293402398060e-01
1.011222181190347541e-01
1.018109941785319411e-01
1.012341301150569833e-01
1.015451092918121939e-01
1.019880018381172787e-01
1.021424036404725705e-01
1.027379805509602839e-01
1.025981500416975056e-01
1.026015971453484027e-01
1.031525502333756478e-01
1.033030839133031731e-01
1.034638790403162173e-01
1.035592453586874212e-01
1.041514147185716721e-01
1.036830522565336393e-01
1.043783289513340318e-01
1.043991553686927226e-01
1.044494417473867814e-01
1.045379931668165979e-01
1.052267210296215089e-01
1.054971087481394038e-01
1.059042802904202191e-01
1.061581357332962161e-01
1.060281447420420714e-01
1.062271753817232434e-01
1.063621995313286939e-01
1.068824149758523662e-01
1.074230781820267322e-01
1.073933008071305539e-01
1.076630713963240837e-01
1.079639651389827509e-01
1.083086969166046076e-01
1.080198588758586875e-01
1.085889077609758502e-01
1.089889569993480745e-01
1.090159760504060549e-01
1.095867074493727944e-01
1.097843804742919815e-01
1.098078799532945793e-01
1.102672722050868220e-01
1.100061423628689999e-01
1.106504510403371749e-01
1.109801886332941190e-01
1.110723751362516221e-01
1.114093123114157924e-01
1.117939435564583167e-01
1.114518433815271242e-01
1.120558228160990211e-01
1.122801389765908375e-01
1.127213868392250018e-01
1.125431589363417723e-01
1.125236358677024900e-01
1.129916459562226860e-01
1.131364728336498732e-01
1.134933628636758396e-01
1.136881557903377249e-01
1.140733627654337418e-01
1.145704423691581708e-01
1.144878420841014405e-01
1.148324303280649911e-01
1.147283843957565830e-01
1.154971305266257880e-01
1.155238081181991783e-01
1.155637745594185056e-01
1.158831213211519578e-01
1.166828895690853879e-01
1.167266793714041712e-01
1.166764085844095578e-01
1.174430806573447950e-01
1.173806053138140154e-01
1.176911045866458616e-01
1.175274420338384973e-01
1.178665955341509780e-01
1.180924762651692633e-01
1.187644873116144029e-01
1.186232456054381601e-01
1.188729366555451999e-01
1.191973148547206124e-01
1.191817681360575754e-01
1.194360283553599078e-01
1.198531763720300375e-01
1.200094618954809927e-01
1.201429071762080414e-01
1.203107086982986712e-01
1.207597412990292496e-01
1.210017111126422962e-01
1.210680223128982186e-01
1.212642209688109957e-01
1.218876082262564803e-01
1.220649082624456760e-01
1.221687233220233315e-01
1.223500854315749120e-01
1.227429350897967647e-01
1.226615969940708095e-01
1.228503642092542703e-01
1.232856798874714527e-01
1.234348999986864120e-01
1.234197866161169665e-01
1.241152789264149681e-01
1.240805445274700269e-01
1.241614619571727446e-01
1.245650735724684599e-01
1.247526223358126352e-01
1.248665337025182676e-01
1.251808690302756155e-01
1.254373815385157187e-01
1.255372432772922930e-01
1.256733205514148077e-01
1.264323280534260241e-01
1.259895103862084809e-01
1.263206377843169859e-01
1.266200609097587193e-01
1.270518479494736896e-01
1.266710257766076042e-01
1.272590500960496529e-01
1.273811579839637942e-01
1.274587673433954516e-01
1.279172756248264931e-01
1.280512815793124204e-01
1.280944231811868006e-01
1.286957262236013144e-01
1.285818392389249387e-01
1.289448109925837582e-01
1.287987514772357123e-01
1.291785070824887360e-01
1.293786685817941984e-01
1.295297603201587544e-01
1.297530395361196909e-01
1.299800176019003939e-01
1.302749911993471010e-01
1.305266416208310243e-01
1.305943556709634190e-01
1.307871423160426594e-01
1.309771240488079025e-01
1.310870953724984356e-01
1.311861706539083350e-01
1.318439373521967939e-01
1.318208467554170815e-01
1.320290564009742595e-01
1.317704969738636989e-01
1.325766503872659319e-01
1.326238524390081497e-01
1.327726597415483101e-01
1.328436850280041159e-01
1.326858410397562249e-01
1.332730740647886658e-01
1.335570854108766858e-01
1.338052259979176373e-01
1.337401807940260534e-01
1.338096087621264141e-01
1.338884605620659640e-01
1.341446148373196812e-01
1.343127180751592376e-01
1.349245748230998021e-01
1.349946884797597335e-01
1.350526028357252883e-01
1.352374056467796348e-01
1.355474280164203904e-01
1.354634212013424155e-01
1.354318134882545877e-01
1.359490037203210100e-01
1.360926959478029052e-01
1.360635391281057316e-01
1.363321343124409279e-01
1.364797764616268450e-01
1.366084728678713389e-01
1.368630210094521071e-01
1.370020347869427280e-01
1.372871974152080343e-01
1.374015516032520701e-01
1.377863802644068991e-01
1.377561044781577815e-01
1.379243413084823566e-01
1.381267540948437067e-01
1.383301696156599980e-01
1.384728180974148792e-01
1.384716153841324959e-01
1.387426326399528731e-01
1.387733892264478019e-01
1.388327060668643198e-01
1.388325599481937955e-01
1.390248008281039782e-01
1.392295470413501268e-01
1.396551740871976588e-01
1.395751689033904175e-01
1.397215258325901210e-01
1.400318923918093261e-01
1.404038293999058107e-01
1.405216839200580103e-01
1.405860100685514813e-01
1.406118560426542485e-01
1.409628670455287114e-01
1.409685258762234383e-01
1.409554355561868644e-01
1.414062410062894015e-01
1.418132456370151673e-01
1.416931148134561169e-01
1.419179942656220994e-01
1.420241333371490000e-01
1.418194817991803858e-01
1.422146368795982607e-01
1.423335208637752092e-01
1.423231800242991674e-01
1.423191987829416916e-01
1.424833060007694441e-01
1.426885151327157153e-01
1.431732741114577767e-01
1.435559733271097316e-01
1.435196972322316800e-01
1.433331729255289677e-01
1.436322909729121911e-01
1.440786347681011215e-01
1.437082438348822877e-01
1.438190793929490507e-01
1.439920749840116199e-01
1.444915676230253965e-01
1.442847929754865755e-01
1.445187520604848674e-01
1.446151075010780884e-01
1.447980847285431083e-01
1.448895692461523721e-01
1.451986959044312686e-01
1.452447768508191017e-01
1.455318611483209790e-01
1.454566699706537625e-01
1.457066204716188362e-01
1.458148294929819400e-01
1.459503761526464993e-01
1.459954066182702903e-01
1.461226704641935270e-01
1.461537425333691576e-01
1.462731495329040732e-01
1.465907568328354560e-01
1.464853631261470723e-01
1.466443144101771123e-01
1.467779860380455936e-01
1.470139961051909472e-01
1.471772756936867710e-01
