2.082345565010123689e+00
-3.283896544100161630e-01
-2.054998223339361552e+00
1.262909030575299019e+00
7.105768941669254879e-01
-7.309237152601542054e-01
-2.161411865032953905e+00
8.098849512675811990e-01
5.007517272807510134e-02
-3.464137527484220103e-01
-6.854920832653382812e-01
-6.749874814673937351e-01
1.263658030597831550e+00
1.794720588420568363e+00
5.166952215952745966e-03
-1.034597052384598648e+00
-4.675033242621196572e-01
3.071915964313103875e-01
1.782887513697720694e+00
1.258701541155943904e+00
-4.386087017448354886e-02
-6.356286183605137641e-01
-4.358648912861590174e-01
-7.034305942982066462e-01
1.345022956966911674e-02
-6.440904862584362345e-01
1.498529950505290420e-01
3.148970630786342983e-01
1.205078662292149660e+00
-6.139099189760822695e-01
1.280514374951333412e-01
-1.033940966728015498e+00
7.641727982508544903e-01
9.271761821726817177e-01
4.721307465901629641e-01
4.789566085254782224e-01
3.684340963568124572e-01
2.352706326411453386e-01
-5.264602915148551832e-01
3.128204572470404954e-01
4.436490449526585556e-01
-9.436171661162859325e-02
-6.776009063981709435e-01
-1.746698096030713937e-02
4.421516668887442436e-01
1.053025524234327825e+00
8.438951013463995565e-01
6.630140351780678953e-01
1.391094298374236371e-01
-7.240907883894859287e-01
9.508800547893719868e-01
2.225084931496312812e+00
2.126362053004997588e-01
3.721316783764563874e-01
1.837542816018116199e-01
1.433170551461268927e+00
-6.175858987072291306e-01
-1.793502665395889650e-01
-1.404284528513880748e+00
-7.935194892345931450e-01
-4.739725034723083485e-01
5.553187717029186565e-01
-1.909323792524193930e+00
-1.100293961072130733e+00
