-6.393383412045791463e-03
-6.822791174872675293e-03
-9.036390934895284499e-03
-1.240117455124416061e-02
-1.038224909968970579e-02
-1.384889709565377200e-02
-2.704999870334347158e-03
5.251869327437918081e-03
4.551649040310840229e-03
1.344104260718785408e-02
2.600890025285819418e-02
5.026876616929934483e-02
5.219710075046185560e-02
7.042670819900229140e-02
9.062635802655712169e-02
9.917986745456469633e-02
1.131428951935822824e-01
1.515604027231132189e-01
1.790612234210712528e-01
1.835014906147900138e-01
2.090640912628310422e-01
2.285584408019655234e-01
2.503311748778476176e-01
2.725516461276036306e-01
3.027141466020409899e-01
3.184557303914984372e-01
3.318834150183799792e-01
3.676379934588542842e-01
3.953826586477220406e-01
4.107132576164645443e-01
4.293414658695374198e-01
4.538272013856762821e-01
4.834242324894360565e-01
4.974705491397755641e-01
5.192863334684478804e-01
5.471558555172022498e-01
5.593746363108259567e-01
5.889602646967929678e-01
6.089321155738022240e-01
6.263339269273683341e-01
6.529206281338894025e-01
6.803503381777918912e-01
7.000702842185606567e-01
7.208063826619764969e-01
7.399480295214404535e-01
7.653931794689851076e-01
7.816534057296294913e-01
8.028555773918079064e-01
8.263400953071921018e-01
8.482922906987484524e-01
8.687679422709290167e-01
8.918107811826615494e-01
9.029680079713088281e-01
9.308192415041699475e-01
9.516650451480975770e-01
9.643626676302364809e-01
9.853099668208734618e-01
1.005104993812000025e+00
1.026852649937455286e+00
1.042451659267908282e+00
1.060305881225863445e+00
1.077495734899711843e+00
1.099267982757335727e+00
1.114202476883708881e+00
1.135921244227280136e+00
1.157700573008742850e+00
1.172743207244783648e+00
1.189476261859238271e+00
1.207255354544557457e+00
1.226017527420653730e+00
1.239055036447662461e+00
1.258694688613265056e+00
1.275758427344419577e+00
1.289476934152784970e+00
1.306250101704985456e+00
1.322067612764075806e+00
1.342089101400419482e+00
1.354529135271710150e+00
1.368551857623192314e+00
1.387669729877421876e+00
1.403109484068137292e+00
1.414878425964243736e+00
1.432795425283869051e+00
1.447119830903684568e+00
1.461159259447595060e+00
1.474532926307873248e+00
1.493436474566035566e+00
1.503688949905623851e+00
1.519949389534805739e+00
1.535644070694812680e+00
1.546249833661269779e+00
1.561242660067105215e+00
1.574606578425606696e+00
1.586943063028472434e+00
1.598555916430380197e+00
1.617067019309081033e+00
1.630408691593205006e+00
1.640607235850187084e+00
1.654584695698306795e+00
1.665359271063179047e+00
1.680831203978039756e+00
1.690710528931616441e+00
1.704378181055737018e+00
1.723617321725925189e+00
1.727767868846870947e+00
1.739220402535298193e+00
1.752827631574759293e+00
1.764964032968750596e+00
1.776467844037654009e+00
1.787424066579927251e+00
1.801024220127662501e+00
1.808692200159794927e+00
1.820661081664808334e+00
1.832513644423392041e+00
1.844555421138140083e+00
1.855328892227379178e+00
1.864131417080030273e+00
1.874449455565849076e+00
1.887171852466936528e+00
1.898007625097822837e+00
1.908083027779070795e+00
1.916418558216380186e+00
1.927795758152750061e+00
1.936439065302646423e+00
1.946151057356852343e+00
1.957619248825227753e+00
1.967860473042315483e+00
1.974638443056971004e+00
1.986042075290164854e+00
1.995227509878151340e+00
2.005061877283916605e+00
2.014935464474676863e+00
2.022547616964016193e+00
2.032885555766336338e+00
2.040795691976462045e+00
2.050830512690220431e+00
2.057814891635648458e+00
2.066791428839532596e+00
2.077303176379345917e+00
2.086425807243470487e+00
2.092697900925312826e+00
2.100693071448740845e+00
2.108482528689287872e+00
2.118681983939105784e+00
2.124308970305560873e+00
2.133871011577782806e+00
2.141936925138439030e+00
2.148160304868360626e+00
2.158407357879363886e+00
2.165778660202449579e+00
2.173157399625545771e+00
2.182148133746225849e+00
2.188398041144467232e+00
2.197205054021764692e+00
2.201357274150007814e+00
2.214115195718783902e+00
2.218220707891894516e+00
2.224686305269793607e+00
2.234254367041554445e+00
2.240070674240037807e+00
2.246775392312049924e+00
2.254635561152516399e+00
2.262753118748471959e+00
2.267461549822451072e+00
2.275560180086080742e+00
2.280232976436065151e+00
2.287434747603850127e+00
2.295906651822271716e+00
2.302161294334454045e+00
2.308022692008096843e+00
2.314954805774949165e+00
2.318917698866529431e+00
2.327448661748427572e+00
2.334189470417241008e+00
2.340641732459620705e+00
2.347223724613198392e+00
2.353108602838255070e+00
2.358293211557176416e+00
2.363768039525617315e+00
2.369159242366241536e+00
2.375775632131544413e+00
2.382155311068120174e+00
2.387503205067466272e+00
2.391777207771305314e+00
2.400686851850343917e+00
2.407238226160459238e+00
2.410587068308670311e+00
2.415558574190130869e+00
2.421926970016488045e+00
2.428092026033869200e+00
2.431846137651025419e+00
2.438675947871323135e+00
2.445323319356314862e+00
2.451090910344348561e+00
2.454715350173499289e+00
2.457825876643025431e+00
2.466024468567014960e+00
2.469564306924754593e+00
2.474390968387393475e+00
2.478705822353072019e+00
2.485143488679737001e+00
2.488569870178091392e+00
2.496114442678486256e+00
2.499916661714803201e+00
2.505079401627772206e+00
2.509835178293134295e+00
2.516690058485101744e+00
2.519261965250750634e+00
2.524972434287192424e+00
2.530775095307621569e+00
2.532820484178905041e+00
2.537262940393740784e+00
2.545026686465364563e+00
2.548545438518187822e+00
2.554047136470079415e+00
2.556833762790807096e+00
2.560924381298099295e+00
2.567180076966620206e+00
2.568975759266552750e+00
2.573417373171152267e+00
2.580337952032635496e+00
2.584047939446852737e+00
2.585597127015627272e+00
2.592928208859307304e+00
2.595251414848502414e+00
2.600921216077153542e+00
2.605984146322052109e+00
2.608867458466617606e+00
2.614141251241432595e+00
2.616581552635464991e+00
2.618962775163653500e+00
2.624924417748681016e+00
2.628337337792987061e+00
2.632599856153912121e+00
2.637187689927774858e+00
2.640571794379659831e+00
2.644331194888244418e+00
2.649259714523371390e+00
2.650840729983505284e+00
2.655177398289468638e+00
2.660933289770014643e+00
2.663403902297563519e+00
2.668867515494365072e+00
2.673305182359366761e+00
2.674630682183545716e+00
2.677657998580721177e+00
2.680490971781560372e+00
2.685242203388032323e+00
2.689815795208652993e+00
2.694061728769145070e+00
2.696741615108301016e+00
2.700098455881277282e+00
2.704160676198057001e+00
2.707873746916927171e+00
2.711621170983089524e+00
2.716329455708497154e+00
2.719176148490875189e+00
2.719140345102802225e+00
2.726212537676690140e+00
2.728633401430208938e+00
2.733058827189708939e+00
2.736233359987744862e+00
2.738828285552846076e+00
2.742332554286980972e+00
2.746081782877815236e+00
2.749355409709115072e+00
2.753103561213806838e+00
2.755956550405179506e+00
2.757410840897802640e+00
2.761390205994413982e+00
2.764509524658858020e+00
2.769309085518449010e+00
2.771288016574305679e+00
2.774231066453940020e+00
2.778732638734033866e+00
2.780853235154264080e+00
2.784531115218682462e+00
2.786921113972030017e+00
2.789546399678450861e+00
2.793320400864983011e+00
2.796425373838932860e+00
2.799736271147355016e+00
2.802841981822954409e+00
2.805012683015541963e+00
2.809026220696174470e+00
2.812444364411136544e+00
2.812913456370298881e+00
2.816779568643008158e+00
2.820178757046954310e+00
2.822907173054955976e+00
2.825460198285063562e+00
2.829466260712592884e+00
2.830166285825037598e+00
2.833374558687149047e+00
2.835759740456655909e+00
2.837590856009620133e+00
2.842155203330957391e+00
2.844571247539467329e+00
2.847827405883791130e+00
2.851190872571764512e+00
2.853331108699456387e+00
2.855543958507943181e+00
2.858398325695410414e+00
2.861760527384763719e+00
2.863345214211102441e+00
2.865318606083899766e+00
2.869291350009009367e+00
2.871332693810675352e+00
2.874108329008266960e+00
2.877625702056771928e+00
2.880257743750786581e+00
2.883320098776378515e+00
2.885830652708092803e+00
2.886376741309775174e+00
2.890978599716963249e+00
2.894327501947778547e+00
2.895988663635299165e+00
2.898791811968229215e+00
2.901058281286671647e+00
2.904056400100445412e+00
2.904014063550245606e+00
2.908513892918866084e+00
2.910595288578646134e+00
2.913843295114189047e+00
2.914590950317796025e+00
2.916383037845290183e+00
2.919184538884274538e+00
2.921747026186863661e+00
2.923676601047870971e+00
2.927390734346396517e+00
2.929190316087801893e+00
2.931957398634127632e+00
2.932713552127915957e+00
2.934745054284801036e+00
2.938294185308017337e+00
2.939443108627484147e+00
2.942553358527723262e+00
2.945183684687976200e+00
2.947693099230580760e+00
2.949675987953150003e+00
2.951842846964612299e+00
2.954045173007053382e+00
2.956004293932918969e+00
2.958571230995766577e+00
2.961798600569937268e+00
2.963216966140143960e+00
2.965012934625903096e+00
2.968263218404075587e+00
2.970303502820216490e+00
2.972071808046237607e+00
2.974208699407723699e+00
2.977419345124856065e+00
2.976063915914469948e+00
2.980103091891119771e+00
2.982000137775031590e+00
2.984697233618098355e+00
2.987330457637970671e+00
2.988418414492504560e+00
2.990028265024743170e+00
2.992262958032640086e+00
2.995326998429392429e+00
2.997418383132227415e+00
2.999784572797847382e+00
3.000873390902023097e+00
3.003779104533315980e+00
3.007786092509521669e+00
3.008081127045122649e+00
3.009268249035669029e+00
3.011550691529541357e+00
3.014293374831751304e+00
3.015709963384509695e+00
3.017649669203158247e+00
3.020154809530563256e+00
3.020891254608677468e+00
3.022724983845779256e+00
3.024422114035517861e+00
3.027953880679722154e+00
3.030128413974646051e+00
3.032064601945160032e+00
3.033290011319371260e+00
3.035579207340248331e+00
3.037615531464999297e+00
3.040197078861118118e+00
3.040543493843548717e+00
3.042971041889979134e+00
3.043994273640914905e+00
3.047661392433292704e+00
3.048497435905924924e+00
3.050139722036575574e+00
3.052144177387452917e+00
3.054364294511913158e+00
3.056060617581648930e+00
3.057243458379993672e+00
3.060209829515088131e+00
3.061654967898247204e+00
3.063701436114504517e+00
3.066470268737511606e+00
3.067671714437385067e+00
3.067549816968373033e+00
3.071296080693098229e+00
3.072107566057860062e+00
3.074134818883491160e+00
3.075230100285061052e+00
3.077294513381387819e+00
3.078933294786189823e+00
3.082078490519185365e+00
3.081896503284843991e+00
3.084628220660779352e+00
3.086370874043505630e+00
3.088872152065911258e+00
3.089475372469177472e+00
3.091039850779117693e+00
3.092963173458619153e+00
3.095192374843823480e+00
3.095631406314087286e+00
3.098308773554986129e+00
3.099389940516923403e+00
3.101235639746151573e+00
3.102878834341972869e+00
3.104919562932188182e+00
3.107113796243520021e+00
3.108298943188645413e+00
3.110255438115838711e+00
3.111516112245200638e+00
3.112956557950886882e+00
3.114633634227477632e+00
3.117591988518417345e+00
3.118725094821702459e+00
3.119180371642568783e+00
3.121428043392573404e+00
3.122973844108161590e+00
3.125570365262185124e+00
3.126118438378930886e+00
3.127087231714004822e+00
3.128056962705503707e+00
3.131054655573591194e+00
3.132385888020022602e+00
3.133449198895801757e+00
3.134522035046350297e+00
3.137696225506404257e+00
3.138656452775758776e+00
3.139338709871274613e+00
3.141729907180669912e+00
3.143543296525180608e+00
3.145381465820403122e+00
3.146011086156420333e+00
3.147838908756314336e+00
3.150360715665795119e+00
3.151975361450942703e+00
3.151514538701380985e+00
3.153858892782789081e+00
3.155697356843287338e+00
3.156711302290823529e+00
3.158153832851455345e+00
3.160687928441802352e+00
3.160967691800749435e+00
3.163033551710079827e+00
3.164787171000855270e+00
3.164480642794346821e+00
3.166988811722164954e+00
3.168314376007683286e+00
3.170967125157147848e+00
3.171727688007417889e+00
3.173229106205243344e+00
3.175007923537942034e+00
3.175810527174482534e+00
3.177725538953848350e+00
3.179512854205311712e+00
3.180435742802501853e+00
3.182243390875718614e+00
3.183442727249108817e+00
3.185531374108902192e+00
3.186391911145087352e+00
3.187326377651776177e+00
3.188759973072288645e+00
3.190127030131015839e+00
3.191968719407068278e+00
3.193170420751375360e+00
3.195091739530775854e+00
3.196622167862887665e+00
3.196294056592363209e+00
3.198174841531629120e+00
3.201540885637156553e+00
3.202928659962215097e+00
3.202408169960582640e+00
3.204911711325589163e+00
3.206346683886592164e+00
3.206757751992383110e+00
3.208855878830092490e+00
3.210026877257255329e+00
3.210971576636814540e+00
3.212568041878367531e+00
3.213896633656145863e+00
3.215904900413926626e+00
3.216481694162946603e+00
3.217821307289643329e+00
3.219452287366598942e+00
3.220777405019813244e+00
3.222141299556147587e+00
3.223545478093611916e+00
3.225342681131776246e+00
3.225101543456487807e+00
3.228256661990817733e+00
3.228457263780257325e+00
3.230615533086464097e+00
3.230967361984756980e+00
3.232688560071280914e+00
3.234731094794416340e+00
3.235515763273645540e+00
3.237130040550782795e+00
3.237814655469106739e+00
3.239319622146909605e+00
