-4.820832125950040917e-03
-1.889877996032351742e-03
-7.422955011630952022e-04
-6.028520701024006308e-04
-1.629596814412277933e-03
-2.408874998260651309e-03
5.981035687553766739e-04
2.910648206526547654e-03
2.088300165120525725e-03
3.213224649607308685e-03
5.930357553766604436e-03
1.189680966593493344e-02
1.201842573859492232e-02
1.513736938008673066e-02
2.047056844744046117e-02
2.043024876185001518e-02
2.515399504704212558e-02
3.461937714605747146e-02
4.036818460320752699e-02
4.066376760749618180e-02
4.777705111090400913e-02
5.085729474951335150e-02
5.632185046246686311e-02
6.201925878038637430e-02
6.980325240631582440e-02
7.527778690169475984e-02
7.957618865241285200e-02
8.486176575568191160e-02
9.781585803790526779e-02
9.561474094709382365e-02
1.022513768846980975e-01
1.107685108603566060e-01
1.138980025014385278e-01
1.208627910945954120e-01
1.272041464513889442e-01
1.400293106675983001e-01
1.410319898172608388e-01
1.477034824772267552e-01
1.549510775603679669e-01
1.661828954034353378e-01
1.687582033817002225e-01
1.838200736209207875e-01
1.795469036165718291e-01
1.877736646096783979e-01
1.917756653986894544e-01
2.044250767224115306e-01
2.094309284609006394e-01
2.210492686747180247e-01
2.271140917180403673e-01
2.299406852816427982e-01
2.397184604591223733e-01
2.437803851534847133e-01
2.527213069704223880e-01
2.568002139588133614e-01
2.629054234402845025e-01
2.677189190150905951e-01
2.768085658450856745e-01
2.824445553632232708e-01
2.921101995994479505e-01
2.951253354626716674e-01
3.043231463140957382e-01
3.121227880799455900e-01
3.197194912297011693e-01
3.262137652303557789e-01
3.320139009805299635e-01
3.422376312949378385e-01
3.444654590182789078e-01
3.535502674045137850e-01
3.596833148340246589e-01
3.679431984897710839e-01
3.765021003539453792e-01
3.816521253716754769e-01
3.866789034074658016e-01
3.956979361805343376e-01
4.008499356252272494e-01
4.034720831009888098e-01
4.143611862356980646e-01
4.227304997162145139e-01
4.278381477471333016e-01
4.334117763290077918e-01
4.401834974403633360e-01
4.479152764575266010e-01
4.546193111849805013e-01
4.591507476249387376e-01
4.664054193769305856e-01
4.747451161391734176e-01
4.801400569156635822e-01
4.868236734074881111e-01
4.930909448261263095e-01
4.982686595766352977e-01
5.045548870196493452e-01
5.143326216677515106e-01
5.185410332118197685e-01
5.243910707884000821e-01
5.332627938919682897e-01
5.358140372421624775e-01
5.434464344006236791e-01
5.485417153786734668e-01
5.570077019966797049e-01
5.612329557660927781e-01
5.702687320752986011e-01
5.751407087939355289e-01
5.802318665642943740e-01
5.874838663674861738e-01
5.931420562978546585e-01
6.018196067841397046e-01
6.066860337848517526e-01
6.144065070882627211e-01
6.185538466394373547e-01
6.255257679235149970e-01
6.295637386108073885e-01
6.382008627183648475e-01
6.441580962537531985e-01
6.501280828032676151e-01
6.556699285675294808e-01
6.614292136061989957e-01
6.688183371519069720e-01
6.749448229921561904e-01
6.800613773911369231e-01
6.863032942757747445e-01
6.926915938727447042e-01
6.981480828994756083e-01
7.038111079105613399e-01
7.107406767812559645e-01
7.137904320980024142e-01
7.208745967327674364e-01
7.250648527713385860e-01
7.341747518679921924e-01
7.385873489261299829e-01
7.459700758386156316e-01
7.505758139585769761e-01
7.575682909625658379e-01
7.631034705017591957e-01
7.675280252404569348e-01
7.733971567647363043e-01
7.791163492846151506e-01
7.858605730204094586e-01
7.917790911164566126e-01
7.966073852757999951e-01
8.034057412267963105e-01
8.075990473931707880e-01
8.141793143680479128e-01
8.195292730803812598e-01
8.229935462962936210e-01
8.298679503508116229e-01
8.327895611516509256e-01
8.403753785468759396e-01
8.461485325773498989e-01
8.525473826346202655e-01
8.580887386804587624e-01
8.614244233627920133e-01
8.688267577848058920e-01
8.728201700791577977e-01
8.798067007203183021e-01
8.846923153540035001e-01
8.916323869849754891e-01
8.950113012828964099e-01
8.982906754166921637e-01
9.057549748025220948e-01
9.111309392964088705e-01
9.171335904427208030e-01
9.208589786090874973e-01
9.269033779092320513e-01
9.339264934045148348e-01
9.382221333356663973e-01
9.426754332594460273e-01
9.475176319748578324e-01
9.521881331845324370e-01
9.577627933184627018e-01
9.637998827414553382e-01
9.678754568182118545e-01
9.737099734240449722e-01
9.790017286915541073e-01
9.843310512528893330e-01
9.887510615872866504e-01
9.943935398254396540e-01
9.974274147679378366e-01
1.002602699991371971e+00
1.008268276439068911e+00
1.013270625713395434e+00
1.018712271889813614e+00
1.022695563292327803e+00
1.026969887990573760e+00
1.033208050017377033e+00
1.039010472652298400e+00
1.043145437395876840e+00
1.047743390439643374e+00
1.053589925566693397e+00
1.057975461515209936e+00
1.062179945696590133e+00
1.067538496847348251e+00
1.071600308314808903e+00
1.076955094729795448e+00
1.082325732664517259e+00
1.085289945469493311e+00
1.091578849066443979e+00
1.095894747088408394e+00
1.100701118993679950e+00
1.104539600598575255e+00
1.110694109242107652e+00
1.114867297336788798e+00
1.119171915081142776e+00
1.124447668513715470e+00
1.127893623589796723e+00
1.131390572806334482e+00
1.137464971126234792e+00
1.140972819117154868e+00
1.145978345939025589e+00
1.150730170184041112e+00
1.155326033168501354e+00
1.159312737483201960e+00
1.163164600892348410e+00
1.169188060127438922e+00
1.172936030954237152e+00
1.177208139547895271e+00
1.181698874224938356e+00
1.185542033120750460e+00
1.190377759280065728e+00
1.194354825990391777e+00
1.199331197565864260e+00
1.203450699757435904e+00
1.207589343833463946e+00
1.212890952858866944e+00
1.217591688612267742e+00
1.221091457230399024e+00
1.225525679295640824e+00
1.229562292281153768e+00
1.232183021211302076e+00
1.237933370503050856e+00
1.240522527317006851e+00
1.245958444531004350e+00
1.250912772801301420e+00
1.254305338234676492e+00
1.259188809980096302e+00
1.263565678021081329e+00
1.266421215760541896e+00
1.269896830455807368e+00
1.274642506707760470e+00
1.278776623915938826e+00
1.283487703090541387e+00
1.287178470260888608e+00
1.290809214960093598e+00
1.295556452793007240e+00
1.299818780816791586e+00
1.302306027592191162e+00
1.306350881725260926e+00
1.311532064683826437e+00
1.315468000170936680e+00
1.318940115200766927e+00
1.323035533026703403e+00
1.326306333375722790e+00
1.330555555330092732e+00
1.333752859679079306e+00
1.338286407747623308e+00
1.342142301705028240e+00
1.345741523418525043e+00
