6.948793245134651797e-02 3.474096364831855827e-02 -1.752942493985064909e-01 -1.406636348290806957e-02 -1.031804539026519724e-01 -4.664520534156207238e-02 -1.613648482963181141e-01 2.772576932756067314e-01 -2.971837006467176190e-01 -1.138304006454316647e-01 1.158983522746368511e-01 1.536547273518276135e-01 -4.108109839073360685e-03 5.688897505632765916e-02 1.583951192690518650e-01 7.884768174939935093e-02 -2.005990088316904618e-01 -2.928183676778844599e-02 -1.688741341372155813e-01
-6.789829676348457799e-02 2.317910554143861115e-02 4.882628040987188611e-02 3.741799971468541541e-02 2.958185927461292816e-02 3.914215839026470856e-01 -1.408278610163081306e-02 -4.412232097174617063e-01 2.445350100866985343e-01 -9.692438975047831806e-02 -2.023879156460705320e-01 -4.773154650971599827e-02 1.397385447371285450e-01 -1.347479855976661256e-01 2.865952496982392909e-03 -1.975254413525115438e-01 1.991170428827962469e-02 -6.334232983802551287e-02 3.095740706192280367e-01
5.879499208740655673e-03 -4.539167975949900263e-02 2.034067157791249747e-01 2.024400689040169524e-02 1.596380570388468145e-01 -1.069803668436331984e-01 1.068525029637987095e-01 2.456258474424612495e-02 1.376923473461715841e-01 1.156588498007476012e-01 -6.701080093395721249e-02 1.179512057631061511e-01 -3.728335786203796909e-01 3.472167983731347385e-01 -4.992766267657782614e-02 8.041423039083969715e-02 -9.823304583798014855e-03 1.806262076548550977e-01 4.995423767185479258e-02
-4.348354018095636903e-02 1.722934833410285152e-02 2.347956050940734618e-01 -1.356790079278248073e-01 5.863817721919897807e-02 -2.892437698968403081e-02 1.425977474674471612e-01 9.065292918333217598e-02 6.081652022858774487e-02 2.269518755990303782e-01 -1.338354793689097988e-01 -2.398772154582307359e-01 6.786315048278382389e-02 -1.920195120117106080e-02 7.884169303336978352e-02 3.263970990194250410e-01 -1.901400176271141051e-01 5.475148053620534222e-02 -1.491206269848597762e-02
1.673688201663774688e-01 -4.191077521046022714e-01 1.650277388307361606e-02 5.470207450391274540e-01 -4.540953660395578573e-01 2.737387796498258821e-02 -1.524928569168838843e-01 -4.633448598966372622e-01 -6.454081022012599089e-02 -2.764573421514665008e-01 2.470722841210876153e-01 4.156417024701234975e-01 1.148028340160237165e-01 -4.602339756004154674e-03 9.251782507927734656e-02 -1.054955928837670448e-01 -1.167956644129777843e-01 -2.906727725245245378e-02 -3.895376756221780729e-02
-1.048426774006015749e-01 1.564613635643962997e-01 9.809942340536680766e-03 -2.725676111383278366e-01 1.157490918620669440e-01 4.143464005673316297e-01 -1.843741032054404261e-01 -2.771731201314157067e-01 7.842465943013457452e-02 1.728263941966008410e-01 -1.178076841359592258e-01 -1.956242349413050974e-01 -3.361985505037037303e-01 -5.925436948198781889e-02 -2.124751498874383471e-01 -1.743382271698374342e-01 1.361038641596886978e-01 -1.387590945425284106e-01 1.143030134835431311e-01
-4.802779421261895994e-04 1.246371984483479467e-01 -1.310883261858566129e-01 -2.907451883608506704e-01 2.244940111078932155e-01 -2.565269597720408745e-01 1.373873228554142178e-01 7.720361338761774772e-02 6.886245893886878966e-02 -5.977326107979037684e-02 3.117885437032978744e-03 -8.306182769478220873e-02 5.514616598668964365e-02 9.804816932822538189e-02 -2.140409817922691582e-01 -2.007662113694617667e-01 1.298918500504200602e-01 2.588838536970577420e-01 1.032711921429273032e-02
4.360635080853640655e-02 -1.422662766835007878e-02 -3.167245994631235489e-02 2.549027657335101726e-01 -6.540027014873425748e-02 4.606311573307208217e-03 -4.406766393416460675e-02 1.728031963624013234e-01 -2.385544375620740065e-01 1.642006161072050996e-01 3.974823830372829769e-02 -4.109539963725548917e-02 3.043763180493456733e-01 1.456503305349796497e-03 -1.409866639437200031e-01 1.684664608046479439e-01 1.682049246494250472e-01 5.073978695134924444e-02 -1.809555212620890530e-01
8.554809780911304395e-03 4.733864037688613469e-02 -5.626895464704292221e-02 2.603185947923518095e-01 1.117663497032770625e-01 -1.878046840195611022e-01 5.232930369345672322e-02 -1.369704616742036252e-01 -1.424561899785119767e-01 -8.068266424990283570e-02 2.220505466940145556e-01 -1.119897174156559150e-01 1.822540691013776748e-01 -4.078697660725873371e-03 6.175908020784620645e-02 -1.659178988515173647e-01 5.034331185609062370e-02 -1.387525732231085496e-01 2.000805449061869579e-01
1.120276466377096436e-01 -2.724214600880793258e-01 -1.761452494818166181e-01 -6.701210144632184507e-02 7.418849641786544324e-02 -9.705208127649903038e-02 -1.350422725880278674e-01 2.049979321251172576e-02 1.710477047914177040e-01 -1.582945035465973538e-01 1.064177068783849350e-01 3.140200865858090995e-01 6.769569869548129615e-02 1.034977966848495273e-01 7.095451159227036952e-02 -2.165358653257283550e-01 1.774804909177564449e-01 1.293307126972909060e-01 7.742528955512079092e-02
4.875639259725494945e-02 -2.449215956954589046e-01 -2.819478996403026461e-01 -1.932523649509227393e-01 -1.101369606562035419e-01 3.445732449136932468e-02 -3.157231712581636263e-01 -3.622290657583571855e-02 8.748626182391866513e-02 -4.357942825933358577e-01 2.229932167364155338e-01 3.018867201966982106e-01 2.081192383328519246e-01 -6.031419762867364087e-02 1.891318265431064238e-01 1.845546353009751006e-01 -3.558057914905605329e-02 -9.233562249807703015e-02 5.860277294518188157e-02
1.190937743060574289e-01 -1.741837354835669149e-01 9.602930993582722147e-03 2.746759821862493900e-01 1.304795912197451446e-01 1.458866508237040838e-01 1.633266784007940120e-01 7.088554215575780526e-02 1.933903426638495793e-01 -7.706868321198198646e-03 6.123112418013861025e-02 1.821877953657415894e-01 -1.913156179569060755e-01 1.842540844515705434e-01 8.373429916629775149e-02 -1.566705215979279087e-01 6.883257773456856465e-02 2.249309741772244353e-01 1.918910111569952295e-02
-4.368419908488119924e-02 1.521801611527107134e-01 1.553066977272699878e-01 2.519281215998539492e-01 1.259201616839993876e-01 -1.053594779166549117e-01 -2.227581041470220180e-01 -3.839913532905198656e-01 -2.465984896543970545e-02 5.699725936070100529e-02 -2.213568034373725735e-01 -3.066754561695716336e-02 -6.632148479615680714e-02 1.366115069586611996e-01 -8.958569176045025340e-02 1.249496962005443718e-01 -1.597023324605359174e-01 -1.351144490204481130e-01 1.818185444315520982e-01
1.342995027838515820e-01 -2.520399189988540289e-01 -1.075253327301139983e-01 1.541081530115332721e-01 -2.891969261496638577e-01 1.826262111142807620e-01 -2.710605130662673279e-01 -2.721451179489524641e-01 -3.460137157082038978e-02 -3.105063522004138932e-01 1.377792680195942254e-01 1.146214900764287586e-01 -7.279235758487452579e-02 -6.767089559723035719e-02 1.697656967842540165e-01 -2.339841232258777631e-02 -1.815860880913410247e-01 5.397272060751864831e-02 1.052023009122496494e-01
1.038077485812490125e-01 -2.819206916874327229e-01 -1.701958252281037531e-01 3.053343023468001460e-01 -3.151233212529296890e-01 -1.096672268016819080e-01 -1.620595688583658933e-01 -1.864619700222850396e-01 1.094048459549699370e-01 -2.829349044983484607e-01 2.578464680836557443e-01 4.314336302374662813e-01 7.610686329290339280e-02 6.105918053636939617e-03 2.000541847314300792e-01 8.043887227776296001e-02 -7.526175739743007354e-02 -2.614382753441319047e-03 6.746500620639230006e-02
-1.920550074634792825e-02 2.030839374840079647e-01 3.898124734922468054e-02 1.872768022548888800e-01 4.598131300703340446e-02 -2.373958436539421249e-02 1.316589254550512844e-01 2.668581029822543749e-01 3.687369569449049922e-01 5.283727047105689356e-02 -4.252610091430218675e-02 -1.184327990219112142e-01 -3.520875978012404373e-01 2.656346884867056279e-01 5.107952275324768587e-01 -1.432743992034906100e-01 -1.324507824426996161e-01 1.383139412983077632e-01 5.005187787386832649e-02
-2.790126749576512383e-02 1.981325496129382746e-01 -3.189568401812754861e-02 -2.430874965089268799e-02 1.369040071938891767e-01 -1.062105803490851624e-02 6.822437816758411544e-02 1.888601428374303559e-01 -3.536138360780871626e-02 2.665332170174831150e-01 7.990516185067651767e-03 -1.998537541802237749e-01 -2.635946530411283906e-01 -8.880611691798966090e-02 -2.513060448589199414e-01 -1.255929358761460057e-01 2.536429154290977678e-02 -9.517806799747204061e-02 1.310896317383553888e-01
1.392775834115565943e-02 -5.234122936224341882e-03 -3.348870698366941956e-01 -2.696671530742805745e-01 5.573959895837830164e-02 -1.667990124871592261e-01 5.532569640085009677e-02 -2.844041993290706838e-01 -1.462437904195138527e-01 -2.299025372538834877e-01 -1.156240285964153097e-01 -4.627043329533981481e-02 -8.484804655876369839e-02 8.502775303676182728e-02 -2.166594567173376895e-01 1.566098438844552021e-01 3.129962893026981552e-02 2.172031481663643654e-02 -3.933851570195530042e-03
-1.465739394891303338e-01 7.295126285566032320e-02 2.836151486295896973e-01 -7.800153442647610180e-02 3.672224160879647981e-01 1.032435203696178555e-01 9.977845226542390866e-02 2.822028771124621832e-02 -2.847407919756241301e-01 6.016851704462156114e-02 -9.377199121768994838e-02 -1.306421166481459561e-01 1.078018599750378281e-01 -1.987480740071614627e-01 -1.275057848855661313e-01 2.072465823756945158e-01 1.454255107663276481e-01 -1.058827167576587014e-01 -5.971123786552422208e-02
-5.842185765192640934e-02 8.608127210666689788e-02 1.013296764875438460e-01 -3.112580405626652266e-03 -7.684692976214337057e-02 1.435919242389888661e-01 9.742181713201154836e-02 -1.320372765092741318e-01 -5.258803428743136915e-02 -1.556081247872347084e-02 -1.010741190316686577e-01 2.109269136628555419e-01 2.625979668282580476e-02 7.392268882621137738e-02 -3.965558679391192887e-02 -8.043804639442779514e-02 2.435390686119393300e-01 -1.669468023827636594e-01 1.807005774906469409e-01
-9.848044177297389512e-02 3.698319708474315792e-01 -6.394135054351982560e-03 2.243056906526398608e-01 3.335619398331799990e-01 -3.604162920917038382e-01 3.514127189610366520e-01 1.345270456887175392e-01 -5.023299747657054490e-03 2.987952743543997869e-01 6.992189444093979689e-02 -3.746466872782924229e-01 -1.958203151692293129e-02 2.133589378344503962e-01 1.685480351120832998e-01 2.929406035258810270e-01 -2.603581219330187713e-01 -1.773972351001949777e-01 2.852822829577852382e-01
-1.475066712546028308e-02 -6.936140206230516358e-02 1.021332182663092225e-01 -8.286884608157502052e-02 2.472354764240172198e-01 -3.813973515755607335e-02 -1.780480054274869439e-01 1.365123061187140385e-01 3.165078559715543416e-01 -2.342720375281119038e-01 8.625018944948972810e-02 5.807962991568138555e-02 3.519559192733313080e-01 -1.921494383402928274e-01 1.850323177034150779e-01 -2.038943506474713840e-01 3.323789082861335065e-02 4.604739539764122341e-02 -8.427335864798626841e-02
5.659607905856350873e-02 -1.900621204964388633e-01 1.985621884111344604e-01 1.386956740169815461e-01 -1.948014786119660613e-01 1.961181488390911498e-01 -5.039173533305189856e-02 -1.107461709764816643e-01 1.964844775694517265e-01 9.436027901001109441e-02 8.039283774629017720e-02 1.466997264140127988e-01 -1.628927001422338650e-01 -8.442570538773373767e-02 3.583226679915830354e-02 9.220941464192430881e-02 -7.204240925576232968e-02 -7.040536574764862110e-02 -1.951685095142731141e-01
-7.449359900658161782e-02 3.450420961210060589e-01 -1.448806043743806338e-01 -2.872521048376588948e-01 9.942728164032179836e-03 -2.531543792147544856e-03 1.583843717597759326e-01 1.132973477555711678e-01 2.304534401295234847e-01 8.613458429040198039e-02 5.335930642498207255e-02 -4.493062708936074179e-02 5.317627264196537334e-02 9.407820679499515060e-02 -1.673562628213148551e-01 -4.593131795179632854e-02 -2.480836129063210271e-01 3.165053124104610233e-02 -5.786952955481288602e-02
-3.186934685939636636e-02 1.447706546364671276e-01 -8.641522014847700939e-02 -3.641720166347822696e-02 1.305080257314469028e-01 -1.161524442506491617e-01 1.301213629712182351e-01 9.583457738793180192e-02 -5.527326508470070676e-02 -2.431566505848366255e-01 1.026616378495200654e-01 2.056134042624717939e-01 1.457128381834855713e-01 -6.594299975773389166e-02 1.225863150725296433e-02 1.510211885772964613e-01 2.744283013691843284e-02 2.339348776901626903e-01 -1.957607629943310459e-02
-4.395882503265369917e-02 3.711227710919354911e-02 -1.697411112789458110e-01 -4.246642375641296874e-01 2.187809090702858283e-01 1.768067253719081133e-01 -2.626106834069041329e-01 -2.001013769871286541e-01 -5.254389402146811966e-02 2.631288321101353522e-02 -2.289291903614817103e-01 2.805777204570160735e-02 -1.356030859878326264e-02 1.735641196472749725e-01 -2.809611081962689605e-01 -2.477681035974234336e-01 -5.909695072111894459e-02 -1.239017823135785540e-01 -7.887962298819362061e-02
-1.855165028136161135e-03 1.150917068654491900e-02 -2.435238593829930354e-02 -9.200590867430868264e-03 4.075681971952347382e-01 2.127458151556431698e-01 4.027604654556523472e-02 1.874481663756355498e-02 -8.892964909708589438e-02 1.634142440061192580e-01 1.422654104312086332e-01 -2.653748938692626624e-01 1.885816235189149426e-01 1.571821394858785859e-01 1.467565146023952494e-01 -7.728460960362108778e-02 9.994529172279588425e-02 -4.137083514950964241e-02 1.881593408997722094e-01
-2.838776660399401283e-03 -1.169579910831168232e-02 -1.083235571515957368e-01 -7.576989027719842340e-02 -2.011096449330962987e-01 -1.821353330645321400e-01 1.406031454454950876e-02 2.249435075872601442e-01 -1.456763243040440914e-01 7.883948237166618633e-02 1.315821928017930562e-02 8.395810339041610837e-02 3.907557921253321243e-02 -3.091537825556088803e-01 6.214497169282462430e-02 -6.012862714693584243e-02 -1.807823560857055312e-02 -1.482449164706862305e-02 -2.209290144934182853e-01
-2.023198584214505949e-02 9.930584150940492683e-02 -3.795141429828959023e-02 -3.132531812201254651e-01 1.481145510432656243e-01 -7.610896286899539176e-02 -1.404167093627901597e-01 2.095776643360067748e-01 1.604778986458179832e-02 -9.520871947323970852e-02 -4.576298615972254624e-01 -8.018375847136269274e-02 -2.863496333448087988e-02 -3.046565778607127628e-01 -1.773013760917807324e-01 -7.125882592908659718e-02 7.853877690302656089e-02 -4.708710607510412927e-01 8.508850329836527282e-02
-2.072474935245573191e-02 -1.677621401406236279e-01 2.725325028349464551e-01 -1.092096868865553155e-01 -2.083883470526248505e-01 -2.909698210749766534e-01 -4.386926901149693081e-01 4.790321764908697655e-02 2.461754369586393321e-01 -2.585354074279101466e-01 -2.753596613823383957e-02 -5.150515649754128233e-02 -4.887609259663996952e-02 -2.181156919898246879e-02 6.698082118565557019e-02 -5.080581642100254897e-02 -3.268176770819774396e-02 6.738176685996298196e-03 1.209531281180047796e-01
-1.189502751463774183e-01 -7.819387852072078038e-02 5.076899060791236623e-02 1.654861116899287721e-01 2.100168374901215107e-01 7.520260221177338562e-03 1.291247883951587294e-01 -1.154401382801387987e-01 1.740815280803344745e-01 1.594422758588759370e-01 -8.875268591675339325e-02 1.142098937356098992e-01 -1.074493778407124983e-01 6.762551760997313754e-02 1.659591520153756994e-01 -4.341957909379996761e-02 -2.408987795970582158e-01 -2.019615789586009791e-01 1.239385699819689629e-01
-3.145911137803463625e-02 5.955592098252480288e-02 4.461833622652927600e-02 -2.115382743881818461e-01 1.373037607742789434e-01 -6.633416222737441303e-02 2.136147440977103351e-01 -2.924961908942443414e-02 -3.451175370146837840e-01 -2.117193960537179787e-01 -1.710696911689840172e-01 3.896029276497372379e-02 -3.032082048815418762e-01 5.814114621131290239e-02 8.737562566422812926e-02 -2.726849234266984778e-01 -1.482586361198742764e-02 4.039418157525181269e-02 -9.170726630722647599e-02
8.747724851490329325e-04 1.034220312643544110e-01 2.129538891658868966e-03 1.908876143209762011e-01 9.785084839893284925e-02 -1.852759794015772510e-01 -1.818874296565156645e-02 -1.889622662568890832e-01 1.103567856077175002e-01 -2.352314957149623242e-01 2.208902688895863775e-01 3.859101744227622643e-01 7.484523291913208753e-02 -2.038641085652604379e-01 -1.180012286870978783e-01 5.256006469794072267e-02 -3.644975757591790988e-02 2.667672053659625453e-01 -3.278763196175614736e-01
-7.594214188274032822e-03 -5.969217693882948594e-02 -1.782509492020399045e-01 9.652828315618422472e-02 -3.185614644352030567e-02 -6.345086975115214745e-02 6.162318472356953514e-02 -4.726261488821674184e-01 2.786209085081503001e-01 1.673240326045347393e-01 -4.658786444524842980e-03 -1.188497500921874006e-01 5.717370871233555529e-02 2.791893734625178203e-01 8.956873606228829554e-02 -8.444473855874497226e-02 1.694337253871980309e-01 1.731759239600473566e-01 1.279217732795945583e-01
-4.763095186126791586e-02 -3.845047611805885775e-03 4.588623632110698514e-02 -4.153476051280589054e-01 -1.205028522838900856e-01 -1.901195394857648491e-01 -3.140518851933775391e-02 1.964414614415295468e-01 -1.894306016975954299e-01 4.971204391869079448e-02 -3.649000143947628977e-02 -1.425422834242965342e-01 -1.099249418985452503e-01 -2.015451415492913179e-01 9.093899797716009648e-02 2.456920207761325095e-02 -7.548168663785105592e-02 2.344332658182208540e-01 6.133720953764748227e-03
4.772673599530937588e-02 -3.607959183639448258e-02 -9.287778731670803811e-02 -1.901420847188129148e-01 4.023572662215926243e-01 -3.292351727937888883e-01 -2.159371878591716254e-01 1.194489940559615992e-01 -1.581447051140114080e-01 1.679356035192593743e-01 1.332536828532225603e-02 6.115619459703994926e-02 1.052037368348108515e-01 -3.751714234908709034e-01 -2.823232598712950570e-02 1.313580554161253577e-01 -1.469116497369640228e-01 1.313749837300491052e-01 7.210181683019845078e-02
-9.251940608510826614e-02 1.772320523554505312e-01 -1.142142186184929853e-01 -2.411107038283718806e-01 3.039787151165663781e-01 -2.177058127799605669e-01 -7.042813896420932473e-02 -6.413845700470875710e-02 4.465288590522589751e-02 -1.614176828686250675e-02 -2.217686426717031256e-01 1.254646814274791057e-02 -3.419952198101195440e-01 6.866671040974915707e-02 4.562084315392618550e-02 3.390429124228105939e-02 -8.184088216433808849e-02 -1.931932398509087212e-01 -1.720447200801848153e-01
4.823162239666243384e-02 -6.140891186380269956e-02 -7.587075206971775898e-02 1.791618943877274980e-02 1.176170460772888587e-01 -1.694397893132038313e-01 7.201577581880103107e-02 1.652414851787302741e-01 -2.532182342977200018e-01 1.477942217909343145e-02 -7.468532644584829905e-02 -1.403216946170863788e-01 -3.674922507235380276e-01 1.373107058852040818e-01 -2.599646570533595269e-01 -6.985202744548398013e-02 5.813522840663874758e-02 5.786210556971694424e-02 -1.425783044540524236e-01
2.029280955180154042e-02 -6.040860552237988651e-02 -5.162042792900203847e-02 -3.357890490685707524e-02 2.159733550701780636e-01 -1.015391505101052513e-02 2.012444341372753853e-01 -1.457182281825212568e-02 3.280184487765172574e-02 2.134082186691971250e-01 2.782816368794556808e-02 -2.035330616322954256e-01 -1.104651702848756384e-01 -1.108953201017861823e-01 -7.718851226736121729e-02 6.173842583554305097e-02 2.517457579383297703e-04 1.634610950280628028e-01 3.788943788039820051e-04
-6.608083440307072065e-02 8.431654819089219599e-02 -2.444770921751704754e-02 6.320162638418748424e-02 -8.925882168713222820e-02 -4.082167925312275847e-02 1.098512640832319809e-01 5.285486972281544515e-02 -6.495399592415801449e-02 1.174361001960104178e-01 -1.597599810968200473e-02 2.024066886506693530e-01 1.016830108492240009e-01 1.970601732975272302e-01 -2.629154156307018653e-01 6.935466450496266533e-02 6.920672654912331245e-02 1.336072400691484252e-01 -1.820964095378119485e-01
5.074651135778276111e-03 -2.243466153250358031e-01 2.263663070138580424e-01 -8.943603032421916510e-02 -1.284370940689355534e-01 1.869811212989040128e-01 -2.433124472067565297e-02 2.215828431960722156e-01 -9.012330614601343770e-02 -1.261810556150879947e-01 -1.953001600991917108e-01 -2.161900222153379791e-01 -9.732473498316328298e-02 -1.184516262243659468e-01 5.270037808493687609e-02 1.113586262465164102e-02 -4.690817290714969362e-02 1.668527413279306260e-01 -1.161709795994042838e-01
4.583130341689978932e-02 -1.832314770130711312e-01 -1.551771001718334764e-01 1.606183560082037054e-01 -4.170589379590988049e-02 -7.523925392458361699e-03 -9.702771151674645378e-02 3.792911496862184928e-02 -1.865396557308173220e-01 -3.208393818078281862e-02 -1.084696500827978249e-01 -1.275263813894313425e-01 2.457459106222169565e-01 -2.532844048305917806e-01 -4.742272771629317540e-02 -2.341149899060074591e-01 -1.092577592050798102e-01 1.734410290469791394e-01 1.036442165557347195e-01
3.739100061913466777e-02 -1.074840787047605939e-01 1.028775143302915196e-01 2.311373445042448904e-01 -2.153536380143727946e-01 -4.691492317827306718e-02 -8.936917612062220129e-02 6.949648228710124387e-02 6.599362594746518984e-02 -6.991097752980098001e-02 -3.510251989543820839e-02 -7.895319443131007531e-02 3.969151680779407776e-02 9.108912891301427020e-03 1.920415438734395797e-01 -1.419715483007344403e-01 -3.293586753237532361e-01 -1.548960075909687484e-01 -7.592924175282136923e-02
-1.359888813113089429e-02 -8.109150772295321830e-02 2.728325047941014547e-02 8.350597727235276740e-03 2.392719983311493159e-01 -2.015832868441956305e-01 -7.986806537300461528e-02 2.623772258180966932e-01 -1.630884590435530690e-01 -4.981295880467690590e-02 1.222812443767665527e-02 1.113026444579353347e-01 1.168778199120176498e-01 -2.430602266476374618e-01 -6.996628972370655397e-02 -2.400631963052058948e-01 4.972276658002947047e-02 2.438784269384347836e-01 6.735510906902236750e-02
7.607072873908404809e-02 -2.823484100916527351e-01 -1.179052788806849439e-01 3.896094189666919338e-01 5.672662127789301206e-02 -7.155347569616055114e-02 -8.921852897124088466e-02 2.127834571929806129e-01 3.795648322596417712e-02 -1.783296304337800009e-01 -2.750551257940893057e-01 3.480054862075346311e-01 1.731718366060793282e-02 1.704128535924180621e-01 5.007799495880696505e-02 -4.792908036266615990e-02 -1.916225400989042191e-02 6.883230826890751608e-02 2.197009557267339819e-01
-1.452905691981414178e-02 -7.851623281656035236e-02 -3.908420161714279417e-02 9.766259393427507984e-02 4.027167222938902169e-01 1.083850122787714948e-01 1.104727202050019980e-01 3.828394783880266494e-02 -1.225283716455280308e-01 2.418110059741362394e-01 1.920627266367074537e-01 2.032725727678058314e-01 5.314974565756194758e-02 2.798806847533752973e-01 5.210431039326679503e-02 3.998141197370962824e-02 -1.902024001093771399e-01 -1.280013575264823955e-01 1.448234792884603994e-01
-3.510514215870191163e-02 -4.371493860782649926e-02 5.147223938223616929e-02 -2.159684435071965447e-01 1.870803676016646877e-01 1.019147285887213317e-02 1.574018720166175944e-01 7.744539960377294641e-02 3.008074316673388588e-04 -1.373962669272239534e-01 1.309586763611401972e-01 8.435448946876289433e-02 1.310797148970062054e-01 -1.292299485540674142e-01 6.073041510166617141e-02 -2.518314867557793768e-01 1.176837057804942521e-01 -9.690455617671067667e-02 9.689256989658780184e-02
-5.511690484876308194e-02 -2.369483311034586634e-02 1.834849849406588185e-01 1.392202824249139381e-01 1.056190657715125325e-01 -9.918962540884716794e-02 -2.129300393202756547e-01 -3.008717244541185831e-01 -1.973984940539800503e-01 3.028749061242109186e-01 -1.476347127378360158e-01 -1.514954471929518265e-01 -7.829960909015799830e-02 -5.410361809460622479e-02 6.345526084420861912e-02 1.889881273106942539e-01 2.761113744014341842e-01 2.182426043287557238e-01 -1.506433143542743047e-01
-7.533778795094518699e-02 8.105113527620605440e-02 6.130016893571778314e-02 -7.069456581079069935e-02 -2.155343753116950242e-02 -1.855355105769787225e-02 -8.050541571414027153e-02 3.540190115390891984e-02 -3.372372403809037467e-01 5.401919898100347034e-02 -4.622572894043772140e-02 8.616618593243213775e-02 5.213978347349385034e-02 -5.358311238476908683e-02 -1.692265263543306919e-01 -6.669231484779637731e-02 2.542444791815666738e-01 -1.304646233366576202e-01 -1.078797457486246059e-01
-7.018542406037219482e-03 -4.815248253362934550e-02 1.808728567451055869e-01 3.776746904400966540e-03 -1.851896245800899454e-01 1.943640963441761738e-02 1.132114039689283841e-01 2.721232014570290070e-01 2.927133705293442634e-01 1.299050689001189640e-01 3.087877600360379102e-02 1.302335945496974901e-01 -2.160664014865814886e-01 -2.422491960276735440e-03 3.012653784440161644e-02 -1.530678460718890854e-01 -1.733726575827238270e-01 -1.732709743572944661e-01 1.928893120599076416e-01
1.521248605745304516e-01 1.133723903022396673e-01 -5.053047939292624330e-02 2.326195881977061730e-01 7.883044213030045155e-02 1.214913672543423695e-01 -1.053306176096444752e-02 -2.103056102617049117e-01 -3.076143342240547987e-02 1.981699933878957876e-01 -1.163643477460386266e-01 -1.486952748604961627e-01 -5.905432775536664791e-02 -1.112546140330534505e-01 -1.049803497823595944e-01 -1.528107450871546702e-01 -1.798527067772140720e-01 5.815006823139293179e-02 1.805640987585978852e-01
-7.433385990332784521e-02 5.462660409064164918e-02 1.521330489039166567e-01 1.840058603254599023e-02 8.783258154987026722e-02 -2.769507680442461275e-02 -2.020300534168154305e-01 1.740573494480799344e-01 -1.342312085219665718e-01 5.634172031085787902e-02 -1.501064644118387525e-01 -7.890622401163924216e-02 1.021600791022075766e-01 -4.073930015224951767e-02 1.191318115368925762e-01 -1.293215155931675409e-01 -1.943256816334462400e-01 -1.147955767085728773e-01 -1.423054513473079596e-01
7.679802557423455467e-02 2.745904779867443940e-02 -1.204739947742476391e-01 -1.042138598596467104e-02 -1.956369087732461043e-01 1.038187117076581067e-01 -3.816283055500379467e-02 -4.087410332241862565e-01 -2.826129096250559747e-01 -2.552441961572469165e-01 1.956699131855363437e-04 3.962481448831817188e-02 2.366738590950343835e-01 -1.806104454791511438e-01 2.476042951714409468e-01 -3.417631406744639500e-01 1.004602648274331572e-01 2.067539749501223212e-01 -2.304154015744002693e-01
-2.027241953600485841e-02 1.988546485943090136e-01 -2.543429891171086199e-01 -3.123716990415744132e-01 6.706206833787109467e-02 -2.106970556836969544e-01 -1.505200313865213690e-01 -9.033411512029229651e-02 -3.416445318490990424e-02 -3.173172199561357515e-02 1.011837863475299193e-01 5.475677600858405714e-02 -2.052242893294142501e-01 2.301745778354505056e-01 2.287524621019716708e-01 1.402865612818473273e-01 2.202290834837862532e-01 -8.541949085444069945e-02 4.880131390370472111e-02
-3.538345640800884956e-02 -6.654617258844021388e-02 -7.210974022682352380e-02 1.498247474572604876e-01 -1.119372837414212007e-01 -2.234749670094287877e-01 -3.691230005530270197e-02 1.274958723982319020e-01 8.213129840621953559e-02 -1.167142678335201245e-01 4.399476744224592797e-03 -9.824067173116256269e-02 -1.456033169836016550e-01 -6.732090280819102816e-03 3.155557061630933635e-01 -7.892911089429799354e-02 8.948304055178124550e-02 -1.188282600076822348e-01 -2.899604893495581759e-02
1.005640367226164934e-02 9.904525154877090454e-02 -4.524180688580928950e-02 -2.130234855703394270e-01 -1.423234681796291257e-01 -7.472373590438022295e-02 -7.562522856281715666e-02 2.910993635737847418e-01 -9.152734253700335609e-02 8.187633162598881298e-02 -8.367191712596847020e-02 1.699048027708195407e-01 1.249680305847851169e-01 -1.381474855127324264e-01 1.316548998546180349e-01 1.127107175793995858e-01 2.527063463771739293e-01 -2.751622005695448896e-03 2.401300909864084732e-01
-6.597464649613137000e-02 1.898278107774945822e-01 2.566894527908950563e-01 -5.546382992931707390e-02 1.998890790808767193e-01 9.634302546823508839e-02 -1.038488472048317290e-01 2.733735822184506503e-01 -2.896068381191583274e-01 1.744650816506040925e-01 1.173963924505175282e-01 -2.219524867540222379e-01 -1.047135598024962616e-01 -2.046385595437083191e-02 -1.425690358295760296e-01 -2.982132444908092844e-02 -6.996567626983837829e-02 6.193187756380034298e-02 -3.213922982287865937e-02
-3.554329358298086161e-02 -2.917802715016674653e-01 2.971184023031677723e-01 -5.905162493216050551e-02 -4.428465767226106298e-01 2.914603317722697096e-01 -7.979907957786963948e-03 2.189988061932652830e-01 -1.524062202893148622e-02 1.141583747526810494e-01 2.155742093950648031e-02 -5.403571557708546080e-02 3.433338829100672784e-01 2.055773464285684804e-01 1.563018680503162547e-02 5.096536917289206520e-02 -1.547717654468806214e-01 1.759202678462359337e-01 2.967964148060245333e-01
1.329427901061209366e-02 -9.924874505539376182e-03 -1.001118158016068432e-01 2.270909828701608152e-02 1.117542624732215939e-01 -4.878450309708583510e-01 -6.266735741121540193e-02 1.262545270194159741e-01 1.583284503853140401e-01 -2.698718940919748732e-01 -2.329096725892032815e-01 1.390567197626604856e-01 -1.822519280326620195e-01 -2.792165090093716717e-01 -1.764907691345686258e-01 -1.047061034791833128e-01 -1.450753720702397109e-01 1.124103292485296307e-01 3.207414827824781600e-01
1.113743775143240938e-02 4.785683932250523603e-02 -4.084665315124935137e-01 -2.087574548004920982e-01 1.296830289688861992e-01 -2.338816868216308242e-01 -1.977763816939257513e-01 -3.772893968318839497e-01 9.802908245636976492e-02 -3.328629937239752645e-01 -3.089273148317604467e-01 4.701892870362096855e-02 -8.942282177470717297e-02 -4.594706073334369617e-02 1.820406916427016741e-01 -1.902068668000833351e-01 7.366202608855124123e-02 -7.865297424318522246e-02 5.497423298976691908e-02
-2.079097905138392946e-02 -2.420798364623084550e-02 -6.768348355893123725e-02 3.284143299631332724e-02 -8.943956309016004580e-02 6.446964986890724170e-02 4.394467176466135424e-04 5.715121387777399864e-02 -7.398368541844550783e-02 -6.465980698510155611e-03 -4.710026262865401464e-02 -1.424145576281687919e-01 2.059929351614949999e-01 4.734657477389058594e-02 -2.781855981620395823e-01 1.752467745877217542e-01 1.187726285364623519e-01 1.638187135935033345e-02 -1.768220893305987029e-01
-3.447892456780055764e-02 -1.135825465468156964e-01 -3.141065558965756149e-02 2.337492226818103924e-01 8.049906868272366234e-02 3.549969041328782660e-01 3.401654826615422428e-02 -1.105247101656138715e-02 -2.123574126899118591e-02 2.243451096728105998e-01 -3.962081165450784259e-02 2.118130170848958882e-01 -7.831265161523098817e-02 1.188595062034692729e-01 1.145282396030604666e-01 -4.106740049742322457e-02 -1.190217448129036321e-01 -6.548175152721076586e-02 2.015460168978266964e-01
7.465502923197744889e-02 -1.438047563919046257e-01 -3.301672332794098885e-01 -1.583521884571152949e-01 -3.406714261136022937e-01 -2.309076436370424701e-01 -1.244770275593211351e-01 -2.627465331956965189e-01 -4.857021060134616465e-03 -2.653334805804682395e-01 9.826486704017646512e-02 2.780729292812993414e-01 3.139003659146692021e-02 2.940242089355699431e-02 9.664874841289559926e-02 -7.235895651480023574e-03 -7.971174752167108080e-02 2.497108242144020218e-01 -1.834803981138540818e-01
-1.599457595796423964e-02 -5.639123153815994022e-02 -1.119085988851631769e-01 2.152467866253897355e-02 -3.655579881395402686e-01 -3.676692791689699646e-01 1.669390693184910901e-01 -1.996094096247162664e-01 3.489893611527957740e-01 2.480617092425138059e-01 -1.941349996413595791e-01 -5.314059316459123633e-02 5.790158711969381478e-02 -1.146292358195411670e-01 -7.792179995271314441e-02 6.096890043152165817e-02 8.644541841962104234e-02 5.474034985392042807e-02 -1.424443842808071070e-01
