-1.272870697732741958e-15
-5.734301922188933571e-16
-4.041211809635569945e-16
1.704192342799615201e-16
1.632027846198980085e-16
-3.164135620181695869e-17
4.440892098500626254e-18
-2.359223927328457648e-16
5.107025913275720308e-17
2.392530618067212128e-16
-1.043609643147647089e-16
7.432943149865423354e-16
1.074695887837151500e-15
-1.665612092693891045e-15
7.088774012231624274e-16
-3.319566843629218293e-16
2.111644192837047693e-15
-1.132149929361503358e-15
1.973692476814337215e-16
-3.976680096329232741e-16
1.545291672400139730e-16
7.930461842775571747e-16
6.766809335090328838e-16
-7.036038418561929969e-16
-1.320887843547780089e-15
7.310818617156655779e-16
1.458833054357455757e-15
-8.968381592922014660e-15
6.061817714453354671e-16
-3.450850716291142769e-15
2.704503287986881269e-15
-1.180000541722847591e-14
3.699263118051021624e-15
-4.461986335968503884e-15
-5.729861030090432842e-15
-1.737499033538370025e-15
7.038813976123492309e-15
4.685141163918160916e-15
-3.702593787124897023e-16
2.302602553072574491e-15
-1.072364419485438740e-14
-2.707278845548444397e-15
2.373101715136272105e-15
-3.684830218730894305e-15
-6.766809335090329429e-15
2.879918525877656208e-15
-6.585287870564115767e-15
4.155564781171960899e-15
-1.636468738297480764e-15
-5.107025913275719692e-16
2.304822999121825151e-15
1.207367539279857738e-15
1.448841047135829216e-16
5.729861030090432842e-15
-1.884048472788890523e-15
-5.784261958297065536e-16
-4.961586697049824327e-15
-3.504974088741619230e-15
-7.914779942552741671e-15
-5.699329896913241195e-15
-7.586153927263694451e-15
-6.500355809180292017e-16
-2.874367410754530346e-15
2.096656182004608300e-15
2.268740750821507248e-15
-4.816147480823929356e-15
-5.573319583618285360e-16
-8.862910405582624473e-15
-5.744293929410560161e-15
-5.739853037312059630e-15
-1.199595978107481610e-15
5.489497745259086546e-15
-1.854627562636323811e-15
1.681987882307112198e-15
-9.137135492665038801e-16
3.803624082365786087e-15
-3.028133299665114306e-15
-4.186095914349152546e-15
3.009259508246486850e-15
-3.037015083862115764e-15
-2.020050793305472357e-15
1.260658244461865299e-15
-6.498135363131041357e-15
5.219158438762860676e-15
-4.827804822582493153e-15
2.497446693894289748e-15
3.526623437721809814e-15
2.203792703880935891e-15
-3.234634782245393754e-15
-1.100786128915842615e-15
-2.767786000390515224e-15
-2.520206265899105366e-16
8.534284390293578831e-15
-1.637578961322105897e-15
1.258437798412615033e-15
-1.164623952831789235e-15
-5.790923296444816136e-15
-6.613043446179744681e-15
5.846989559188386825e-15
-6.125655538369300896e-15
2.118860642497111352e-15
2.227662498910376740e-15
7.961409309586996857e-15
-7.076006447448435147e-15
-2.149946887186615467e-15
-1.016964290556643407e-15
4.241607065580410373e-15
8.215095270713846326e-15
3.446132268436485807e-15
9.192091532383983766e-15
-3.069766663088557972e-16
-2.647326802218685644e-15
-2.322586567515827672e-15
7.838174553853604544e-15
6.210587599753125435e-15
5.640488076608107772e-15
5.723199691942681650e-15
4.538036613155327359e-15
-5.194178420708794496e-15
4.011235787970690865e-15
-9.980904991380157535e-16
-2.430278200904467730e-15
-5.041522754822835471e-15
6.494804694057165367e-17
-2.624012118701557657e-15
-1.817990202823693835e-15
1.158795281952507139e-14
-2.851052727237401964e-15
5.501155087017650737e-16
-5.571654249081348351e-15
-2.156608225334366659e-15
-6.761813331479516036e-15
4.562461519697080677e-15
-4.309330670082544859e-15
3.261280134836397337e-15
-7.353007092092412209e-15
-6.452616219121409529e-15
2.372546603623959637e-15
6.985523270941485142e-15
-1.034394792043258368e-14
-1.049105247119541723e-14
-4.152234112098085698e-16
8.417710972707936132e-15
-6.248335182590381136e-15
7.513434319150746572e-15
6.505906924303417485e-15
-7.499556531342932115e-15
-4.756195437494170998e-15
-7.088774012231624274e-16
4.245492846166598831e-15
-3.328448627826219356e-15
8.105738302788268470e-15
2.923772335350349844e-15
-1.033728658228483248e-14
-6.960543252887418962e-15
4.026778910315443119e-15
5.438982597638642112e-15
-4.095612737842202541e-15
-3.866906794769420041e-15
-1.071920330275588569e-15
-1.357303158755485078e-14
2.837174939429587507e-15
-5.057620988679900588e-15
-4.006794895872190333e-15
5.053180096581400057e-15
-5.251354906476990910e-16
-4.948819132266635594e-15
6.065703495039542538e-15
-9.761635944016688566e-15
-3.492206523958429709e-15
-1.810218641651317708e-15
-9.180989302137731254e-15
-2.287059430727822532e-16
-5.073719222536965705e-15
-1.479039113405633531e-14
-1.237565605549661983e-14
-1.075417532803157826e-14
5.064282326827651780e-15
1.760813717055498210e-15
-2.040589919261037611e-15
8.943401574867949269e-15
8.201772594418343942e-15
-1.468603016974157084e-14
-1.264821580804209557e-14
1.623590151211829026e-14
-6.783462680459706620e-15
-7.657763312352016606e-15
-9.403589018575076607e-16
9.636735853746358455e-16
-5.747069486972122895e-15
1.499356194756273995e-15
8.461564782180630951e-15
-5.703770789011741726e-15
-4.528044605933700571e-15
-1.069533350772644484e-14
9.444667270486205932e-15
4.951594689828198131e-16
5.005995618034831219e-15
-1.409705685517792494e-15
-1.090239010181903754e-15
-3.537448112211905106e-15
-1.137423488728472907e-14
-9.992007221626408864e-15
1.337818744673313710e-16
-3.936295733808492325e-15
3.010924842783424648e-15
-5.137001934940599660e-15
1.373040570129546716e-14
-1.312283615106935062e-14
-3.244626789467020147e-15
5.071776332243871082e-15
2.871591853192967218e-15
-1.704747454311927915e-15
-6.044331701815508779e-15
-4.263533970316757783e-15
5.462574836911926531e-15
7.076284003204591184e-15
-3.474165399808271151e-15
-2.505495810822821912e-15
8.129885653573865751e-15
-9.084399898995342524e-16
-5.687117443642363944e-16
2.327305015370484240e-15
1.383754222317179515e-14
1.487310274939090997e-14
6.445122213705190227e-15
-4.760081218080358667e-15
-7.815692537604945061e-15
-9.261480471423056050e-15
2.241262730962034766e-15
-2.789157793614549377e-15
3.891054145555017322e-15
2.468580895254035505e-15
5.927758284229866869e-15
-8.305023335708484258e-15
4.032052469682412550e-15
-8.357203817865865700e-16
9.375833442959447299e-15
-1.822431094922194366e-15
1.196404086911684348e-14
-4.486688798266414027e-15
-3.717581797957336612e-15
-1.671718319329329374e-15
-1.449312891921294863e-14
-1.614153255502514943e-14
-1.010302952408892412e-15
1.145528116808236594e-14
-7.940037516362963099e-15
7.244482791435302463e-15
3.504418977229306762e-15
1.144917494144692682e-15
6.533662499919046004e-16
-4.405364961712621121e-15
4.207467707573187094e-15
-1.706412788848865516e-15
2.100264406834639933e-15
-5.194178420708794496e-15
-1.226740931059566770e-14
2.837174939429587507e-15
5.567490912739003856e-15
-9.503231535035183318e-15
3.989031327478187418e-15
-3.030908857226677336e-16
9.781897514216098178e-15
-1.426109230706629054e-14
1.091265966479682037e-14
3.362310430077286598e-15
3.390898672961384411e-15
7.374101329560289931e-15
8.578970867034740183e-15
-8.526512829121201915e-15
5.002942504717111660e-15
1.027969376288240280e-14
-1.277394856558089537e-14
-2.026018242062832668e-15
6.634276461525701210e-15
1.613709166292665047e-15
-7.781275623841565942e-16
-1.257896564688110131e-14
4.878042414446781549e-15
5.670325320394908539e-15
-2.072619853521473513e-14
-7.286393710614901870e-15
-3.367028877931943561e-15
2.481209682159146849e-14
2.558231404492517006e-15
-7.178979632982418046e-16
-1.309646835423450347e-14
-3.551325900019719563e-15
8.912454108056522778e-15
6.326467127948376464e-15
9.008627177564676269e-15
3.675948434533893242e-15
-6.387668172180837777e-15
-3.414768467990825261e-15
-1.390609849494239774e-14
1.573879915284237493e-15
4.901634653720066165e-16
1.194877530252824648e-15
9.308109838457312814e-15
-5.236644451400706765e-15
2.905592433322112874e-15
-9.698630787369211437e-15
6.678962938266863350e-15
1.150066153421391896e-14
7.461739559566637405e-15
2.861461068093262807e-15
4.214267823599016304e-15
-1.185711251405763253e-14
-2.789178610296261316e-14
1.569022689551502355e-14
-2.217712125052173595e-14
8.256173522624976045e-15
4.444986045903931647e-15
-1.124114690220778799e-14
2.112823804800712032e-15
4.040309753428061741e-15
1.159093654390375194e-14
-1.377328806562161427e-14
9.153094948644024716e-16
-1.144667693964152092e-14
7.945831492772725887e-15
-1.821251482958530422e-15
3.004090032288075933e-15
-1.876231808806139118e-14
1.563679741245493925e-16
-8.767257753117262762e-15
-7.281310970830290898e-15
2.426118334009075422e-14
1.184635722850657664e-14
-1.569471982931780373e-14
-6.433568955355184156e-15
-1.234550656148414273e-14
5.488049251156645849e-15
-9.172918501165750484e-15
6.641677225555087484e-15
-1.653369281762184721e-14
7.402247217958012679e-15
7.682144850806871135e-15
-5.825999405129067617e-15
-2.395235051966260212e-14
-7.001569463094270607e-15
-1.707967101083340860e-14
-3.445160823289938890e-15
-2.714401620140804842e-14
-4.397732178418323012e-15
7.810418978237975631e-15
6.145361997056397646e-15
1.026300572304350611e-14
1.970951180041424815e-14
-4.763550665032312676e-16
6.271788643985587536e-15
1.698773066660663782e-14
-4.113306917297165658e-15
5.633618571643239553e-15
-5.832834215624416332e-16
-1.888274259176370126e-14
5.267730696090211274e-15
-1.041465524931339871e-14
1.933557480793268850e-14
1.543550010030258894e-14
-1.011198069722496459e-14
1.102361257832029701e-14
-9.047762539182713731e-15
-1.085853629234634430e-14
-9.815967483284283237e-15
8.828771047575400404e-15
-7.652350975106969158e-15
-1.560751528018045203e-14
9.161837954962947367e-15
-3.330474784846160396e-14
2.084277195280037783e-14
-1.271163729832380833e-14
1.697891827134867577e-14
-4.087286065157513551e-15
-1.196598375940993732e-14
-3.131120362986905598e-14
-3.380629109983601587e-16
2.930350406771253751e-14
-3.764072387113515358e-15
-1.754332790149249073e-14
-8.561623632274972112e-15
-2.668823495532990251e-14
-6.055156376305603677e-15
1.363922863539812549e-14
-1.704816843250967003e-14
-2.119721065341195855e-14
1.786806813619534713e-14
1.349170775100105787e-14
4.210937154525140708e-15
2.063488269143931543e-15
-4.306277556764826089e-16
-2.679842459052395005e-14
5.047351425702117764e-15
-1.802710758447290131e-14
-1.438779650975163804e-14
1.923752823707047860e-14
5.176137296558636333e-15
-2.755712324997716583e-15
4.022754351851176643e-15
1.112304692796328709e-14
2.790434550092868487e-14
3.062217146521106694e-14
-1.846051089771094704e-14
-1.688094108942550528e-15
9.542644452409376817e-15
4.790612351257550906e-16
-1.613265077082814994e-14
-4.506117701197353951e-15
9.620082508376980476e-16
6.705747068735945346e-15
-7.153999614928352457e-15
-3.510525203864745091e-15
1.873751154235492411e-14
-2.626510120506963959e-15
-5.234146449595300857e-15
-2.621736161501076026e-14
2.347427807691815360e-14
-1.027677942744276126e-14
4.684030940893535192e-15
2.096239848370373693e-14
-9.047207427670400080e-15
-1.424527162896538382e-14
1.461025744831090340e-14
2.514877195380904709e-14
1.063621413166515538e-14
-6.658507079038145144e-14
1.337596700068388644e-14
-2.608330218478727147e-14
1.396105453466134419e-16
6.526723606015139170e-15
1.230043844557826604e-14
2.226469009158904441e-14
2.722211345229652504e-14
9.210687768046455580e-15
1.379452108096756932e-16
-2.160216450164398212e-14
-2.084360462006884594e-14
-2.684824584875400281e-14
-3.164135620181696140e-15
8.429923425978814369e-15
-8.262557305016571200e-15
-2.570721413519550096e-15
-1.612848743448580624e-14
-1.652344927549620618e-14
-1.624256285026604145e-14
7.365497101119444905e-15
-1.378896996584444455e-14
1.983135877736685870e-14
1.822209050317269379e-14
7.263356582853930313e-15
1.396743831705293865e-14
-1.526834214615746595e-14
7.074896224423809620e-16
-9.783007737240723902e-15
7.112643807261065124e-15
1.697475493500633206e-14
-3.216288346763462768e-14
4.459488334163097187e-15
3.389455383029371837e-14
9.240941345467490401e-15
1.686456529981228452e-14
6.724898415910729234e-15
2.228772721935001676e-15
-4.464068004139676052e-14
1.251110326450088880e-14
1.426303519735938595e-14
4.367894934631522245e-15
7.782663402622347112e-16
4.737321646075543147e-15
4.968248035197575617e-17
9.505729536840590804e-15
-3.965855421839137055e-14
1.502326041347146151e-14
1.692007645104354234e-14
-1.104671909502030753e-16
4.226896610504127018e-15
-1.700334317789042908e-14
1.910110958291966350e-14
-6.854794509791872738e-15
-3.528177749956285197e-14
-2.112920949315366645e-14
-2.559619183273298372e-15
3.533284775869560611e-15
-1.040750818859237446e-14
-1.724981268935721371e-14
1.412786554411127301e-14
-5.060951657753776184e-15
1.836003571398237025e-14
8.688327834960318039e-15
1.443289932012703503e-15
-3.390981939688231301e-14
1.315586528605194897e-14
-4.696798505676724713e-15
2.541966637181758503e-14
-1.107391955912362442e-14
-1.087629986074034643e-14
1.204536470567063639e-14
-1.952327188803337871e-15
-2.216005157151812392e-14
4.690692279041286383e-15
-6.455946888195285716e-16
3.747280263866059361e-14
1.800670723639541368e-14
6.697975507563569219e-15
-2.520206265899105268e-15
-3.311795282456841771e-15
-1.769695501252499589e-14
-3.688271910107232316e-14
2.740196958228580090e-14
-2.099154183810014603e-14
1.185218589938585814e-14
