-5.538671864226523030e-03
-4.140367229566292891e-03
-4.590568311941383914e-03
-6.030082114253478183e-03
-5.559027634688779203e-03
-7.461134699812826954e-03
-4.883725323367413577e-04
4.833217674359849107e-03
3.791640315300182865e-03
9.051896504307198679e-03
1.700053165450000903e-02
3.301494606349858474e-02
3.346877974828061514e-02
4.416551883905048270e-02
5.846106323581621439e-02
6.101425106440860197e-02
7.175476351234059968e-02
9.822401426614206510e-02
1.157296560074514702e-01
1.171071549218860725e-01
1.354427330846133815e-01
1.470328319344880730e-01
1.602870288118303510e-01
1.757837052717113047e-01
1.971726586310480478e-01
2.091072438492616314e-01
2.187027765221498665e-01
2.417314320630831737e-01
2.636368729004032740e-01
2.706606518887291202e-01
2.837509818382435989e-01
3.031413225037171699e-01
3.229821476699562544e-01
3.299058748409840480e-01
3.482395898280244984e-01
3.706761723412256848e-01
3.776209865261090370e-01
3.994310807101741911e-01
4.149064205160175045e-01
4.284563130763200944e-01
4.476341902191416922e-01
4.725709046834858373e-01
4.793796911976803132e-01
4.971708189477115902e-01
5.110258614999102500e-01
5.317588315572803204e-01
5.433755968211415599e-01
5.649251896131574080e-01
5.821329909627629418e-01
5.957060616938784081e-01
6.118861609867151108e-01
6.286871219156046076e-01
6.351674254480905724e-01
6.534209839070802550e-01
6.686407737184086875e-01
6.830957965696021761e-01
7.009308078086349258e-01
7.120917490007679929e-01
7.352854473828351889e-01
7.456280054313866312e-01
7.598309907154014997e-01
7.717014844632740234e-01
7.953639540454487955e-01
8.037343356154180718e-01
8.229637678916614796e-01
8.334680913382396250e-01
8.479976174253037735e-01
8.645434323715835978e-01
8.793034789247817784e-01
8.913054659765037302e-01
9.060766801539077431e-01
9.235188830341893862e-01
9.359429862985360060e-01
9.506659139388927704e-01
9.637349634193342895e-01
9.762557343434982160e-01
9.875489582665399890e-01
1.005041277155520385e+00
1.014629005064185074e+00
1.032173278351033341e+00
1.044582383407543613e+00
1.058403731699371297e+00
1.073123605283145210e+00
1.084042238007093095e+00
1.096039710032143288e+00
1.115708082397161238e+00
1.125658717962597200e+00
1.137295254042227199e+00
1.149741397928939923e+00
1.161528486809124905e+00
1.173306001528448217e+00
1.186182172984081573e+00
1.198561777282658891e+00
1.210996563193279307e+00
1.222482783779994309e+00
1.233018390396669828e+00
1.248765983665975909e+00
1.260349633583291551e+00
1.270908313908141851e+00
1.284905857212558233e+00
1.293142373968596104e+00
1.306139062591047839e+00
1.316549227951004486e+00
1.327928913340968187e+00
1.339345063690826620e+00
1.350717809571228445e+00
1.363104751974924644e+00
1.374368830766724336e+00
1.384536874600931888e+00
1.396583452239274381e+00
1.407495552974524111e+00
1.417657597337549813e+00
1.428878572359641552e+00
1.440312789634931701e+00
1.451411732848471470e+00
1.459594031166192574e+00
1.472991085562268987e+00
1.482292400386283404e+00
1.491545696719605241e+00
1.503597893737053548e+00
1.511913136022644766e+00
1.522502613780683856e+00
1.534718998912815380e+00
1.543985980664974056e+00
1.553316453260245034e+00
1.562386958004772675e+00
1.571876374804130005e+00
1.582379034722339650e+00
1.590581873004237146e+00
1.602541987069811658e+00
1.609964169493608876e+00
1.621389533668223581e+00
1.628510911225720559e+00
1.639399661128175145e+00
1.648900556179420773e+00
1.657727133962650035e+00
1.666111510793161443e+00
1.674752464972827370e+00
1.686703780904373673e+00
1.692881856230976201e+00
1.703186878303982743e+00
1.709191597653136885e+00
1.718586013890955444e+00
1.728613437156965915e+00
1.737225120696884506e+00
1.746917747527155118e+00
1.755780064423325015e+00
1.759891472362713483e+00
1.771251710579013094e+00
1.777704902069800363e+00
1.787931189782763219e+00
1.796088705539016894e+00
1.802644240425849587e+00
1.811206451227169723e+00
1.818991042085769561e+00
1.826432664003371675e+00
1.835430498789102138e+00
1.843870828308980858e+00
1.852680304656945554e+00
1.859148763961031126e+00
1.866569607368947059e+00
1.874925634596216417e+00
1.884469163345523279e+00
1.889859814655388881e+00
1.896731743017519012e+00
1.904524612174651077e+00
1.910981622872059527e+00
1.918592248221870467e+00
1.925152355382608427e+00
1.934569151560423084e+00
1.939491675473265619e+00
1.946986465853308479e+00
1.954646494378740273e+00
1.962840442481295522e+00
1.969259256521175505e+00
1.977742029644590005e+00
1.984422625034719223e+00
1.988614942225659155e+00
1.995532322963209815e+00
2.001915918307021869e+00
2.008559035271654913e+00
2.016969254891474161e+00
2.024676688599172270e+00
2.028152588303903769e+00
2.034688039930409253e+00
2.042741750144190682e+00
2.049249617403052781e+00
2.054483357861221382e+00
2.062477128105365320e+00
2.067474287452238713e+00
2.074592882482157563e+00
2.081967682724377156e+00
2.086772535678125706e+00
2.094088400756178192e+00
2.098003587080447652e+00
2.104924276153020024e+00
2.112531649987102966e+00
2.117307116212524321e+00
2.122596886653728809e+00
2.128933173618543950e+00
2.135051967014719221e+00
2.142444882192569899e+00
2.146960266969808018e+00
2.151669718532558839e+00
2.160120762257836002e+00
2.165210640822201160e+00
2.171179313651495857e+00
2.175034381746636214e+00
2.183344852851605289e+00
2.187502109793935112e+00
2.192505266213782278e+00
2.198117259948931146e+00
2.203778324918019393e+00
2.208000717362978094e+00
2.214012844020387671e+00
2.220062771437097737e+00
2.226487114954624147e+00
2.231252223349108998e+00
2.236866774504807864e+00
2.242020530216478846e+00
2.245988432163595672e+00
2.251216089223096795e+00
2.256833563805759724e+00
2.262908257953501590e+00
2.267571487296168087e+00
2.271537335161447402e+00
2.277218565164809139e+00
2.283255696561383274e+00
2.287401337346304242e+00
2.292864975193936505e+00
2.296243130877943628e+00
2.302979296717622582e+00
2.306941031783360074e+00
2.309614762372112384e+00
2.317081069649663316e+00
2.320693443762831265e+00
2.327273569347931392e+00
2.330545728292330310e+00
2.336238791262905234e+00
2.340605166877656185e+00
2.343376746431491409e+00
2.349342565397989357e+00
2.353260185164293805e+00
2.356936599364233942e+00
2.359979102591053479e+00
2.367046640801531154e+00
2.370644273762613885e+00
2.375715411125320475e+00
2.379257197622756337e+00
2.385736076317757526e+00
2.389553786675170155e+00
2.394209904680614009e+00
2.398515872180621678e+00
2.403483602164155020e+00
2.407471297025970181e+00
2.410399258573528769e+00
2.415403967801980745e+00
2.419033967343901192e+00
2.422661486388342222e+00
2.427148665178511244e+00
2.432522022571042442e+00
2.435983658999066215e+00
2.440798369356843800e+00
2.443833502901846977e+00
2.448439276449885682e+00
2.451060907690422841e+00
2.455589615174786911e+00
2.460006686091861905e+00
2.464760341987795478e+00
2.467332017591413518e+00
2.471941833676252642e+00
2.474482405503782179e+00
2.477567592734239099e+00
2.482681026508210209e+00
2.486060218929887267e+00
2.491338446992136024e+00
2.492248139453214328e+00
2.497191090886103471e+00
2.500824144792880510e+00
2.505326276479812542e+00
2.510057108167173645e+00
2.511946801962092746e+00
2.516116934283938011e+00
2.519171519594184616e+00
2.523747543481853484e+00
2.526965063141544565e+00
2.528755873429305190e+00
2.535519013909105723e+00
2.537518703765771821e+00
2.540555067159592895e+00
2.545588751711933106e+00
2.547137962514202325e+00
2.550483896761628788e+00
2.554585960575874726e+00
2.556567501530341957e+00
2.562113944835378465e+00
2.565790089493959147e+00
2.568798843437299695e+00
2.570753535126144129e+00
2.574397867559077291e+00
2.578151015583676653e+00
2.581568677182159544e+00
2.585322088863756029e+00
2.588304208983914556e+00
2.590095840949758532e+00
2.594721434228070667e+00
2.596145328040166955e+00
2.601009278416108295e+00
2.603477208720464287e+00
2.607589727101369270e+00
2.609832240854518037e+00
2.613147845743842179e+00
2.616197482347266234e+00
2.619124649773772351e+00
2.622858451287289228e+00
2.626631258342901010e+00
2.628531571638929698e+00
2.631674868348061747e+00
2.634588714386961517e+00
2.637152709495050207e+00
2.640475147708731818e+00
2.644247251258919462e+00
2.645867693924058628e+00
2.648922468503591254e+00
2.652935836415318160e+00
2.656302564122040355e+00
2.657959124287921693e+00
2.660895047422368709e+00
2.664265458142672127e+00
2.667346423099766550e+00
2.669064216371380471e+00
2.671739321436473524e+00
2.675286900151511382e+00
2.678168039572523806e+00
2.681461941731629217e+00
2.682128046337914462e+00
2.687605688532260118e+00
2.689375234869688658e+00
2.690406642597528375e+00
2.693991068575135817e+00
2.696942136776004695e+00
2.700817114405172248e+00
2.703101670549135083e+00
2.705886670075564826e+00
2.709031409493647402e+00
2.711479390177006454e+00
2.712207154615512650e+00
2.715775020498635062e+00
2.719156953813159028e+00
2.720980993944416948e+00
2.724115903253092164e+00
2.725658625941071111e+00
2.727192330421696287e+00
2.731464594012134040e+00
2.734381323976343925e+00
2.735867857111895951e+00
2.739472897613588920e+00
2.741364919972393732e+00
2.743788686870267668e+00
2.745863347645325803e+00
2.748708188400806662e+00
2.752262013558490761e+00
2.753949862490809863e+00
2.755768787189956548e+00
2.758625406839667615e+00
2.761415931493788722e+00
2.763803057020719489e+00
2.765319556290122271e+00
2.767573314980844579e+00
2.770016846093964702e+00
2.773317291995171185e+00
2.776112031222758070e+00
2.778642970790436539e+00
2.780849064156374784e+00
2.781801203322222360e+00
2.783985304367081692e+00
2.786730457162519770e+00
2.789320049258653622e+00
2.791467430552637019e+00
2.793903994981429051e+00
2.796307225162265375e+00
2.798752596941820325e+00
2.799624880742647370e+00
2.802909055402038163e+00
2.803967096241100077e+00
2.806726170242275664e+00
2.808280496665065851e+00
2.811093150575046273e+00
2.813062069292510792e+00
2.816302614919288683e+00
2.816654921836540204e+00
2.818733158595077892e+00
2.822514553089156220e+00
2.822848945514424113e+00
2.825394440183309097e+00
2.828176333747881355e+00
2.831545490243983387e+00
2.833043050901348892e+00
2.833812678964566789e+00
2.836918057551077066e+00
2.839370554775822342e+00
2.840154537278960944e+00
2.842047714882097065e+00
2.843969065598264123e+00
2.847161347547060739e+00
2.850289324925211698e+00
2.851372261795968477e+00
2.852927591850621614e+00
2.855093293740660787e+00
2.857795031056143742e+00
2.858908519438410512e+00
2.861882397046619175e+00
2.863519030258393716e+00
2.865952433109705044e+00
2.868541488284018559e+00
2.869595045135009403e+00
2.871826225389894738e+00
2.872283176657814963e+00
2.874927714507537591e+00
2.876991711443757982e+00
2.878827217336616950e+00
2.881998619266580519e+00
2.882089921668718802e+00
2.883846534447820797e+00
2.887663238107322172e+00
2.888981152875278458e+00
2.890295518390352925e+00
2.891801836456483699e+00
2.894360577483482189e+00
2.895291711825657810e+00
2.896905024692107755e+00
2.898220496851099615e+00
2.901252293433790541e+00
2.902799905691149984e+00
2.905151197546958386e+00
2.907326879438253187e+00
2.908397630649722121e+00
2.909750736577186636e+00
2.912389936836395243e+00
2.914857465090652688e+00
2.915738428437085084e+00
2.918461457326252617e+00
2.919557790978104084e+00
2.920984626193671385e+00
2.923312588026447667e+00
2.925033044011822625e+00
2.926887189535011036e+00
2.929236982841588066e+00
2.928366550889974995e+00
2.932202518280693671e+00
2.933309245397403231e+00
2.935022401042672424e+00
2.937256264077789503e+00
2.937785277898863789e+00
2.939469621864922999e+00
2.942242850387085440e+00
2.943375672378920616e+00
2.945367729070640372e+00
2.947904972355095854e+00
2.947611033680811232e+00
2.949932094744629918e+00
2.951476586588232198e+00
2.953636904148073672e+00
2.955492687332451851e+00
2.957954625463026677e+00
2.959931235216885170e+00
2.960118715062578953e+00
2.961848026802284206e+00
2.963647555929266542e+00
2.964696572211726000e+00
2.966353514152398230e+00
2.968628141148302202e+00
2.971869303502074455e+00
2.970357686838290157e+00
2.973172733205403429e+00
2.975361016300990258e+00
2.975647787833650249e+00
2.977887085710227311e+00
2.979471177154235928e+00
2.980764316029949068e+00
2.983383251145838688e+00
2.984745643775610802e+00
2.985780106779905019e+00
2.987525636030562648e+00
2.989747806512808914e+00
2.991299523601107069e+00
2.991491680829914568e+00
2.993951125697742910e+00
2.994664395154738923e+00
2.996672642115372209e+00
2.997949774687208357e+00
3.000801555766015483e+00
3.001171279922678625e+00
3.001491483734538779e+00
3.004068327868595123e+00
3.005427870023682058e+00
3.006966398600244617e+00
3.009197015818564136e+00
3.010308334951709686e+00
3.011956749571199854e+00
3.012568788806954334e+00
3.014036656617952392e+00
3.015954370420482977e+00
3.017055111084043784e+00
3.018222738354875645e+00
3.020379630715709585e+00
3.021567825209443559e+00
3.022506044324139829e+00
3.024638487167265133e+00
3.025610617988287121e+00
3.026984106080377046e+00
3.029267877924246566e+00
