-1.975808079217103552e+00
1.240134469424789110e+00
-4.375998898799581260e-01
5.754889150907718243e-01
3.488113046001982132e-01
6.618128214556832090e-01
3.057071485162751179e-01
-5.600174532340524980e-01
6.387868841301605483e-02
-9.262393379053892595e-01
6.415033876502871379e-01
3.701796719635522814e-01
-1.928370853319005596e+00
-4.492050250531793298e-01
2.099140031600693346e-01
8.308601617592970001e-01
3.541171830275631205e-01
-1.058198816710660406e+00
-2.320799585851286359e-02
-6.640102649482135799e-01
-5.411757026861669928e-01
-1.264569606892480103e+00
1.207811058619677969e+00
1.760647645988662191e-01
1.510039105541995053e+00
4.014871697764231806e-01
1.231150988155512938e+00
1.426858687997565878e-01
4.114476750857344323e-01
4.343991168128523150e-01
1.239321603834457663e+00
-9.670828435770106868e-01
-1.002763950388323666e+00
1.649213376008281440e+00
6.547946053882540696e-01
1.707672186131734993e+00
-9.853389738577995882e-02
9.650552250911771379e-01
-4.662214412513829842e-01
-1.918990253101079957e-01
9.374423836027684365e-02
6.636618776890690352e-01
8.160888859998867151e-01
-1.758275563392046825e+00
-1.015553652779287219e+00
4.906194735641306592e-01
1.588762750541167446e+00
-5.586575987911557295e-01
-3.005887505181406016e-01
1.380146859900571066e+00
8.397425623851185739e-01
1.268738354201480290e+00
-1.030665997596499128e+00
-2.312351228712816731e-01
-1.709624004863055102e-01
2.193692318641838335e-01
5.430027649278407545e-03
-8.086217235680658311e-01
-5.104288936673253563e-01
-2.105059726271374110e-01
-1.462373896890743152e+00
1.860192652315291184e-01
-7.136848714668663218e-01
-1.835702613672490768e+00
