-4.229713468388617351e-03
-1.806351078682717423e-02
-7.590287261998922644e-05
9.688552259493261529e-03
5.039799710461405347e-02
1.417103723122442593e-01
8.681328508826963511e-03
-7.251446631766619855e-03
-2.816414365501596767e-02
-2.322476326203890551e-01
8.563224128379277877e-02
9.833280386302686860e-02
4.125934171203431838e-02
-5.192837717725199646e-04
3.057519939457121875e-04
7.138864834139933835e-02
-1.616230894724036415e-01
-3.803006984852812244e-02
8.591210726712757845e-03
-6.300826376517939045e-03
-8.595565359283198481e-02
4.819142999376281600e-02
-1.029197778082534959e-01
-6.786454804342333114e-02
8.705494027405592805e-02
1.449269459581346287e-01
1.250971542462546264e-02
-3.343106343582767648e-02
2.387309361482032807e-02
-7.629904931424995318e-02
2.252194482282458658e-03
-1.478801136269211058e-01
9.715815662580730427e-02
3.608562575701004804e-02
-4.451270197809510665e-02
1.627254215593642306e-01
2.693531640622037412e-02
-5.669223862507449287e-03
2.932432721300025705e-02
8.564697052138580151e-04
1.885385659963971505e-01
1.642921044753405807e-02
1.480650799909629389e-01
6.010830285534789208e-02
2.981252128426334011e-02
2.942769215836319452e-01
3.885363206836301569e-02
3.749975986999201649e-02
-3.592444467964498182e-04
-2.504360189478198329e-02
2.021609273205554613e-02
-3.682594168001190188e-02
-6.371542479810866390e-03
4.228201231198837340e-02
6.391516096699460803e-02
1.089076674979470860e-01
-6.260009473768815558e-02
2.738767994722505345e-03
-3.255402831609225944e-01
1.233842227119689855e-01
4.374914147858530861e-02
-6.207397812797346009e-02
1.324015314964821499e-02
-5.484195971930648505e-02
