2.646882162148038106e-02
1.045264557745474998e-01
-1.573564193480073981e-01
1.344769849829904051e-01
1.399451185257672425e-01
-9.032421588116992806e-02
-3.415875034854836539e-02
2.346653402718504033e-01
9.273506443939948107e-02
1.568010127365675743e-01
-1.597133950095937782e-01
1.367212271792624806e-02
1.602002619533436922e-01
-4.755955357659412408e-02
2.708289211114758843e-02
1.691865712243122710e-01
4.256230841707830947e-02
-6.826126162926574037e-02
2.151435452287079608e-01
1.216012912946450863e-01
-4.358154504985554956e-02
4.482072303821384995e-01
-1.731488856451888214e-01
-9.811112426512091922e-02
-8.505934098172936164e-02
-1.651728287284044694e-01
5.371241166478083612e-02
1.469338663149043211e-01
-2.447771150388946271e-01
8.467660899362246252e-02
1.631771552987656138e-01
-6.549294914355144326e-02
8.545441967103660497e-02
5.844794902842599393e-01
1.720153788497152947e-01
-2.172053361393737059e-01
-4.242554778856202358e-01
3.859184380241147691e-04
-6.451229323732417253e-02
-1.596152088794441093e-01
-3.825385474776279299e-02
6.306578220485835329e-02
2.120841776302212489e-01
-1.172562751041170276e-01
-1.512800126047543214e-01
2.024003576970758930e-02
-3.479441456336165861e-02
-4.318230891445853231e-02
6.339355361121312704e-02
5.223956303929578465e-02
1.905033835444305476e-02
-1.363998708029837137e-01
-1.129412216280985676e-01
-1.269142594919614453e-01
1.211212677274780963e-01
2.147018795919200251e-01
2.488100516429204295e-02
9.510393252483873017e-02
1.150415022562340829e-02
-1.734365167500072635e-01
-5.529899907234886620e-03
-1.621214244561648005e-02
-1.896936258002742404e-01
1.261439668194711261e-01
