1.621285375631093262e-01
2.819477600466583356e-01
-5.582122934450951535e-01
4.359991368220677566e-01
-1.948621007010836736e-01
-1.204776689638890508e+00
-2.413996518212020992e-01
7.856201243288950531e-01
-1.434629932399257290e+00
1.845119593232243282e+00
-7.357166722532629266e-02
-4.389572405496176555e-01
-6.557305813776778125e-01
1.686566779832659568e+00
1.073262423774905550e+00
1.406870408871336187e+00
2.899499532188554718e-01
4.027522392509487181e-01
-4.332635000910293743e-01
-1.362301577524801965e+00
1.036878949946944850e+00
-9.293997746967543883e-01
-1.352627311814537547e+00
4.016756126502143975e-01
1.080575913761596230e+00
-1.077059557717329752e-01
1.677372518757601183e+00
1.738347535579758185e+00
-5.905433526936332278e-01
5.212764896681825189e-01
4.684914997589078034e-01
-1.700364385371983644e+00
6.684303569945607149e-02
1.156260445091739975e+00
1.066646945312378289e-02
1.420755747448209982e+00
-6.487795047493335465e-01
8.586051423373416425e-01
3.015140623529471986e-01
-1.886890489067584609e+00
1.114125573291786075e+00
1.737899093933375161e+00
-3.128365735100802070e-01
7.506671176351799035e-01
1.005794589490018043e-01
-3.089929835245534551e-01
-9.338634311448427150e-01
-1.277688381218265556e+00
1.259488767575848378e+00
-8.511925849315004067e-01
8.002053767411935192e-01
-1.350905426616012095e+00
1.478537867674166950e+00
7.917602489972963564e-02
-2.070686237681968467e-01
1.687923047736214821e+00
-8.320253488542168618e-01
-9.357457626144464191e-01
-8.053735738370644270e-01
3.844471025336833603e-01
4.614288456143319506e-01
-2.932946521535698681e-01
1.178065708247102716e-01
1.784794528646876932e-01
