-7.566447123687022880e-03
-1.029674962223176525e-02
-1.474484011206954326e-02
-2.057325767783535139e-02
-1.654250727860298587e-02
-2.201994385871108156e-02
-5.757968611440761331e-03
5.188321326045076433e-03
5.964927656444293964e-03
1.888110514656945321e-02
3.629120211488201520e-02
6.838970595197498004e-02
7.339796196370398929e-02
1.004165960983297579e-01
1.254938503177508990e-01
1.430826136338991805e-01
1.604687964124646704e-01
2.074769044995416201e-01
2.439210951854424714e-01
2.539158669975372096e-01
2.854165623518533090e-01
3.118995721018464340e-01
3.453984366968508857e-01
3.736715690915239363e-01
4.105310174996764094e-01
4.289461210614169961e-01
4.499318343065097370e-01
4.911939076152919137e-01
5.239672562219352958e-01
5.484938136993059432e-01
5.759179394505126171e-01
6.064403291265509921e-01
6.333375710562556549e-01
6.636496604470103478e-01
6.860449450302130714e-01
7.203436329749305367e-01
7.372499701143616635e-01
7.706435702048819447e-01
7.958355047839885676e-01
8.163326629068210494e-01
8.488775072387831910e-01
8.790435196745698399e-01
9.070337663592096256e-01
9.315398145232000049e-01
9.522538571021598175e-01
9.829365117845154654e-01
1.003574397490212933e+00
1.024664145912217217e+00
1.050168111128521042e+00
1.075946156830307920e+00
1.102557556358625623e+00
1.124283454236756796e+00
1.142636130811104156e+00
1.169445091926072156e+00
1.196085708890732624e+00
1.214194902364290396e+00
1.237487430682216560e+00
1.256837572631443578e+00
1.282639114586613394e+00
1.300855552170037122e+00
1.321070230696548942e+00
1.345404549626382895e+00
1.364277456655638376e+00
1.383761543521081938e+00
1.402837169665209327e+00
1.423848531295013764e+00
1.443810684564814428e+00
1.465010498543161788e+00
1.480148518128644008e+00
1.496879650395839256e+00
1.515013066944354891e+00
1.539472730016577362e+00
1.554680790191546702e+00
1.569048792002928572e+00
1.591685733372671052e+00
1.604420510784064557e+00
1.622480873578699523e+00
1.641737685161615445e+00
1.655364134545824539e+00
1.671393435041020892e+00
1.689355370923551813e+00
1.703474764367826078e+00
1.720132094559879699e+00
1.737425845226483245e+00
1.753247134125543338e+00
1.771039310061327976e+00
1.782763318696505728e+00
1.798313543418288418e+00
1.812778768271559926e+00
1.828783683017142447e+00
1.840946920490944994e+00
1.858284242416403664e+00
1.869612441684750825e+00
1.883382074872026468e+00
1.897429200529391347e+00
1.907924390699174078e+00
1.923555920533385422e+00
1.936235870403925308e+00
1.948873878934690662e+00
1.961462451570756160e+00
1.975440976951764904e+00
1.988762012632081522e+00
2.002279738898167682e+00
2.014714223101300217e+00
2.028007421732762161e+00
2.036782067630412030e+00
2.049510533799059342e+00
2.059603073193864820e+00
2.074135886290201292e+00
2.082055009818018831e+00
2.096015831998692125e+00
2.104117636211192188e+00
2.115957204668370562e+00
2.126182626874399073e+00
2.134894266510633187e+00
2.149877630376612725e+00
2.158328825508377236e+00
2.170552617717967703e+00
2.177943708502911857e+00
2.186828900981312884e+00
2.195611183619806450e+00
2.208763905480971346e+00
2.213839698018103430e+00
2.228777684220957678e+00
2.236627718943758225e+00
2.247787746014707100e+00
2.255597748702948824e+00
2.264517565025634394e+00
2.273033069735193479e+00
2.281728005924716474e+00
2.293293486494578648e+00
2.301376083131700945e+00
2.309382500760141621e+00
2.317702928889703085e+00
2.327400259651400738e+00
2.334088576413994698e+00
2.341271765007824524e+00
2.353014472284307601e+00
2.361236900785173010e+00
2.367936893425570233e+00
2.375709107509841989e+00
2.382567832798656138e+00
2.395825387794161987e+00
2.400862864634952576e+00
2.409345342960026226e+00
2.414164598681225016e+00
2.424766535178424665e+00
2.431648737665018878e+00
2.439053663021061524e+00
2.446688722155412332e+00
2.455826618270455342e+00
2.463044731157873368e+00
2.468369387212828503e+00
2.477129333330681416e+00
2.482910922815153132e+00
2.489179762219872138e+00
2.497918362952720184e+00
2.502545887093784671e+00
2.511127338695124944e+00
2.515778352362044945e+00
2.521817100310071336e+00
2.531636078988028782e+00
2.535794075572722850e+00
2.543598232068237319e+00
2.550056381497350255e+00
2.555908647777195508e+00
2.562392811318733088e+00
2.569621211309217390e+00
2.575544918089047286e+00
2.580697256091753378e+00
2.587516849035483180e+00
2.594609899227401151e+00
2.601323345652182706e+00
2.604548646356975361e+00
2.613207078212493872e+00
2.612678385125215996e+00
2.624124175127950487e+00
2.628277690762997221e+00
2.631841948103490925e+00
2.637948785339544244e+00
2.645704212677391087e+00
2.651590807499790703e+00
2.655763516046631079e+00
2.662232457407343045e+00
2.666622579460921294e+00
2.673898494203025944e+00
2.678604227020548567e+00
2.684535295751120820e+00
2.686486114712849815e+00
2.693024922807111476e+00
2.698532963140448437e+00
2.703472174739320888e+00
2.708895538323403240e+00
2.712586649660096327e+00
2.715140608562911950e+00
2.724843640287039737e+00
2.727587448421038729e+00
2.731021174903768056e+00
2.735094682574891856e+00
2.742448252879672310e+00
2.747179771007894011e+00
2.751887483116799427e+00
2.755141500028910340e+00
2.761767792318086556e+00
2.768034608169675614e+00
2.771716419840847490e+00
2.776630011832472267e+00
2.780236615792919697e+00
2.783260655682145757e+00
2.790177479313119768e+00
2.794087669336113855e+00
2.799767645305895059e+00
2.802394056238778575e+00
2.806764870155959102e+00
2.810522253013243432e+00
2.814794921904034464e+00
2.819848004782299355e+00
2.825922049828486493e+00
2.827364627191988777e+00
2.832358037779007187e+00
2.837609018798762595e+00
2.841849597326780330e+00
2.844408079462046324e+00
2.849310596260539175e+00
2.853936849866085979e+00
2.856657182081989710e+00
2.862725958414866767e+00
2.863160037414830494e+00
2.869505561055697207e+00
2.873137806908533154e+00
2.875918643339332892e+00
2.882779087903873272e+00
2.882739019921151336e+00
2.887109038778190140e+00
2.890602360000348536e+00
2.894756388903031663e+00
2.898740337711229298e+00
2.904061196233978848e+00
2.906629667827217656e+00
2.909721513389321501e+00
2.913183334836345395e+00
2.919044337264937283e+00
2.920448588393947720e+00
2.924297569067068725e+00
2.928381497225942098e+00
2.932949489681137223e+00
2.935754060027770063e+00
2.938958036130751683e+00
2.943438920952913929e+00
2.945623857577279292e+00
2.950631434020934751e+00
2.954391778501389787e+00
2.956510340480970722e+00
2.959689054121146246e+00
2.962708726391920955e+00
2.966336134669212310e+00
2.969784812636990345e+00
2.974311287325044795e+00
2.976955680169988572e+00
2.980101629025217580e+00
2.983654842986634748e+00
2.987379960544859880e+00
2.990687167969698468e+00
2.992303014020942342e+00
2.995702878445821060e+00
3.000342704295538621e+00
3.003425990909255550e+00
3.004951123575358096e+00
3.009272521208195439e+00
3.011775494867150904e+00
3.015530524481671026e+00
3.018201619959591131e+00
3.019990261848719992e+00
3.022908138423090030e+00
3.026228394949828093e+00
3.032601887188631551e+00
3.033790649797118988e+00
3.037581672298240498e+00
3.039703950920231268e+00
3.040955124150582112e+00
3.044510162879560333e+00
3.048513719030413682e+00
3.049159702358022361e+00
3.054170136267114088e+00
3.057758157599553606e+00
3.060014778642036415e+00
3.062155257088905014e+00
3.065937027332211962e+00
3.068188764604633079e+00
3.071155876911508820e+00
3.076296249647254122e+00
3.075424638755090978e+00
3.078915592554063441e+00
3.082307017352214462e+00
3.085549861785640058e+00
3.087771805719097706e+00
3.091047821011748464e+00
3.093436377199944243e+00
3.096411111824654672e+00
3.098793016939913159e+00
3.099899171812751320e+00
3.104248947761203858e+00
3.108704767420185533e+00
3.109535765303474530e+00
3.110851978505477344e+00
3.115077807350673300e+00
3.117751486868117983e+00
3.119443109645920753e+00
3.122266528705246014e+00
3.124769423872102880e+00
3.125584048128922987e+00
3.128977319364452558e+00
3.132293791053421206e+00
3.134749135426068811e+00
3.139197551001147612e+00
3.139894249445931429e+00
3.143898095403035775e+00
3.145563375465115552e+00
3.149453124490127820e+00
3.148819099674079691e+00
3.151707156123657594e+00
3.155188835367346289e+00
3.157799738210616436e+00
3.161208919681207874e+00
3.162705129530641202e+00
3.164168431278598703e+00
3.166797042460415490e+00
3.169132411403799754e+00
3.171977089104871528e+00
3.174097029280999127e+00
3.176783881911235508e+00
3.179174148435868208e+00
3.181176769398700532e+00
3.183003623400594506e+00
3.186239548104202957e+00
3.189518260652081327e+00
3.190214187511704935e+00
3.191960907856522311e+00
3.194462171746232482e+00
3.198090221289452195e+00
3.200281395439721788e+00
3.201927814092561331e+00
3.203823800738110350e+00
3.206258957056192571e+00
3.208762681620566770e+00
3.211824503521899743e+00
3.213637788299401166e+00
3.216809796841065161e+00
3.216720783464353861e+00
3.219965087168051632e+00
3.221828632174467355e+00
3.224640400259270123e+00
3.225796011827981591e+00
3.228728378080842454e+00
3.231207499901299407e+00
3.233550973249456728e+00
3.234205815941959550e+00
3.237322460631182341e+00
3.240858985846491791e+00
3.241211261053726034e+00
3.244071508972745210e+00
3.246285547294966989e+00
3.247184729189197316e+00
3.251488322352166893e+00
3.252292753612424647e+00
3.253781413501474429e+00
3.256718124649415458e+00
3.258598050484573072e+00
3.261362047129545250e+00
3.262797099434632919e+00
3.263960032480629714e+00
3.264959055094967422e+00
3.267251258086028010e+00
3.269206036536631999e+00
3.272794036702844966e+00
3.273279254798540983e+00
3.275077114766870690e+00
3.278895803217630966e+00
3.279956431028869801e+00
3.282348885562573759e+00
3.283117052032862748e+00
3.286336625601216088e+00
3.288048411345362076e+00
3.289434760170499850e+00
3.291116436699317305e+00
3.292748499972156573e+00
3.295224335998257370e+00
3.297859868393618665e+00
3.297995776530245227e+00
3.299596146992669787e+00
3.300012165534663033e+00
3.303201651908455716e+00
3.306208650073598765e+00
3.308579659251426719e+00
3.309578635797709723e+00
3.312161793099446250e+00
3.313656352176078901e+00
3.316698978727090186e+00
3.316323811004795452e+00
3.319681916737788896e+00
3.321390458918439759e+00
3.320908340942133830e+00
3.324065440426003271e+00
3.325172856003873800e+00
3.328204622113660527e+00
3.328656756850548515e+00
3.331491331408151790e+00
3.332508374672204177e+00
3.334957548875103761e+00
3.338426198149403668e+00
3.339138099893337763e+00
3.341723426491415516e+00
3.341863292237257976e+00
3.344323728955441055e+00
3.346690805276283598e+00
3.346705478010571166e+00
3.349266070360036540e+00
3.351252680170609288e+00
3.352548111087350957e+00
3.355884636483702721e+00
3.355447872148877853e+00
3.357781069678098529e+00
3.358654459200357767e+00
3.360612426896508520e+00
3.361848278052927963e+00
3.364075479539200941e+00
3.365741723248315775e+00
3.367715516432988831e+00
3.370499443200833056e+00
3.370450139242958443e+00
3.371941438589133977e+00
3.375041815936107525e+00
3.375364310171123261e+00
3.377562201786329599e+00
3.378569646618434508e+00
3.380141082233389938e+00
3.382155350600234645e+00
3.383767095138488834e+00
3.385464704695730020e+00
3.387048864221273270e+00
3.388695442492664522e+00
3.389536175882388314e+00
3.392394557965677571e+00
3.393558083149068150e+00
3.396367682179220804e+00
3.397284628250908156e+00
3.399603055605381563e+00
3.401748824568259888e+00
3.401283960742928159e+00
3.403075451509168126e+00
3.404765563423268748e+00
3.407242063075103911e+00
3.408745045332703505e+00
3.409901748198330029e+00
3.410496028376993838e+00
3.412965259738418577e+00
3.413320216025989673e+00
3.415917353780460797e+00
3.417149776332539801e+00
3.418557008849000933e+00
3.419216745642041921e+00
3.421390406803583861e+00
3.422893780081820214e+00
3.423211975549781183e+00
3.426133750773669551e+00
3.427389869622141205e+00
3.428927870962366065e+00
3.430291649719731328e+00
3.432922719600687511e+00
3.433547104976840902e+00
3.434393626179562009e+00
3.436223141727435149e+00
3.437490106690359148e+00
3.439775503398801781e+00
3.441357409712511028e+00
3.441950420565196289e+00
3.443369544104784019e+00
3.445159440812497476e+00
3.447324220837884479e+00
3.446899750419786024e+00
3.448861162840853645e+00
3.450129082263985847e+00
3.451829974654827549e+00
3.453982529449637795e+00
3.453823817396400209e+00
3.457060268673312731e+00
3.458299125965529797e+00
3.458397685947177447e+00
3.460787315521716145e+00
3.462588636851025914e+00
3.463898259063415530e+00
3.465116874685949533e+00
3.465564988546591341e+00
3.466924883768102816e+00
3.468073448599043651e+00
3.468951495780292937e+00
3.472174496859740778e+00
3.473493177903522522e+00
3.474810233216318878e+00
3.475627766516445671e+00
3.476894849897901985e+00
3.478711325285160250e+00
3.479375458396252618e+00
3.481088541822459526e+00
3.482478662667189528e+00
3.484086660061108898e+00
3.484838698146588420e+00
3.486809438006491568e+00
3.488428272028586630e+00
3.488612949739759550e+00
3.490442635850258490e+00
3.491304507331845830e+00
