-6.972024277884384183e-03
-8.561036016364664131e-03
-1.188722854828199241e-02
-1.649157164774860823e-02
-1.347950361433769562e-02
-1.797073663542647984e-02
-4.257957263676193441e-03
5.224281175717276557e-03
5.101943069382434102e-03
1.605661068916998044e-02
3.115221926851406350e-02
5.959168500528819190e-02
6.292879351405086807e-02
8.562331615197878165e-02
1.084771675803920532e-01
1.215678047242741561e-01
1.371258851907773968e-01
1.805460079098395731e-01
2.129615958455786384e-01
2.200019271086832706e-01
2.487912475359947417e-01
2.721150928968648075e-01
2.998181501217127010e-01
3.252658434376505259e-01
3.592570314130006937e-01
3.763588704035353283e-01
3.934712382371370332e-01
4.328049720843192283e-01
4.633915006618423149e-01
4.834082268368443125e-01
5.065755046867232991e-01
5.338860450536818680e-01
5.633764467702284673e-01
5.854109738799472273e-01
6.076654819067536240e-01
6.390490127373685825e-01
6.532223762419081536e-01
6.853438561625153636e-01
7.079959994119010558e-01
7.276489870952803640e-01
7.573018549644758846e-01
7.860462320528540658e-01
8.104221753050994126e-01
8.332698218345697683e-01
8.530929933385223984e-01
8.809215660778729751e-01
8.998728543356183662e-01
9.200373701941225724e-01
9.451973603754459941e-01
9.697062321709488675e-01
9.934065414908487268e-01
1.016810316540373460e+00
1.030637630955353989e+00
1.059230710042827317e+00
1.085352994020994499e+00
1.097680885102719328e+00
1.122304653900254134e+00
1.141531577478657411e+00
1.165253134733540641e+00
1.181694273639084303e+00
1.200906216350545508e+00
1.219923456821498053e+00
1.240578682171842306e+00
1.259242355245256517e+00
1.276888940212326906e+00
1.300114505980671797e+00
1.319067721187950015e+00
1.336386894014425453e+00
1.354000623131246916e+00
1.372127917598884306e+00
1.389179411166451716e+00
1.411038925529029875e+00
1.428510958163853761e+00
1.438552469342567308e+00
1.457700662773903089e+00
1.475111149795107268e+00
1.493713342584189530e+00
1.509066475171272792e+00
1.525992128344367149e+00
1.541701488939436260e+00
1.558571816518484532e+00
1.571144845184740291e+00
1.588239180144438212e+00
1.607989698324011840e+00
1.621664346068838469e+00
1.634483722051049082e+00
1.650727073769618247e+00
1.663167372376443076e+00
1.677600037402278810e+00
1.693339309929678516e+00
1.703874105402734429e+00
1.724722392481595756e+00
1.736131944062436538e+00
1.748015655800925217e+00
1.758727255318022209e+00
1.776956936117867869e+00
1.789051625441877569e+00
1.801241080409637041e+00
1.815621087174758008e+00
1.825882424930868497e+00
1.839071725429509474e+00
1.851970648919553986e+00
1.864782394479815864e+00
1.881423024364420549e+00
1.890715562114739567e+00
1.899278563743654669e+00
1.910714861973523471e+00
1.922526947602047231e+00
1.934530790393236055e+00
1.948979972912097125e+00
1.958558307461189640e+00
1.965323453802189757e+00
1.978908276122022025e+00
1.988681274787569286e+00
2.000574285744511016e+00
2.012013172437045139e+00
2.022392860534299786e+00
2.030504298684564723e+00
2.042386357859432344e+00
2.054544248473771262e+00
2.062091770321193174e+00
2.073189374246811489e+00
2.080739552303108919e+00
2.091246857737736775e+00
2.102476709699033997e+00
2.112684858136284927e+00
2.121379658364566989e+00
2.130067565175334465e+00
2.139086382567240818e+00
2.148408354730792169e+00
2.157222407727892755e+00
2.168583768270391232e+00
2.174028545113519506e+00
2.183981520679167065e+00
2.194180185473375566e+00
2.202479476985550022e+00
2.211997216842085834e+00
2.219428041961451381e+00
2.230598045651285055e+00
2.236100509776270062e+00
2.245399000266380174e+00
2.251357622079965370e+00
2.259334426702898302e+00
2.269055416645590739e+00
2.277443451841104860e+00
2.284230415159904215e+00
2.292850479991112245e+00
2.299992629605230210e+00
2.308216364813180377e+00
2.315276827097425993e+00
2.323132722989946775e+00
2.326491115540882504e+00
2.337241707465341545e+00
2.345077137058471983e+00
2.351516163139732551e+00
2.357700782849561083e+00
2.364864341490549471e+00
2.369894833120911315e+00
2.378630216242206608e+00
2.386998213812706382e+00
2.393679182854970389e+00
2.398102180590152788e+00
2.404727237897440695e+00
2.412002093651604895e+00
2.416294324971842045e+00
2.424495917985838744e+00
2.432072708361344926e+00
2.437294399939800904e+00
2.446243066044485825e+00
2.450351299040867126e+00
2.456235774121634741e+00
2.461128656258098957e+00
2.467812578343386853e+00
2.472475047072437260e+00
2.480618666627051550e+00
2.485689038280403551e+00
2.491304346652185142e+00
2.497072153983162401e+00
2.504446059276372427e+00
2.509227279943810451e+00
2.515666904799886083e+00
2.520010252728709155e+00
2.528378082731074894e+00
2.531717063674709944e+00
2.535925085816212565e+00
2.541573232994386977e+00
2.549579263275446817e+00
2.553919648185016822e+00
2.559567985830569992e+00
2.561936400844745609e+00
2.571209376997475538e+00
2.575462177200598557e+00
2.578871025041948428e+00
2.586208033555714714e+00
2.591682634325412238e+00
2.593847874960413247e+00
2.598538822192366649e+00
2.603719658242426238e+00
2.610506775820037539e+00
2.614507170487074372e+00
2.619372648942875692e+00
2.623810117247497686e+00
2.629496696352026319e+00
2.634390864883558780e+00
2.638845329958092734e+00
2.643338101768236914e+00
2.644530111040870768e+00
2.654616863578411312e+00
2.657257720259069256e+00
2.661780629562385148e+00
2.667461355623706343e+00
2.669170720750220216e+00
2.675897301725740807e+00
2.680388189356749606e+00
2.684154182374670849e+00
2.687980054614739434e+00
2.690998504274958680e+00
2.697158525833989628e+00
2.700604161525673508e+00
2.707070114722686771e+00
2.709215511809154986e+00
2.714830493068516315e+00
2.716650202406482695e+00
2.720781622387406173e+00
2.726173471420978434e+00
2.730348956075596689e+00
2.731387216542087604e+00
2.739622201767112575e+00
2.742597088013024376e+00
2.745804083591768752e+00
2.751231752561032362e+00
2.754473718431178053e+00
2.758983655744190244e+00
2.761406390420290791e+00
2.766585762531384329e+00
2.769854371283328565e+00
2.772621725439003981e+00
2.775941163635014419e+00
2.780294005652335532e+00
2.785763777402539887e+00
2.787792206251172189e+00
2.793446994543285378e+00
2.795300652492047622e+00
2.798386827969628676e+00
2.800711498919006726e+00
2.806714985011863117e+00
2.809710623946632957e+00
2.814237784341246496e+00
2.816236086578427944e+00
2.820925633655727793e+00
2.823723022511992031e+00
2.826552512979189746e+00
2.831287723646508603e+00
2.835380951686180317e+00
2.839537166263458534e+00
2.840820709148209389e+00
2.844124219559279076e+00
2.848492982997417045e+00
2.849230213772892206e+00
2.853481626731776188e+00
2.855617200376853848e+00
2.858080670944399770e+00
2.861615397202787570e+00
2.868267984196659182e+00
2.869418597376407032e+00
2.874232405626969911e+00
2.877057554195435962e+00
2.879336033562985175e+00
2.881479287954143320e+00
2.884620768893588760e+00
2.888315805820573345e+00
2.893589709723489278e+00
2.894611460223574184e+00
2.897727703530924792e+00
2.900835407360311091e+00
2.903257452924168369e+00
2.907196903522717424e+00
2.909058206959925119e+00
2.912698335609120281e+00
2.915123337012340610e+00
2.916838309887832992e+00
2.920674925880700101e+00
2.923531997930956638e+00
2.926749752732042076e+00
2.927458450274284640e+00
2.932869145750399476e+00
2.933364083077552920e+00
2.940157197893075836e+00
2.939869278083496518e+00
2.943614356562504586e+00
2.946375279790712565e+00
2.949994732971596090e+00
2.951961177239755152e+00
2.953970771871468504e+00
2.956927848429076633e+00
2.960992225783028786e+00
2.964130694770755525e+00
2.966281604685415907e+00
2.968044209601488514e+00
2.970483239295849121e+00
2.973968951555052698e+00
2.975565035094674737e+00
2.978507666768862805e+00
2.980668375897463918e+00
2.983656840673412081e+00
2.986700048616160785e+00
2.988511863026354298e+00
2.991407898892505912e+00
2.994537367970380615e+00
2.997473061749562184e+00
2.999093520042472871e+00
3.004433439248414217e+00
3.003253603737653599e+00
3.006280718225323056e+00
3.007799739028383268e+00
3.012695269474759296e+00
3.014101148447873690e+00
3.016866718568278483e+00
3.019510588284670227e+00
3.020404749564875591e+00
3.023829706532818573e+00
3.025469865396678504e+00
3.028660763237997600e+00
3.031247523816486655e+00
3.033497160092498479e+00
3.036547761460076433e+00
3.037957823850841343e+00
3.039098710041043816e+00
3.042599842623719741e+00
3.046156872095094226e+00
3.048711052235531849e+00
3.050279317807374380e+00
3.052253192751464450e+00
3.052969118542009586e+00
3.056775009741197202e+00
3.058186520077976311e+00
3.061413150291273144e+00
3.063553081095358177e+00
3.065052026155258513e+00
3.067611310471848096e+00
3.070554477378736546e+00
3.071933658581018189e+00
3.074953516813176968e+00
3.076323116351466602e+00
3.078489612550296073e+00
3.082553479572416766e+00
3.083044951730526062e+00
3.084546124348835239e+00
3.087729231769200666e+00
3.088494312420126064e+00
3.091604587561536110e+00
3.093189407045228378e+00
3.096181198240154142e+00
3.097593379512755263e+00
3.101118891807414180e+00
3.102163818294894959e+00
3.105483320105994594e+00
3.106628033409435385e+00
3.107486025164878818e+00
3.110470766944206211e+00
3.114304815643852642e+00
3.114395166186493036e+00
3.117695709963101525e+00
3.119408650265945493e+00
3.120762296107833844e+00
3.122963747790478362e+00
3.125439658579090452e+00
3.126530628854006455e+00
3.128016879871517553e+00
3.130197459322634490e+00
3.133737112405390768e+00
3.134875247687221034e+00
3.137215073362790374e+00
3.139216157513895933e+00
3.141897957795231289e+00
3.143886060265258298e+00
3.144860120864832354e+00
3.145886076855804792e+00
3.147090595259831591e+00
3.150115194652093109e+00
3.151943442215400459e+00
3.154252552974306845e+00
3.155973056398516885e+00
3.158053266384998725e+00
3.160027228945781363e+00
3.162411081279389080e+00
3.163677766135188918e+00
3.165448359767535358e+00
3.167372102444816040e+00
3.169168607119799308e+00
3.171818228725730826e+00
3.173528969388149878e+00
3.174616217412611352e+00
3.176452023484778842e+00
3.178057494855092369e+00
3.179811965266146068e+00
3.181786655466948943e+00
3.183587687710304870e+00
3.185522861060220645e+00
3.187353805023966924e+00
3.188257986319460890e+00
3.191668621716543530e+00
3.192510060223185064e+00
3.194033141952250965e+00
3.195412513693876910e+00
3.197124291988385547e+00
3.199663322667390730e+00
3.203464573522884606e+00
3.202156852713918145e+00
3.204356831203615474e+00
3.206752248309010067e+00
3.207094767660235490e+00
3.209801399016927625e+00
3.211164529105894339e+00
3.213476100317187001e+00
3.215527645087440600e+00
3.217831460840894664e+00
3.218610692528255157e+00
3.219735029619831046e+00
3.221081313734946328e+00
3.222441420562084158e+00
3.223904923928987643e+00
3.226155657825780843e+00
3.227976218399195574e+00
3.229597730670823896e+00
3.231708492227060248e+00
3.232813316476123688e+00
3.234399456912718573e+00
3.236617930215692329e+00
3.237787377410902057e+00
3.239679271229130464e+00
3.240644033525937662e+00
3.242505542926588546e+00
3.244075153566532865e+00
3.245832160766548569e+00
3.246347622541291056e+00
3.248451914187799439e+00
3.251410279578657914e+00
3.252712973700882859e+00
3.253438817794902960e+00
3.255721995876861730e+00
3.256415993293686029e+00
3.257995989452622254e+00
3.259322620543933180e+00
3.261188406683862340e+00
3.263219211817506071e+00
3.264470331460446850e+00
3.265756731030405202e+00
3.267176432905918304e+00
3.268693393896019206e+00
3.270324431389943332e+00
3.272171260783681035e+00
3.273659675334435359e+00
3.274346415952139377e+00
3.275729124947031945e+00
3.277359681321005525e+00
3.279142578755278592e+00
3.281151962552896872e+00
3.282944316529931683e+00
3.283682447411167882e+00
3.285729497764438456e+00
3.286268050587680900e+00
3.288031003187385171e+00
3.289833703315990565e+00
3.290860391513141359e+00
3.292512931962091383e+00
3.293875960578088069e+00
3.295040639636890312e+00
3.296821739758425629e+00
3.298414273077798775e+00
3.300386322614225598e+00
3.301544344951739873e+00
3.301644015022434431e+00
3.303209377812399428e+00
3.305724881179346930e+00
3.306889468013763267e+00
3.307941558773102919e+00
3.310852941878548616e+00
3.311845083510506438e+00
3.312444013703236934e+00
3.313793561956928091e+00
3.314964690719698570e+00
3.317642733065142124e+00
3.318324724500200329e+00
3.319492242210339228e+00
3.321286574390084123e+00
3.321563924509971955e+00
3.323378522642351562e+00
3.325093018047556193e+00
3.326800770519176442e+00
3.327463986477005253e+00
3.328080579075554102e+00
3.331033350072061694e+00
3.330191729252888866e+00
3.332040506019398940e+00
3.333938101407709187e+00
3.335469493767779348e+00
3.337092017939868427e+00
3.338315567555182550e+00
3.338849010849936683e+00
3.340792716141788965e+00
3.342744297496345940e+00
3.342762597075905617e+00
3.344350838949454729e+00
3.346010992430914044e+00
3.347097279769390088e+00
3.349151456316756814e+00
3.350369420825674460e+00
3.351067581423541775e+00
3.352100268179947662e+00
3.353931385268507093e+00
3.354549254170524186e+00
