-1.041389197098396922e-15
-6.528111384795920339e-16
1.332267629550187849e-15
-6.700195953612819879e-16
-4.035660694512443788e-16
2.697841949839130571e-16
-5.218048215738235444e-17
-5.068168107413840041e-16
3.830269434956789769e-17
9.714451465470119729e-17
1.011968286945830210e-15
6.952771691715043032e-16
-1.498801083243961428e-16
-1.516009540125651185e-15
-2.368938378793927610e-15
3.280709037767337656e-15
2.023936573891660421e-15
-2.162992007725961419e-15
3.120420588587080523e-16
-1.633675833501158081e-15
-3.399312081819871768e-15
1.402194332866812848e-15
3.015088179125768748e-15
3.258504577274834505e-16
4.857225732735059864e-16
7.886746811180955143e-15
-5.348499421131691318e-15
-8.616440894115839847e-15
-8.472389456670725849e-15
-5.694333893302427801e-15
3.981259766305811291e-15
-5.331568520006158091e-15
-1.282307593442055834e-16
-2.998712389512547989e-15
3.022027073029675977e-15
-5.195843755245732294e-15
-7.747136265834342465e-15
5.125899704694347936e-15
-6.570299859731676375e-15
2.348676808594518787e-15
5.928590951498335768e-16
9.690026558928366411e-15
-2.331468351712828649e-17
1.588729148238599065e-15
1.348920974919565236e-15
-3.642086632282825999e-15
-2.440270208126094123e-15
-3.352873534367972772e-16
3.948508187079368984e-15
8.073541835074138236e-15
1.086464251898178184e-14
1.394329096626734137e-14
-9.942602297030590155e-15
2.940980792232039502e-15
-5.395128788165948082e-15
-1.050215470144166817e-14
-5.479505738037459758e-15
1.473654531736201685e-14
-1.443845043525016168e-15
-9.934275624345901165e-15
1.280087147392805420e-15
-2.340350135909829798e-15
-4.257150187925162628e-15
-2.949862576429040959e-15
-7.028266857389553448e-15
-6.808442698513772800e-15
2.743916205361074374e-15
7.177591854201636876e-16
8.582023980352460531e-16
9.220402219511924753e-16
4.445332990599126693e-15
8.297806886048419415e-15
7.366329768387913409e-16
-9.753309271332000365e-16
3.068656440063932741e-15
-4.590772206825022452e-15
3.603783937933258225e-15
9.789946631144631131e-15
-5.382361223382758561e-15
1.493805079633148133e-15
7.855938122247608248e-15
-6.218914272437814424e-15
-4.504174810904260116e-15
-8.205658375004531612e-15
-4.347078252919800560e-15
-5.284661597215745290e-15
3.607114607007133821e-15
-1.115774139748282205e-16
-2.665645482125001027e-15
-1.433131391337383409e-14
1.846856001463948079e-15
1.972311203246590657e-15
7.970846205296311571e-15
-3.336220188998595483e-15
-1.117439474285220003e-15
2.241540286718191197e-15
-6.095124405192109644e-16
-1.245614722478194305e-14
6.924461004587101059e-15
5.901945598907331790e-15
2.409183963436589614e-16
1.408873018249323595e-15
-4.004019338310626811e-15
1.052602449647110941e-14
9.747758156208873715e-16
1.524169679356646119e-14
1.080469047565202269e-14
-1.689204331967175660e-15
1.344535593972295872e-14
-1.831867990631508292e-15
-2.964295475749167884e-16
6.090128401581295855e-15
6.082356840408919728e-15
-2.405187160547938978e-14
7.224776332748206502e-15
-4.541922393741515028e-15
6.454836665170660189e-15
-2.968181256335355948e-15
5.190847751634919689e-15
-4.599653991022023515e-15
1.038003016873290158e-14
-5.828670879282072084e-17
-8.380518501382994082e-15
1.069144772714025717e-14
2.510214258677478875e-15
6.522560269672794675e-15
6.639133687258435796e-15
-9.112710586123284694e-15
-1.313449349282791521e-14
-4.563571742721705612e-15
-2.559619183273298372e-15
7.976397320419437038e-15
1.636690782902405633e-14
-1.013300554575380330e-14
-1.565247931267777100e-14
1.427136187004407336e-14
1.256383885817058468e-14
-2.398359288946494322e-15
-2.203709437154088922e-14
-1.162958618294851437e-15
-7.413236691178325815e-15
1.520866765858386442e-14
7.654987754790453873e-16
-1.581512698578535405e-15
-2.072897409277629865e-14
7.980005545249468671e-15
1.398881011027697251e-16
-2.063876847202550468e-14
1.130567861551412490e-14
-8.055500710923980073e-15
4.490297023096445659e-15
-7.664147094743611761e-15
-7.480127628411992191e-15
1.381839087599701126e-14
3.290978600745120086e-15
5.893896481978799626e-15
-1.240091362930684284e-14
3.246569679760113982e-15
1.242006497648162672e-14
5.355438315035598546e-15
-8.742173651654639646e-15
-1.086852829956796951e-14
-7.280009928223308293e-15
-5.988542994828094127e-15
-2.614852778748399768e-15
-5.868916463924733446e-15
-3.361477762808817699e-15
-4.514444373882042940e-15
8.552603070199893031e-15
-7.173983629371606032e-15
4.681532939088128495e-15
-7.014666625337895028e-15
6.774580896262705557e-15
-5.946909631404650756e-15
1.492583834306060428e-14
1.217692613408871769e-14
1.120187276271167251e-14
1.110389558078850320e-14
1.890321232878022632e-14
1.067895771811322447e-14
4.596323321948147920e-15
-7.668310431085955467e-15
-1.892375145473579512e-15
8.901213099932192642e-16
3.869682352330982775e-15
-7.775446952962283452e-15
1.644295810621087981e-14
4.719835633437697058e-15
1.631195178930511373e-14
-1.545222283461100751e-14
2.100819518346952401e-15
-1.255912041031592733e-14
6.138284325274412399e-15
2.986763614210019644e-14
4.924255447846803470e-15
5.120764923205456524e-15
4.075906279155105791e-15
1.238176228213205816e-15
-5.585670814767240826e-15
-3.163719286547461691e-15
1.560085394203270084e-14
7.456257833382550947e-15
-1.768585278227874495e-14
-1.296601714884104789e-15
1.213168454583524111e-14
-1.938671445600448401e-14
1.834643548193071272e-16
1.564276486121230025e-14
-7.248784905655725765e-15
4.039685252976709870e-15
-1.139782712655801270e-14
1.761639445430063208e-14
-1.438967001110569287e-14
6.453865220024113469e-16
2.103942020603710574e-15
2.753769434704622749e-15
-1.608539690334254209e-14
1.166094998339417531e-14
-2.472543003673166557e-14
-2.548239397270890613e-15
9.020562075079397199e-18
-5.114658696570017603e-16
-5.982506157131694806e-15
-1.209882888320024108e-14
5.434541705540141581e-15
-7.184461359166505884e-15
-1.203759314449825908e-15
-1.769247942595697585e-14
1.442287261843588794e-14
1.240113914335872001e-14
-7.090179138247165787e-15
7.783175146047760002e-15
-8.136010311646235355e-15
-1.309964289819554090e-14
4.544125492556006331e-15
7.437644250485320564e-15
5.835262828490784020e-15
1.726799259138544989e-14
2.775380619768341641e-14
-4.278105647514962332e-15
3.817467175704081039e-15
-1.649954478599724464e-14
-3.894107258872736881e-15
1.009817229835618914e-14
-2.753165750934982738e-14
1.118480308370806126e-15
5.096548183480820234e-15
4.161254674173165174e-15
-3.716277285903402293e-14
-6.559544574180620486e-15
1.331754151401298707e-14
-6.168260346939291973e-15
-3.398670234133760242e-16
7.983336214323344267e-15
-1.078304112667183231e-16
2.754935168880479207e-14
-8.243405957841787313e-15
1.054115128518162761e-14
1.463870691331692241e-14
-4.059252933785728601e-16
-2.949515631733845440e-14
-1.444760977520331759e-14
4.478639681337881863e-15
-4.396899511149854113e-15
1.665625970481698965e-14
-1.373900992973631219e-15
-1.178057651429753599e-14
-3.809452753245068281e-16
-9.031664305325647825e-15
9.581779814027414279e-15
5.540706782269921860e-15
-9.647699306114532949e-15
-6.493416915276384197e-16
-8.952977248455340423e-15
-2.188832448624111786e-14
-1.571132113298290127e-14
-4.745676074335847109e-14
5.795086632787160631e-15
-1.453587250566101930e-14
-4.725664304316978562e-15
-8.165135234605713966e-15
-2.465361248482622639e-14
1.025290963241332002e-15
-4.537759057399171322e-15
-7.139566715608225927e-15
1.943251115577027109e-14
-1.798089455107288018e-14
1.907085600549862474e-15
4.720668300706165957e-15
-2.092770401418420236e-15
1.971423024826890393e-14
-1.742939126359033354e-14
-6.944445019030353845e-15
9.163225733743729128e-15
5.729305918578119980e-15
2.031708135064036548e-15
-4.762301664129609327e-15
-4.975464484857638783e-15
2.399580534273581988e-14
-1.174338404297259394e-14
1.413785755133289980e-14
2.655931030659530671e-15
-2.553512956637860043e-15
-8.382183835919931683e-16
-3.980149543281186158e-16
-2.184086245193839141e-15
2.023214928925654173e-14
-2.258582210146187233e-14
6.012412789857535371e-15
2.310374114244950619e-15
2.780026209237007644e-14
-2.511324481702104205e-15
-1.212030475983283414e-14
-1.041389197098396803e-14
-6.299405441723138431e-15
-1.100675106613380200e-14
1.463967835846347169e-14
2.201572257831685230e-15
9.426626146336047769e-15
4.088951399694451349e-15
-2.039868274295031521e-14
7.498168752562150354e-15
-1.415256800640918355e-15
-1.185940234904592141e-14
1.150635142721512245e-14
2.388172992695558466e-14
4.044542478709445245e-15
2.127464870937956221e-14
6.175060462965120394e-15
1.608713162681851890e-14
1.298516849601583020e-14
3.263833647793035399e-14
5.418998583195389326e-15
7.119027589652660279e-15
-1.505184865635555893e-15
2.240957419630262810e-14
6.580846978465615630e-16
1.351474487876203101e-14
2.099376228414939747e-14
-2.523758979577905772e-14
-7.627232179174825551e-16
1.492195256247441661e-14
5.295208715949684151e-15
2.652322805829499038e-15
1.414479644523680703e-14
4.414246745909622184e-15
-1.171340802130771357e-14
-8.434364318077314111e-15
-2.764122264409252226e-14
1.918076808493651546e-14
-2.350897254643769053e-15
-3.597566688995357481e-14
3.502642620389906470e-14
-1.861677478842693770e-14
-1.336986077404844732e-14
-1.479316669161789883e-14
1.336541988194994758e-14
-1.991184994665218192e-14
-2.423616862756716854e-14
1.089073276006047296e-14
-5.470623953840458695e-15
2.314481939436063827e-14
9.086620345044593579e-15
-2.067790383364354057e-15
-1.675881655671673869e-15
7.596145934485321239e-15
-1.004141214622222757e-14
1.756705891864385080e-14
-2.249256336739335880e-14
3.185784969161886724e-15
-5.631606292411106709e-15
3.130828929442941267e-16
-2.173816682216056632e-14
2.388422792876099215e-14
3.330113962363157153e-15
4.843903056439558270e-15
4.726274926980522474e-14
1.116329251260594870e-14
2.147726441137365201e-14
-1.186217790660748493e-14
-1.503686064552311993e-14
-6.966649479522857291e-15
2.963740364236855416e-15
-1.284361506037612369e-14
1.193489751472043232e-16
5.349609644156317042e-15
-2.181532732237201395e-14
-2.571554080788018837e-14
4.696243394164412639e-16
-6.718514633519134867e-15
-2.955580225005860206e-14
-2.003064381028707291e-14
4.753419879932607475e-15
9.368061881787070383e-15
-1.639688385068893669e-14
-1.153133144526918784e-14
-5.820344206597382848e-15
2.030042800527098750e-15
2.425282197293654336e-15
7.835398996292042600e-15
-2.917666108714911514e-15
-8.958944697212699946e-15
-1.757316514527928992e-14
-1.285638262515931282e-15
6.173950239940495458e-15
-4.719002966169228159e-15
-5.866418462119327538e-15
-2.531863607657669617e-14
-1.401490035135566352e-14
5.379030554308883162e-16
-1.171895913643084062e-14
-1.911804048404519436e-15
3.347877530757159674e-15
-9.051093208256589327e-15
-1.060762588878105835e-14
-2.013611499762646468e-14
-1.969480134533796558e-14
-1.406708083351304576e-14
1.106226221736505983e-14
9.047207427670400080e-15
-5.284106485703432428e-15
2.398081733190338285e-16
-5.689893001203927270e-15
1.611266675638489637e-14
1.153410700283075136e-14
2.130462473104444257e-14
-1.772859636872681247e-14
1.316113884541891840e-14
2.375877272697834839e-15
7.812084312774913429e-15
-1.266042826131297223e-14
1.932676241267472644e-14
3.401889880905173641e-14
1.333655408330969294e-14
3.408384685599230402e-16
1.453837050746642363e-14
1.038558128385602705e-14
-1.102729019208936765e-14
4.359290706190677219e-15
-2.422895217790710527e-14
-9.571232695293473841e-15
-3.332056852656251067e-14
9.613421170229230862e-15
1.264488513896821998e-14
-1.456557097156974047e-14
-1.544764316463442659e-14
2.240985175205878335e-15
8.432698983540376313e-15
-2.378153229898316706e-14
1.286970530145481481e-14
-5.201394870368857958e-16
1.811550909280867788e-14
2.787770014833768010e-15
2.116806729901554629e-14
-6.955547249276605371e-16
-1.926514503480802950e-14
-8.357758929378178563e-15
-3.343991750170971610e-15
-1.614985922770983999e-14
-2.634281681679340244e-14
3.711475571321898283e-15
-7.823741654533478014e-15
-2.044253655242300687e-14
-1.391109449855321074e-15
4.584110868677271261e-15
6.315503675580202759e-15
1.977806807218485233e-14
1.152411499560912457e-14
3.629874179011949340e-15
1.202371535669044502e-14
-1.197542065511925046e-14
2.385369679558379971e-14
7.923661726749742734e-15
-1.798838855648909948e-14
-1.162181462177613942e-14
-8.242850846329475239e-15
-1.451450071243698555e-14
1.965760887401302196e-14
-3.273492588107273996e-15
-1.338817945395476310e-14
2.235434060082752868e-15
-9.419132140919828468e-15
1.527056259220671425e-14
4.949929355291260530e-15
4.828359934094806015e-15
-2.686739719592878749e-16
6.080691505871982719e-15
-1.555644502104769395e-14
4.501399253342697382e-15
2.196687276523334882e-14
5.274669589994118503e-15
-2.011169009108470899e-15
-2.880473637389968518e-14
-1.512678871051775786e-15
-1.226796442210797957e-16
5.340727859959315191e-15
-1.668387650255454054e-14
-2.489120021209601153e-15
-1.385003223219882784e-14
1.972033647490434305e-14
-4.508615703002760648e-15
-1.685374062532218962e-14
-6.101785743339860441e-15
1.646072167460488193e-14
7.533973445106312220e-15
1.954492123701356693e-14
4.788947016720612516e-15
-5.037636974236647802e-15
-1.005306948798079216e-14
1.682709527273118485e-14
-1.716682351826648301e-14
-6.155076448521867608e-15
