-5.915016039154538663e-02 -1.498196616203289755e-01 -9.311166160930685332e-02 -1.042648106060501123e-01 -6.073920440461035020e-02 -1.247030660473463261e-02 1.006999191299767643e-01 -1.471884170464744235e-01 -8.692301457045541538e-03 -1.700767490287335149e-01 -2.594960090311564382e-01 9.302971616137135913e-02 -9.658259391825561868e-02 1.482225719680037579e-01 -2.125720937843230407e-01 -9.554977893734423189e-02 -6.133537816755939981e-02 -3.541096434755530709e-02 2.008749038721461544e-01
3.097188484382576434e-02 3.711923219418072212e-02 -7.055723918358026980e-02 -3.931633818802799524e-02 -1.295386917829195461e-01 -4.638198530406262982e-02 -1.100149400151775314e-01 5.869147486334769931e-02 -1.112443460436697562e-01 -1.017909174961831448e-01 2.966214237750668392e-01 1.329716727088824102e-01 1.620219263876343796e-01 2.605459853445066948e-02 9.705610921331093988e-02 -1.273594099140880620e-01 6.321977106993177664e-02 3.208170753882351456e-02 -1.160804902797775567e-01
5.439911651080196753e-02 2.102856519404839586e-01 6.515381753773454021e-02 -1.829524561399236138e-01 1.771647034995392223e-01 -1.189301260252289549e-01 7.985570754267745652e-02 -1.131296789548746073e-01 -7.876287589793418142e-02 -1.168757289646733533e-01 -7.707932542776246843e-02 -1.612338629292839678e-02 -9.855121581480032200e-02 -1.727614756085625591e-01 -6.794140727241181066e-02 -1.046760964578785473e-02 -2.051973938581495016e-01 2.128445227520044947e-01 6.329887484875723960e-03
-4.287024974525063120e-02 -1.382711024416232171e-01 -8.159919409288787784e-02 1.480220514250980002e-01 3.119660984002584070e-01 2.477708959350113371e-01 7.998734057982226364e-02 -2.248912032588102627e-01 -3.204417970133417448e-01 -2.760690155662994319e-03 -3.264654345424509996e-02 -2.047078088052604605e-01 -1.181786895231242834e-01 -7.725921463736450112e-02 -1.523169939709299592e-01 -2.175537814515484392e-01 -9.322178020241769780e-02 -1.116899501845826231e-01 -1.661251733194941613e-02
2.479193110967470651e-03 -1.137563231387805907e-01 1.538757288591116905e-03 9.086190589701678699e-02 5.725452081127677811e-02 1.207951271588963427e-01 1.164550212641251165e-01 2.960599636033691140e-01 -4.693069204308808473e-02 1.219243872191990152e-01 -6.006123436714624897e-03 2.643752121522844473e-02 4.117107986700019318e-02 2.040355112022300965e-01 1.287987179803029569e-01 -7.589410329597298666e-02 -1.886862921688591266e-01 2.179295308988212221e-01 -5.857986814712711626e-02
8.380197674157344179e-02 1.257485731446471126e-02 6.475640562558645456e-04 -3.599858092766606843e-01 1.858732683283078613e-01 -1.712265548520151004e-01 1.101326122371900640e-01 -1.881685869340901374e-01 2.526171697545947503e-01 -2.780639457200924647e-01 1.065338258568097191e-01 -4.407015816792046042e-02 -4.093930990804497960e-02 -3.116266129143491770e-01 6.117420413714548533e-02 -1.345535670952407448e-01 1.348934453142643652e-01 -9.262470233216815729e-02 -2.033092033164977663e-01
-7.631420085828190258e-02 -4.500056253172318027e-02 1.691689577590160254e-01 -1.239137729137444882e-01 8.533611729816480140e-02 9.014995255042816680e-02 -1.229614991776589727e-01 -1.003312927714020836e-01 8.357557402149966286e-02 2.365336746457198103e-01 6.327593181476191819e-02 -3.142557357357335379e-02 1.945784276685194880e-01 -2.079471575670909234e-01 -1.783568480637196529e-01 1.622089745810135208e-01 -1.676398031280244283e-01 7.341451420629531432e-02 -1.676672387667436370e-01
-1.171392377525569128e-01 -5.851372936485278731e-02 6.838550929271024204e-02 -3.316569307873868527e-02 -8.572682435586970184e-02 1.231892216966381515e-01 9.720026390768152225e-02 2.608203979373937553e-01 -1.882105296228990809e-01 2.213603313188763910e-01 -3.876803120487429949e-02 -1.157990595457735750e-01 2.065808528658403809e-01 4.673291263805864210e-02 -2.646382403911808068e-02 1.613656385998730181e-01 -1.568458638886993939e-01 -1.395202364067422707e-01 1.873085770212724044e-01
1.688642484023112830e-02 -5.172782696674032600e-03 1.353693286088102632e-01 1.202585854456546602e-02 6.550805619508735800e-02 -1.038882741582063812e-01 1.528334498502774419e-01 -9.088298646798537161e-02 1.668831096238537204e-01 -4.179583793771636524e-02 -1.582122043786892973e-01 7.825935902185453263e-02 -1.377558324070209950e-01 1.026797844031993728e-01 -4.173588840281778831e-03 1.509327712226245233e-01 -1.919557161546836532e-01 -1.926517873042865037e-01 -2.221894078628970925e-01
1.344842944952328798e-02 1.140362137148132476e-01 2.632449039504148117e-02 -3.967726688144897207e-02 -3.136364710893347479e-02 -1.711608272796007191e-01 -2.775665941325808905e-01 -1.412463751955871372e-01 1.728168927065125982e-01 1.096851252691214418e-01 1.117363819254748730e-01 -3.390220248847601592e-02 -2.258600729730332879e-01 -3.702959574401042120e-02 7.362627338462916782e-02 5.736799205841040805e-02 -1.956791665616895437e-01 -2.123094737554400424e-01 3.814802336241004954e-02
-4.610813272507220673e-02 -7.660295648721082706e-02 1.136388609960117813e-01 1.144489435689268891e-01 -1.412621606809014718e-01 2.186870167512262875e-01 -4.750126976971945358e-02 -2.226797222247854369e-01 2.531336234613848490e-01 -9.647858620945426456e-02 -3.329177428203380223e-02 -8.068690984385658294e-02 -1.831701791145632086e-01 -1.289774523803783046e-01 -3.305804451588276183e-02 -2.114046935693767171e-01 2.747519345820874370e-02 -1.235344371351549397e-01 -5.779310049439538577e-03
-8.625047700391019756e-02 1.109687380345764501e-01 -1.323143899320682326e-01 -1.884672591079074866e-01 -2.329447243514297730e-02 1.751857936416882644e-01 -2.290323878287755383e-02 1.656894458316706398e-01 -1.447050920036869193e-01 -3.982391893619870171e-02 -1.247723638690878718e-02 -1.099903284376489015e-02 2.085626015124729046e-02 -8.143598604331762913e-02 -2.181190220675904012e-01 -2.301529171220848824e-01 -1.657322976856284436e-01 -1.887428547791093758e-01 1.904033286698401384e-01
7.610440417080983032e-03 -1.970653581947265642e-01 -2.758945742632435902e-02 1.420613741894572180e-01 -2.500269533355313767e-01 1.316841551949136935e-01 -1.669694975020842576e-01 -2.717977002492675265e-01 1.138904317969187535e-01 -6.182654692181378114e-02 -2.399943494334395022e-01 8.662795530260275489e-02 2.498957366550490500e-01 -5.713989687112087934e-02 2.736837450632934043e-01 -3.954767589774971920e-02 -1.133892245525870562e-01 -1.235178968501276509e-01 1.408805795356475252e-02
2.488071213026270961e-02 3.900654091936062856e-02 -5.737807104935240335e-03 -6.746460039372988160e-02 -3.732310223081794498e-02 2.536968667159482105e-01 2.225217143133295383e-01 -1.264782409520733841e-01 1.711423896843500825e-01 3.591019321090416910e-02 1.561377735920770060e-01 -2.100728533003800094e-02 1.945921495580596461e-01 8.751632226390061720e-02 -1.217614967717829816e-01 1.958885002178317736e-01 -1.964911843387177545e-03 1.175824543507976994e-01 -2.177396469322885331e-01
8.557869970625743908e-03 2.395598211068982256e-02 4.561779418387576501e-02 -5.297726343373413901e-03 2.855498460796288343e-02 1.086417287519508557e-01 -1.108047814645623796e-01 6.602376628834044636e-02 -4.831062097048403198e-02 -1.919385937743620929e-01 4.000391880650446264e-01 -5.301149489977304702e-02 7.214035199837483259e-02 -1.880253327417056586e-01 5.256892230796422066e-02 -1.727077453435777454e-01 2.301634445364848791e-01 1.943070377640735147e-01 1.726730293611064837e-01
-1.080154203620021028e-02 3.283259391263335797e-02 -6.244001731791847670e-02 -5.357592226377294597e-02 1.918061489327351279e-02 8.389765162209797400e-02 2.172078201293550503e-01 7.637157991737077156e-02 1.501358930350946974e-01 -1.066389455478745918e-01 -1.664429548950513427e-02 -1.568409886958858912e-01 8.365845102220426099e-02 7.125252057816688911e-02 -7.409336671344411707e-02 1.736420291265519944e-01 1.503958308335782146e-01 8.049525600065676745e-02 -2.571644431056795480e-02
-2.319209706009307814e-02 2.896146287089617077e-01 -1.107068975953370317e-02 7.256107076246107179e-02 -1.096634423927391466e-01 1.393705154660381251e-01 5.308092086339319393e-02 -7.313585173877455714e-02 -1.883086225005010661e-01 2.570101312776772451e-01 2.576974137452106572e-01 -1.315021952766727842e-01 -1.485523715413681334e-01 2.338981412370346458e-01 1.287958337195276026e-01 5.138687269906032709e-03 6.892029052870049521e-02 2.093226937924086428e-02 -4.380295803321838238e-02
6.795604590262153619e-03 -6.110136008873957164e-02 -2.668848550679122633e-01 5.885654450793113834e-02 4.324990564265718818e-01 -1.491972937729726112e-01 2.890997821770404097e-01 2.664755232802972773e-01 -3.858550991506232153e-02 -1.101406668747878931e-01 -2.714537090212179246e-03 -2.243177389515096376e-01 1.990768171453445312e-01 -6.224861453523985316e-02 1.444341836848913874e-01 2.317555106820036737e-01 -5.782421696587127652e-03 1.335335587063457008e-01 6.922498813397839901e-02
-9.551920537732271066e-02 -2.152494152363704574e-02 -3.545846297542493142e-01 1.488606118144986945e-01 2.662134814107460778e-01 2.848322553351471109e-01 1.398197998170514281e-02 -1.859131916220227165e-01 -1.065147049158311487e-01 -8.547527896855772189e-02 -3.656694294992192673e-01 -1.245518193545291225e-01 -1.479902723598073566e-01 2.251490705894691746e-02 -1.393139226629054317e-01 -1.411390935801932756e-01 1.637730734276384437e-01 -9.622563915602241891e-02 -1.430308592209886820e-01
-3.148057141499804173e-02 -5.015087526509483251e-03 1.053942961863072875e-01 -2.766055968041163104e-02 -8.107240101389247278e-02 -1.267830299431555764e-02 7.498449530955555997e-02 4.989531711036040984e-02 -9.491074223579198943e-02 -1.431984540249525151e-01 1.649823838040307411e-01 1.784416804105902477e-02 5.661038481633803160e-02 2.210988770572284434e-01 -2.219575932080854186e-01 -1.875768757034765866e-01 -8.999263674939543892e-03 1.971883307035613708e-01 1.213944457083521306e-01
5.471639872020628596e-04 7.573400083377644643e-02 -1.535777322864775030e-01 -1.729358123291701438e-02 5.811282542157692604e-02 -1.990832602098372983e-01 -1.206003999827591350e-01 4.510465931903533121e-02 -3.045675872924722902e-02 3.312440637537354959e-01 -9.932982681798213642e-02 -7.959042896824761182e-02 -1.131957097517217181e-01 1.686934658837873358e-01 -3.746646649811224972e-02 5.617890286061810734e-02 -5.099623017996519903e-02 -1.329915450779390051e-01 -2.221815256874102584e-01
-3.067506886525567592e-02 -1.150752068209880963e-01 -2.200221197878738655e-01 -2.765563728189577089e-02 1.788062235145037593e-01 -3.053316893165461052e-02 -9.334771904914440643e-02 1.428515779386395901e-01 6.032404346254035404e-02 2.024681003955750569e-01 2.618265901794654682e-01 -4.721796547854574533e-02 -5.321549272054201113e-02 2.230894355988383704e-01 -1.353937989263497288e-01 -5.504512839572949651e-02 1.092586996211370870e-01 -1.462963893674149862e-01 -2.035462980634367702e-01
6.280604481476693979e-02 9.012429245735491257e-02 9.528955484235367146e-02 -1.282065995561755267e-01 -2.181160571454430763e-01 1.338414028746958695e-01 6.918115188123440118e-02 1.783642515179437726e-01 -1.156032663287809709e-01 3.196769439510011718e-02 3.290841951311334473e-02 -1.672296281764537318e-01 -1.804527566932737637e-01 2.066802082929193596e-01 2.028273186455470129e-03 4.569451169578484656e-02 1.671837263011275720e-01 -1.382607494053620378e-01 -5.603875870642032603e-02
-6.501137439996297618e-02 6.848713436261020561e-03 9.605618753670672194e-02 -1.029032745514980168e-01 2.271308771571859883e-02 1.946934252050824821e-01 -1.192768052939150863e-01 1.173461563711553080e-02 -1.996461306441664474e-01 -1.382633649430293765e-01 -5.129038663764910050e-02 -2.153141766218844844e-01 -7.082138448438292377e-02 -1.359458390834226635e-02 -2.899230171919166266e-02 -2.959762705654933254e-02 1.183030717926649988e-01 1.917553684689573823e-01 1.584270479600538850e-01
1.762209735569198604e-02 1.262233855084657699e-02 8.172251538193167630e-02 -1.255026439785058845e-01 5.788242468283307657e-02 4.945057554043641446e-02 -2.110456105443797581e-01 4.026512840350166683e-02 -3.362922794894391155e-03 1.429607533247026496e-01 -1.747397494080910885e-01 -3.039991010202507393e-01 -3.809541307112163100e-02 -1.482833360126666333e-01 3.064898683814346048e-01 6.446813020538919026e-02 -1.817733158216464362e-01 6.108659701294998079e-02 1.451899055643859626e-01
-1.321046950522425656e-01 -9.846402865482996314e-02 1.429516282130347815e-01 3.812905668005005938e-02 -8.209306817556887015e-02 -3.311399045679763731e-01 -1.769304034235871514e-01 -4.194265131447116185e-02 2.458904483375924307e-02 1.292295916723578963e-01 1.374514837811194323e-01 -1.640753825643268549e-01 3.227980372681713006e-02 -9.932870141087324356e-02 1.768329421303325433e-01 8.935763513598035668e-02 -4.352333591991438405e-02 3.254457405735302483e-02 2.261432417903746217e-01
-2.091289230661652968e-02 -1.880592012509040359e-02 1.913178873566016569e-01 -4.679246295572563052e-02 -1.687716038007189279e-01 1.947450434358526383e-01 7.797994987783993248e-02 1.416745804672016329e-01 -1.307951288804301282e-01 1.196689535650331121e-01 1.047591969839039780e-02 -4.940315969746948699e-02 -2.220435668416249619e-01 8.674611848168781170e-02 -1.089336792096974593e-01 2.088038470796208801e-01 1.316225209576847854e-01 -7.612995237279956973e-02 1.976449676473491721e-03
-3.028129864938539778e-02 5.817267740934504300e-02 1.058895934431591523e-01 3.265177411239931615e-03 3.408771633476380403e-02 1.030066584242281258e-02 1.836709875843357820e-01 1.612646649826410261e-01 2.218936135974381996e-01 1.458564434494339368e-01 1.200211062342696478e-01 2.290391702995661360e-01 1.159537189522903966e-01 9.820734698772946858e-02 5.663707431031644868e-02 2.984680659365258545e-02 1.661788273888745449e-01 7.763812700829450519e-02 -2.204565703067829646e-02
-6.917577098585016293e-02 -2.218422429179882360e-02 -2.352379778815144318e-01 -2.263788223655137655e-01 -9.646284769407785509e-02 -2.346899186469433504e-02 -1.977022538687299158e-01 8.625116200111582199e-02 -4.003128723280117984e-02 1.891798829946813032e-01 1.030818573330876814e-01 -6.181335465645877714e-02 -2.598677798398781880e-01 -1.591366027286360008e-01 1.208757478175910283e-01 -5.781467994084095452e-02 -1.736500723045168448e-01 3.995314536980362763e-02 1.692320263012360160e-01
1.554973317303573813e-02 3.710837285121063728e-02 4.205444497328587189e-02 -6.077764264985716786e-03 -1.640841535681061281e-01 1.320154001267253262e-02 -7.960055383309801169e-02 -3.034665805370612146e-01 8.735705288375156252e-02 -2.634515217368864071e-01 -2.574774224900935535e-02 -2.947621595188763544e-01 -1.457735438521494675e-01 -1.394286373747117419e-02 -2.019206552207735150e-01 -2.064263795093625176e-01 3.477207312261279548e-02 1.688675122276320217e-01 -7.736470988303896512e-02
-3.558932737727867890e-01 -2.326500924312628060e-01 2.627573694374248370e-01 -6.537600400901681652e-02 2.492503769621319809e-01 -2.573471239762318286e-01 1.051442585608091118e-01 -1.250911160279227219e-01 -8.526383694778678912e-02 -1.507081591163287604e-01 -1.118015148459377932e-02 -1.820432325152689379e-01 -7.849296183252717218e-02 -6.415021126115026673e-02 8.853529660271700075e-02 -2.934285359796923176e-02 -8.444349322287507398e-02 -1.532792206826004422e-01 6.096215147348480086e-03
1.539425115234911538e-02 -3.444101789502028617e-03 1.338016521111568269e-01 -2.062009296883705878e-01 -2.010216211882970630e-02 -7.573229315773298033e-03 5.179452661320513990e-02 6.745683686527853551e-02 -1.446357086307274442e-01 -2.333977421039062916e-01 1.091181359447657290e-01 4.674274626548297756e-02 2.245976425384650921e-01 -1.646511443037771694e-01 -1.828504040241423212e-01 -1.054429510818042648e-01 3.341450863172171909e-02 9.214326622041950354e-02 1.624901186242720119e-01
-7.291174625776600769e-03 -5.652371004029189960e-02 -1.214135453789834812e-01 6.338622285487155450e-02 1.616960294784111629e-01 1.487822328127705838e-02 2.771778457642606330e-01 -2.164596872690652540e-01 1.659189173828234665e-01 1.335382892507830377e-01 1.131763507338481578e-01 -3.164820646413709498e-02 -1.171464762453214431e-01 -1.648021128986534023e-01 1.524320121645930948e-01 1.406094583276414900e-01 7.780418452979480370e-02 -1.052050827372405795e-01 2.497770282577642734e-02
6.059314474632444998e-03 -1.065983701549123586e-01 6.299390976263050113e-02 1.526785359646498641e-01 -1.947984575777353955e-01 -1.301098237136783797e-01 2.870168984570405438e-02 -1.250555200710100345e-01 -1.765139941906212206e-01 2.257878684623394472e-01 6.759741838199467834e-02 2.010168173568113725e-01 -8.849114384194339822e-02 -1.133868653539853444e-01 3.237244384056949670e-02 -6.418975971892515453e-02 2.048163568291916717e-02 2.222710591359930155e-01 4.361821201071421766e-02
3.629273719842071935e-03 3.460817169592406845e-02 1.139833459512878122e-01 4.925799594744125626e-02 -1.656896485137707986e-01 -3.046438010553065637e-02 1.619931356651186649e-01 -2.367423521151616195e-01 1.327554276795054056e-01 -1.076097579707319674e-01 -1.217640921371595103e-01 -1.798882397826999380e-01 -2.661014538520517850e-02 -2.178353607807850534e-01 -4.674379571194321042e-02 -4.235424153187817425e-02 -1.663666850416626597e-01 -7.815103821180940935e-02 -9.293377008276303142e-02
-3.243161821137231088e-02 -1.184362640628256330e-01 -1.866505130722370398e-01 1.013650550475915235e-01 4.171832849428798173e-01 -1.455156183382584067e-01 2.127093244620574183e-02 -2.778257220694113627e-01 1.083145335983795457e-03 -3.189916160317231297e-02 1.087931707142186233e-01 6.145705564634465490e-02 -1.988677017873667074e-01 -2.152147479709465849e-01 1.710623928696045903e-01 -1.263857515935478681e-01 -1.232029500421360363e-01 8.008149134684308668e-02 3.828214170098086233e-02
2.598821541092598622e-02 4.375319389582427165e-02 7.511976333944041240e-02 -1.520335741007211583e-01 8.683186649168948834e-02 -2.009352037234880539e-01 2.106343618676017465e-02 2.053348723797814857e-01 -2.164081990335957051e-01 -1.802462959928009534e-01 -4.106041389447222939e-02 -8.678880771950975292e-02 -2.722574487650899350e-02 4.592588046871019965e-03 -1.315058355874023921e-01 1.280895848174330165e-01 -1.169363461380171498e-01 1.519492552931512586e-01 -1.470043304027686681e-01
1.390017355746150096e-01 -5.050846472018580974e-02 -2.364132251246909289e-01 -1.865090510595918682e-01 1.446669096009105260e-01 3.092259931335597511e-01 -4.714563735033992786e-02 -2.600751691561785650e-01 -1.731857907776767902e-01 3.595940034727738155e-01 -5.243202716739166908e-02 -8.023407089828514527e-02 4.770812035491936789e-03 2.103834656201356360e-02 -1.783536866187915640e-02 -1.485486950830434416e-01 -6.663841003086937165e-02 -8.081198879928047640e-02 8.397951309891599214e-02
-2.390410745944340429e-02 -4.336996996584687597e-02 -3.856545146127308282e-02 1.304494011350832428e-01 -2.106538256199399009e-02 1.181450684710550342e-01 -9.302469827031416283e-02 1.532492855210776384e-01 3.596646091023491393e-02 1.180525944138882399e-01 -2.064302745494591140e-01 1.804086343603754014e-02 1.848815212585723511e-01 -1.408711271545160792e-01 -1.858953327814470008e-02 -1.903165699646804654e-01 -1.461405435604553049e-01 -6.349206974019419580e-02 -1.289689374160910007e-01
-5.616068837627940374e-02 -1.510637172542156174e-02 1.809861351710115029e-01 -1.213310766351743258e-02 -2.195616594232748520e-01 -9.839398235304934459e-02 -1.249461386986808718e-02 1.676721170564004215e-01 6.656966676783553083e-02 -6.574696353243969504e-02 1.256501718291533343e-01 -3.784765018507854628e-02 7.088371403085420505e-03 5.529085678783918212e-02 8.147081860731152092e-02 1.025066176971601711e-01 -1.536419271726814084e-01 1.697757607963011062e-01 2.001777599782243733e-01
3.724886619615154493e-02 1.299698921654669215e-01 -1.566339848308065941e-01 2.270977505540960548e-02 -6.717439286798848608e-02 -1.222343226751954198e-01 1.364317206357646972e-01 5.970476365545723633e-03 -1.605713846547967283e-01 -9.961201145040325666e-02 -1.453681085394736006e-01 1.093156359363497560e-01 2.199028550365925427e-01 -1.875414443875651205e-01 1.347463293286697145e-02 1.332415348046966375e-01 -2.017043951766053500e-01 1.587539804382538389e-01 -2.154245924101180487e-01
1.628920833287935896e-03 2.598704544694126553e-02 2.838668457989541039e-01 -1.757830448593923622e-01 1.113775506533220411e-02 2.173445331066687913e-01 -5.807129033868115714e-02 -1.191733798977657605e-01 -1.954793332295020059e-01 1.030462665765201000e-02 -1.893117190425083474e-01 5.936830107225067599e-02 1.593168107992810056e-01 2.264034442387566626e-01 -1.205880944068495053e-01 -1.965719412846280989e-01 2.901806878830799907e-01 6.500348700638160226e-02 -2.052940753935865101e-02
-1.467938412532599109e-02 -2.198320758293212385e-02 -8.495959230945912544e-02 1.787873050798749197e-01 -1.845161504176502099e-01 -2.093279211623809075e-02 4.330979858503952173e-01 2.776892818476327518e-01 -2.338990115219088603e-02 -2.721908547218698793e-02 -2.856573657747987216e-01 2.048121117279517456e-01 1.275053029641341207e-01 2.079975128025570996e-01 -3.934903545186989315e-02 1.864072184337866311e-01 -1.121469385188864250e-02 -3.321340391792181046e-02 1.612826330899507499e-01
5.825239783544560596e-02 9.695520851109383498e-02 2.293598243006402318e-02 -3.816952293547532654e-02 -2.461538275730979775e-01 -9.958056504576798251e-02 -1.232788469265242159e-01 6.619798046354756493e-02 2.075746351433612746e-01 -8.366784323969003734e-02 1.405797205449065002e-01 -1.160211980689638267e-01 2.390581342255159586e-02 -1.877919126130314295e-02 8.684639014255114697e-02 -9.607800596433209439e-02 -1.073265207354289763e-01 -1.631645231143776520e-01 8.258021952550909095e-02
1.478722635056614609e-01 3.191230736697695525e-01 2.557546822199632114e-02 -4.410287989608477899e-01 -6.962291332213652213e-03 -1.181153065549478756e-02 1.200307692912752910e-01 1.917048993293629655e-01 -2.452414174792311163e-01 -9.408214870977475719e-02 -2.368883150211841260e-01 -1.759238830701921608e-01 4.938225886302576029e-02 2.409252672597048950e-01 4.184415949874011054e-02 9.762475634254459689e-02 -1.221866971709020255e-01 -1.482350461169580635e-02 2.816118352654788798e-02
-5.383236808722485084e-02 9.940170033893913626e-02 -3.706177764151051546e-02 1.913357795847478796e-02 -4.009189928568492045e-02 1.117366717380825075e-01 8.866628602414781957e-02 2.643691727425966920e-01 -2.064422619327640346e-02 1.587042393436183807e-01 7.323486318863238476e-02 -1.931668822652103656e-01 1.664571483591498202e-01 -1.866872950430984723e-01 -1.972381290062923120e-01 -1.334334368468121090e-01 1.303279024411963249e-01 2.406366087348993932e-01 -1.787901703224202554e-01
6.294726883248294436e-03 -1.677527298138873149e-02 3.122188022323751574e-02 -4.069570594883445414e-02 -5.589963534931590219e-03 -1.746475533860399609e-01 -9.948161903229102432e-02 -1.218285276955385910e-02 -1.974743466916084877e-01 4.986996971008065410e-02 6.207265111315495888e-03 -2.346230842628589663e-02 5.949859248506619847e-02 -1.660459483619841914e-01 -1.609777380503377708e-01 -9.044421294836364755e-02 -5.995351316830580674e-02 -8.191036980456530003e-02 -2.114572963482053425e-01
-1.774328727063369596e-02 -9.027872392564831316e-02 -5.953575751459218995e-02 2.242423670510267780e-02 -6.541774217567317140e-02 -1.347844992081955462e-01 1.024425032547018367e-02 9.330623002886980280e-03 4.846873879334684387e-02 2.295845431319593760e-02 -1.338083410637842807e-02 1.901605154671130449e-01 2.325070789049548114e-01 9.213171067270081727e-02 8.969611233336370615e-02 -2.112135676608240809e-01 -1.650758094161292600e-01 6.557602627682997121e-02 -1.359387374816683758e-01
6.325200953668683179e-02 3.417198819289783696e-02 3.247051095619853112e-02 -8.208634042225594618e-02 9.553932085232612337e-02 -1.035674443568501552e-01 3.753026372121960608e-02 -6.301633672056776436e-02 1.599436000602406094e-01 2.541931184012092282e-01 -7.750471944397194224e-02 1.715730148358634299e-01 -2.375786190221048644e-01 -8.775465485617201542e-05 2.053732154101272356e-01 1.257962502099726210e-01 2.162236425020441777e-01 -2.163648117526660586e-01 -1.889324699128300533e-01
-3.796946004772121241e-02 -3.052752757189844748e-02 2.979526187560871744e-02 3.863083215085500594e-02 2.246421662455272139e-01 2.186195546711457438e-01 2.867825335241124818e-01 -1.100426117564461265e-01 2.545549618772070533e-01 1.612721170445817198e-01 -5.794844726978781724e-02 1.009655143734265216e-02 -1.431479711550041334e-01 1.450643324256511713e-01 -1.746742193501328033e-01 6.586338141705186389e-02 -7.551172867305597225e-02 -2.179169656532062849e-01 1.209683832048645546e-01
1.893422473684623283e-02 -1.516217877314214417e-02 1.252444854248016548e-02 -1.159190733542318497e-01 -9.484385485363258650e-02 -1.259494724076406780e-01 2.171165247929058295e-01 -2.164986545141367458e-01 -1.105617400072698014e-01 -1.284403815132643678e-01 -9.961113355525311186e-02 -2.386666655533903614e-01 -2.972653931531084315e-02 -2.255812469543431176e-01 5.192124690126314474e-02 -1.713870914299003845e-01 1.803037244387465099e-01 8.891335932460792124e-02 1.297916482079739253e-01
-2.529797970492237216e-03 1.531911055644495923e-01 -1.028628968096772095e-01 -2.847297668173313090e-01 -1.311849625160742272e-01 1.180153013387320177e-01 -5.616230666062231591e-02 3.334920576372445156e-02 1.640046660447666838e-01 3.591023215154132142e-02 -6.719130840859273424e-02 -6.885156453935577237e-02 -5.800133489758418914e-02 -1.975694949349205420e-01 1.538651775864677551e-01 6.995475992032053336e-02 -2.086701101301619843e-01 -1.848614285600937712e-01 -2.019030323583312914e-01
-4.777303972034178947e-02 -9.472240740436947692e-02 -5.335691499065382815e-02 -6.292287660368797719e-02 -1.052437074890070490e-01 5.932587906870041838e-02 9.502046414072268243e-02 1.291852418393240332e-01 4.502693785796499371e-02 -1.917417841426287059e-02 -1.024402338496702286e-01 -5.323598268146877838e-02 -4.419435599348452148e-04 -2.165022493844135643e-01 -1.822301116730621062e-01 1.914362283426639111e-01 -8.202233867033001391e-02 8.552370975708159517e-02 1.540545154329436145e-02
9.232868510819887409e-02 1.674844839853800726e-01 2.565165648473123339e-01 -1.951504743543557713e-02 -3.592471436007513980e-02 4.214630639947023610e-02 -1.520086853691384743e-01 3.313453971451200963e-02 4.553825747546415975e-02 1.461627314483846529e-01 -1.823084506086898593e-01 2.302172251326661534e-01 1.870770096801872839e-01 3.703641141212469373e-02 -6.478675505543437553e-03 1.830191092592445001e-01 -2.080977658205663827e-01 -1.783285508331860503e-01 2.796425469704303876e-02
-1.043935627225959541e-02 2.847411798285819362e-01 -9.719133462714978078e-02 1.836608391113641603e-01 -1.759459032761754027e-01 -5.270368504903855111e-02 -9.991040395966462040e-02 -1.496998344484269383e-01 1.905001444852715553e-01 -2.231859916461687021e-01 1.465069004081675230e-01 -1.013797727785274022e-01 6.506884417918229468e-02 -1.877373211773741835e-01 -2.401042876336479878e-03 2.156644557543797303e-01 -2.279794006792721650e-01 1.310980524180627715e-01 -1.820444576823903593e-01
3.296416833041371924e-02 -9.410673916932867089e-02 1.012943360051247188e-01 1.693302610520051876e-01 1.916284109392712431e-01 -7.851449436671424642e-02 1.556527875133203453e-01 6.697751945270373312e-03 1.841455530502774107e-01 1.112430138618048792e-01 -1.544506013960816604e-01 1.304514154178456897e-01 -1.335525971895107911e-01 -1.812704178825137458e-01 -2.415146938612278485e-02 -2.173520912763133861e-01 -2.053474087231103307e-01 -6.638100734087039323e-02 -1.161983124665267458e-01
-3.899075971946647928e-02 -1.054890281507945837e-01 -1.803011438641852551e-02 1.814062431097208383e-01 1.065023200874678916e-01 2.633020998563992410e-01 -6.766588653692678923e-02 6.132311807375391555e-02 -3.574553415074056550e-01 2.281390088861427190e-01 -1.546289407444200181e-01 -2.078345380408462562e-01 6.362471264089678696e-03 -8.185119893418765780e-02 1.200029064952276014e-01 -2.095478883475107024e-01 -7.795971701414559918e-02 1.259894151772865921e-02 -2.207816820117274037e-01
-9.223000895113382669e-02 -1.351212670212757205e-01 2.199401460726976235e-03 -1.671054847178583547e-01 -3.410966751351185988e-01 1.829909572615230906e-01 1.256612932015441220e-01 -1.578129065266628203e-03 3.219140519033281134e-01 2.263128425663674115e-01 -2.192577706639587398e-01 -1.225212703280184195e-01 -6.161538938914759567e-02 1.149755242188533894e-01 -7.513232197121741396e-02 2.094105884093960535e-01 -2.051502687779484524e-01 5.301742204655535140e-02 4.524550924899239934e-02
-2.118922048122710497e-02 -3.779451111400710522e-02 -4.100332138495153822e-02 1.155513963648732989e-01 -1.167630127277262952e-01 1.747908323280829568e-01 -9.063706995370511554e-02 1.644845947111299167e-01 7.188967415125369076e-02 3.789798767767574988e-02 5.354035591647551828e-02 -1.574622520832417299e-02 -6.687823301009757082e-02 1.371741847446454887e-01 3.484739039775600761e-02 -6.167388248874760420e-03 -4.461594380564722073e-02 1.133298366086739339e-01 6.074456356797203194e-02
3.610371981638346717e-01 -1.014314130252892965e-01 7.485450144447937382e-02 1.493808987860541226e-01 8.898882958436614421e-02 1.107397845865740194e-01 -3.636477734385500787e-02 6.049315099749683067e-02 -3.297645837146057080e-02 2.026439314709140363e-02 -7.435090402289697142e-02 -1.063715681708969352e-01 -1.575132210079773498e-01 -2.362660569910017549e-01 -1.324741769411409420e-01 1.976008620238119962e-01 1.333346950547938982e-02 -6.739754189557413400e-02 -6.627073489005301521e-02
-3.942180913316883917e-02 -1.160638566747295847e-01 -1.700553784573197447e-01 1.515375594777354784e-01 1.552516075850917388e-01 -9.832989854031644328e-03 2.522588241086285432e-01 -2.348661651762593283e-01 -1.935446705878764995e-01 -8.026144067284796124e-02 2.387075909244619140e-02 -8.763570345284964203e-02 -6.241270509892508922e-02 8.713698914629944281e-02 -1.344492457015806774e-01 2.254387437365459046e-01 -1.223599085850669288e-01 1.230964225074878265e-01 2.498151883338134080e-02
1.464054847526425895e-01 -4.690657583481891435e-02 1.836059822094033012e-01 1.143952718846055761e-01 3.387725755624499957e-01 3.367725092982826879e-02 6.873742711229879898e-02 7.262322463831757946e-02 -1.664134371868528361e-01 -1.998235568824464209e-02 2.429025593149005124e-01 -8.292660742999061196e-02 -1.106709897328484599e-01 -5.347217587997892679e-02 -1.010994363223435555e-01 -2.139398318779073271e-01 -1.597397086702079527e-01 1.083718467432197574e-01 -9.209105820879408266e-02
1.346937956668581293e-01 2.096928044977653949e-01 2.127483064579281935e-01 9.243673490890665090e-02 -3.447029429419341817e-02 -2.692879807336599485e-01 -3.529240273334673106e-02 -3.992879666372279313e-01 -7.011873586226002875e-02 1.374024063789152927e-01 -8.403361601880884879e-02 -8.553155466375671808e-04 1.254756264143226385e-01 9.507208119844720584e-02 8.987167013379770281e-03 1.415457416717244288e-01 -8.197231497002037404e-02 -7.123118932292499261e-02 -1.252006277480676721e-01
-1.435194737438078710e-02 -7.177228711956826213e-02 -1.652820208150430070e-01 6.986861202303908114e-02 1.997374768327144778e-01 1.819197320269775042e-01 3.465719121427530136e-01 -2.954294934902936820e-01 -2.798248288442673273e-02 -1.495372191645910620e-01 6.147558792697744440e-02 -2.305712620972798915e-02 8.518777884796469024e-02 1.882313099417952107e-01 3.595405327455531569e-02 1.841863759169823367e-01 -1.957400439720296259e-01 -2.497394711585790017e-01 -7.452477398070532499e-02
