2.316171863436930576e-03
-2.607115458419110784e-02
-3.606062911146278699e-04
-1.206729985767685150e-02
-7.830121870689608302e-04
-9.107715077321899486e-03
-6.629757429266734149e-03
3.826394860037377749e-02
2.048877826435632765e-02
1.077830932292928034e-02
-7.411603256730999421e-03
-1.000362075345587881e-02
6.180744506185109621e-02
-2.325214234432528004e-03
-2.420761288004014133e-02
4.227906825831997950e-02
2.068762379386071548e-02
-6.178774852381292660e-04
-3.390250350340170277e-02
2.589448175994529464e-02
-1.822187841103715261e-02
-2.842747650295754727e-02
6.932049032234428865e-02
3.126277085660518484e-02
-5.163388739153128987e-02
1.350041618988649357e-03
-2.879274127934458929e-02
2.189715730917948522e-01
3.964257858445420502e-02
1.538005559544792893e-02
8.946004108788263576e-03
3.649299952625427446e-02
4.722748468198660100e-03
-2.485491932261478867e-02
-5.010538757296374018e-02
1.149253958035179046e-02
-3.975142542910992290e-03
-1.002164921410687339e-02
7.094259553239637417e-02
-1.865066158106119462e-02
2.914715843843478094e-02
5.673860287028972132e-02
4.550721972876671517e-02
3.219854679891837046e-02
3.038115781188535300e-02
7.912166954297635696e-03
2.509096353894029689e-03
-7.926764136924543958e-03
-5.186263100681438865e-03
-3.928968502579101296e-02
-6.838233255318788666e-03
-4.433442776752947664e-03
-5.973571264561261356e-03
-1.762232881821761089e-03
8.142528486341575611e-02
3.548701968463951854e-03
3.183082612280309191e-03
1.444405392360138471e-03
7.849900454815327000e-02
3.520534754009520956e-02
-3.412804665059998577e-03
1.572123834107647111e-02
2.377342253665985089e-03
2.398831840502127152e-02
