-4.862281643492671022e-03
-6.568339195835378591e-03
-8.318535197846376600e-03
-9.370607977646485884e-03
-1.181123306069707495e-02
-1.408889468240257480e-02
-1.858013031627410439e-02
-2.002872457671344211e-02
-1.833995887113330434e-02
-1.525067447383837531e-02
-1.036807422071858373e-02
-1.735812771688661701e-02
-1.396317273187790663e-02
-4.741159127273384538e-03
-7.863745550184830096e-03
2.316164824999842210e-03
1.221764003708831169e-02
3.152566827695232540e-03
5.463868883014044893e-03
1.688441768715046032e-02
2.691426052636308047e-02
3.550227176188654882e-02
5.195556317870465846e-02
6.601653881745472852e-02
5.224020203952289138e-02
6.386833393584742669e-02
8.756684003021332485e-02
9.008967126393337133e-02
1.150133615191540198e-01
1.188122265259463489e-01
1.295491978749510331e-01
1.361417269563862109e-01
1.532595032917831446e-01
1.514651545966489987e-01
1.774329567030009935e-01
1.943423665646745180e-01
2.090229224724665935e-01
2.283822531234669106e-01
2.363756182779748749e-01
2.386687882613602041e-01
2.612442788081088541e-01
2.709495273757864808e-01
2.829693407589010112e-01
2.950584844998998535e-01
3.043161412418038947e-01
3.246140693095180274e-01
3.404568410506549903e-01
3.520713458441799282e-01
3.627861465056418933e-01
3.886212698282664468e-01
3.950441248151374540e-01
4.050183336785078692e-01
4.253315094030052923e-01
4.249542588190320380e-01
4.424990203290631863e-01
4.646992998572205824e-01
4.816115866348924524e-01
4.970624080979836878e-01
5.110647458801917953e-01
5.193105796612033087e-01
5.337375917670527103e-01
5.455491363482515288e-01
5.663355641025671350e-01
5.739486494428065466e-01
5.901963680847731597e-01
6.042601077960138012e-01
6.131859253187483816e-01
6.283914403620198819e-01
6.415445959899218620e-01
6.529579611478628642e-01
6.601919010508719987e-01
6.849314567403851362e-01
7.000239998793026386e-01
6.995847462171980169e-01
7.262652874466531960e-01
7.349388713461431077e-01
7.478804703286828781e-01
7.575447639774087749e-01
7.714646897305367235e-01
7.795643198129714735e-01
7.960131434274220208e-01
8.089796599765550766e-01
8.185277699237171189e-01
8.366732298367801635e-01
8.495071124414770303e-01
8.663435130862299216e-01
8.783007670237380493e-01
8.884847374510148610e-01
9.004282253540415448e-01
9.097221780797771773e-01
9.248635106309375242e-01
9.396689661414856509e-01
9.491853284918739808e-01
9.596635914306175241e-01
9.727811870155319562e-01
9.807385746744722299e-01
9.923821011860820551e-01
1.005951778178117095e+00
1.014046525693819145e+00
1.030943276133239994e+00
1.049554287361629479e+00
1.056348279013787472e+00
1.069173573416504652e+00
1.077321079976582441e+00
1.090140065352946941e+00
1.094707267569330122e+00
1.108851696250453545e+00
1.123286491736978698e+00
1.137027352119788448e+00
1.148172330921307882e+00
1.154425324414604992e+00
1.164111927875700392e+00
1.174840121530325021e+00
1.187283822655892829e+00
1.194765169833757801e+00
1.204840257034175632e+00
1.222655533870922850e+00
1.229373925768188602e+00
1.238910281976784766e+00
1.249632691539095175e+00
1.259348878225720503e+00
1.267793088358778908e+00
1.288525343016250213e+00
1.292997142909252606e+00
1.298689839301939042e+00
1.310419036644341340e+00
1.318971739908684215e+00
1.330858770329484742e+00
1.342780826436204444e+00
1.349623559594542499e+00
1.362088458227504795e+00
1.371682519394132660e+00
1.376078232098767229e+00
1.388542194858411571e+00
1.396717818436538527e+00
1.411227084840953161e+00
1.417815379071784898e+00
1.426795313200859061e+00
1.435893519208266689e+00
1.443870174110669202e+00
1.453116879428926422e+00
1.463742910961850274e+00
1.471480255256641945e+00
1.484724000737097649e+00
1.490252668952621207e+00
1.499544574418392617e+00
1.507597920575354911e+00
1.514997211540023647e+00
1.521664920595382053e+00
1.533960709295233649e+00
1.542285879795648462e+00
1.548463035635409213e+00
1.561340258483983279e+00
1.566948794885853369e+00
1.575760202642644936e+00
1.584261056509333576e+00
1.592268697987569315e+00
1.600920917845580993e+00
1.608645918436537814e+00
1.617688907504190476e+00
1.625687304573642633e+00
1.635112713558802167e+00
1.642013102526485024e+00
1.647467415519246803e+00
1.654712537258524296e+00
1.662136662753366689e+00
1.672873772866811715e+00
1.680605931998590874e+00
1.690119527519218900e+00
1.695468490250593652e+00
1.701906025275106593e+00
1.708485365615548313e+00
1.719254233915495700e+00
1.725728966069393078e+00
1.732826433032965463e+00
1.740319964571293898e+00
1.746336354703159399e+00
1.755077445804098968e+00
1.762855051948144958e+00
1.770340860293788898e+00
1.775813814892139186e+00
1.783084105382941154e+00
1.789427312344791021e+00
1.797586447078264760e+00
1.804068279919037066e+00
1.811628816182588642e+00
1.816975680599042242e+00
1.825619274015531923e+00
1.832903141799121949e+00
1.839635946192805127e+00
1.846570221191715655e+00
1.853563980020301649e+00
1.859562425204854597e+00
1.868127714844883380e+00
1.873525799967150851e+00
1.878696774377861534e+00
1.886768758009480074e+00
1.891606569172042285e+00
1.897618615331526648e+00
1.904507725191681988e+00
1.911184662159049807e+00
1.918723111164132078e+00
1.922897673735727953e+00
1.929831224341079787e+00
1.935601468601880315e+00
1.943577695560294361e+00
1.948792128932317125e+00
1.957278367794535567e+00
1.963758297128470165e+00
1.967840170723601956e+00
1.971718892693475667e+00
1.977593781231287817e+00
1.985448730649293836e+00
1.990590071031197006e+00
1.996418013082292386e+00
2.001345911879538253e+00
2.007928576209517146e+00
2.015261546085662214e+00
2.019547954007769874e+00
2.025487346510778774e+00
2.028133543541896788e+00
2.037604543614356611e+00
2.043206588935337464e+00
2.045208587756588425e+00
2.054063411379098980e+00
2.060105438163668534e+00
2.061706015760912170e+00
2.069234564379204500e+00
2.074905855708233382e+00
2.079408278347395278e+00
2.085749857302685584e+00
2.090565875437260690e+00
2.095882635659477522e+00
2.101402392950378673e+00
2.106500071655153405e+00
2.111059424050673261e+00
2.114009392264793785e+00
2.120138650468188501e+00
2.127279367869381765e+00
2.130890615776722896e+00
2.134817996468688861e+00
2.139774905285030560e+00
2.147724602177840669e+00
2.152366827851825093e+00
2.155524187870689889e+00
2.161803177956028499e+00
2.166941949852553062e+00
2.169923114036548029e+00
2.177070445420973943e+00
2.179920460348212519e+00
2.185342686692235414e+00
2.191162039068188516e+00
2.196095897279723097e+00
2.199361228741756769e+00
2.203619065867482796e+00
2.209276102715900691e+00
2.213136861414329193e+00
2.217637443954265652e+00
2.222339541050263989e+00
2.228776698640538179e+00
2.232940095037634798e+00
2.237879581046976707e+00
2.241445017663648009e+00
2.245876813891648727e+00
2.249110507603037767e+00
2.254034826778469558e+00
2.259100553632266806e+00
2.263149472296311249e+00
2.268702511064798699e+00
2.272902277650359792e+00
2.277141363524819440e+00
2.280869360678354774e+00
2.283969144618111624e+00
2.289757284096666012e+00
2.293875239972407609e+00
2.298503230479139070e+00
2.303796061319582034e+00
2.306030093693394623e+00
2.311092912273772004e+00
2.313664954878101199e+00
2.317945861239453009e+00
2.322896749917215065e+00
2.327158981385230252e+00
2.330134600825461977e+00
2.334225416606904524e+00
2.337966077210920535e+00
2.344309680236057680e+00
2.346441931498858491e+00
2.351323559309911548e+00
2.353993810310587520e+00
2.358573442414196641e+00
2.361533915010531004e+00
2.366081103636887395e+00
2.369721916476833279e+00
2.372824333366938987e+00
2.378005331292083468e+00
2.380797682653127190e+00
2.384519888523342068e+00
2.388584509327536409e+00
2.391492572725017585e+00
2.397754671579622077e+00
2.399605837505945694e+00
2.402297894043823767e+00
2.407184059127267961e+00
2.413417951081127111e+00
2.416065731598170618e+00
2.418891090902881569e+00
2.422084746379908005e+00
2.426099462530423967e+00
2.429838969688057571e+00
2.433339094115859247e+00
2.435885583354845174e+00
2.439474845128311919e+00
2.442824548453968792e+00
2.447707788103075099e+00
2.448573109667802505e+00
2.453652029017895142e+00
2.456121057157035104e+00
2.459387451795647994e+00
2.463451821231509964e+00
2.467570020167401790e+00
2.470570959075526041e+00
2.474195372609724330e+00
2.477286828912053984e+00
2.481485589338407127e+00
2.484224919160516354e+00
2.487374380115990657e+00
2.491442694891514265e+00
2.494324182370343479e+00
2.495889212547911740e+00
2.500510795509268469e+00
2.503223176081730283e+00
2.507625452149018663e+00
2.509963254489829598e+00
2.512523391612702550e+00
2.515739293736785509e+00
2.519935841494962414e+00
2.522513213616969008e+00
2.525897103917668751e+00
2.529306049828892178e+00
2.532414533162306469e+00
2.535199518067054569e+00
2.536860039929158095e+00
2.540317320130605072e+00
2.544205986244028495e+00
2.547069997400899677e+00
2.549683778288287073e+00
2.553446043763184292e+00
2.555562362717017422e+00
2.559291859287462056e+00
2.561779962897091867e+00
2.564190511231665859e+00
2.568401763645849822e+00
2.570337660205491925e+00
2.573503515769823835e+00
2.578207329462663289e+00
2.580100054108837249e+00
2.583123721484943403e+00
2.585338992115134182e+00
2.586809641471700338e+00
2.591982463237471723e+00
2.594544026527922043e+00
2.595816816585117870e+00
2.598541548266104950e+00
2.601972396501905038e+00
2.605948044643762174e+00
2.607452925500807428e+00
2.610849737607539023e+00
2.612946328867233881e+00
2.616579336138126433e+00
2.618969233970198651e+00
2.621603689487259192e+00
2.623332469287189994e+00
2.627072355551767213e+00
2.629932880899704450e+00
2.632693844677881589e+00
2.634618856335506631e+00
2.636526934220584817e+00
2.639047994806444919e+00
2.642469202935573858e+00
2.645554603524236104e+00
2.648331211283725839e+00
2.650977685195034184e+00
2.653170857389707038e+00
2.656730328523083884e+00
2.660003487214122941e+00
2.660492778604677699e+00
2.663991481077131240e+00
2.666243902227210416e+00
2.669158561624495274e+00
2.672047781454272908e+00
2.673251802990215698e+00
2.676937527957056417e+00
2.679396831237744969e+00
2.681716846267251153e+00
2.684936658526148712e+00
2.687213421798793078e+00
2.687087164236980463e+00
2.691031079914009805e+00
2.693960024464226777e+00
2.696742720458046971e+00
2.698972760585161446e+00
2.700722765497967970e+00
2.702989859249612437e+00
2.705032333717904081e+00
2.707842305352179846e+00
2.710356512109760807e+00
2.711816643980609509e+00
2.715939029140058469e+00
2.718223438612925591e+00
2.720256309732032474e+00
2.721648718315056392e+00
2.724395420263983070e+00
2.726892109568514133e+00
2.729739367879224332e+00
2.731792841289703677e+00
2.734514469428826366e+00
2.735829949094821245e+00
2.739776988205341546e+00
2.741014141696689332e+00
2.743401017773676731e+00
2.745975954468662383e+00
2.747665472657179642e+00
2.749313792568184311e+00
2.752398247967650313e+00
2.754844342441579830e+00
2.756676530162807115e+00
2.758434738024723831e+00
2.759701668081696813e+00
2.762858365990640053e+00
2.764989494524326741e+00
2.767262749207453520e+00
2.770102688229639565e+00
2.771465013765982199e+00
2.773596214083291933e+00
2.775747996735558054e+00
2.778598440982554596e+00
2.780214330159656910e+00
2.782030509269704410e+00
2.784134209362926882e+00
2.786780740600292461e+00
2.788842198362832647e+00
2.790633109780847221e+00
2.792904590933011910e+00
2.795991813529633774e+00
2.796734276788833906e+00
2.799605596533902840e+00
2.800808786345726720e+00
2.803315243691191228e+00
2.805908126768713817e+00
2.807841513132588673e+00
2.809575610211583641e+00
2.811328492519106881e+00
2.813731530669987713e+00
2.816106804952387410e+00
2.818456241189192024e+00
2.819880197088919349e+00
2.821664927083614938e+00
2.823965710910964599e+00
2.824879651123946012e+00
2.827322900750003587e+00
2.829062526951385159e+00
2.832856499467839129e+00
2.832706604373600001e+00
2.834722678758051284e+00
2.837369054552906444e+00
2.839868507705022083e+00
2.841404060470302362e+00
2.844050217617257292e+00
2.845009697868539078e+00
2.846998217108337670e+00
2.848991278453236298e+00
2.849283193450308005e+00
2.851697234472266196e+00
2.854023719692960537e+00
2.856329603241920090e+00
2.858769408657483524e+00
2.860303667383435222e+00
2.862437307698332933e+00
2.863464353070654500e+00
2.864932896395484985e+00
2.867181308451336452e+00
2.869530056443313271e+00
2.871155168506503319e+00
2.872304305520858581e+00
2.874655961595427023e+00
2.876743197371891547e+00
2.878523319243539547e+00
2.879534532258597235e+00
2.881816125019416308e+00
2.883348371324191195e+00
2.886017627247270401e+00
2.887800775944137310e+00
2.890101292002126954e+00
2.891002716859012445e+00
2.894331577041925119e+00
2.893446644659820599e+00
2.897177074998929402e+00
2.897566702773657354e+00
2.900257103940195869e+00
2.902460016298325840e+00
2.903980694829042086e+00
2.905173469300514011e+00
2.907244388178832573e+00
2.908767077904352405e+00
2.910930535117064899e+00
2.912268036144591843e+00
2.913969730221837917e+00
2.914902135797291294e+00
2.917281568326052454e+00
2.919176515528116411e+00
2.920382819246201134e+00
