-4.832506810297131777e-03
-4.784083005619240922e-03
-5.525090392496255845e-03
-4.123148272119673240e-03
-2.525001532786008262e-03
-2.595433051262486298e-03
-2.986238631614398370e-03
-3.096710512675810573e-03
-3.312626070804048761e-03
-2.829126963216737223e-03
-2.123187434667403537e-03
-3.710599228365912307e-03
-2.578367371802235512e-03
1.728368435200960539e-04
-9.229576893109814900e-06
3.137876733095501351e-03
5.947429058747915991e-03
2.846943288400940932e-03
3.078381142732294559e-03
6.239652314651299853e-03
8.428874583466134177e-03
1.157908808812800616e-02
1.582535289697880460e-02
2.185252972745783603e-02
1.678173238597552644e-02
2.041781630200243530e-02
2.912992888087898372e-02
2.746791902134122082e-02
3.586329857901812690e-02
3.835963043515166343e-02
4.080257457259642284e-02
3.922626711375378633e-02
4.528733783009353253e-02
4.677662784683540853e-02
5.894097787037264752e-02
6.381137814879479786e-02
6.515786862859625217e-02
7.396803956310608885e-02
7.862566896185518850e-02
7.570038225022272804e-02
8.596855735561727274e-02
8.854636988744007953e-02
9.130224754249371966e-02
9.528256083242128693e-02
9.647814975247502589e-02
1.038311136286671765e-01
1.072478628473090695e-01
1.136481434608895696e-01
1.218717167258387968e-01
1.279672419811188899e-01
1.289479268528930522e-01
1.366081213107109282e-01
1.455135225137533794e-01
1.445075818296583381e-01
1.472457781182521241e-01
1.567058711652158376e-01
1.646212636089431913e-01
1.748957934138348491e-01
1.773428016122910456e-01
1.752317468631209851e-01
1.834783258569694098e-01
1.865429300036957061e-01
1.937655726316210858e-01
2.008442908385863757e-01
2.029484235437131190e-01
2.104503668994343324e-01
2.191811888772529915e-01
2.177442387454578132e-01
2.253965702691528017e-01
2.301483028612704707e-01
2.365682985447413733e-01
2.485657811733523459e-01
2.502857013890416038e-01
2.517862313201152946e-01
2.640530607207642877e-01
2.656830658478078200e-01
2.737558149578615541e-01
2.787720294615284033e-01
2.788344672228041388e-01
2.905948854407557902e-01
2.993906300459696634e-01
3.015096216900439163e-01
3.101044863355322256e-01
3.221691313363134190e-01
3.191770897639334414e-01
3.196640180159064371e-01
3.278245974519334305e-01
3.349175423309611044e-01
3.447092499545792998e-01
3.441176595221366874e-01
3.481565618100123105e-01
3.594341679719527116e-01
3.652895715321901604e-01
3.696180104689947288e-01
3.752721897375419502e-01
3.852018575450200100e-01
3.880363125524297629e-01
3.974373699232256474e-01
3.963726619951461472e-01
4.044370733710164201e-01
4.091771864205876463e-01
4.198231656660571520e-01
4.213122031066804385e-01
4.289863767521760463e-01
4.312790511275663707e-01
4.358913209446974579e-01
4.454182916336686948e-01
4.470608744362952192e-01
4.562738722370817679e-01
4.582831720619502391e-01
4.639940108224506199e-01
4.692308326928208984e-01
4.729808311332051041e-01
4.847751485365031088e-01
4.905789388074293100e-01
4.888379191110633348e-01
4.991413373024610745e-01
5.075401998716945196e-01
5.110372516142654975e-01
5.145298104510673820e-01
5.219859835868791986e-01
5.252677164398457110e-01
5.316898097987747818e-01
5.372496150849727092e-01
5.464193997028439220e-01
5.518296501144618338e-01
5.579825418641514156e-01
5.606268174777739866e-01
5.659227041982037854e-01
5.737693500234825050e-01
5.764484300106804682e-01
5.832578824900691572e-01
5.892629440277911135e-01
5.916780514390744816e-01
5.948340842667623196e-01
6.070128882983591989e-01
6.098068716197789785e-01
6.157296484826960681e-01
6.255031487365012577e-01
6.254949689546533964e-01
6.315990457571454275e-01
6.388712717459008594e-01
6.440497090894151677e-01
6.514016058758279604e-01
6.535097773364476614e-01
6.578231869756000494e-01
6.647787659894527357e-01
6.722294217566675556e-01
6.797255535005907179e-01
6.817557184847153895e-01
6.856718434575881371e-01
6.915176008821313225e-01
6.957402698575717581e-01
7.006181137430382844e-01
7.063501689494580127e-01
7.127059888373336038e-01
7.159730425720031155e-01
7.208697832100781078e-01
7.284504011892666275e-01
7.343402239335971027e-01
7.377048244995708659e-01
7.436522339226153688e-01
7.478069341505905188e-01
7.547199509329874934e-01
7.608487416187027508e-01
7.659939359993316321e-01
7.696218664619132177e-01
7.741949009411156490e-01
7.792715402177685657e-01
7.821105644689448910e-01
7.903389664369696588e-01
7.987230907980378269e-01
7.986666413281707788e-01
8.039490433411571324e-01
8.106602972919807470e-01
8.136462714131834639e-01
8.200311404559136319e-01
8.266611259850510374e-01
8.309283654459782564e-01
8.337618161343296475e-01
8.408967114408057997e-01
8.441420407830200201e-01
8.493934006620418309e-01
8.553980235941323063e-01
8.576248911879761350e-01
8.635555012908237016e-01
8.689818906517499109e-01
8.733840859398782630e-01
8.793088993532347519e-01
8.845358952153762333e-01
8.902097109363061866e-01
8.903065426986898068e-01
8.982468600201855002e-01
9.051928138413808389e-01
9.069229466287314079e-01
9.124481352486578656e-01
9.185669226685488908e-01
9.243768708088556663e-01
9.264993095881861596e-01
9.318680969073764864e-01
9.380807137705901022e-01
9.407273035246964676e-01
9.460468301344640007e-01
9.509431182144123529e-01
9.552371211448393851e-01
9.584819675402647121e-01
9.648223037126351098e-01
9.680336673898030098e-01
9.755240950265684496e-01
9.781375532876552814e-01
9.826714091113868399e-01
9.896353240089290626e-01
9.926017702997260717e-01
9.966692717481607788e-01
1.003020348061093969e+00
1.008208149484608462e+00
1.012567637347411065e+00
1.015998678820204670e+00
1.020932320985552755e+00
1.026535267620869885e+00
1.029830383079228806e+00
1.034694761098946980e+00
1.040470682079793985e+00
1.042349236923121980e+00
1.046222012312995053e+00
1.053174923697704157e+00
1.056831357748761802e+00
1.061299947216189477e+00
1.065427272198538056e+00
1.070471013378804903e+00
1.075580836042438593e+00
1.077726923070152942e+00
1.082839058892942186e+00
1.088802604832973753e+00
1.093057249961586042e+00
1.097942973746628414e+00
1.100376146451513604e+00
1.103970498845026960e+00
1.109787513132049153e+00
1.115495238181200000e+00
1.120034740288365249e+00
1.121785118598994213e+00
1.126177460322973722e+00
1.132254694798469519e+00
1.136287400042937268e+00
1.140368097396211589e+00
1.145925361708309165e+00
1.148310083227112033e+00
1.151907346994157200e+00
1.156420450524522137e+00
1.159754353592652221e+00
1.163102454552082277e+00
1.168521315556201090e+00
1.173552449677100595e+00
1.177336682648020716e+00
1.182186666956400289e+00
1.185896361971943591e+00
1.189985715958991053e+00
1.195949150170816822e+00
1.199370089002957052e+00
1.202973942575318977e+00
1.206058159387309869e+00
1.209211928624005061e+00
1.215837454005730622e+00
1.220875575984207373e+00
1.224637339465079799e+00
1.228661086815112657e+00
1.233802609593116051e+00
1.235258447433720264e+00
1.239659714797627377e+00
1.245580568333622073e+00
1.247089396809299311e+00
1.250573907634600079e+00
1.254771723680525808e+00
1.259054972078760493e+00
1.261955833038663988e+00
1.267314544801452669e+00
1.272208071992428913e+00
1.276177510111348834e+00
1.279551653186171700e+00
1.284672393409342472e+00
1.288669254398947528e+00
1.291391349673370437e+00
1.294500987181510077e+00
1.298843568960804218e+00
1.301591565738580147e+00
1.305799074182320441e+00
1.310236531579521913e+00
1.313850181470107348e+00
1.316676259739863797e+00
1.322300410018566019e+00
1.325660835520039216e+00
1.328940009305655368e+00
1.334189084432152672e+00
1.336932837045943900e+00
1.341444954130615264e+00
1.346363702000329843e+00
1.349170529741648972e+00
1.352586324634587722e+00
1.356941427919407861e+00
1.359054825873803551e+00
1.362726759520963560e+00
1.367715490429877612e+00
1.371421759881042757e+00
1.374536743063672573e+00
1.378564544370502354e+00
1.383608316308250874e+00
1.386860089419835518e+00
1.388170535696640950e+00
1.392306776257257850e+00
1.397379595951624864e+00
1.401455063741490203e+00
1.403793980982901868e+00
1.407043863014166396e+00
1.411342406686941997e+00
1.416259575998566334e+00
1.419083298981432151e+00
1.422484796444213107e+00
1.426328368400640700e+00
1.429589157952621870e+00
1.430954098687589049e+00
1.434424619193459982e+00
1.438984881367056712e+00
1.441598881805276733e+00
1.446014555778693866e+00
1.450120571455744356e+00
1.454661953669525998e+00
1.458003700892905208e+00
1.460725392701221592e+00
1.464723770452904361e+00
1.466349979769520750e+00
1.469893020165517150e+00
1.474573024500888119e+00
1.477921271812754789e+00
1.480268279872508419e+00
1.484766044783583760e+00
1.489123584821037349e+00
1.491193486068006946e+00
1.495022351163437957e+00
1.499090133323044860e+00
1.502236078949369169e+00
1.505059040954781047e+00
1.509758537167521064e+00
1.513129774868036792e+00
1.514436103884001739e+00
1.517876346532283982e+00
1.522104433944623691e+00
1.525258926325402831e+00
1.528619192962649365e+00
1.531574384635763897e+00
1.535131872948882092e+00
1.538860448849521667e+00
1.541380366218487286e+00
1.543222004578828521e+00
1.547585352967535632e+00
1.551510937655142364e+00
1.554782002645604955e+00
1.557357437741342387e+00
1.560289686315802893e+00
1.564117797502884821e+00
1.567263550604556022e+00
1.570352772464814750e+00
1.572644879051092959e+00
1.576184485585406581e+00
1.579103934864253045e+00
1.582835495830948958e+00
1.585618008318691041e+00
1.588518052626310517e+00
1.591324049187728074e+00
1.594311182084751088e+00
1.597961792468942432e+00
1.600590010649601380e+00
1.604541660151638016e+00
1.607509261518504706e+00
1.610430774535676512e+00
1.614980037605558527e+00
1.618067215008938797e+00
1.620708209037074132e+00
1.623044094561303385e+00
1.627070001593254656e+00
1.629535956925518114e+00
1.631778599816242625e+00
1.634479269428450232e+00
1.638602882521504212e+00
1.642145952291624633e+00
1.644217725173683364e+00
1.647480901496676697e+00
1.651036405935678797e+00
1.653127795551636137e+00
1.655298659776924142e+00
1.657482535835892001e+00
1.660157264153535595e+00
1.664855110773289404e+00
1.668609712715529492e+00
1.671383120911616338e+00
1.674230726580092421e+00
1.676672284673116353e+00
1.679326192059674927e+00
1.681855230929748757e+00
1.685177575552448292e+00
1.687998317666059567e+00
1.690979117103097229e+00
1.693062966539232939e+00
1.695945788966219059e+00
1.698325686509687849e+00
1.700855965738092168e+00
1.705437691283609114e+00
1.708749602804825019e+00
1.710959932638110192e+00
1.713541516562480105e+00
1.716742554053660497e+00
1.719579751223849096e+00
1.722315192175471354e+00
1.725747091875345030e+00
1.727746589951875134e+00
1.730929226341570093e+00
1.732544201933287509e+00
1.735612583321426650e+00
1.738256815182788850e+00
1.741106101462119193e+00
1.743361792727281534e+00
1.746610481638112056e+00
1.748897278784223186e+00
1.751885535457183174e+00
1.754600357752387652e+00
1.757437036215051096e+00
1.760969801018696934e+00
1.763153821817835087e+00
1.765590755072798945e+00
1.767673560149055190e+00
1.770617290252604059e+00
1.772629456090202504e+00
1.775732300876142533e+00
1.777755916902162614e+00
1.780339351570844997e+00
1.783386902167481969e+00
1.786183340210621306e+00
1.789353705305771980e+00
1.791295244783556839e+00
1.793596905915890050e+00
1.796378472312782915e+00
1.798727661958030577e+00
1.801682324436436611e+00
1.803971007320006370e+00
1.806204652441265601e+00
1.808235668469619029e+00
1.811036439646186658e+00
1.814173368026170907e+00
1.817906693518638983e+00
1.820087500322587371e+00
1.821859799808904112e+00
1.824186217764193430e+00
1.826226429158427145e+00
1.828778025371925908e+00
1.831275964518354060e+00
1.834331843486064040e+00
1.837151190534532574e+00
1.840398045194415522e+00
1.842095716983697784e+00
1.844613425640370341e+00
1.846489598610972171e+00
1.848827564904752085e+00
1.851857455435942601e+00
1.854588011356931077e+00
1.856727870017972570e+00
1.858612165267415239e+00
1.861018952992133046e+00
1.862974265759892223e+00
1.865189337639937772e+00
1.868437284294464762e+00
1.872002670590494855e+00
1.874386614148713548e+00
1.875360832376930853e+00
1.877263919045517815e+00
1.880055743273617797e+00
1.882348674121959498e+00
1.884048417554280430e+00
1.887268313853097679e+00
1.889727989148227927e+00
1.891010808774539198e+00
1.892651892786931800e+00
1.895826769090680264e+00
1.898236418401342496e+00
1.900558018237014757e+00
1.902405698762586139e+00
1.904622338373066937e+00
1.907012146734365921e+00
1.909406155787945814e+00
1.911451278146770072e+00
1.913898323295667669e+00
1.916603425330769772e+00
1.918326892619068635e+00
1.920292618451028055e+00
1.922566510745412849e+00
1.925230037441709285e+00
1.927868265545805260e+00
1.929339873581010334e+00
1.931915675196506088e+00
1.933363177033698088e+00
1.936566993647978796e+00
1.938182703381215566e+00
1.940741065211485150e+00
1.942914513360434192e+00
1.944871078044802193e+00
1.946034990061062286e+00
1.949267180744224781e+00
1.951249891411086956e+00
1.953579337632040724e+00
1.956469733980281900e+00
1.957554794024253253e+00
1.959574686804282040e+00
1.961247721573834424e+00
