2.509922326018800902e+02 8.186110399260881909e-01 1.246943670727584275e+00 4.435764762106257919e+00 7.241655278339019119e+00 3.680959485502564910e+00 3.419725878424783261e+00 3.207915752599292514e+00
1.199863733193790916e+00 6.496889562442072219e-02 7.292380279242084429e-01 1.844547361930591212e+00 3.107120138510563123e+00 8.661770975884206525e-01 1.157605479899797896e+00 1.726140699502412001e+00
3.368974448160194646e-01 2.881391766218737837e-03 8.341218005609574160e-01 2.440806829102384334e+00 8.539256007982659824e+00 1.217378026312730732e+00 1.622150327882920129e+00 1.920450065574960785e+00
9.673347988272087972e-03 4.227121723255910807e-04 7.569496716887313958e-01 2.248343964162270225e+00 3.753242654802657796e+01 6.314577393825161478e-01 1.432132523083720743e+00 1.398037841997347153e+00
1.488690871951065366e-04 6.724875139756471048e-05 9.699565395693209302e-01 1.461812597796648960e+00 1.856115821449637382e+00 7.502925431970360881e-01 1.015777592636406546e+00 1.738960670793872065e+00
1.812189115981299075e-04 6.265936382922595378e-05 4.619370184772154886e+00 2.300433984160186629e+00 4.159549656758115610e+00 6.329645143796599482e-01 2.526829329680185587e+00 6.231540868376125530e+00
1.836129989572906837e-05 6.312405797998241533e-05 2.654388563072703766e-01 5.250987640654555255e-01 1.245087688350445143e+00 6.013100445219410339e-01 5.014960328237979548e-01 2.571213145997453875e+00
8.826309598541361937e-05 2.399496406589187678e-05 3.289710377247301865e-01 1.159183490424177787e+00 1.737541537080293130e+00 2.871277884687488680e-01 6.827022519005532253e-01 1.156593161824520211e+00
2.226505010886375204e-05 2.998394258693847807e-05 3.606402919388776440e-01 6.834195278123682549e-01 1.845310484143631413e+00 1.026878689473525164e+01 1.227286459610515745e+00 2.253707381523476716e+00
2.270448943527343913e-05 1.057633294932202313e-05 3.379451004364224520e-01 7.477841048146711689e-01 9.955715542341943003e-01 2.920833223975179971e-01 4.289427830434930922e-01 6.843745800034964910e-01
