1.727187691681237425e+02 1.362007326503182104e-02 1.180065009453152625e+00 6.519318244498320425e+00 1.060718609523669720e+01 2.217127180231146077e+00 5.275911088803928450e+00 5.000874544649321685e+00
1.712775116492220029e-01 1.114248786002629624e-02 5.608293189333385387e-01 1.281914536188135667e+00 2.286731258131247113e+00 1.420220310582112733e+00 1.260265228674417370e+00 6.176979202289854420e+00
1.323241672174175522e-02 4.288925158959865200e-04 4.654463393207350919e-01 1.389635658646988237e+00 2.470194610679037783e+00 1.329506220542979289e+00 1.233677588838000716e+00 3.439131286803257304e+00
9.917082456765982591e-05 2.410091905563390349e-05 5.148284569329761862e-01 1.835545931373542050e+00 3.407181978709607595e+00 4.861619586620253286e-01 9.475860245731608789e-01 1.154602841489230514e+03
3.389237255013293490e-05 1.484433646444048724e-05 5.298798964934274824e-01 6.424583300491475413e-01 1.516411435061379764e+00 7.811305131868755414e-01 9.457730260716707971e-01 4.044467668475741462e+00
2.796838976453011334e-05 1.435923847504816272e-05 3.321743249114594398e+00 1.420333282237462136e+00 1.010121231213131750e+03 5.542460393425981957e-01 1.703699527825031756e+00 4.408229126012900068e+00
2.062536075027923124e-05 6.586087900875014761e-06 2.612440714565740230e-01 1.114815524248874201e+00 2.247326660624732853e+00 3.227827058530507998e-01 6.556045416372240364e-01 9.881203055654021910e+02
2.513416597607441702e-05 4.368382283529214930e-06 2.515254582599319444e-01 7.391912575219372616e-01 1.392529276046968523e+00 4.161056985215486059e-01 4.873610937258908149e-01 4.387076344891838175e+00
9.203029802275200288e-06 1.762589173973100117e-06 4.340592779347910435e-01 1.515925943589583103e+00 2.896490352388815470e+00 4.464405528543848867e-01 9.332442037510415567e-01 7.697020591664016642e+00
3.855406002685834882e-06 1.832027469913505768e-06 4.819066425357199646e-01 9.468065117807076270e-01 2.110191616971700768e+00 1.706601612466089879e+00 1.029540236757478855e+00 3.088097599484767031e+00
