9.382305890998817688e+01 7.453320424928265853e-01 1.069809634599794945e+00 3.799556939943303568e+00 4.817725886712613814e+00 2.745976468405069593e+00 2.815800926216500688e+00 2.172778967898760794e+00
6.702275478709336376e+00 3.507283668511353147e-02 1.316854606433761621e+00 4.052965929788599375e+00 1.752009596539943459e+01 1.193257305669970014e+00 3.237196406274707172e+00 1.138504061964253466e+00
2.563035480965862312e-01 4.250462245260863692e-03 7.268412177556972109e-01 2.206020303378347869e+00 1.701231852965077351e+01 1.184578539158810617e+00 1.492945427855480345e+00 1.309345718947820369e+00
2.990791670753524187e-02 1.985126648610981582e-03 6.792414588768762584e-01 1.622726907890366110e+00 7.242166791614502941e+00 1.358684412146558884e+00 1.477470196362799859e+00 8.374362557567729404e-01
2.863308698768493219e-04 1.284182003690798783e-04 2.959483411183763124e+01 1.000669783890743325e+01 1.703584136553823347e+00 6.998243921053288741e-01 2.731554550801373438e+00 2.191847749370913867e+00
1.127985779395679746e-04 1.661743097474720953e-05 1.377981630156348336e+00 7.867786936536167453e+00 9.597376950194966838e-01 4.847933268262098749e-03 1.426130085474735409e+00 2.354586809187896090e+00
3.124446477595081337e-04 7.681974858877139924e-05 3.036527125557671347e+00 3.076835031741077753e+00 6.240626872973114914e+00 3.877433582363459807e-01 2.712735541223599611e+00 4.359426466324283211e+00
1.039480702255494711e-04 4.346301990049833679e-05 3.888923961143178620e-01 1.351851981192265129e+00 1.404686083976079747e+00 5.708820772214382444e-01 7.600299626531481501e-01 5.955400232726707488e-01
1.491522595231116574e-04 2.236534015843496176e-05 4.632680928023238942e-01 1.161504375068928008e+00 1.823243194829722746e+00 3.735854726613591081e-01 8.748927682177253251e-01 8.830850763692988936e-01
2.597909429815605510e-05 3.233877022791751876e-05 2.564924722144035218e-01 8.498761052704186802e-01 7.853870644953602209e-01 3.254507373404360027e-01 5.963472243352588853e-01 6.415670823860395444e-01
