1.097203210018164441e+02 7.422044981045998746e-01 1.094949487604444105e+00 3.851699908043086040e+00 5.183159769571311415e+00 2.888782416878554304e+00 2.904482096177610106e+00 2.273403223238684046e+00
5.300561453441154924e+00 5.295151811846525447e-02 1.385266229596779253e+00 3.894183021584968429e+00 9.185955557726249054e+00 1.061732878948774106e+00 2.800336278200588058e+00 1.632775700599200741e+00
2.313817043383617211e-01 4.471936488416736882e-03 7.214502024995401719e-01 2.100655090428389382e+00 1.749553905163048739e+01 1.204301291416868702e+00 1.443234391433515285e+00 1.317980722483646838e+00
3.388780363701639209e-02 1.607412351957694880e-03 7.187408830825789963e-01 2.007533201435139691e+00 9.556494944800441260e+00 7.346317007453300185e-01 1.674011938255751009e+00 9.564943045601439486e-01
2.202885702950101523e-04 1.198538206829452731e-04 6.606348173665156587e+00 1.162442862022774293e+01 1.689897199429990060e+00 6.443554504044494147e-01 2.369398989930308730e+00 1.804180900336731064e+00
9.044412522575663398e-05 1.047931073141770194e-04 1.860498634295208786e+00 8.171108400608567308e+02 2.442006371186171254e+00 2.458701522502561021e-01 6.040598900402036620e+00 9.485968680382821958e+02
5.382052979917928501e-04 7.753713412191882536e-05 4.726970308947002763e+00 4.063556583798967559e+00 5.787296453550736075e+00 8.382201946607321652e-01 3.659753645352787466e+00 4.869111965570822598e+00
1.039533273631540803e-04 3.734855017559558820e-05 4.287722932674606913e-01 1.298288083430961359e+00 1.524913961735656631e+00 5.565849696552069847e-01 7.785000173342461194e-01 8.067115281028398588e-01
1.792145337306812831e-04 1.906606225940638425e-05 5.018896771006131630e-01 1.351724146580409958e+00 2.027263947550749901e+00 3.791926051611052562e-01 9.765390237366790016e-01 1.097666300158557595e+00
2.872429727132441992e-05 2.667291238443059520e-05 2.233716192718533389e-01 6.423483025858887085e-01 8.249840481755434940e-01 3.326377469281400767e-01 3.712314588311861896e-01 5.601852079090943182e-01
