1.193083375269068540e+02 7.429954574085340102e-01 1.109922600785987257e+00 3.904557519264362675e+00 5.382278987971354844e+00 2.965661991515387008e+00 2.963557939035220468e+00 2.337744892193159174e+00
3.936224751163399205e+00 6.195101358281161763e-02 1.315469442270736700e+00 3.597607107620023115e+00 6.620498490856621565e+00 9.977722097894534681e-01 2.362271205199959034e+00 1.586491522149685807e+00
2.183072924763680700e-01 4.604269790658845063e-03 7.219470653179493880e-01 2.063750061706337569e+00 1.900129618198702985e+01 1.178107538061342385e+00 1.420959830714519478e+00 1.336326376603870436e+00
3.204877864016106997e-02 1.438623648076946260e-03 7.261387902864220312e-01 2.016487010490735976e+00 1.008891281086224012e+01 7.363474768562405792e-01 1.646046304961481965e+00 9.943052716235142308e-01
2.020389376391525788e-04 1.145783360357248263e-04 4.874815981939390142e+00 1.111516467915995854e+01 1.668137031753969657e+00 6.283350728165765231e-01 2.174844184709955108e+00 1.726084490834988827e+00
1.004379536007296179e-04 1.730992269705822729e-05 1.567934376863513890e+00 2.524596635404081635e+00 2.404477180106221468e+00 4.981453245507475730e-03 4.038013853255888463e+00 3.023122588769661778e+00
5.315511995419974073e-04 7.711037703679818420e-05 4.751411992078920399e+00 4.119089266447839570e+00 6.346233995094741509e+00 8.056493762478916798e-01 3.677858874693892499e+00 4.730870608568521263e+00
9.768094437304150471e-05 3.667062466925164805e-05 4.565341562620280902e-01 1.250820194930255980e+00 1.504389431056486259e+00 6.125579465084619590e-01 9.811657586604484171e-01 1.058365092457215439e+00
1.954195765170954364e-04 1.851680584501003843e-05 5.043803833249458357e-01 1.496755847859721822e+00 2.098243174692910440e+00 3.879005507908070971e-01 1.066900464054773900e+00 1.313956568645427314e+00
3.134441240299019931e-05 2.310176773885624116e-05 2.418595776377163442e-01 6.102611733812626227e-01 9.613874155648782782e-01 3.024606006366974409e-01 3.571013596290887326e-01 5.420849374873550897e-01
