1.182551028511019808e+02 5.952997563231512412e-01 9.785004914405461829e-01 3.763230263764980599e+00 6.598999137458677389e+00 1.694805045809877564e+00 2.932826899833842926e+00
4.417935754304431306e+00 4.448876776281431022e-02 8.424668734515875501e-01 3.301041280327202454e+00 7.926574667674376684e+00 1.230737465273449072e+00 2.172235075129830939e+00
8.128897470314062901e-02 4.449637427952486159e-03 6.546807621185620762e-01 1.691142995828729401e+00 5.103102415041274980e+03 3.278997755869657027e-01 1.237121324560233049e+00
2.526456486565744133e-02 6.670317319668108433e-04 6.843495275764328589e-01 1.888128644849575100e+00 5.172218652873365130e+00 8.409450367564936801e-01 1.343669995353840463e+00
1.157692132638091687e-04 7.158632719262537176e-05 4.650444910390940101e-01 9.305634550972141650e-01 1.465208141507789996e+00 5.472987673101036288e-01 1.418537724475024353e+00
6.994783485539897753e-05 3.055419422015813029e-05 6.986132039142726180e-01 1.391408114228371407e+00 2.025051867783629778e+00 7.644731333968159126e-02 8.543267742820249699e-01
3.426442392684354897e-05 1.956981483878855724e-05 3.203973239581521804e-01 9.119052234283997471e-01 1.108512906525068065e+00 8.206069345951037819e-02 3.757642256707252604e-01
1.095899547708506483e-04 2.004001777569328565e-05 5.102158542470422997e-01 1.264598189974307951e+00 4.409340696535026360e+00 7.665828630938963384e-01 6.530241702934317383e-01
6.032636929202296453e-05 1.352105516973300402e-05 4.004072121239660165e-01 1.074137781129708591e+00 3.717203408558446665e+00 3.449595227475212855e-01 7.058894363075446376e-01
1.784078717969603546e-05 1.391224292707008853e-05 2.627959345196790863e-01 1.281811674460374917e+00 7.839938968154367416e-01 2.505691685304384242e-01 4.720337870658549151e-01
