1.425661604144449086e+02 6.053364789101788324e-01 1.017265127684980675e+00 3.908652078193024515e+00 7.576740009381069285e+00 1.741302748624721897e+00 3.030205328753936556e+00
3.553338993117284073e+00 5.584033626894793073e-02 7.837074373011045925e-01 2.783043836757121969e+00 5.856079325158587423e+00 1.139215512943019704e+00 1.936351115622093388e+00
9.477276165706301214e-02 4.411325304686704481e-03 6.770856085462519935e-01 1.769661986761871475e+00 8.970042969134046871e+03 3.399358117941448931e-01 1.276506963832903407e+00
1.635036665533847952e-02 5.150639819315008024e-04 6.691821480231361363e-01 1.748866695229739143e+00 4.897120141419815553e+00 7.652054475281421242e-01 1.226602572735742358e+00
1.555584161278950040e-04 5.816802695724350810e-05 4.421335213732545677e-01 1.268277326374594560e+00 1.416928127153827655e+00 3.959970463850278621e-01 1.566035852415819773e+00
7.452510200950168478e-05 3.797761893188941567e-05 4.521251591204348941e+00 1.589369338560858047e+00 4.148729272131523871e+00 9.074742188092119188e-02 9.966885900239131901e-01
3.451421552056871254e-05 1.864037727379336696e-05 3.120710704488570131e-01 9.688371209275388196e-01 1.422653593418737206e+00 6.253386222667083050e-02 3.478776519469724549e-01
3.138966127760035819e-04 1.619712325783223219e-05 6.256066494850685000e-01 1.923226646809247598e+00 1.182844157787420691e+01 1.168209473105555896e+00 1.931307271353457811e+00
4.873936861784675215e-05 1.414484756639671258e-05 4.457747913037459209e-01 1.710068853739818540e+00 2.792060447919537225e+00 3.052995975676830454e-01 8.598259853702854283e-01
1.739374993156931877e-05 9.537521758542616187e-06 2.171702487381349522e-01 7.778502075131332738e-01 6.662532413876357529e-01 3.549116958875936367e-01 4.063532797853139922e-01
