8.119029370758919129e+01 5.680510435383905321e-01 9.173892118141120378e-01 3.684099757766939209e+00 4.948069370962531188e+00 1.569112971966052816e+00 2.843880041423793248e+00
7.274016748054985548e+00 9.002981712926964170e-03 7.940329775991723515e-01 3.777431398939591567e+00 1.823929002355546558e+01 1.713011937854401090e+00 2.521212737302718221e+00
8.159354338789408245e-02 3.497338343860753682e-03 6.246452428200484075e-01 1.631120456400371843e+00 1.116730144785653778e+01 3.372251172781895456e-01 1.280830835560104575e+00
6.414023110199035260e-02 1.320693170203598565e-03 7.724261688580992269e-01 2.460921640322674797e+00 5.973082356132445980e+00 9.489122346822762566e-01 1.677738887642401311e+00
1.536371349470763334e-04 8.310377648465475250e-05 4.774660546712941045e-01 1.133225575999102119e+00 1.396350420750559707e+00 4.743053276941793239e-01 1.320112058726048199e+00
6.891901629920706932e-05 4.688448360091042956e-05 5.526910136754040748e-01 1.055319173387819331e+00 8.145942455775613098e+02 6.344827924841919820e-02 7.008095960600289054e-01
8.749915132307907776e-05 1.948370281795954080e-05 3.261774669140443672e-01 9.197636470345840198e-01 1.105723689072102278e+00 4.298840279488377325e-01 4.897807593978899532e-01
3.426427145125417742e-05 2.680494546073403531e-05 3.094801395940456890e-01 1.515548898009780876e+00 1.731066496073281114e+00 4.789496712554267566e-01 5.666264262691331766e-01
4.918652657682678203e-04 2.229474727125123275e-05 6.362862494504128996e-01 2.272446674090860430e+00 1.688311516419694058e+01 1.076605362857007586e+00 2.357524964415786073e+00
7.614855497597918400e-05 1.470070809670183992e-05 5.816759708800297579e-01 1.465447447895092637e+03 1.582045274221721032e+00 3.754706909290302930e-01 1.465325648987426899e+00
