8.049649734518150979e+01 5.507581924844864307e-01 9.180950622740231548e-01 3.783645811818022953e+00 4.857834832258498992e+00 1.573088262300572637e+00 2.892163761289355151e+00
7.900391110629305658e+00 5.540477200784133492e-03 7.750772992291541374e-01 3.561391855878373036e+00 1.167798451984373109e+01 1.872170847835574969e+00 2.469150967721144951e+00
8.930337216999675864e-02 3.171185048388079977e-03 6.312381966694436963e-01 1.682681975050528855e+00 1.199236243148235737e+01 3.481740665673047630e-01 1.326040797985372333e+00
6.373227854587065755e-02 1.505685168168288852e-03 7.604449914473311312e-01 2.512496117317024158e+00 5.604501449983607664e+00 9.317883201269030469e-01 1.710383497267506270e+00
2.159419422790670136e-04 6.011568687139323480e-05 4.479776390775621620e-01 1.104398300706322500e+00 1.676887414308375401e+00 1.935238914832381196e-01 8.918565940237629386e-01
5.592470989631139426e-05 8.334681646809637677e-05 1.402639974453267158e+00 1.779541614298832730e+00 9.193861646330356852e-01 8.962627970464659422e-02 6.732892553567790817e-01
1.097256885675850001e-04 2.054889105323460562e-05 3.686289313243850674e-01 1.168744987173252925e+00 1.196995106259463260e+00 5.450772019820403491e-01 6.176293118181486186e-01
6.231005721756276454e-05 3.002099797096832240e-05 3.681903125588562586e-01 8.076346081187850690e-01 4.441819028786442232e+02 2.657062970156986559e+00 1.400859149382042590e+00
2.739515179087279820e-04 1.990123626533586623e-05 7.906129133309288681e-01 2.225819646575513122e+00 3.949878783843443042e+00 8.175209229644958553e-01 1.231673086047037957e+00
4.683672851405531199e-05 1.433638832474458777e-05 4.865717734898858948e-01 1.463364691141051832e+00 1.364417954253030585e+00 3.306789972219633666e-01 8.214614084179536757e-01
