1.160856816161281131e+03 9.407125650681192981e-06 1.123096841035477578e+00 5.795521129346117739e+00 1.784184555153911589e+01 4.253760160729875395e+00 4.667148369866701785e+00
2.910547902255431723e+02 1.573750436539934654e-06 1.074172319775158480e+00 5.267245964696532390e+00 1.174360871083879765e+01 4.618997365609631700e+00 5.072293705041722944e+00
8.072141073919557319e-02 8.849679124621772182e-16 3.965573365761284608e-01 2.190411787648363973e+00 4.057230217175216147e+00 8.661462335668658197e-01 7.917000616243592415e-01
4.254003502666566482e-03 1.044655213977913948e-07 4.233569140584436674e-01 1.416605773040575889e+00 3.611303647326099764e+00 9.851129316788569401e-01 1.042359836292442665e+00
3.529105864690406562e-04 5.202261149311236118e-15 4.950405888327010784e-01 1.176160988401349528e+00 4.830940037620260696e+00 1.176854234807740873e+00 1.045773893966722490e+00
2.387865642917979408e-04 8.476757770989934172e-15 4.550269408516725012e-01 1.266463504982492161e+00 4.887463841662141206e+00 7.764593873839161775e-01 8.702259145233783855e-01
8.638558417395995870e-05 4.057108553567645014e-14 4.767284781646455305e-01 8.834989070644492237e-01 4.920450813228055331e+00 5.641806843578103248e-01 6.203146011043283448e-01
3.147275551040915016e-05 8.021944230909261960e-15 3.432359958862278293e-01 7.097680327522465360e-01 2.512388526879375306e+00 4.656289896226476488e-01 4.538912451750038990e-01
3.528802203900554039e-05 1.312384755399047260e-19 2.959410240972577544e-01 6.875199906252076332e-01 2.419848306110094160e+00 4.520993055521409509e-01 4.367436512127942927e-01
1.917635585124522699e-05 4.466084235438277836e-20 2.953652965863944879e-01 6.480653154561949458e-01 2.062014844042741935e+00 4.217350223052944713e-01 4.360324442199681738e-01
1.755270696423347950e-05 3.950239672149938443e-17 2.656786392223335902e-01 5.693233320116544149e-01 1.953129937651601145e+00 4.170113543136776402e-01 4.070259418099997917e-01
3.842612192349313456e-06 4.721024897225835189e-15 2.329301918648850056e-01 5.699852478273415013e-01 1.836464249444784036e+00 3.994093637059088486e-01 3.975265685576410135e-01
6.701536984490685794e-06 5.035860169474730787e-12 2.693452870890879480e-01 6.509467987647069576e-01 2.769567569352731518e+00 4.209612774494611576e-01 4.531137003614327252e-01
