1.830969079811331312e+03 1.157846184768909591e-04 1.180405610785816739e+00 6.439221233554633272e+00 2.351622916186472168e+01 4.765879197025223668e+00 5.078219825414609367e+00
1.366876448264231847e+01 2.528964193521566502e-05 6.007330833430905015e-01 3.304980735621990018e+00 1.163375110078597352e+01 2.300522795097298623e+00 1.854023675172541186e+00
1.906324026988890363e-01 3.410079837537306235e-06 4.795302581553722576e-01 2.228088518373021021e+00 9.696858151040146367e+00 1.194943640836841015e+00 1.271183976176549990e+00
6.540582612878483504e-04 1.632473682576186825e-06 3.198578240872418377e-01 1.137108283360019234e+00 1.731834545922402047e+00 5.483988531378811704e-01 3.970426015572771083e-01
1.043656701076421401e-04 2.210809979051758270e-13 3.238325078443272664e-01 9.338537458122685431e-01 3.754118882201893381e+00 5.528561502276398976e-01 6.773711833878922617e-01
7.271183320113315811e-05 5.976395493510495510e-09 2.736008980891483366e-01 6.321427598867728204e-01 2.166329794658682584e+00 3.680906372855336506e-01 4.301555051463090695e-01
7.081553370003694221e-05 1.707161865813363529e-17 2.866255499706005239e-01 7.221923005310618704e-01 2.107721672766536436e+00 3.986975223886533026e-01 4.636900185214180015e-01
4.795908901663398173e-05 6.397263473020416343e-08 2.097331264505038484e-01 5.382227993037340674e-01 2.216609714393930730e+00 2.930948226897464592e-01 3.499965878948851361e-01
3.831376166976641957e-05 5.156354644007967209e-08 2.785240869757474313e-01 7.005085819595856522e-01 2.095251580340530495e+00 3.161397219295218886e-01 5.131840660775990326e-01
3.488085704473795171e-05 2.859060337607647657e-07 3.170087236221864058e-01 1.126472538992976391e+00 1.892009882004187293e+00 6.464530954646976468e-01 7.970552915890873891e-01
2.393503933386936986e-05 3.932053373981040006e-08 1.781905538859316074e-01 4.347352455777540037e-01 2.656158959400413799e+00 2.474788902312836658e-01 2.439159602157404683e-01
1.399103837372383257e-05 4.916116379321692233e-09 2.391141642397896228e-01 5.318218561296983449e-01 1.752175269197435270e+00 2.499115884618082206e-01 3.116531188079074144e-01
1.043248947374262756e-05 7.188110619394233250e-14 1.375774545470856980e-01 3.152939019852750158e-01 1.602040982727900520e+00 2.147885472318447619e-01 2.259131204481096555e-01
