3.711804170683623738e+01 2.761714084049726925e-46 1.067809595510215370e+00 3.341447978783292694e+00 1.424125249672697535e+01 3.096131675116838178e+00 2.924067092898591902e+00
8.836934786703970479e-02 3.708101932702199703e-13 1.117135967708274391e+00 1.811842460880577210e+00 7.895952495746252353e+00 8.420383286658060795e-01 1.308561188031501565e+00
6.745071922528504960e-01 1.784189948080895324e-20 1.149814902673267358e+00 4.024192021269321629e+00 1.228920381570584297e+01 4.000110163618644243e+00 4.029095674754828771e+00
1.484243841628923996e-03 6.917077249693774523e-21 5.934425580566995428e-01 1.460136674482803043e+00 1.904642055485690477e+01 4.785807335911164806e+00 1.833261072032281502e+00
2.024126021418513454e-03 6.973657052591376978e-23 5.837247001524851209e-01 1.464031964854269008e+00 2.088074810787364299e+01 3.973995820979732585e+00 1.766066108863766582e+00
1.046823811926923050e-04 5.518641361089450662e-19 5.445955050683595200e-01 1.165008145154984742e+00 8.324471014949082814e+00 1.396092817995421509e+00 1.171658225461442271e+00
3.732459900780903627e-05 5.794025323745493439e-17 6.048015523561595108e-01 1.404989594154852917e+00 5.178598222733846512e+00 8.802424415442877681e-01 9.835284552087903975e-01
4.064097908121858279e-05 4.501173949184485902e-19 3.775168806636068353e-01 8.592065223575483524e-01 6.309459255022090041e+00 2.775365227688878278e+00 1.142148436380090004e+00
8.361538370779880225e-05 1.996724378926403949e-17 5.524889080567271238e-01 1.399767077165617657e+00 6.027000633032888466e+00 1.116413368272137774e+00 1.049014026187267579e+00
1.641600684858803515e-05 2.640544068077900734e-18 4.060115899366329995e-01 9.076298422999681259e-01 3.589740917733636127e+00 1.598518987265469704e+00 1.186365936500698881e+00
1.547857295362529238e-05 6.057704912838511485e-19 3.890482732380803332e-01 8.881692147053825703e-01 3.572523258019444370e+00 1.077328863296785899e+00 9.852777936917384016e-01
4.520920290708156713e-06 8.490980658262042175e-22 3.477582744037941431e-01 7.117699228987492965e-01 4.920933202326535749e+00 9.157194261433287963e-01 7.772564986697343414e-01
5.686249242281534676e-06 1.799852151702821869e-18 4.167871145655851484e-01 9.525447583308763733e-01 2.453277255020458458e+00 7.840264575587154727e-01 7.144827589821038938e-01
