1.512355771563616713e+02 1.189148396554842247e-03 6.517286517331990492e-01 3.565960494103224576e+00 1.195399540551524176e+01 2.543366124738776435e+00 2.751120348077016331e+00
1.474300186536872026e+01 8.397062908389926869e-05 1.262196217571126322e+00 3.938317782015384516e+00 1.891496106791229437e+01 3.457461078943765198e+00 3.719676048244953126e+00
1.078999907420071479e-02 3.469993780629766150e-06 2.274492817150681190e-01 7.891637930173085458e-01 4.141223427118132960e+00 3.931024038840246204e-01 4.022865466324882511e-01
1.493036454405381047e-03 1.998270325267047958e-05 5.893548542322043504e-01 1.425566732914521628e+00 1.517960305426223622e+00 1.161297912319330772e+00 1.365943367885849469e+00
1.276465046370471872e-04 4.409473895925699489e-07 2.217174586008248127e-01 6.512343838946471619e-01 2.677220778561853809e+00 3.527340065960045123e-01 3.596208058549940634e-01
8.910934063039967689e-05 4.105597708525352513e-08 2.333199959438317372e-01 8.060382176253804154e-01 2.377542923008435949e+00 4.902925533097457489e-01 5.403122676840278471e-01
7.878837997897550859e-05 6.023567611133456659e-08 1.981324471804672138e-01 5.328456178425878820e-01 2.496194367898638689e+00 2.800181785561052239e-01 3.105554326639552998e-01
4.683991423842584625e-05 1.037275533252595605e-07 1.907107228823133327e-01 6.377015699717780706e-01 1.781100145490904563e+00 3.151664963643372452e-01 3.874807475600450801e-01
3.278839197369686647e-05 3.448974400410357842e-07 1.546449593184677784e-01 4.497058880605893094e-01 1.339511304344391807e+00 2.401644867595946753e-01 2.460596332487992033e-01
2.172010540148475294e-05 1.226889712936182487e-07 1.615478619110178315e-01 4.413125003444838268e-01 2.457337757407485057e+00 3.196084771861407159e-01 2.976606375799887294e-01
2.008086076846088023e-05 7.596492503463668420e-08 1.374070177416839289e-01 3.828102141331843900e-01 1.329203070767724260e+00 2.363366607570387135e-01 2.261879906151383901e-01
1.928044473234188043e-05 3.752448432151803118e-08 1.637272211988540782e-01 4.260002738774916753e-01 1.936069724198995923e+00 2.134984323080342528e-01 2.569519764046701571e-01
1.643964380590577943e-05 5.124271326501762259e-09 1.442169072002221497e-01 4.113981034548663818e-01 1.357062934028469892e+00 2.087081554598268218e-01 2.411596217645257945e-01
