3.500391863787111788e+02 1.208705517720102488e-03 7.362725652779200658e-01 4.298719807417742622e+00 1.555073510887743815e+01 3.354505526349773614e+00 3.353384797263956330e+00
1.725823392562480052e+01 8.741212095021469691e-05 1.233525600262717070e+00 4.835797438185524655e+00 2.190697501886587872e+01 3.333541061791805760e+00 3.753997210896809822e+00
1.056136926322123054e-02 9.495801962124798359e-06 2.277250457867909528e-01 7.964880827429420274e-01 3.894476554668460100e+00 4.374961566846749528e-01 4.136927013580659063e-01
1.498459733008235435e-03 1.834702076308574842e-05 5.854723432030298769e-01 1.565255551035585002e+00 1.593964247377993582e+00 1.123494201343869126e+00 1.305287710653903810e+00
1.160704633743397853e-04 2.911606308299737866e-07 1.970370600773335978e-01 6.328646026229375332e-01 2.849203447805794820e+00 3.298712297881185029e-01 3.497480110746754578e-01
9.053442718987525473e-05 3.357851286682419871e-08 2.383130654195060594e-01 7.970254150652056335e-01 2.354865705920127006e+00 4.431414334766892726e-01 4.826314292460045507e-01
9.464980771522245946e-05 4.563068565286762672e-08 2.083533008189726032e-01 5.483760899376840525e-01 2.756000048997792273e+00 3.089551733460649818e-01 3.328045457484677394e-01
4.848858380109179319e-05 5.785250507750982077e-08 1.893910652810071871e-01 6.149796639696781808e-01 1.851199347526641725e+00 3.322174881182307082e-01 4.139068786573366632e-01
3.410217143225766480e-05 3.874655400986288166e-07 1.478601439125833972e-01 4.402087372813186517e-01 1.476834392277872166e+00 2.177653032810055178e-01 2.432300114210461384e-01
2.858555441408879740e-05 3.902817193577894037e-08 1.325910650571711369e-01 3.551468704125274045e-01 2.696147834834324186e+00 2.215251023513849782e-01 2.253293692009353255e-01
2.344848984220691685e-05 5.525532144439981340e-08 1.839046170049416229e-01 4.737688162991114948e-01 2.355524365251364216e+00 2.795115027108893702e-01 2.958256506552422449e-01
1.520071435459833749e-05 9.364355556416591242e-08 1.718433366844455135e-01 5.329228261231333530e-01 1.064119802602970344e+00 2.482941845767697997e-01 3.092078123027556802e-01
2.473773781507152767e-05 4.852641679229353676e-06 1.882233535991338635e-01 6.222923807486371306e-01 1.642152554272751530e+00 2.814092614579589702e-01 3.638004240944650025e-01
