2.154440694029004135e+03 1.402903308429105493e-04 1.144803659874988888e+00 7.200842989613728484e+00 2.512190008030861321e+01 5.082564719173304546e+00 5.157098534147976032e+00
1.111249374531774237e+01 2.558525307368110087e-05 6.190887674511664773e-01 2.901996921975070975e+00 1.179979013567212043e+01 2.300312864764820997e+00 1.700491727763312921e+00
1.100474143272661132e-01 3.501426706141125161e-06 4.193937436913647843e-01 1.759558150757804418e+00 7.942980611969788995e+00 1.032395285482153868e+00 1.053627529388967421e+00
5.982355834750581122e-04 1.337182568024966466e-06 2.804000443943157617e-01 1.057032044817189931e+00 1.523590429216760578e+00 4.883607072552098582e-01 4.333109565530556262e-01
1.027007773830396301e-04 7.907800839365099774e-16 3.088526005612509673e-01 9.306221709225745986e-01 3.662376609112403703e+00 5.945042568472402866e-01 7.034808329746135014e-01
6.600917272889540699e-05 1.516391012177761433e-14 2.518140070062522273e-01 5.988333884242458272e-01 2.247100385956118274e+00 3.592462544228489096e-01 3.842251965274083858e-01
5.607286572821503537e-05 1.542419621440349015e-14 2.832598461702247050e-01 7.787236840194660115e-01 2.302185157991846864e+00 3.785457106456670551e-01 4.244430201181211282e-01
6.451395385609534335e-05 4.511393274570912010e-08 2.388051839744061156e-01 5.558550559599466645e-01 4.521408048701180071e+00 3.208293754252207197e-01 3.862197812065839564e-01
6.554944315004012018e-05 7.137186424985327407e-08 3.545566332917698960e-01 7.915121949272915236e-01 2.582004550286333799e+00 4.181557243155195613e-01 6.022615992065327717e-01
1.738860057250557597e-05 1.048254705152437873e-07 2.417307943617285071e-01 6.972109920153005680e-01 1.421292741327476072e+00 3.704912520854121705e-01 3.709052896387772802e-01
1.188532632462143645e-06 1.098231645288257936e-05 1.074834186484613774e+01 3.995212529263981516e+00 2.168082683017364953e-01 9.282149456014304079e+00 4.388264571474888021e-01
2.272113568356742396e-05 8.191645592123813868e-09 2.667515247903380349e-01 5.665844796376171555e-01 1.765050942918186871e+00 2.861571653227182321e-01 3.560211417789381771e-01
9.674710726767226390e-06 9.658176391432924011e-14 1.268986314550534511e-01 3.129562765812348712e-01 1.429469313253548091e+00 2.206583988949213926e-01 2.217876598302611357e-01
