1.389409807870312363e+02 4.323340399189612993e-01 1.054593065673080199e+00 3.617714092238812018e+00 6.119381950353419697e+00 3.671179632469211640e+00 2.695858751155139288e+00 2.297720938521522260e+00
1.895008794130227159e+01 4.469726245872969808e-03 1.170615966916304540e+00 4.948807046853129776e+00 2.077943497070773660e+01 1.828857228061363749e+00 3.669215454138336163e+00 1.469469349420634785e+00
5.138593327878924200e-01 1.399836614030437179e-03 7.509721623940420754e-01 2.144113552333814177e+00 6.063823963507546466e+01 1.972132885863539187e+00 1.896189268137340456e+00 1.295831378789753741e+00
3.833528023792947409e-02 1.471880963760691542e-03 7.654124993312674263e-01 2.728841548231863978e+00 5.600715740314131885e+00 1.433500461038863749e+00 1.761885350496673386e+00 1.235391618022865678e+00
5.135763951548827366e-04 2.838015567547909541e-05 4.465384343010763146e-01 1.278383060626239409e+00 1.980576977799863414e+00 5.461620448488930801e-01 8.042295934508808530e-01 6.672801867858422220e-01
2.290984847578863193e-04 5.471457018353870654e-06 4.331964950956538329e-01 9.867441352326540294e-01 2.854289999323761151e+00 1.289679051076137450e-01 8.975796225153208630e-01 7.966283736065626897e-01
5.215263190719375796e-05 9.424208775992506281e-06 2.950940771664410711e+00 3.960958242303704857e+00 2.269201036553919693e+00 1.603815275794365225e-02 1.626486515611284656e+00 2.216224300516417500e+00
8.267147850273923074e-05 4.926989060568257596e-06 6.295975062783596421e-01 1.795130447911130078e+00 1.951445584707155012e+00 5.037286550497820092e-02 1.213989719049687332e+00 1.217565099418014940e+00
7.647217667526790344e-05 1.068353417399266803e-05 5.173820428810389505e-01 1.197858187044537948e+00 1.599360713991280363e+03 5.004938246791038603e-01 8.063586884802134147e-01 1.074539073430620828e+00
2.394383323246301832e-05 2.053116542223973676e-06 3.649281556067933141e-01 1.225019654494132526e+00 1.137045044749174449e+00 5.029416485180731450e-02 5.376355750310827242e-01 4.542846031191391520e-01
