1.335744458554094365e+02 4.242678701831781307e-01 1.050043540039866663e+00 3.657668968312314473e+00 5.984247846123088799e+00 3.697966662781942304e+00 2.701012935759199873e+00 2.307900712210499528e+00
2.042462983261174259e+01 2.710482503549526464e-03 1.098382696545785464e+00 4.477705127845511335e+00 1.859256890085307745e+01 1.903795487945390885e+00 3.537983504537360879e+00 1.452336153660130691e+00
4.548326163928742560e-01 1.430940247247523139e-03 7.063189497808277650e-01 2.078012934697284209e+00 4.128432963421444413e+01 1.925221707454250142e+00 1.835303478123979648e+00 1.278716747149934330e+00
4.096548639385083623e-02 1.473440436580017703e-03 7.676541031332382303e-01 2.843537437330684536e+00 5.256065271375812031e+00 1.528223799676518224e+00 1.841784511404654046e+00 1.281607339639452059e+00
4.893532563948388339e-04 3.428657079943714538e-05 4.389361009994418028e-01 1.466912234845668461e+00 1.920056293836754246e+00 4.967864020557535287e-01 9.051779854074968323e-01 6.921705644350518716e-01
1.976224765231323678e-04 7.310227691291613626e-06 3.882548270703351512e-01 9.247645127002422916e-01 2.403837183851780246e+00 1.122632114696612698e-01 8.305983650629087389e-01 6.955135483747544312e-01
3.844864343432951743e-06 6.688288373726732636e-05 5.618724329680969731e+02 5.455022010960137777e+02 5.301610741496949331e-01 1.899709709633583987e+00 8.938171552998719349e-01 5.350994951214778084e-01
7.389760256440244140e-05 5.519475685412790542e-06 6.229091541785682917e-01 1.986602488841035852e+00 1.968180335952438353e+00 4.716521981137326847e-02 1.192986765480797073e+00 1.226761567889613769e+00
7.414042635493179267e-05 1.101809913163922944e-05 4.957878900299274028e-01 1.176555755703546424e+00 1.980362304556944864e+01 4.682450155864470998e-01 8.007843358208763807e-01 1.001818962017081205e+00
2.911484414732782341e-05 1.974460083342106916e-06 5.299343644345275717e-01 1.142679415506700824e+00 1.430099930642201977e+00 5.596082167640631377e-02 5.923668136139479401e-01 4.456738144262979984e-01
