1.572853217046060195e+02 4.448882394853705957e-01 1.073848330076536461e+00 3.630730482545812876e+00 6.496412444831334732e+00 3.738710609329837009e+00 2.700207833423476256e+00 2.340492893469739322e+00
1.251906197144125166e+01 9.643370737540830559e-03 1.111642664403500902e+00 4.652727963339629014e+00 2.665231192620828082e+01 2.444803335284095880e+00 3.308294591085498393e+00 1.501947000562523060e+00
5.741497155063806090e-01 1.519865481394631641e-03 8.030206953156294736e-01 2.232818370847005074e+00 1.590337052032994143e+04 2.039342699780385626e+00 1.941131579028268161e+00 1.310307936128674910e+00
3.238188342084886290e-02 1.367534287722085851e-03 7.428224726939005595e-01 2.558690606004306645e+00 6.023277837468899776e+00 1.301532849771628308e+00 1.645112585167180397e+00 1.185411550343481224e+00
5.429759062857156477e-04 2.138500120618128596e-05 5.438960584003077470e-01 1.530631454865851504e+00 2.160498613515037469e+00 5.636625035582022436e-01 8.658590870927764804e-01 8.193547688533245887e-01
1.454974215425437571e-04 5.838515821503820902e-06 4.158749343572977208e-01 9.472877669830797043e-01 2.841277365592057347e+00 8.333139686838636484e-02 7.463625225853233180e-01 8.729778439169930682e-01
5.537756938581246051e-05 1.177322239080506702e-05 7.793482354952546487e+00 9.778031746326833584e+00 1.188326668482122805e+01 1.912992463957024006e-02 2.121848603529460586e+00 1.284404133464045250e+00
8.073457473109157891e-05 9.607719358484072191e-06 5.455005300449247141e-01 1.193370737399047865e+00 1.902039319220024893e+00 1.434275821449408905e-01 8.668679260941900555e-01 1.129502216716212093e+00
8.123978192291510096e-05 7.859515943627618179e-06 5.234606532093366571e-01 1.154767393323680613e+00 8.895552299387013591e+02 5.059972601763434996e-01 7.098530368361246623e-01 8.719504294926235799e-01
2.318626299575687387e-05 1.890258932373288297e-06 3.821655453837825567e-01 1.012069555872789017e+00 1.423379830809226032e+00 6.478044546146283222e-02 5.387411546666728279e-01 4.481695785189977466e-01
