6.179461025098004257e+02 4.137453010169418466e-01 1.253374540377742541e+00 4.092167566544254065e+00 1.120390374696095215e+01 5.393981806635269827e+00 3.323679453074722900e+00 3.750420967486079338e+00
3.975951796459757048e+00 1.134367496760615469e-02 6.572321396070902599e-01 1.783327283675932629e+00 4.613193531544951043e+00 1.787439454833198882e+00 1.528515637866096455e+00 2.231589353015325905e+00
1.808459054551243783e+00 1.047460542167899961e-04 1.174214479341603612e+00 4.033357973618596048e+00 1.409161267046652810e+01 2.246537069714053647e+00 2.746642910105369761e+00 2.731264708912103156e+00
7.048086018271634270e-04 9.070944677620143158e-05 3.449092979720170815e-01 8.750568538659582174e-01 1.788957644981422401e+00 1.657033956381266104e-01 5.449468130731622839e-01 9.568860019142080287e-01
4.945701452103120396e-04 1.534678633780280264e-05 3.702073565874612893e-01 1.488120056276057035e+00 3.088705819466321500e+00 4.249167452202275985e-01 8.710812441588604571e-01 1.748007437143510145e+00
3.052860322587635762e-05 2.647687652665780357e-06 1.634602809429638315e+00 3.219557701345466150e+00 2.192441940791058741e+01 1.597763686471697850e-02 8.816063721682076970e-01 2.452470039999319784e+00
3.558072825227947948e-05 2.284668883834062127e-06 4.627102063283884403e-01 7.089303280512476713e-01 6.991126124065096370e+00 5.111440310319199237e-02 1.454641205453415242e+00 2.341699989410773508e+00
4.372307034273372796e-05 5.878585182945403713e-06 4.516214082429628185e-01 9.319239139671016137e-01 1.038148808585873795e+01 4.310187154877722082e-01 6.171385339362648326e-01 2.639348030809438139e+00
2.900565061641822799e-05 4.455709209686144560e-07 4.188281332558336234e-01 7.985022770850742635e-01 2.353200064906098454e+00 2.996704579757542564e-01 5.327045124700487966e-01 8.886948015836011461e-01
1.963700547826757766e-05 1.071152857339805048e-06 2.976765961748336631e-01 7.268526084300541701e-01 2.333350187554491750e+00 4.064961587801010356e-01 5.111659653232409894e-01 1.003139092164729185e+00
