-2.274170308493812243e-01
3.406339242451513621e-02
-1.237360314652312249e-01
-2.743498629972105762e-03
-4.137339436222527839e-02
2.895583977736048906e-02
8.611830913085957717e-02
-1.488842517116719388e-01
-1.192416677031205019e-01
-3.667781240130327941e-02
7.822292800983324246e-02
6.817686249708850010e-02
-3.906723106433165893e-01
-8.723601848252864055e-02
-5.907292088443192452e-02
-2.213572569949456489e-02
-7.861212347470485085e-02
4.920582332779752793e-02
-7.603622723912827237e-03
-5.347656620802691135e-02
7.699824017316600488e-02
5.848751207236354416e-02
-8.140729701636120058e-03
-1.093759747930646981e-02
-2.047140569314712111e-02
1.766162750362243461e-02
7.584828191734889480e-02
1.248605708579463847e-01
4.013089851271509079e-02
1.889950303216467870e-02
-5.257168772183558325e-02
8.825345266643912223e-02
7.891985267250725689e-02
-6.618507358426641007e-02
4.932276378294778857e-02
-1.612327106079198547e-01
-9.885367795513212708e-02
6.729318958140603768e-02
1.956977267416749183e-02
3.368690378476382752e-02
3.114222581407315518e-02
-1.215676966145120275e-01
-3.880941935653161451e-02
1.698300741136691064e-02
7.279704858556254599e-02
4.879012509908743633e-02
-1.677831829757631121e-02
2.117505798047747412e-02
-1.867514042711490851e-01
9.220673821713451512e-02
1.364521216850390350e-01
-6.161408783015568519e-02
8.017559895211777421e-02
4.842014135742459674e-02
-2.109512302693316438e-02
1.685145874760182348e-03
-3.283468546324512516e-02
-2.273577920056065946e-02
-8.088129191152947095e-02
-2.092327285684311353e-02
-4.180802142809578181e-02
5.484095706644437004e-03
-7.701546592929103818e-02
-5.440010172627018914e-02
3.897362951096031841e-02
-3.329131599413282655e-02
1.132425069188437369e-02
2.056490296652574781e-02
1.639606516357944022e-01
-7.966274320637914408e-02
6.017571777194150734e-02
5.399336635401958545e-02
7.044294762191463666e-02
-8.231059104337506982e-02
6.955143174511005388e-02
-4.869737290137442914e-02
5.175394786424037524e-02
-4.357662240704761325e-02
-8.685005582166951954e-02
-8.209477669900334951e-02
-3.782256643825745307e-02
8.446572118269281282e-02
4.306311898850104930e-02
2.189240773980263149e-02
-8.393029316336020340e-02
-2.905734628545026538e-02
5.738053068044732512e-04
-3.141842362110321141e-02
8.931443713358284964e-02
4.875927123982959355e-02
-1.275791440975508895e-01
-2.928738502906724425e-02
-1.009536057556731370e-01
1.729260218582594766e-01
5.542975664111930711e-02
1.066657775178763146e-01
4.117710920747202907e-02
7.139930516246471848e-02
-2.971588614853809887e-02
-2.216331808927871766e-02
3.478105780898573668e-03
-6.504526001581940886e-02
7.416299418945215827e-02
-3.295152476642714684e-02
-8.719591441015002442e-02
1.297211871995863214e-02
-9.498182594576734181e-03
1.722083718711692191e-02
3.538150105819123925e-02
3.176644671293249456e-02
-2.506118366308600354e-02
-1.639696231445685048e-03
-7.610297341195690346e-02
-3.448286816381868850e-03
-8.989641228003225279e-03
-2.351832141487317923e-02
7.932320268931239773e-03
4.378289409155362855e-02
-3.335823060637572307e-02
-6.689505630971386008e-02
6.464608674028567148e-02
-7.040969692415727232e-02
-5.034198691712298696e-02
-3.065190043979880777e-02
4.243054455859140983e-02
6.064721478769983208e-03
1.959822238095578276e-02
1.256746401507594958e-02
