5.542584467417008883e-04
1.736985506154842566e-03
2.186825932848015294e-03
2.718381032790081163e-03
1.685139697600832997e-03
2.442134135168650029e-03
4.334208467068283339e-03
5.352334414531671400e-03
4.914189515132597399e-03
4.135625648163658574e-03
5.090896729593273953e-03
7.177543679197320552e-03
7.735869282187743043e-03
6.199959092726773854e-03
6.203778977716134686e-03
6.622341881373648015e-03
8.024486898450325367e-03
8.740366176982839255e-03
8.613651638025760643e-03
8.514747568998443442e-03
8.735485358407558271e-03
1.051266310931510926e-02
1.107290220026711965e-02
1.188278549896969183e-02
1.239150484598413975e-02
1.388958438356168411e-02
1.497576427626938315e-02
1.654725312453140390e-02
1.791061786043394305e-02
1.774207061038519592e-02
2.031692602018920352e-02
2.185027702446946246e-02
2.337352611389123536e-02
2.406559284386839206e-02
2.551525166785523560e-02
2.834465981840731189e-02
2.908804811451748060e-02
3.090168511319181868e-02
3.311653562813595547e-02
3.439085687025015409e-02
3.662189057686803667e-02
3.777495512648218479e-02
3.928058391629826729e-02
4.188375667986173057e-02
4.351322563718252462e-02
4.460991354602072273e-02
4.694904309029553080e-02
4.774645044551265038e-02
5.057997770659072856e-02
5.172992777888718585e-02
5.409045591618111271e-02
5.654173084246347930e-02
5.696669494103239612e-02
5.956756498273647199e-02
6.152722583531942263e-02
6.336090941070041116e-02
6.548887028050850989e-02
6.641327616066720896e-02
6.871826585327987791e-02
7.070387260422339448e-02
7.195186253176749647e-02
7.404911893312085547e-02
7.606745856534757877e-02
7.833620353801590275e-02
7.881255093613502571e-02
8.097732271415873651e-02
8.307434237503948105e-02
8.599870167775772178e-02
8.668507162899559415e-02
8.778452630356524400e-02
8.962997118071723557e-02
9.238961082002590530e-02
9.390764666903349267e-02
9.703335874762028523e-02
9.748816484575144325e-02
9.961972675978335301e-02
1.006205757906403625e-01
1.022478618741068102e-01
1.036833480343368336e-01
1.069907596283258683e-01
1.068610664540350641e-01
1.095446094271151083e-01
1.112859063269175525e-01
1.140011374526316568e-01
1.146526865809712054e-01
1.157739566888228711e-01
1.168054916558229905e-01
1.194591254723841312e-01
1.215611112331040494e-01
1.237447656130654661e-01
1.250969051966199785e-01
1.266921074858768648e-01
1.278376229793975472e-01
1.292384816456076391e-01
1.315185423415237143e-01
1.324010424203488356e-01
1.352882170414343999e-01
1.358525334536376528e-01
1.382382102330456941e-01
1.393914602370910083e-01
1.414666514672942854e-01
1.423105745194578609e-01
1.440509798487284721e-01
1.458201857722288275e-01
1.460360680173768133e-01
1.482620080292955667e-01
1.494711650412701154e-01
1.522428829760092417e-01
1.532995334849482916e-01
1.545305884739587021e-01
1.557562564015250450e-01
1.573072085827393884e-01
1.586174209334164364e-01
1.594918969445823231e-01
1.609521639269304583e-01
1.619455412911847136e-01
1.645138799183507028e-01
1.662573302534031960e-01
1.678522342262895040e-01
1.679439902764054693e-01
1.694528474132631080e-01
1.720320816690790733e-01
1.725644822709859749e-01
1.734197827975425266e-01
1.755395161212199295e-01
1.765381706662134398e-01
1.783188455713219656e-01
1.788984413891130665e-01
1.807336563294085763e-01
1.814366268573116558e-01
1.830238299454325090e-01
1.840314181432899376e-01
1.852785911129807561e-01
1.874775294662713587e-01
1.873836274903892818e-01
1.890218212845914125e-01
1.898193383692604319e-01
1.910637811866844893e-01
1.926909401994155446e-01
1.941845866366256612e-01
1.947179277398968233e-01
1.964529983552082137e-01
1.974035083477406194e-01
1.991294617004646106e-01
1.996955535513091073e-01
2.009972249775767439e-01
2.019321599974178150e-01
2.030743573294093440e-01
2.032706989343964488e-01
2.046751255777247980e-01
2.063059073005827360e-01
2.077004534667156455e-01
2.088715020603864325e-01
2.102005144774641288e-01
2.107898974215086929e-01
2.122274177865898781e-01
2.122715380883899161e-01
2.142467549775905478e-01
2.137025214830816644e-01
2.162051544986344220e-01
2.167432057877539953e-01
2.169256514625782784e-01
2.193242643238338951e-01
2.192208809598443775e-01
2.202472448404323990e-01
2.212719214868052731e-01
2.223068025375562196e-01
2.235524438223259747e-01
2.247416862690306272e-01
2.251546447937580742e-01
2.264927947035221545e-01
2.279298502479706612e-01
2.277394909395931144e-01
2.295842730657321196e-01
2.302342899268662035e-01
2.303678175089939051e-01
2.320050199400962854e-01
2.328943922198735972e-01
2.342254638112651610e-01
2.341697781146078461e-01
2.352628805155751457e-01
2.361303608320425296e-01
2.363274399422725935e-01
2.374900528524648280e-01
2.384908224115620257e-01
2.387084093391302897e-01
2.397816748614937377e-01
2.409834530158258270e-01
2.420864517488670598e-01
2.423689434126056752e-01
2.435326881322358306e-01
2.437789480886181637e-01
2.450359324197770861e-01
2.461836300850303305e-01
2.462665587157590597e-01
2.467941257427294643e-01
2.478837232743684449e-01
2.486756018373020016e-01
2.491523461439566489e-01
2.499492894288254941e-01
2.508300186758439243e-01
2.513010188937804257e-01
2.516846687720257769e-01
2.533357971176088408e-01
2.535810137737690706e-01
2.542699406804490581e-01
2.550152731146475560e-01
2.562918450074458954e-01
2.560935801193602868e-01
2.569443362235838690e-01
2.574986442583315216e-01
2.583737498546773703e-01
2.591015540734839528e-01
2.597901575859087875e-01
2.597337267402985983e-01
2.611293486676488085e-01
2.610022316738719317e-01
2.619714541969138111e-01
2.628196580847675379e-01
2.634176990324127443e-01
2.641452741602535181e-01
2.645730840913090853e-01
2.650541719614594727e-01
2.654832049363069491e-01
2.664622531936697292e-01
2.669580881122015081e-01
2.672844642024065909e-01
2.681445648903155177e-01
2.687715300912072447e-01
2.694429993970764992e-01
2.696850654294714600e-01
2.706334045357821627e-01
2.708043103228605086e-01
2.713805565079631110e-01
2.722074389980887466e-01
2.729225193869346255e-01
2.729592214177256615e-01
2.735635798738108582e-01
2.740356244970160171e-01
2.741622281797831406e-01
2.748697687957304403e-01
2.754627203571124450e-01
2.759319319761465716e-01
2.763370957595694954e-01
2.767406458312686168e-01
2.772187152923434317e-01
2.774609282920496023e-01
2.777148873359145398e-01
2.784192546581020777e-01
2.790990636880708586e-01
2.797018880650012917e-01
2.801303936056820931e-01
2.805664309975008930e-01
2.808129268916118026e-01
2.811572698274379389e-01
2.817494234997345304e-01
