-5.275574867850308866e-03
-3.286773158974158268e-03
-2.714323504294835314e-03
-3.313163448073329787e-03
-3.251123410205843545e-03
-4.848887412669849323e-03
4.726478975650313491e-05
4.024431787880630718e-03
3.283974292823605041e-03
6.358312677594982372e-03
1.154675022771657102e-02
2.287511304836774284e-02
2.330166615842544156e-02
3.046827242619085108e-02
4.029012167455379989e-02
4.063589433979417076e-02
4.923021506769058309e-02
6.848583583837131172e-02
8.052650120323263938e-02
8.035474719058245674e-02
9.317924077197256572e-02
1.008343808998621305e-01
1.112004371828440447e-01
1.222962308330337450e-01
1.373074171762320161e-01
1.455593807914211113e-01
1.532508253809650445e-01
1.680081841453829883e-01
1.873767591974012936e-01
1.885574087378482366e-01
1.988654678629669104e-01
2.135454193661131539e-01
2.251016939675824780e-01
2.329198855415223202e-01
2.465017445013889252e-01
2.650809602619787486e-01
2.679020474475280467e-01
2.833328402485760233e-01
2.969085581888317171e-01
3.094689253381029959e-01
3.213558635183938472e-01
3.429400056673008734e-01
3.413837674613964257e-01
3.572179309778590883e-01
3.670448353575008760e-01
3.834428305344041998e-01
3.936259281548134537e-01
4.100250760151025187e-01
4.229125078612280264e-01
4.313445985927781834e-01
4.465613127874025756e-01
4.568926869932685708e-01
4.639007228427949325e-01
4.759103697172604175e-01
4.880501323131105629e-01
4.988778379296294752e-01
5.155846941950334994e-01
5.201298001322723907e-01
5.401776093568397830e-01
5.475880287131266178e-01
5.586387665314844764e-01
5.708719984105389278e-01
5.868571068259497148e-01
5.952232207812246934e-01
6.102874266385476254e-01
6.193670111713529547e-01
6.287858766104170716e-01
6.442884220341588142e-01
6.544163642945263204e-01
6.647233884931906811e-01
6.781162828777949070e-01
6.913420618320041955e-01
6.993036433439688837e-01
7.133975943000254727e-01
7.233782380617870267e-01
7.345862878711068022e-01
7.431905107584396708e-01
7.562631560491394067e-01
7.653951187391485611e-01
7.786585587734066172e-01
7.893159853593462172e-01
8.005480965982235686e-01
8.121786139653035530e-01
8.212247060542301469e-01
8.296812916173028629e-01
8.472064950257855998e-01
8.531712656871008882e-01
8.635699698376072542e-01
8.764450868258121252e-01
8.841443107983508742e-01
8.950190245404051614e-01
9.062470322766247310e-01
9.158947482982195964e-01
9.262487252890792000e-01
9.368736976140044082e-01
9.438188485168572672e-01
9.586513154596396635e-01
9.676113062351741068e-01
9.788406767819441967e-01
9.879676523111482478e-01
9.955077584647535893e-01
1.007349729764189128e+00
1.015494666797098766e+00
1.025361080391409274e+00
1.036072002159207139e+00
1.047266575574119063e+00
1.055384657379694335e+00
1.066494400198759740e+00
1.075307335586231705e+00
1.085854696487657201e+00
1.095113229783599929e+00
1.103431963868759746e+00
1.114128555350224259e+00
1.123509063309155120e+00
1.131967749850473659e+00
1.140846929247908426e+00
1.151895208391208625e+00
1.160494847552519637e+00
1.167490138126866306e+00
1.179542395882582362e+00
1.186093664003179171e+00
1.196420983920493786e+00
1.206868152415021544e+00
1.213669411740144977e+00
1.223134035877804893e+00
1.230243300912653659e+00
1.240233002446356148e+00
1.249307870162200906e+00
1.257547415280962477e+00
1.267333226761171217e+00
1.274507155850649331e+00
1.284368950370882390e+00
1.294300339019138546e+00
1.302425791651637743e+00
1.310036512995295999e+00
1.318837494082059303e+00
1.326588739476306955e+00
1.332658717550634586e+00
1.343811132437102929e+00
1.351920310672703129e+00
1.360656499558728028e+00
1.367465890437269627e+00
1.375394245050052033e+00
1.383816390159088749e+00
1.390998723783481550e+00
1.399773846528858279e+00
1.408595711003089557e+00
1.416219819363228716e+00
1.424511334138750751e+00
1.433189694220578625e+00
1.439923481996277621e+00
1.447756322419009534e+00
1.455546132977378671e+00
1.463304755151837000e+00
1.469716821830460818e+00
1.478339386310940418e+00
1.485504574772361197e+00
1.494327361569808943e+00
1.501849509258804227e+00
1.508440673774665841e+00
1.515130854690232898e+00
1.522751228728673967e+00
1.530567440809902591e+00
1.538371568616014429e+00
1.544415349861293585e+00
1.552481152862862368e+00
1.559610521728529209e+00
1.566594894454100162e+00
1.574341003028597141e+00
1.581499682000518714e+00
1.588369470324666910e+00
1.595913859448593541e+00
1.601323462569618439e+00
1.608862355479214523e+00
1.615741329177938113e+00
1.623779381794870025e+00
1.628850393948381159e+00
1.636650256647910862e+00
1.643377104441467118e+00
1.650842894157929619e+00
1.656916885718990429e+00
1.662872541027002216e+00
1.670956816541117052e+00
1.675932811015199642e+00
1.683319762588471713e+00
1.689558824446585561e+00
1.696607083512781333e+00
1.704154807380235503e+00
1.710490493721114946e+00
1.716590998461340556e+00
1.722212911332256402e+00
1.729076439234822349e+00
1.735287492247838959e+00
1.741738956986445208e+00
1.747265038152617134e+00
1.753104581143261287e+00
1.760804749441169603e+00
1.766869788918972617e+00
1.772481787036643608e+00
1.778679443097074708e+00
1.784720863965865822e+00
1.789966904252595192e+00
1.796046887890440313e+00
1.802968493729136368e+00
1.809518316588159648e+00
1.815281206937808145e+00
1.820831825697799111e+00
1.826806461072480126e+00
1.832068279819525580e+00
1.838501865953278580e+00
1.844469985276609103e+00
1.850457770193283835e+00
1.856007973002935074e+00
1.862015255832926375e+00
1.867788787824683050e+00
1.872415951770256992e+00
1.878217844201339526e+00
1.883963710452358109e+00
1.890190853140786054e+00
1.894756264221659547e+00
1.900342124011698663e+00
1.906114609728196685e+00
1.911026679959621610e+00
1.916925285548684021e+00
1.922792202265691808e+00
1.927850592553811415e+00
1.933608686804127341e+00
1.938543578711905857e+00
1.944150944313392193e+00
1.949352511781053954e+00
1.954272450429811903e+00
1.960084012442166124e+00
1.965552879971402822e+00
1.970257439905502395e+00
1.975107374741619903e+00
1.980773601122792771e+00
1.985401585821350734e+00
1.990183457665859912e+00
1.995873364826719509e+00
2.000835389103322370e+00
2.005619775455977027e+00
2.010901747452550126e+00
2.015188629357196337e+00
2.020673490640826575e+00
2.025895017581226032e+00
2.030597034648446542e+00
2.035492075786366151e+00
2.040176652309302341e+00
2.045149502292832544e+00
2.050226481130071665e+00
2.054631636190740629e+00
2.059645441571356983e+00
2.064614832602889027e+00
2.069352155024079210e+00
2.073748879737595363e+00
2.078219816103106687e+00
2.082814937672580857e+00
2.087616436592766522e+00
2.092253606962373613e+00
2.097270454220283575e+00
2.101407125344642246e+00
2.105929110120175363e+00
2.110384666910157581e+00
2.115136758514773785e+00
2.119023048845526613e+00
2.124014732639813108e+00
2.128310170406810808e+00
2.133099823859763156e+00
2.137320305375670859e+00
2.141838223176155687e+00
2.145703250630827341e+00
2.149857270859475200e+00
2.154770016772876051e+00
2.158942710087570216e+00
2.163389334101403882e+00
2.167486619705310424e+00
2.171872542841920328e+00
2.176073752873947775e+00
2.180121348015362948e+00
2.184470396659013769e+00
2.188511385105052831e+00
2.192488606477079216e+00
2.196656246159846670e+00
2.200898635703981920e+00
2.205653520519843980e+00
2.208962562166814525e+00
2.212968906656633816e+00
2.216877641942162747e+00
2.221020197931986573e+00
2.225217418614378495e+00
2.229327981082863452e+00
2.233009914736168611e+00
2.237126714176174147e+00
2.241140054569943363e+00
2.244828223988004634e+00
2.248618102311353173e+00
2.252707977608842338e+00
2.256364001384135953e+00
2.260319922765792189e+00
2.263647545840570263e+00
2.267469958886306536e+00
2.271428764228725417e+00
2.275467102210120718e+00
2.279576532078060325e+00
2.282896100072759893e+00
2.286517774685732363e+00
2.290154662689963594e+00
2.294059518261227115e+00
2.297817784203088909e+00
2.301354386394559803e+00
2.304979070762165350e+00
2.308392036347840293e+00
2.312097373738492223e+00
2.315820071916954159e+00
2.319328493560716797e+00
2.322667010798383558e+00
2.326418816053967831e+00
2.329840703847814165e+00
2.333640272887683942e+00
2.337243538188344072e+00
2.340793132024002077e+00
2.344426064720134040e+00
2.347516950152119808e+00
2.350821779735533301e+00
2.354185364101877731e+00
2.357898689102933432e+00
2.361278474947269501e+00
2.364569395446207700e+00
2.367827154159360070e+00
2.371332155701629585e+00
2.374846401555052111e+00
2.377816324359423916e+00
2.381326243200399873e+00
2.384512837016886877e+00
2.387489872689062320e+00
2.390926187468855879e+00
2.394577014321976893e+00
2.397857773151476302e+00
2.401060785944905351e+00
2.404066399988961322e+00
2.407394599362742138e+00
2.410477843134508635e+00
2.413610730712214103e+00
2.416825336972824090e+00
2.419982033739819016e+00
2.422797794122967918e+00
2.425866869564543560e+00
2.429355631845124819e+00
2.432325688025855026e+00
2.435323422799982929e+00
2.438039057693964118e+00
2.441350766819154305e+00
2.444726845192502385e+00
2.447933168548382277e+00
2.450852010213424581e+00
2.453347610168703952e+00
2.456546069120320919e+00
2.459529688755234034e+00
2.462586218999886167e+00
2.465525255145924799e+00
2.468753510066657775e+00
2.471382787734190511e+00
2.474112631079266045e+00
2.477108985957312104e+00
2.479943604926847289e+00
2.483026064398903276e+00
2.485680210656002753e+00
2.488641827473105916e+00
2.491501623566742651e+00
2.494619250504175767e+00
2.497280470010768472e+00
2.499958931327338263e+00
2.502765113748198988e+00
2.505691071580844476e+00
2.508552166266579508e+00
2.510966227207768409e+00
2.513872595044039482e+00
2.516630369935828337e+00
2.519308542706508725e+00
2.522157511131814189e+00
2.525023212163377551e+00
2.527747199797309996e+00
2.530662254071475381e+00
2.533125498126254094e+00
2.535622615770086519e+00
2.538539249386066121e+00
2.541088411589632834e+00
2.543779600813330877e+00
2.546416448330374838e+00
2.549251561499844776e+00
2.551761691769586893e+00
2.554462178614996137e+00
2.556697948574341961e+00
2.559218696487691957e+00
2.562030912006078687e+00
2.564626755042997086e+00
2.567113502568159067e+00
2.569605019865847328e+00
2.572161965454957677e+00
2.574747120977876946e+00
2.577360557810908670e+00
2.579735050231520610e+00
2.582118253014193510e+00
2.584634022284892030e+00
2.587196522190185810e+00
2.589761315624385052e+00
2.592142098494028879e+00
2.594588231714585636e+00
2.597271057610591960e+00
2.599688081075415269e+00
2.601922776681848237e+00
2.604184966283910718e+00
2.606438679525526325e+00
2.608760221533023227e+00
2.611413532907182145e+00
2.613663933565287589e+00
2.616022688715582412e+00
2.618477751256813590e+00
2.621165342902640027e+00
2.623363170285887946e+00
2.625541097965929715e+00
2.628020889774480562e+00
2.630257933545415039e+00
2.632598446048742602e+00
2.634907263350144468e+00
2.637264640982773578e+00
2.639559470304054578e+00
2.641788806701186321e+00
2.644182916240531700e+00
2.646351287753101467e+00
2.648735755921941770e+00
2.650852422687492993e+00
2.653031806862821806e+00
2.655304894875661681e+00
2.657584935082226263e+00
2.659509896135667795e+00
2.661968625094899732e+00
2.663843307294238461e+00
2.666113238059845791e+00
2.668361419766781317e+00
2.670589689197263805e+00
2.672864922563332080e+00
2.675000488419164046e+00
2.677010701117792379e+00
2.679299135834310341e+00
2.681471767473764256e+00
2.683658086446581770e+00
2.685684726392127075e+00
2.687714644407652287e+00
2.689811868553820151e+00
2.691883479557535264e+00
2.693747674525305502e+00
2.696031226386919055e+00
2.698146999163440807e+00
2.700237985136766383e+00
2.702203413674617583e+00
2.704307986068470893e+00
2.706204046933403884e+00
2.708521175467440756e+00
2.710582272384081115e+00
2.712557094902588339e+00
2.714668456232766758e+00
2.716739301472034018e+00
2.718645854240332671e+00
2.720644125853009410e+00
2.722535844087471180e+00
2.724456987529716656e+00
2.726473963168632775e+00
2.728563246124225738e+00
2.730446699136600763e+00
2.732392732198522189e+00
2.734527478047818594e+00
2.736587634923456580e+00
2.738450828984361873e+00
2.740298648907084189e+00
2.742243473520128649e+00
2.744049767465319256e+00
2.746067272973032658e+00
2.747957051561439101e+00
2.749887933085617409e+00
2.751787410058927019e+00
2.753645595351025488e+00
2.755678854857612325e+00
2.757592242067417931e+00
2.759351016468811313e+00
2.761281404475726564e+00
2.763081336040156266e+00
2.764728348004434455e+00
2.766734570278606586e+00
2.768475680985324150e+00
2.770470279360749188e+00
2.772247838865197433e+00
2.774006293900384001e+00
2.775923991004666025e+00
2.777782478359745344e+00
2.779611622850999275e+00
2.781437139329672181e+00
2.783110231445531380e+00
2.784867375603884199e+00
2.786817734799112767e+00
2.788323279116839526e+00
2.790241047722347378e+00
2.791927312377156412e+00
2.793703782880002873e+00
2.795666582054876503e+00
2.797442407602150904e+00
2.799055209436581038e+00
2.800628682274993508e+00
2.802440419430731300e+00
2.804264133168650641e+00
2.805922112539791957e+00
2.807735694393565407e+00
