-5.495851655533983138e-01
7.669904125736751732e-01
-5.643607039402930708e-03
-1.993902173276684842e+00
5.907977226164543572e-01
1.104949645844158779e+00
-7.499313949150711034e-01
-5.746571398117554796e-01
9.526241500186599653e-01
-4.667934123724790108e-01
-2.918854670342945212e-01
-7.811000218025543340e-01
-8.188835454452229046e-01
2.277069424360848304e-01
-4.235575439534297049e-01
2.874161293916442372e-01
7.929953189173079009e-01
1.272015074541392732e+00
-8.618617817939869807e-01
-6.496977119359569341e-01
6.356487834936188630e-01
8.623726898452424017e-01
-1.868865457963329479e+00
-6.528738237079677320e-02
1.079151249755244235e+00
9.474273601758939067e-01
-3.623283934232807146e-01
-1.999440808282824777e+00
7.072402448625036975e-02
8.891676395194060278e-01
-1.203953045291785012e-01
-9.238750045660636401e-01
5.556422090788559753e-01
7.648417695471119160e-01
-4.585317750989878482e-01
-2.671000237594321480e-01
-7.945798200004745571e-01
1.119145021748790381e+00
3.646637088692873396e-01
5.595589384358694574e-01
7.480288112843238579e-01
-2.399532804478551329e-01
-3.752404387645778550e-01
1.210204158787025142e+00
-2.516354398392967706e+00
7.709126845187830313e-01
6.705825975915483683e-01
-1.008546362058031276e+00
1.322136211412662243e-01
-7.081819326774654311e-01
-9.302106279868199712e-01
2.131304589393580251e+00
4.374356270539043745e-01
-9.000993360742196581e-01
1.068092133301593805e+00
5.146641855596760795e-01
9.475731643290495887e-01
1.365810225608223183e+00
-7.469342025333034485e-01
1.164099912339354587e-01
-1.561333934781683475e-02
1.336651283804899115e-01
3.379587808527836912e-01
7.804104252426425914e-01
-1.166751026813708458e+00
1.379556928822954998e+00
4.965549269273678568e-01
1.046586825857619196e+00
-1.392459029796640158e+00
-6.734714821487656211e-01
1.505952223713924232e+00
-7.149140874205631713e-01
-1.436801776707601563e+00
3.114757562533282398e-01
1.009174171069598280e+00
6.462503545318478704e-01
1.006544712627477578e+00
1.660928751734321196e+00
8.863211690576645596e-01
-8.791744692037181119e-01
8.812416029594641875e-01
8.842836279560277457e-02
-3.509968456240983858e-01
1.715240600457406339e+00
2.400841433265909000e-02
2.991443679306095560e-01
1.301638299325171388e+00
-1.313192526079288436e-01
1.513691838591756156e+00
-3.028214867803959987e-01
-4.904234658937416946e-01
1.291737388728709135e+00
1.011885743846560048e+00
-8.580437482555245410e-01
-2.008908057685504789e-01
-1.008969389794644567e+00
-1.542479244739797251e+00
1.005164133517965075e+00
1.791277614795174999e+00
-5.206199835027012224e-01
-1.870733743800691240e+00
1.103979070248429922e-01
-5.108237791193142030e-01
-6.670312693258875214e-01
-8.836423638439877548e-01
-1.649547750061268747e+00
8.096269330752853266e-01
1.143329102202929715e+00
1.686077833580464702e+00
5.572161230138871213e-01
6.917628694244380982e-01
-5.606934396230699447e-01
4.494204057107414330e-01
-4.475552362731132217e-01
-8.761884070858734219e-01
-1.056759428606195705e-01
1.407278229729773122e-01
4.263213922137288892e-01
1.420094388368045024e+00
-6.578656832568716140e-02
9.687915986247515043e-01
1.659884049939400197e-01
-1.855819139748840774e-01
7.108437373542275672e-01
1.207344052877092455e+00
4.031673543509615709e-01
6.351426657102139384e-01
9.740098061951613095e-01
