-5.616122774229022341e-02
-7.044767925723516289e-02
-8.944882201842717373e-02
-5.567179664543323026e-02
1.101985882519060517e-01
6.066643294430242028e-02
-9.287747002935468899e-02
4.561167651076214469e-02
-3.487227433481029926e-02
7.721023180138067432e-02
-5.567468804713026492e-02
-9.809635121411140746e-02
-1.108595486772942229e-01
-2.053177470471437630e-02
-1.287857120318716131e-01
-2.238238876838899698e-03
3.785797150732828076e-02
4.019174204380685650e-02
9.007772312019721173e-02
-5.788684743561649942e-02
-9.978265463864946505e-03
-4.127223545714375774e-02
-3.660146135528717670e-04
-3.441339441479445566e-02
-1.127265374820332448e-02
