-6.308876635264226360e-03
-6.575883944192877778e-03
-8.216973630110419383e-03
-1.119850160308811203e-02
-9.189396270204274603e-03
-1.277381581931306617e-02
-2.396376299706434558e-03
5.124017723158276992e-03
4.371472527580372129e-03
1.224104654604525437e-02
2.378848105277297370e-02
4.682364316876053145e-02
4.856786128835165889e-02
6.540966741336433354e-02
8.385133542432084142e-02
9.066737483207229498e-02
1.048131596915632263e-01
1.421487440352030840e-01
1.675601497835477183e-01
1.699372823210558436e-01
1.936252668621391559e-01
2.124844256152231825e-01
2.334534921526176809e-01
2.546280678426360300e-01
2.826171335606329493e-01
2.962922882830181237e-01
3.096255976919408126e-01
3.442105819749692319e-01
3.716178298839202809e-01
3.834600257938247658e-01
4.016456861272428847e-01
4.242572355902516912e-01
4.534588413637957727e-01
4.660564699203657013e-01
4.875900778955876147e-01
5.142210385827724606e-01
5.248780917417333880e-01
5.535721786763198038e-01
5.732556569587456963e-01
5.902459199467707807e-01
6.151074027997334159e-01
6.420147212099204248e-01
6.595666068397102455e-01
6.793307593000332822e-01
6.981865308638085521e-01
7.235737385550248257e-01
7.385091330515457519e-01
7.604989361078682286e-01
7.818325937759411648e-01
8.028563044420539141e-01
8.224535958323739848e-01
8.441000043338884318e-01
8.548990097602098270e-01
8.804696781231999836e-01
8.994983013840803787e-01
9.144333099482544469e-01
9.339856731957965064e-01
9.534758451132275825e-01
9.751741127893498451e-01
9.901508451078173678e-01
1.007105723928206187e+00
1.023546371643256681e+00
1.046098126519664717e+00
1.059833792928070118e+00
1.081332265584231900e+00
1.099023480606134084e+00
1.115221293288438886e+00
1.131155081767943216e+00
1.149285073312560801e+00
1.166108156572980947e+00
1.180432191584368740e+00
1.200077563003951520e+00
1.216534000970598051e+00
1.229821272064853366e+00
1.246683697086690801e+00
1.260982880228859182e+00
1.279525028208341686e+00
1.293082731770387461e+00
1.306323390098141246e+00
1.325547846947416009e+00
1.340089955294230695e+00
1.352314210942571426e+00
1.369370313427071384e+00
1.384495249557455621e+00
1.398038242466278724e+00
1.413593381657643588e+00
1.429239400039655994e+00
1.441850344542571438e+00
1.456759667474472941e+00
1.471274686031612156e+00
1.483012083495286904e+00
1.497378470503321735e+00
1.510088443293721383e+00
1.523413051466736778e+00
1.534815530111156123e+00
1.551769496116084390e+00
1.564627349784488697e+00
1.576411048476556553e+00
1.588753719104232465e+00
1.600804277016765198e+00
1.614535511389553868e+00
1.626752871555221081e+00
1.638739596774821727e+00
1.655173706289771118e+00
1.662527942823835536e+00
1.674256968319196348e+00
1.686914111967892982e+00
1.699572523343499286e+00
1.711150974180568829e+00
1.721516999005881621e+00
1.733695275563333915e+00
1.743564600538828335e+00
1.754465748274989689e+00
1.766632881064753136e+00
1.779049564126253147e+00
1.788841108792470935e+00
1.798480027015301186e+00
1.809142669591237373e+00
1.820843782225628038e+00
1.832496127029174637e+00
1.841572033935878316e+00
1.851166944322530927e+00
1.861506662385661315e+00
1.871904817850533753e+00
1.881521572799742525e+00
1.891386988684229387e+00
1.901309154465254725e+00
1.911348505336012638e+00
1.921495307472979253e+00
1.930266294875891964e+00
1.939640203579716005e+00
1.949893456779335343e+00
1.957850848595115822e+00
1.968008824950363556e+00
1.976299232727858568e+00
1.986203551340573581e+00
1.994339553615198657e+00
2.003992359175521987e+00
2.012609116786720609e+00
2.021947789470917023e+00
2.029961299519288165e+00
2.038480360271791358e+00
2.046669618588384587e+00
2.055096123291201504e+00
2.063338112153723536e+00
2.071470103875883151e+00
2.080311634065215909e+00
2.087603819196647947e+00
2.096969048767872046e+00
2.103326942194207572e+00
2.112995561528653976e+00
2.120394883234475447e+00
2.126405967423929955e+00
2.135253233441477327e+00
2.142315244917268213e+00
2.151191569487147959e+00
2.158306676084074116e+00
2.164610607117005703e+00
2.173689077775180056e+00
2.179523382924531294e+00
2.187713811605221270e+00
2.194181213434745370e+00
2.201649697877990697e+00
2.208633185724444115e+00
2.216327857088800535e+00
2.222095386774013193e+00
2.229747487703741538e+00
2.236086493921218832e+00
2.243631012877012942e+00
2.249449774410261504e+00
2.256573442745024138e+00
2.262471044692830002e+00
2.269212904676444875e+00
2.276804317114905274e+00
2.282987096844214747e+00
2.288978697778996985e+00
2.296192107130132332e+00
2.301487827541452980e+00
2.307841179216645333e+00
2.313831139820121230e+00
2.319762724639907070e+00
2.326625609402420469e+00
2.332067773091385465e+00
2.337708911831804848e+00
2.344136678788502515e+00
2.349895262076913571e+00
2.355830391408329838e+00
2.361665659145031348e+00
2.367417916815774070e+00
2.373144388430084906e+00
2.378634245319971807e+00
2.384592700944028643e+00
2.389830257242945954e+00
2.395812184598735239e+00
2.401035315175608975e+00
2.405989259385623136e+00
2.411688819879900247e+00
2.417199660687597618e+00
2.422491313508866817e+00
2.427580879030685868e+00
2.432758262011176953e+00
2.437769818154389423e+00
2.443391718263418610e+00
2.448765982895602100e+00
2.453793002561528880e+00
2.458244171238791242e+00
2.463616748451738392e+00
2.468495515733895029e+00
2.473770083469639669e+00
2.478954273657667962e+00
2.483616452943433472e+00
2.488047974799859396e+00
2.493312973521900400e+00
2.497918394961412325e+00
2.502884908623793869e+00
2.507299326076867452e+00
2.512323080820388466e+00
2.516856624640515072e+00
2.521356975167357461e+00
2.525587117950850669e+00
2.530909367824961453e+00
2.534868185304435695e+00
2.539256248991850207e+00
2.544030988546219341e+00
2.547700826768289684e+00
2.552745785305558623e+00
2.556913372203421631e+00
2.561092071311175999e+00
2.565946090041127725e+00
2.569791171146819764e+00
2.573483868326281065e+00
2.578326175652713381e+00
2.582484052974133526e+00
2.586584585506829015e+00
2.590649484575249684e+00
2.594553675221077604e+00
2.598497535555773563e+00
2.603290908058689013e+00
2.606738543435703548e+00
2.610822355290600694e+00
2.615067977971698099e+00
2.618750159589835924e+00
2.623209073903518540e+00
2.626798430102655679e+00
2.630721659767683906e+00
2.634141159789749054e+00
2.637767832855709038e+00
2.641872520500206711e+00
2.645724809663259069e+00
2.649646323232654144e+00
2.653170182735976823e+00
2.656982957225266340e+00
2.660857793521516967e+00
2.664679747347071359e+00
2.668007985826184036e+00
2.671520811433500509e+00
2.674594833861774656e+00
2.678216262298725336e+00
2.682338455403722843e+00
2.685923409662571704e+00
2.689520092344868551e+00
2.692770032791532486e+00
2.696061591892565446e+00
2.699802352971691910e+00
2.703448284235435040e+00
2.707006469096277179e+00
2.710091682713175132e+00
2.713490801464535807e+00
2.716778421557240364e+00
2.720088026539472903e+00
2.723210257581083482e+00
2.726605315656112527e+00
2.729676778757944788e+00
2.733419700445165468e+00
2.737012668693773243e+00
2.739949386544151544e+00
2.742788160644420881e+00
2.746145628205662881e+00
2.749137022545709019e+00
2.752387499607575005e+00
2.755372218695019804e+00
2.758657439826160296e+00
2.761874911444152314e+00
2.764672215601095662e+00
2.768138409541414102e+00
2.771053381179045871e+00
2.773917021961554319e+00
2.776951010871693271e+00
2.779930828255502195e+00
2.782915447631475470e+00
2.786001169889100737e+00
2.788881505571340735e+00
2.791537371415824254e+00
2.794508037306690174e+00
2.797391079020218108e+00
2.800456702095112771e+00
2.803274368153917173e+00
2.806088779893481266e+00
2.809055474163693944e+00
2.812074812177534078e+00
2.814750393731721978e+00
2.817531584363654140e+00
2.820502484484711747e+00
2.823175268804992033e+00
2.825547330417312875e+00
2.828395783418878207e+00
2.831476499415176207e+00
2.833971729263636607e+00
2.836509305453500662e+00
2.839640984987914507e+00
2.842239203009939263e+00
2.844876208678098983e+00
2.847455742039562310e+00
2.849932769616638772e+00
2.852764056629023770e+00
2.855495747342401192e+00
2.857843305914951948e+00
2.860408036147710220e+00
2.862827457280554100e+00
2.865547122296771221e+00
2.867793084034943707e+00
2.870617500509620612e+00
2.873084848069234809e+00
2.875687423675326926e+00
2.878034021419069610e+00
2.880438394821823067e+00
2.882902055786265016e+00
2.885313959653482030e+00
2.887916199610551793e+00
2.890328682575217911e+00
2.892830772840933928e+00
2.895428121139492994e+00
2.897509036269917626e+00
2.900010310801738989e+00
2.902612741701642296e+00
2.904901148405427680e+00
2.907132156393938516e+00
2.909705210251018137e+00
2.912071203639120753e+00
2.914406188637920447e+00
2.917004293625794276e+00
2.919071795117236245e+00
2.921079380753120791e+00
2.923322058929124445e+00
2.925891112039226805e+00
2.927932245854881099e+00
2.930484732621859933e+00
2.932799938135837614e+00
2.934953454544627860e+00
2.937357947107261058e+00
2.939505298018417978e+00
2.941704360107723293e+00
2.943384403205355326e+00
2.946111921208190765e+00
2.948189327619366473e+00
2.950398023201225683e+00
2.952602940402305975e+00
2.954653872655596647e+00
2.956835409900856249e+00
2.959028325296762851e+00
2.961259569353160703e+00
2.963383034656044579e+00
2.965561409765907097e+00
2.967708971608672197e+00
2.969651828705840657e+00
2.971902131615568710e+00
2.973939844668315402e+00
2.975912000760357667e+00
2.977843369587577005e+00
2.979869376577563234e+00
2.981849907724386739e+00
2.984108303992110578e+00
2.986176350830151094e+00
2.988040809354798100e+00
2.990166963281419399e+00
2.992002251256842271e+00
2.994319452981255125e+00
2.996543116744299073e+00
2.998319868106428032e+00
3.000222850665148044e+00
3.002178059519432729e+00
3.004367461399727546e+00
3.006189678785312402e+00
3.008130991809112142e+00
3.009738346587270463e+00
3.011720019839823070e+00
3.013992475414422945e+00
3.015830270345446706e+00
3.017560268603576734e+00
3.019638258878959203e+00
3.021440824401300240e+00
3.023437540276584290e+00
3.025161977465601115e+00
3.027153017767067134e+00
3.028962082096039676e+00
3.030937968548699679e+00
3.032910840591273249e+00
3.034702301307370398e+00
3.036125571660248212e+00
3.038201204455204252e+00
3.039947527777480563e+00
3.041950659449620620e+00
3.043617462118442862e+00
3.045523408594443815e+00
3.047401546457864985e+00
3.049117904688896985e+00
3.050978324792339436e+00
3.052756852937481113e+00
3.054552867777729386e+00
3.056223355737128777e+00
3.058057664433304623e+00
3.059845228970329956e+00
3.061529305460006789e+00
3.063269630964524204e+00
3.065180426166933536e+00
3.066856083482454753e+00
3.068530982083621961e+00
3.070100527811855162e+00
3.071994465753094872e+00
3.073697356577565820e+00
3.075387961011990523e+00
3.077069094296237317e+00
3.078817142317705091e+00
3.080506049916359235e+00
3.082145248479663202e+00
3.083858114329704136e+00
3.085640876794468745e+00
3.087318546201991865e+00
3.088844340102805397e+00
3.090532834008439700e+00
3.092147454013193020e+00
3.093929316657829443e+00
3.095343849985648710e+00
3.097202025511902601e+00
3.098638751968009863e+00
3.100227967793030448e+00
3.101797971267083120e+00
3.103420861383287210e+00
3.105228092883803637e+00
3.106888280805124580e+00
3.108409459369435801e+00
3.110010647705132580e+00
3.111651615526104919e+00
3.113160417002903468e+00
3.114797721630627958e+00
3.116291528111753806e+00
3.117874722576619018e+00
3.119319707854327106e+00
3.120982009598851192e+00
3.122394047653362037e+00
3.124020029591957570e+00
3.125568082496938516e+00
3.127048820318859779e+00
3.128710571513817484e+00
3.130231455337881830e+00
3.131777727420512303e+00
3.133358512948996477e+00
3.134781106731178379e+00
3.136279184358829575e+00
3.137704670883942004e+00
3.139428835461927303e+00
3.140917782810636716e+00
3.142253256815119578e+00
3.143794672679367075e+00
3.145213405105517612e+00
3.146956575100611442e+00
3.148263538181104160e+00
3.149752862831695754e+00
3.151244380473276596e+00
3.152678835031734739e+00
3.154240444084663419e+00
3.155742027741113009e+00
3.156954454553262401e+00
3.158451412516080747e+00
3.159810016464985161e+00
3.161350168105287572e+00
3.162699687404790794e+00
3.164042583233783290e+00
3.165687428538885406e+00
3.167145384642290562e+00
3.168367673231100579e+00
3.170065798146801228e+00
3.171320872842318117e+00
3.172842704517561341e+00
3.174107260670180342e+00
3.175537354614217378e+00
3.176809030815591406e+00
3.178150105609697462e+00
3.179680763823296452e+00
3.181041881555107143e+00
3.182346483033143159e+00
3.183801639646882897e+00
3.185181275741072238e+00
3.186586538702091520e+00
3.187871749052929804e+00
3.189170628707418409e+00
3.190545617124904254e+00
3.191853992308784527e+00
3.193208196546108990e+00
3.194725534529241795e+00
3.196046393560569410e+00
3.197192001794457727e+00
3.198696767315370337e+00
3.200000037250765317e+00
3.201216057197178166e+00
3.202595983372302779e+00
3.203992626905597163e+00
3.205288435867358121e+00
3.206651223068528900e+00
3.207946542012694024e+00
3.209124005222370180e+00
3.210475202986914578e+00
