6.857930325901653856e-02
7.385569805206056160e-02
-4.362696410253941726e-01
-2.936017440009939250e-01
1.587483337384864690e+00
-5.327584121859078037e-01
2.337881794311540862e+00
-3.723651684077948776e-01
-9.637059643618077764e-01
1.214583215795208337e+00
6.283891597028596898e-01
1.650565720085734434e+00
1.225252750623385234e+00
-2.562957931483738072e-01
4.009607223216813954e-01
4.923952351567921770e-01
4.475545651716019702e-01
1.776357875943096909e+00
3.629558307854831994e-02
-1.205596864747847219e+00
-4.532142212076991084e-01
3.140271920779139081e-01
1.199879825119967380e+00
9.170042173402630503e-01
-8.413682388450398619e-01
-1.020218990556287064e+00
-9.398255802657366764e-02
2.409627243776187311e-01
2.139200631821023713e+00
-8.706761194731198195e-02
-5.860219234640735159e-02
6.285048121047868142e-01
-1.608640279633834602e+00
-4.554818243628484531e-01
8.446307634728007496e-01
-5.024465698663048707e-01
-1.029542959275311143e+00
4.517628465296816970e-02
-4.422327246263846878e-01
-1.253188162118618054e-01
7.376499875182751520e-01
-9.548979067145881849e-01
1.266118882183614736e-01
-4.372405181637501470e-01
-7.198546614850611647e-01
-1.024088213472177378e+00
-4.199449012738832865e-01
6.816582534559667561e-01
-1.922281287762521995e-01
-8.950836514541532507e-01
-2.349944756134418056e-01
-7.637640283508131400e-01
4.576494151851432934e-01
2.614579279178176965e-02
-6.426770154857205375e-01
8.312762919268933126e-02
9.584896668406667208e-01
3.059211108594782402e+00
1.344869905244082675e+00
-3.420583762057901600e-01
1.622626979656540902e+00
-2.151014720219736276e+00
-8.657187709246405571e-02
-6.422154068696757090e-01
5.217105139431933436e-01
-1.022745306609224691e+00
5.265412084401719373e-01
3.548538805446410094e-01
-7.281191717485416826e-01
5.653165922693085266e-01
5.158232348562669101e-02
-4.667465749229705585e-01
-7.753941518903199048e-01
6.662947547144619787e-01
1.245021663447475779e+00
6.394183786812943637e-01
4.724566072702666153e-01
-1.003915761003816742e+00
6.328532025798060401e-01
-1.197262580039572866e+00
2.220810137256747641e-01
4.536969745622486672e-01
2.192360766468152700e-01
5.740947414521686554e-01
2.304033695450834890e-02
-8.659937470982590479e-01
-1.716419063905332498e+00
-1.863398952906644590e+00
1.618029143943655324e-01
-8.012133878286286093e-01
-2.816694359089019772e-02
5.438396500926462318e-01
-2.186898738286272292e-01
9.706333534165198507e-02
6.371019514595850364e-01
7.979159858526546287e-03
-1.425721956493605447e+00
-4.832631482491983044e-01
-8.320643673107493976e-01
8.950791354050035009e-01
-1.840369727795329924e+00
6.635556077531007402e-01
-1.410629055939676135e+00
2.153755307757442949e+00
-1.976800666835266396e-01
8.536940197899187677e-01
-4.241252530467250897e-02
9.397309099783739406e-01
1.205163718859329602e+00
7.540559429654528634e-01
6.601280904645717706e-01
9.793761280280162129e-01
-3.358760173379558012e-01
3.365795278481116815e-01
4.567327152716417760e-01
-1.362294111772949234e+00
-6.270454240665523926e-01
4.985028155721815124e-01
3.696815838219429939e-01
1.993782779772732550e+00
1.288460985054251440e+00
1.325642441829913754e+00
1.290514403878467276e+00
9.839000203417151980e-01
1.903610393455876793e+00
-3.816160339246509325e-01
-3.571073316293686961e-01
-6.907157493095474887e-01
