1.222186606461150848e+00
-5.912706660475240961e-01
1.768834288224449436e+00
8.534150494040377843e-01
1.049596192370495062e+00
-1.215022725142211185e-01
-3.739353603174724872e-01
1.294298297495109384e+00
-1.462481999788839193e+00
1.488332044275502974e-01
-1.428026831628270710e+00
1.763115952489304306e+00
-2.670351279095923847e+00
-1.076362291198796228e+00
-1.064190853409213572e-01
-2.314864595839456057e-02
1.292165303167283286e+00
3.144275058549271251e-01
3.837988826346959148e-01
7.934686509392135934e-01
1.583722287554470531e+00
1.433005364181855423e+00
-7.597356087725028184e-02
4.962603915843306623e-01
-1.546213435641353273e+00
-5.180445310173102946e-01
6.850970981361929057e-01
6.815779508238388740e-01
5.015171810515691719e-01
-1.049638742244804357e+00
1.747419060138680535e+00
-7.262498233148518834e-01
6.128127927809846609e-01
-1.667048746557244776e+00
8.823544991675713600e-01
-9.340749115730685448e-01
1.786145716879441903e+00
1.069738703728740248e+00
-2.471631942718138450e-02
9.306795244293418756e-01
1.587640864510276861e+00
-1.635497024104712871e+00
-1.371984741751262893e-01
-5.390436699935194920e-01
4.095317097468071932e-01
4.125938654345761569e-01
2.373446262998877287e-01
-6.870199326459339728e-01
1.433480166613366746e+00
-1.375715778006370460e+00
2.962441866039345673e+00
5.996890981408049548e-01
1.933494631624045057e-01
-1.368606055024173651e+00
-1.156703081138456879e+00
-1.050774239253968317e-01
-1.629267610011608358e+00
-5.924167337274653944e-01
-4.886429089111136714e-01
-6.293874409298082506e-01
4.355298377286602185e-01
-8.738890763590855260e-01
2.577157670241630449e-01
-9.593191729868016937e-02
6.957549883491588316e-01
2.682091960293663480e+00
2.343627457314711657e-02
6.110443860200762689e-01
2.161784721457188141e+00
7.347562124503665970e-01
3.441869245729838045e-02
-7.409720112481831267e-01
-9.466904018198382120e-01
-2.131084234679977985e-01
-1.058329289063870693e+00
8.731651448122685899e-01
-1.409205686404743751e+00
7.499473610296569781e-02
4.396519052187035648e-01
1.927251224453782261e-02
7.193820637983771027e-01
8.529218997626892840e-01
3.621734070509664005e-01
-2.218137755264365296e+00
2.130040425364973178e+00
3.445448460427830151e-01
2.685823036679415576e-01
1.332314813626038763e-01
-9.620033248759892949e-04
-3.853829677817859345e-01
1.474460513559432417e+00
1.072055385737104904e+00
-1.064353352484920023e+00
-1.300518403731805606e+00
2.069441083083274069e-01
4.266086003825252937e-01
-9.953723613955296479e-01
1.105561158084607420e+00
6.715501632641047991e-02
-5.670244763377475516e-01
-3.199399421850025460e-01
1.937463571398590156e+00
1.014091510354764969e+00
-8.484439014795021050e-01
-5.742299324679234207e-01
-5.867178523511508148e-01
-3.043877989815947371e-01
-2.133157773534259116e-01
2.083970385974854622e+00
-1.456847365940622918e+00
-2.339612571264026997e-02
2.206469013468124463e-01
-1.001515357017735558e-02
1.506246567873167352e-01
-2.065948988944279752e-01
-3.681847804877931285e-01
6.279381306885420955e-01
-1.273812686583501164e-01
4.502828354796942767e-01
8.442386318774339760e-01
-1.586528726895483299e+00
1.473264164037842328e+00
-5.601292575780340843e-02
-8.369708669660971267e-01
1.591887306241508870e+00
-1.253691574443957599e-03
3.649251844934472966e-01
1.138826908184560782e+00
