-4.496904371255962957e-02
-6.042615791813316095e-02
-1.073927464582416086e-01
-8.748595545405062762e-03
1.114594678159737950e-01
3.195072160761794344e-02
-5.919152819646845975e-02
9.136891584576646574e-02
-7.870288446169507179e-02
8.439135645357648263e-02
1.124694684079175638e-01
-6.221733753363815206e-02
-5.119580710364094595e-02
1.009534058060233414e-01
-1.116869999679861170e-01
3.878621625203743095e-02
4.356765121738633700e-02
4.597582438651117397e-03
1.065990964308053540e-02
-2.311928362768593537e-02
-7.257714136497027402e-03
-6.329451482652005689e-02
-7.610173217192628924e-03
-6.186908066719073312e-02
1.835212697880584179e-02
