1.227758103668566303e+00
-5.926230459414948415e-01
1.769849177340187651e+00
8.535119804966373458e-01
1.051497686673721121e+00
-1.282792300723665235e-01
-3.743996072438672829e-01
1.293883400729393340e+00
-1.462790619019356475e+00
1.529876601012314929e-01
-1.433068185888932700e+00
1.709374876911897490e+00
-2.663205184324442865e+00
-1.071857483832214131e+00
-1.082134040120102808e-01
-2.218711438245962037e-02
1.293735662490607341e+00
3.154876727499344446e-01
3.834599612417819436e-01
7.949431797936135080e-01
1.583973863595436127e+00
1.433458642186405951e+00
-1.135269632560887837e-01
4.988176901525450679e-01
-1.545716968011842773e+00
-5.193665803872323794e-01
6.879735369603730000e-01
6.826106465905764642e-01
4.719952414731558021e-01
-1.047894905192280568e+00
1.745143031062695860e+00
-7.224128543471903807e-01
6.153740672611404117e-01
-1.668030094581347988e+00
8.812234755752544890e-01
-9.258722398415218935e-01
1.796586293558666725e+00
1.069408803920654405e+00
-2.600033092776876317e-02
9.288325166628654816e-01
1.586451597063537555e+00
-1.637236419181537173e+00
-1.150149565389246009e-01
-5.374655532232068822e-01
4.329241477130565396e-01
4.128483608127111459e-01
2.355446029933525864e-01
-6.953858491729013602e-01
1.447057978423654578e+00
-1.369162465352614655e+00
2.953503249076279147e+00
6.118678397020570481e-01
1.884270253254021754e-01
-1.369307390853352846e+00
-1.159148220324238476e+00
-1.020801159179384188e-01
-1.625525572553764730e+00
-5.949703036874895989e-01
-4.976195780714736672e-01
-6.312359397973491548e-01
4.278347642291843722e-01
-8.693486904020283346e-01
2.591099454100994626e-01
-9.447166706796174263e-02
6.965217281061905075e-01
2.682464266299604994e+00
2.483719589527857638e-02
6.105478024293148342e-01
2.160959347570121203e+00
7.383438788746544690e-01
-1.858970262595286208e-02
-7.416244227381288967e-01
-9.714192625950224258e-01
-2.201842357379738824e-01
-1.057804061114707261e+00
8.767924125444790384e-01
-1.408630211058244042e+00
8.998717505363010294e-02
4.406373550653413518e-01
2.244764574198762630e-02
7.197096464259273851e-01
8.525141453932978397e-01
3.641873658181649098e-01
-2.221551064286829025e+00
2.128695214430411653e+00
3.431124009694787036e-01
2.423224050859082990e-01
1.372703430923976620e-01
1.628983105910122506e-02
-3.881819727443715506e-01
1.472913542172630041e+00
1.074772261151669017e+00
-1.064487621797575168e+00
-1.298101816571798572e+00
2.079803520341659273e-01
4.282634206917018682e-01
-1.000441644354380877e+00
1.106272862177354321e+00
6.754063634711668374e-02
-5.702132601146902013e-01
-3.317718425288111450e-01
1.936366644574867957e+00
1.019723874013577669e+00
-8.472020338252442828e-01
-5.836015025484477814e-01
-5.946045097803925872e-01
-3.048321528072551745e-01
-2.271808043553912027e-01
2.083913310102601280e+00
-1.456683672918869465e+00
-2.568691662363790235e-02
2.200710622408458828e-01
-6.887888962269711826e-03
1.449461646787649771e-01
-2.088521178417440394e-01
-3.808782066335033578e-01
6.303813243680927991e-01
-1.264623707500517336e-01
4.493483046629688227e-01
8.408001153201452027e-01
-1.586677767479045986e+00
1.482935640882822037e+00
-5.365995602528780134e-02
-8.385134022229070450e-01
1.592824425403450483e+00
-1.115013784872927183e-02
3.623246173323190766e-01
1.139210804300168522e+00
