1.789263198755556838e-01
1.795847864956802709e-01
-1.242842439923877579e-01
-1.566577610774700507e-02
3.495799543540874244e-02
-1.261993174665249351e-01
2.828704928142077302e-01
1.686993543323858924e-01
1.650408891159007296e-01
-1.338694733768906464e-01
-9.231591849251261084e-02
-2.402147159687084976e-01
1.162984916271238463e-02
9.841595640261521782e-02
-8.551127381056840282e-02
1.578273197913226122e-01
-1.652670476451210679e-01
1.920505108198119204e-01
-1.770131361138258808e-01
-6.456491789539206549e-02
1.485428797639512799e-01
4.546928708035891803e-02
9.409526603465109829e-02
4.250152084129026064e-02
-8.014397206119494577e-02
5.418935983399133377e-02
-1.177408385354144771e-01
9.679759162921917903e-02
-3.080614455532864615e-01
1.909231372521615899e-01
-1.386720088024653297e-01
1.028129380874267668e-01
-8.128713395773203010e-02
-8.566708903533004626e-02
4.237491919620847008e-02
-9.610347381508752007e-02
1.149549743733978106e-02
1.025945873563104127e-01
8.915033101832392504e-02
1.550876162002731186e-02
1.091707651690886488e-01
-1.728361433853950122e-02
-8.689514291239193444e-02
-2.492626779873068771e-02
5.780946861752007948e-02
-5.500413041814516263e-02
-1.525250765888444826e-01
4.420673295611191739e-02
-7.800711160782072828e-02
1.620548064029121715e-01
-1.768388941199907360e-01
-1.611419502678123894e-01
1.282815618082711051e-01
9.238567378326995039e-02
-6.482989140653117044e-02
-1.661001170319902076e-01
-1.093802216895098933e-01
1.310687347205239384e-01
-1.950593224436827089e-01
1.628658704019082457e-02
-7.119952141673181467e-01
-1.546840556738054151e-01
6.824993383357012833e-02
-1.858862198616401396e-01
1.119488911844328666e-01
-9.221097528763302908e-02
-2.006707325339136816e-01
-4.536420006300434515e-02
1.948912619753355446e-01
5.374809246469621632e-02
-1.969715282259819622e-01
7.052413209345542722e-02
-2.284972240439857305e-01
-4.308203507353102618e-02
-1.321259137570767461e-01
7.517943915760380569e-02
-5.570781534534599566e-02
1.475326800729074780e-02
2.681590006628900222e-02
-4.296790681129911693e-01
-1.469141608170492219e-01
-1.067620643490444915e-01
-6.493984508823970325e-02
5.329170580536441880e-04
-1.603701335733059841e-01
-5.362120438424877039e-02
-2.305022664730892526e-02
1.937443529121347652e-01
1.571940758455712683e-01
1.150511049340016828e-01
2.240516348602364025e-02
-3.124660927651749798e-02
7.683536976255887774e-02
-1.324738911800028007e-01
1.711636640985839952e-01
-1.558572123128781073e-01
3.282517852450111961e-01
2.868024157779347581e-03
5.166582267642779586e-02
-7.136942078228798725e-02
-3.560674056644239638e-01
-2.548701397074017438e-01
-1.261360687448677687e-01
-3.477074447073095695e-03
9.478079248615169095e-02
3.596908364198073138e-01
-4.447596051100835557e-02
-4.092111531251343970e-03
-2.325273909234487901e-01
-9.878313866786794795e-02
1.352953570622768553e-01
3.198578088964112442e-01
1.010140975800950108e-01
-1.196447975324183011e-01
8.443492907888293375e-02
-2.720443415630154904e-01
6.231254593131196201e-02
-5.751890243524650920e-02
1.075669579750149901e-01
2.183695279965385816e-01
-1.290828627936067285e-01
-5.508663409286808366e-02
1.256815455912122237e-01
-4.397805131407781648e-02
2.350669832358138686e-02
4.235750094465184357e-01
-1.306412703405612497e-01
1.751689306891961173e-01
