-5.438805113070375175e-01
7.661671042518747310e-01
-6.892242709831892730e-03
-1.986502591848527066e+00
5.961271245137561570e-01
1.093891417186996007e+00
-7.459901012881048343e-01
-5.730983074526213583e-01
9.471262943666648448e-01
-4.686870140947999031e-01
-2.882412518703710846e-01
-7.434813255203084337e-01
-8.356589817424896482e-01
2.311963668269814420e-01
-4.235904000716032014e-01
2.843394458715763906e-01
8.003202855010095318e-01
1.266023183307449118e+00
-8.605663798232252581e-01
-6.495872989055824220e-01
6.411403974243760073e-01
8.680428788177821930e-01
-1.868286886063217134e+00
-6.580980782165633813e-02
1.066215376701291850e+00
9.474313496568366189e-01
-3.648583183993624468e-01
-1.991697271688740223e+00
8.001650984639592512e-02
9.041088448820377987e-01
-1.200290305338248126e-01
-9.230240534291792587e-01
5.552879027685514446e-01
7.848295554240205529e-01
-4.571213759664461418e-01
-2.649365135766328372e-01
-7.750948618699836645e-01
1.118410262233815899e+00
3.643818691766849138e-01
5.601614034949108367e-01
7.534640896643751695e-01
-2.394642525033103264e-01
-3.755766499794595537e-01
1.207834221916441964e+00
-2.513392858994763390e+00
7.712843385872955038e-01
6.729590235030732392e-01
-9.945471604100366569e-01
1.479548414220428210e-01
-6.781132161969407601e-01
-9.180787228099710484e-01
2.104847836625342250e+00
4.398371076430104276e-01
-9.003770139019002805e-01
1.063246615780770732e+00
5.158599633779622495e-01
9.321907934722274414e-01
1.365939590979110774e+00
-7.467149540623344572e-01
1.208898672890624110e-01
-1.140976099427868339e-02
1.319849610321968958e-01
3.360611343327619127e-01
7.790482084038127253e-01
-1.165848405305768276e+00
1.372167090637889109e+00
4.957244959723647315e-01
1.038091938296857863e+00
-1.391287685211231029e+00
-6.777998086244377829e-01
1.501496131667454881e+00
-7.136082248041855092e-01
-1.425542989625286472e+00
3.122216425556976205e-01
1.009111315072152459e+00
6.517169929421505747e-01
1.016067781469808695e+00
1.657504814898801637e+00
8.829504571176699512e-01
-8.789778121884177509e-01
8.823328306081343886e-01
8.916972293994916698e-02
-3.503077833997101376e-01
1.664467822217188253e+00
4.145873644306539291e-02
2.956663752620318220e-01
1.279157240167086096e+00
-1.302704211294983261e-01
1.511765478016391828e+00
-3.016521288755371066e-01
-4.895453721031196026e-01
1.286340487412783729e+00
1.012069312710923263e+00
-8.602784542644201782e-01
-2.030756458042060897e-01
-1.010968285997494664e+00
-1.526326306654913756e+00
9.993968683755420912e-01
1.790513007575176507e+00
-5.187432830570898323e-01
-1.871068475010556176e+00
1.085760784582173455e-01
-5.002187724292227466e-01
-6.662342299104205834e-01
-8.808302146628982365e-01
-1.650241574964266045e+00
8.090766182112156812e-01
1.136614769217069165e+00
1.644243054694101369e+00
5.701280687634283639e-01
6.932415737420261070e-01
-5.613219722668862932e-01
4.511156417145794073e-01
-4.464720264274639749e-01
-8.747542150046365705e-01
-1.057872189191843282e-01
1.424970005805616668e-01
4.268425415810574997e-01
1.417763701978279611e+00
-6.432983876140685453e-02
9.727747528365132679e-01
1.639659552517741814e-01
-1.837480481018290701e-01
7.106460218699655051e-01
1.202376077535157739e+00
4.033631187049095401e-01
6.423434000969731050e-01
9.843698786555312719e-01
