4.062547890448083704e-02
1.086257228484359127e-01
-3.929379655233875557e-01
-2.585450289112077860e-01
1.635303868487402834e+00
-5.330752332556322193e-01
2.335050743666575279e+00
-4.257147839120399291e-01
-9.939372593216833085e-01
1.356637289667284474e+00
6.175727882932717794e-01
1.668338142988673223e+00
1.210233502847881226e+00
-2.560509592857100891e-01
3.863227807982432260e-01
5.382299774554235583e-01
3.800425935525408305e-01
1.774724497440367088e+00
5.707909725679263802e-02
-1.208510995359272977e+00
-4.545911097762817543e-01
2.501495619325606601e-01
1.198468726096662884e+00
9.288361950372963083e-01
-8.419540481530899401e-01
-1.023314764778390229e+00
-1.868269955546018601e-01
2.245740921579282290e-01
2.183470288522768143e+00
-3.661352916833179871e-02
-4.143548354086632607e-02
6.186319134360797056e-01
-1.549291578470250119e+00
-4.312097021840973210e-01
7.465312335566101076e-01
-5.129105217592818677e-01
-1.021242283533816853e+00
5.475603263381546848e-02
-4.172626089509920977e-01
-1.206322518178826464e-01
7.284785342664892305e-01
-9.081302460556176515e-01
1.281644303132832841e-01
-4.346078953263858846e-01
-7.433936835036605295e-01
-1.033892596295328925e+00
-4.439961916865584612e-01
6.887307706628190695e-01
-1.690077183143889605e-01
-8.715835900380159984e-01
-2.301100215707330976e-01
-7.639380888668996228e-01
4.580750956179102662e-01
4.907195370204060769e-02
-6.339433241474135006e-01
1.025653218396075927e-01
1.063421379758258789e+00
3.073823951600877624e+00
1.360762453869311495e+00
-3.283629639981578419e-01
1.668296971924732697e+00
-2.173366492538864048e+00
-6.124065530754836673e-02
-6.129011200375370505e-01
5.019921060716198147e-01
-1.016584431632507224e+00
5.056573465164636572e-01
3.332312017560923878e-01
-7.261259608600937332e-01
5.084506525065303206e-01
5.993472697270277316e-02
-5.217957020883138286e-01
-7.881062397960846289e-01
6.355451366307197647e-01
1.256004798731256367e+00
6.278477928426273724e-01
4.875784458428354950e-01
-9.983779020161114293e-01
6.031965659581531858e-01
-1.245083003466520344e+00
2.091136366095711629e-01
4.440385610974604824e-01
2.120302709951725761e-01
5.349010687859793167e-01
-1.394488257082637447e-02
-8.641240154386476968e-01
-1.725970298778703782e+00
-1.921018468019561665e+00
2.295710518858318783e-01
-7.859513523314085592e-01
-5.037739201404149714e-02
5.409370480529697156e-01
-1.907926937075711538e-01
8.607181580347397776e-02
6.268921421577418052e-01
-5.231607949735237600e-02
-1.440980479738530606e+00
-4.826425472535473271e-01
-9.494704467068547649e-01
8.878651258322531881e-01
-1.879863056633527263e+00
7.226078557118273960e-01
-1.404116347991924751e+00
2.214830687373937845e+00
-2.123795334311043281e-01
9.667689784297748279e-01
-3.944149868892755234e-02
9.511493122547254320e-01
1.202573782769603472e+00
7.532910565092392208e-01
6.501089973169740244e-01
9.501343634090786416e-01
-3.091166472024572953e-01
3.491477205521423266e-01
4.523956904934818279e-01
-1.471980682038006139e+00
-7.376787572742891097e-01
4.860007954173077849e-01
3.381235613661831563e-01
2.026401051304083989e+00
1.322483364788655136e+00
1.359961555482151807e+00
1.289046180037176637e+00
9.300707714272784532e-01
1.899119462090495203e+00
-2.947475240885009118e-01
-3.638646382593633266e-01
-6.740635110747403846e-01
