-1.926153680997799866e-15
1.499411705907505123e-15
-3.698708006538709156e-16
5.691142002106630618e-16
-3.771705170407813171e-16
1.044553332718578541e-15
-1.538214000618154335e-16
1.096900348329654650e-16
4.324318680914984868e-17
-1.482147737874583942e-16
-5.766498389903063016e-16
5.879741138414829330e-16
-9.240386233955178328e-16
2.860156556039328330e-15
1.458166920542680638e-15
-6.454836665170660189e-16
1.543654093438817644e-15
-3.890221478286548522e-16
-2.128741627416275094e-15
-5.735412145213559098e-16
3.705591389291385256e-15
9.243716903029053924e-16
-1.980415831326354344e-15
1.059818899307174364e-14
7.293943227182352695e-15
-7.164269177906135479e-16
-8.931522188504458592e-15
7.764344722716032518e-15
3.370526080459512937e-15
1.865951837487500443e-15
-9.040879156430038026e-15
7.888689701474050555e-15
-1.229405466318667089e-14
6.779576899873518162e-15
-3.252953462151708471e-17
-4.721112389916015773e-15
-1.401101457076947566e-16
8.171241461241151506e-15
1.931899085150234874e-15
6.894707027527146788e-15
-1.051736475687903286e-14
2.085664974060819228e-15
-1.182698383672686824e-14
7.115974476334940720e-15
-2.458255821125021552e-15
-1.788125203461277307e-15
1.029620833037370079e-15
-6.907696636915261611e-15
-1.633371216058776657e-14
-6.938782881604766121e-15
-8.162359677044151232e-16
-6.164846411138569093e-15
-1.935340776526572727e-15
-1.117772541192607562e-15
3.511413382284445119e-15
-9.289902180853460082e-15
5.346501019687365960e-15
1.719624442841905051e-15
1.414868222582299470e-15
-4.121425423164737620e-15
-2.788436148648543129e-15
1.243172231824019012e-15
-3.494926570368761708e-15
8.241518578699925001e-15
9.065359574123021288e-15
-3.231970246986293277e-15
1.485706002668507717e-14
-5.004496816951587201e-15
1.443023478486793455e-14
-2.619238159695669171e-15
3.905431533723913118e-15
-1.407929328678392241e-14
-5.494216193113743114e-15
-1.142952399391106081e-14
-2.270406085358445046e-16
-2.031669277258174561e-14
-6.094569293679796387e-16
-1.840455565726984019e-14
4.990396984538847442e-15
7.787215317023311083e-15
2.167804824537711261e-14
3.635758361042462367e-15
-5.898503907530993937e-15
-8.428258091441875782e-16
2.687294831105191513e-16
-1.784189462838980952e-14
1.447286734901354020e-15
-9.166944980876223806e-15
-2.407729571274330735e-14
1.365657587015789356e-14
6.865896740038124461e-15
-1.906741431412228846e-14
-7.013334357708344789e-15
1.744399069636415306e-14
-2.711497693042019626e-15
1.116284842339609967e-14
-5.921818591048122320e-15
-1.129374371799940428e-15
-1.924005399445150106e-14
6.066702695761705216e-15
6.450451284223390392e-15
-2.787325925623918193e-15
-4.610201109755962376e-16
1.322286724558807681e-14
8.029132914089132329e-16
-3.191114039680087283e-15
-1.655309223025369740e-14
1.189270903978467658e-15
-8.240297333372836231e-15
7.465805751394327129e-15
4.912570350512623912e-15
2.961575429338836279e-15
-1.424454998399937876e-14
1.502009627785127891e-14
-1.243233294090373490e-14
-7.573719429387893279e-15
1.092115287093520235e-14
-1.632982638000157890e-14
1.655875436767928434e-14
8.827050201887232661e-15
4.131750497293751178e-15
2.208866423103472627e-14
1.056044141023448952e-14
6.660116902423851261e-15
1.208338984426404813e-14
2.493255601976329571e-14
-1.018823914122890509e-14
-8.774481141671231348e-15
-8.326672684688674053e-15
-9.413081425435620872e-15
1.024996754139806351e-14
-2.496641782201436374e-14
1.069849764334662744e-14
4.113592799726006817e-14
1.110944669591162867e-14
8.491929381904128819e-15
-9.765466213451646290e-15
6.258882301324320194e-16
-6.937062035916596800e-15
-1.537858729250274344e-14
2.081512739948720880e-14
8.620881786214340181e-16
-2.271771659678733962e-14
1.198674492997042748e-14
-1.617872502635009345e-15
1.726813136926352791e-14
3.403055615081029941e-15
1.629674173386774904e-14
8.452072375320084714e-15
1.469496746508980343e-14
-9.769129949432909446e-15
6.308120692466445714e-15
-1.239719438217434816e-14
-2.374195284815527899e-14
-5.309364059513654645e-15
-1.059402565672939993e-14
-7.518208278156635452e-15
-2.312150471084350910e-14
1.736671917385024239e-14
-3.056394026756947869e-14
-1.926769854776466693e-14
1.039818231518552279e-14
-2.179589841944107481e-15
8.699707620962726982e-16
-1.213751321671452301e-15
1.710392938392146892e-14
1.131295057632541969e-14
4.435951606041044291e-15
8.027467579552194531e-16
-5.319800155945131249e-15
-1.839317587126743006e-14
-6.879274927484857579e-15
2.522704267704511965e-15
-1.809757899096098276e-14
-1.189720544303440863e-14
-7.657263711990936056e-15
-2.159467049622776282e-14
-4.052425062184283629e-15
7.228384557578238135e-15
2.321809411398589901e-15
-2.064254323030922930e-14
-1.190669784989495329e-14
6.913303263189618601e-15
-7.518152767005403929e-15
3.991307284678668812e-15
4.981570711493077507e-16
4.646394380358742536e-15
-8.553380226317131195e-15
-2.702249535246892169e-14
-1.374567126788406338e-15
2.873778992551478728e-14
1.246613923200356984e-14
-8.904654791308530889e-15
-2.409072941134127357e-15
3.148592497836943787e-16
-3.040401264087222488e-15
-7.819411784737439740e-15
-6.011191544530447389e-15
1.161304385988159983e-14
2.691113998309902005e-14
3.344990950893134289e-15
2.557842826433898318e-15
-7.595368778368083074e-15
1.914002289993277330e-14
4.973244038808388912e-15
-5.028200078527333877e-16
-2.160832623943065434e-14
-1.371036617570098364e-14
8.956724251163450074e-15
1.653632786258185638e-14
1.506572644416337299e-14
-7.057909812147045462e-15
-7.523093259464985800e-15
3.030198314490917018e-14
-3.062983200408098239e-14
-2.085320804923185364e-14
4.026778910315442528e-16
-1.496780477339143678e-14
-1.023614526474148057e-14
-2.433941936885730570e-14
-2.044031610637375858e-14
-8.042455590384633726e-15
2.084965533555305195e-14
1.720401598959142624e-15
1.048960918126340395e-14
-6.192935053661585566e-15
2.113975661188760610e-15
-1.332323140701419056e-14
1.698530205374026934e-15
-3.365407952315990981e-14
-1.413302808117578098e-14
-2.214417538226598410e-14
1.298061658161486741e-14
5.355937915396679886e-15
1.105926461519857180e-14
-1.489031120627260042e-15
-4.150568777561147505e-15
4.383049478917655418e-15
-1.183120268422044347e-14
-1.318745113110253403e-14
1.701039309409679936e-14
-3.915712198931942405e-14
1.087130385712953264e-15
3.650302282665051943e-15
1.129951687772745584e-14
6.671219132670102984e-15
1.962408013866934306e-14
7.740696972291515787e-15
-5.542677428138631456e-15
1.682987083029274877e-15
6.886824444052308403e-15
-1.921274250804572118e-14
-1.128408477768516663e-14
4.576117262899970620e-15
1.523892123600489766e-14
1.421196493822662786e-14
6.215916670271326388e-15
-2.758238082378738884e-14
2.523536934972980864e-15
-8.827383268794619235e-16
-1.933619930838403800e-14
-3.028877149091613400e-14
-9.497735931063289374e-15
2.300160062418399317e-15
-2.104771912314617897e-14
-2.775668583865354002e-15
-1.290823004040930709e-14
-2.662314813051125530e-16
-1.976530050740166202e-14
-1.227462576025573096e-14
5.746625397762273078e-15
-1.156386097989070563e-14
6.562750343164225550e-15
7.051914607814069389e-15
4.314604229449514605e-14
2.010092092774584641e-14
-4.803935027553052303e-16
1.330890952999652707e-14
-8.836265052991621284e-15
1.821687245495695589e-14
1.151023720780131012e-14
3.338551657350308400e-15
-1.671440763573173298e-14
-1.594724352571574940e-15
2.161981704773552436e-14
-2.079558747425380899e-15
1.010747041618742584e-14
-1.087496759311079619e-14
-3.781419621873283331e-16
-1.280453520990931775e-14
-9.255263222485155463e-15
9.310552329111487199e-15
-2.793654196864281431e-15
-7.981726390937637992e-15
-3.738565013122752077e-15
6.030731469763850359e-15
8.496758852061247644e-15
2.730149439855722568e-15
5.995981489093082694e-15
8.881340107791401718e-15
5.390132784555134688e-15
-1.799294047089006227e-14
1.781308434090078640e-14
-4.208522419446580507e-15
-1.551003769861836170e-14
2.875477633779155282e-15
2.257094511293189362e-14
5.285216708728057364e-15
-1.024103024604983092e-14
-5.914824185992984357e-15
-6.497691273921191541e-15
1.008160221971365924e-14
1.799238535937775019e-14
1.170175067954914899e-15
-7.322475958915219773e-15
-5.328071317478588715e-15
5.454636742285856624e-15
-2.093214490628270053e-15
-1.445732422666878834e-14
-1.252820069908011581e-14
-6.884603998003058532e-15
-3.518740854246971114e-14
2.011169009108470899e-15
-1.390298987047344824e-14
8.638756376910806339e-15
9.144351942325101277e-15
-2.047828573381593722e-14
3.951172722338469460e-15
-2.631506124117777353e-14
-3.162836659242884500e-14
-5.210054609960934310e-15
4.425237953853411650e-15
-4.367395334270440906e-15
1.479161237938342250e-14
2.935540699411376292e-15
1.053601650369273507e-16
5.654587909020847531e-15
1.658662096559737630e-14
1.004296645845670390e-14
3.844480289671992081e-15
2.386424391431774094e-15
4.635736239322341419e-15
1.431565976872661721e-14
1.432187701766451977e-17
-2.312783298208387431e-14
1.638800206649193484e-15
3.819500271617925901e-15
2.112732211401180413e-14
1.792155313040666462e-14
1.393152260220631374e-14
-1.051647657845933323e-14
-8.311129562343921799e-15
1.508237978953275097e-14
1.231326152151268630e-14
-1.264888194185687069e-14
1.060529442042934544e-14
1.348066103190603846e-14
6.071587677070056353e-15
-5.373479439185757498e-16
1.625810597261079213e-14
7.327582984828496213e-15
1.423083872964525611e-15
4.243716489327197988e-15
6.149858400306129700e-15
-1.713806874192869299e-14
-3.213873611684903197e-15
-1.080813216702836134e-14
1.599431698195985440e-14
8.316458632862122752e-15
-5.758282739520836875e-15
-4.324651747822372600e-15
1.289979234542215664e-14
1.443423158775658526e-14
5.781486400735503000e-15
3.354094779695060260e-15
-6.448175327022908997e-15
4.480305015874818872e-15
3.261568792822799994e-14
1.351496692336695552e-14
-2.040034807748725143e-15
-4.178546397781701722e-15
-8.139378060434410410e-15
2.374545005068284995e-15
-9.902634268144083005e-15
8.179901200833228056e-15
1.826661044646016373e-14
-1.843969421599922694e-15
-8.640865800657593165e-15
3.643085833004988678e-15
6.860401136066229728e-15
2.155819966986882741e-14
4.704014955336788372e-16
1.484501410686789192e-14
-2.825073508461173500e-15
9.934275624345901165e-16
-6.607381308754156957e-15
2.429023648886641308e-14
7.464251439159852377e-15
-8.226086478657634214e-15
-4.545031018210466110e-15
6.881162306626719890e-15
3.944622406493181117e-16
5.482392317901485538e-15
1.282041139916145757e-14
-1.754751899341044941e-14
4.299560707465843374e-15
5.403344438548174026e-15
6.115219441937825081e-15
9.061973393897915747e-15
2.115330133278803378e-14
-2.303934820702124730e-15
5.061950858475938863e-15
-7.915335054065053744e-15
-3.160027794990583168e-15
2.353006678390556747e-14
1.909927771492903114e-14
-7.741585150711216406e-16
-2.440614377263727751e-14
9.296008407488897623e-15
1.712296970879378937e-15
1.736732979651378756e-14
-2.537192678175870412e-15
1.519062653443370310e-14
6.967759702547482227e-15
1.104760727344000721e-14
1.180167075176541489e-15
-3.157252237429020040e-15
-1.233790847265936413e-14
1.258226856037936193e-14
-1.132105520440518416e-14
3.444466933899548009e-15
1.312616682014322622e-14
7.188694084447888205e-16
2.262856568790994222e-15
-1.056710274838224071e-14
-1.948763372894290983e-14
2.381983499333273168e-15
-1.002031790875434985e-14
2.790045972034249720e-14
-3.265665515783666504e-14
-1.679334449278257987e-14
9.774070441892491317e-15
1.582722841675376885e-14
-5.530687019472680099e-15
-2.241540286718191197e-15
3.442135465547835486e-15
5.959677196187840672e-16
8.260947481630864925e-15
-5.272338121642405586e-15
6.849854017332290867e-15
-1.531641480312373442e-14
-5.411004977418087896e-15
7.690625913880921960e-15
-1.062372412263812387e-15
6.404321517550215756e-15
-2.109357133406319915e-14
3.355538069627073150e-15
3.979261364861485933e-15
9.126921440838486711e-15
-1.394351301087226588e-14
4.712896739533789830e-15
-4.923395025002718809e-15
1.690914075425098440e-14
-5.026756788595321382e-15
-2.913225216616410589e-15
9.436895709313830594e-16
-8.382960992037170045e-15
1.177669073371134832e-14
-2.113231811762261595e-14
-1.488664747029133529e-14
1.430189300322126619e-15
-1.875000155138195522e-14
7.516431921317234608e-15
2.017630507111789476e-14
2.361921769278296723e-14
1.661670800956471852e-15
-4.802935826830890019e-15
5.976774630767068073e-15
-8.111511462516318451e-15
-5.762945676224262709e-15
-5.174860540080316829e-15
-3.157030192824095132e-15
-2.488220740559654584e-14
-5.446421091903630680e-15
-4.176325951732451061e-15
-1.447952868716129140e-15
4.834244116125319042e-15
-7.728373496718177661e-15
-2.192956927160594215e-14
-1.645172886810541940e-14
2.717936986584845910e-15
-9.970468894948680537e-15
-6.314282430253115567e-15
1.413158479124376769e-14
-1.400735083478821270e-14
2.400191156937125899e-15
1.793210024914060349e-14
1.266542426492378523e-15
5.202838160300871045e-15
7.372547017325815179e-15
3.971711848294035109e-15
-5.583533635444837450e-15
1.669497873280079148e-14
-1.052780085331050868e-14
1.380073832990547060e-14
-9.149569990540840763e-15
-9.741096818061122523e-16
-8.998357614586893445e-15
-1.303568364363627621e-14
-8.227973857799498104e-15
-5.252687174106540359e-15
3.606559495494820958e-15
