-2.550237798715215970e-15
-9.834355552129637235e-16
8.302247778146920341e-16
9.711814685786634225e-16
-8.964530506805345706e-16
-7.201461649231078318e-16
5.506706202140776401e-17
-2.103872631664671664e-16
-1.572630914381534342e-16
8.343881141570364303e-16
-2.752242878045763166e-16
-7.529532553007811689e-16
2.230216011867014566e-15
2.274069821339708202e-15
1.628142065612791972e-15
3.302913498259840806e-16
2.553290912032935135e-15
3.768985123997481468e-15
1.105893154829118463e-15
3.045230734244341707e-15
-4.170663814306863337e-15
4.134914632913932994e-15
2.121414155453749177e-15
-5.067835040506451890e-15
5.644373857194296230e-15
5.073497177932040403e-15
8.748557434046233420e-16
-9.308109838457312814e-15
-3.581579477440754976e-16
-9.896972130718496070e-15
3.804734305390411811e-15
-2.592481784802202937e-15
5.288214310894545400e-15
-5.366596056433081792e-15
2.155498002309741329e-15
-4.371725204066479181e-15
3.888001032237297960e-16
-4.081734950034388084e-15
-5.415667914121513730e-16
-1.433408947093539564e-15
-8.367417869692417790e-15
3.728684028203588336e-15
3.660738379096528547e-15
1.810662730861167919e-15
-5.816458426011194981e-16
2.276734356598808678e-15
3.458899833219675131e-16
-4.053979374418759170e-15
2.942202037559127483e-15
-1.043720665450109642e-15
4.005962228603721434e-15
-4.914124662747099453e-15
-9.542089340897064744e-15
-1.110778136137469205e-15
2.085553951758356577e-15
2.369549001457471601e-15
6.024070131616099562e-16
-5.647371459360783478e-15
1.721123243925148872e-15
2.989108960349540284e-15
3.834876860508984376e-15
-2.075062344175648845e-15
-2.677469357337258603e-15
-4.016453836186428772e-15
-3.610167720324852591e-15
8.091916026131683958e-15
-5.084488385875829080e-15
1.863509346833325269e-15
2.550626376773834658e-15
-5.214939591269285447e-15
2.708000490514450645e-15
-6.416978060030942231e-15
-4.687639165723567021e-16
-3.730127318135600831e-15
-1.251843073646341511e-14
2.800842890948729329e-15
-3.889472077744926808e-15
2.921857200632871376e-15
-1.605798827242210704e-15
-4.671818487622658533e-15
6.369904603786835453e-17
-4.016315058308350754e-15
6.686429188107467679e-15
-2.253919273442761636e-15
3.513161983548229806e-15
-1.790512182964221106e-16
4.938549569288852376e-16
8.250344851745694935e-16
-5.128009128441135551e-15
1.137603899969974489e-14
6.960987342097268778e-15
3.919198299229265318e-15
-9.161282843450634899e-16
8.266859419236994502e-15
-7.726264072971389257e-15
-1.146566175336261023e-14
-2.009004074210452157e-15
-6.901340610099282218e-15
-1.450783937428923396e-16
4.221012428473613991e-15
-9.437867154460378300e-15
4.260633512664924517e-15
-2.193009662754263846e-15
9.842404669058168610e-16
4.302544431844523924e-15
-1.209726763207186258e-14
3.871722387138732169e-15
-1.051700393439602994e-15
-1.693940820945982829e-14
-1.873834420962339222e-15
-2.548183886119659484e-15
-1.140185168502228036e-15
-3.735428633078186023e-15
-1.197536514396802051e-14
-1.592974363529009346e-14
-1.801059301698160164e-16
1.821487405351263211e-15
-1.428074325460215813e-14
8.438999499205124973e-15
7.183309502778456123e-15
-6.996084267463231489e-15
-2.082015115867363954e-15
6.001546482004016437e-15
5.773853617441204546e-17
4.338550352311898286e-15
1.620550915681917505e-15
-1.176760078269722944e-15
-6.668540719623195021e-15
-1.901871021781076438e-15
6.855613299272534151e-15
-5.319342188947473157e-15
4.437908374121946401e-15
7.472215554638062504e-15
3.191984870865027953e-15
-3.484608435133651499e-15
3.568156187183646542e-15
-3.537701381839397647e-15
1.471116284346152174e-14
-2.657301462205552285e-16
-1.172615823885614374e-14
6.697838464408967531e-15
4.728464581688074268e-15
1.135867094825826559e-14
-3.017325105048040996e-15
2.793963628164308725e-15
8.833164668459181193e-15
-7.381942279671704278e-15
-2.040030123995339998e-14
-1.939593451127930084e-15
1.615544503730248497e-15
9.341749596103454754e-15
-4.296639433132298879e-15
-2.474458138390645183e-15
1.517667935768685043e-15
1.994689136086691232e-15
1.956230316624285529e-14
7.141575525393406111e-15
3.134985326891381722e-15
-1.099870194920527024e-15
2.218681488530549389e-14
6.604487789996227434e-15
-1.088300977114542382e-14
6.459471846298470262e-15
1.210975764109889617e-16
-9.894661479048494382e-15
-2.872410642673628631e-15
3.665998060675690491e-15
-1.009499428494820063e-14
3.588809804888626319e-15
9.396650124671168541e-17
1.513277003706292645e-14
-7.156927828155801484e-15
-2.785674468874788276e-15
3.887959398873874515e-15
6.730893620243705306e-15
2.967195933401001150e-15
7.747108510258727493e-15
5.552641679784642679e-16
3.637479206730631688e-15
-3.667316450517432454e-15
-2.528963150005836193e-15
1.715790010070605791e-14
-9.775735776429429114e-15
9.121772781561787812e-15
-2.436259527449635527e-15
-1.159511375803390313e-14
1.531152982181538250e-14
-8.643960547338736761e-15
-3.766806311311654844e-15
8.427009090539172828e-15
8.999051503977285114e-15
7.194106421692936048e-15
1.758176937372013653e-14
-5.909162048567395844e-15
-2.542271948513530301e-15
-1.227629109479266758e-15
-6.558253939914493496e-15
-1.751737643829187606e-15
2.668171239506023091e-15
5.563466354274737379e-15
-1.320674125615539593e-14
9.215003760054684790e-15
-1.442659880446228794e-14
1.752346878713950769e-14
8.240921833824188891e-15
-6.393691132089429611e-15
6.414896391859770378e-15
-7.714245908729822140e-15
-4.028805067335383449e-15
-3.277503268783732592e-15
-4.318212454279546711e-15
-1.994207576849760335e-14
-1.011718486765289541e-15
2.481292948885993503e-15
8.827966135882547267e-15
5.341727060681477869e-15
1.000866056699578684e-15
-1.483202449747977946e-15
4.228645211767912100e-15
-3.985811680706774868e-15
-4.176575751912992126e-15
6.068395785874258776e-15
6.965289456317691291e-15
3.167743845011727970e-16
1.056743581528962827e-14
6.568079413682425714e-15
-8.779338367403966723e-15
1.619779310679803045e-14
-2.231925755324937109e-14
1.875441468790483999e-14
1.303052110657176825e-14
1.187311360340004287e-14
1.290201279147140651e-14
1.137984151355908606e-14
3.669037296205601775e-15
3.391259495444387732e-15
1.473268729235144416e-14
-2.418315547814131741e-15
1.174896291367133438e-14
7.734340945475537183e-15
-4.645367424060964096e-15
1.409150574005480026e-15
-2.990901970534309875e-14
9.959644220458585639e-15
-5.510425449273270488e-15
1.342548294758216820e-14
1.401184723803794397e-14
2.379901831162101315e-15
-2.104399987601368666e-15
-3.052513797285883194e-14
7.518569100639637984e-15
8.021805442126606610e-15
-1.948469163792765174e-15
-5.744502096227677189e-15
1.181049702481118325e-14
-3.361783074140589498e-15
-8.628403547206175442e-15
3.780614710180430292e-15
6.245004513516505540e-16
1.241479141711465729e-14
-9.542366896653221175e-16
-3.340466792067786473e-15
-2.422728684337016511e-15
4.183431379090052070e-15
-7.528949685919883854e-15
-1.217545508858108786e-14
-1.245256675552752797e-14
-2.523722897329605677e-14
-1.054580034409724438e-14
-2.416206124067343732e-15
-2.526509557121414557e-14
1.035652119618646287e-14
-1.414529604559788758e-14
-3.003539084112105396e-14
3.936018178052336288e-15
-8.142930774113210914e-16
4.078071214053124929e-15
-3.821831739969638818e-15
-3.186964581125550669e-14
5.181605144954915305e-15
1.644208380557898924e-14
5.879408071507441573e-15
-3.183703300990714477e-15
-4.991868030046475699e-15
-1.760604162459600118e-14
4.724665103594815883e-15
-2.335229232208746503e-14
-2.717207014946154618e-14
1.140504357621807754e-14
-2.611535987462332211e-14
2.425587508625426529e-15
2.282840583234247008e-15
8.176959109817971542e-15
-9.301670544914486136e-15
4.777567230718205151e-16
7.364345244731396721e-15
4.236735962059867512e-15
-2.109284968909719261e-16
7.122996636965694443e-15
8.897937942009548174e-15
9.906311881913155224e-15
8.304051890561936946e-16
-2.092634399097903558e-14
1.825599393878718428e-14
-6.178529909917074008e-15
-2.422512190847214755e-14
-7.701589366249094875e-15
-2.004200971850167555e-14
2.894572082023927371e-14
9.114320409508990970e-15
8.396602857452250924e-15
6.672939978358272305e-15
2.809821819660385321e-14
-1.031054408517917374e-14
1.684455352979341597e-14
-2.056702030905910214e-15
-1.005402705533953238e-14
-1.134106697442405271e-14
1.180937292399875162e-14
6.866535118277283819e-15
-2.565000989385168878e-14
-4.676521669910727339e-14
-8.246778260279086945e-15
4.347920634639734857e-14
-1.309473363075852666e-14
8.012035479509904336e-15
2.307509738841418001e-14
-1.728950316248756167e-14
-7.528519474497840735e-15
-5.048461648726743094e-16
2.911865193411244668e-14
1.252914438865104736e-15
-3.136699233685646984e-14
1.700401625059910637e-14
1.998020499049957281e-14
-2.818391353631710684e-14
4.171718526180256750e-15
-9.259364108782363903e-15
2.159564194137431053e-15
-1.531075266569814749e-14
8.744921453640586618e-15
-5.265449187774606728e-14
-1.174745717369418740e-14
-6.540677721655896379e-15
2.147002367558492644e-14
6.194190993458193052e-15
-2.021958989129046687e-14
-2.102658325231487721e-15
2.393328590866161818e-15
-7.123010514753503507e-15
-2.138660429307215419e-14
4.955705984466263172e-15
-3.023960942760695103e-14
9.377821436062916253e-15
4.708215588233866472e-15
6.590006318418772533e-16
-1.694276316466236619e-14
8.913276366984136062e-15
3.460839254065817291e-15
-2.463962714416290155e-14
6.937787150329555314e-15
-2.264629456183442306e-16
3.271033834420511382e-15
-1.418007117975905730e-14
8.359512734812390269e-15
8.384066010891366779e-15
-1.320931732051722250e-14
-1.564688482946774398e-15
-1.927628369424727706e-14
-2.610127391999839063e-15
1.139737956790121101e-14
1.530229415402928422e-14
-1.966536655739758981e-14
-1.534411486758813260e-15
-1.388356617171293573e-14
-3.014599680994933871e-14
3.606819010126827263e-14
-9.796531641459437992e-15
3.115720875745964140e-14
1.482921424544869486e-14
1.051055076306539617e-14
-3.670074660844235988e-14
7.760514453281074794e-15
-2.015358019358259796e-14
1.537714400257073095e-15
-3.007690624334813212e-14
4.278410958846734130e-15
-2.711406099642488087e-14
-2.255753916990954632e-14
-1.730353360596126478e-14
-2.135778359724227625e-14
2.404371840514230068e-14
1.980937636147927977e-14
1.364180990393037947e-14
-1.791413545282338807e-14
2.279031130481001696e-14
4.093780869851570963e-15
-1.691233264544678198e-14
1.103196700658060097e-14
-9.457365446330357233e-15
-9.067607775747887710e-15
-6.451880696367595401e-15
2.623117001387953413e-14
-1.084168865794765678e-14
6.092279458691507506e-15
-5.343211983976914401e-15
-1.699657081744021485e-14
2.793265618805662743e-15
-1.086698786512130224e-14
9.215628260506037450e-15
3.180512797573697885e-14
-2.003705534825428304e-14
2.293798484487297166e-14
2.103418828003356114e-14
-2.666936116391127623e-14
2.472035076639400568e-14
-9.196921002541102591e-15
-3.966549311229527935e-15
-8.340966806130723157e-16
1.659203330284242533e-14
-2.643468777208113342e-15
-1.398275939479276481e-14
-5.922942691860555530e-15
-3.799127679116054032e-15
3.537908854767124300e-14
-2.287503519937672448e-14
5.455441653978709762e-15
-1.453856479649573475e-14
9.140299628285220617e-15
-1.077354871981128824e-14
-1.251113102007650535e-14
1.361838419811078883e-14
-1.432004514967388700e-14
1.033154117813239748e-14
3.831482353611192765e-14
4.491604310707941633e-14
1.443872799100631811e-14
2.950717448158002152e-14
4.888814353343207368e-14
1.408287375603833907e-14
-6.496775339925875358e-15
-2.596883819094841718e-14
-2.147593214374410177e-14
-1.739172694747992275e-14
-2.597089210354397248e-15
-3.084710265000012482e-14
-2.162392487292663496e-14
6.026568133421505864e-15
-1.217836942402072940e-14
2.949482325043106842e-14
4.580030799061774050e-15
8.185119249048965963e-15
6.901201832221204200e-15
-1.367223001480510886e-14
1.538663640943127482e-14
-2.123809461629377872e-14
-1.887417999668628027e-14
-1.572381114200993554e-14
-6.987493916810194738e-15
-2.416178368491728365e-15
-1.476627153884635300e-14
-2.713784752472747719e-14
1.918157299662937175e-14
9.263478872867381407e-15
2.996955461576078652e-14
1.127054005678473973e-14
4.346273341226947423e-15
-6.855321865728569839e-15
3.510547408325237464e-14
2.549627176051671979e-16
-3.111677582268157241e-14
1.560065965300338972e-14
1.032268714951101139e-14
-1.060143639541877274e-14
-2.660416331679016263e-14
-3.725150743427718549e-14
1.598360332977222255e-14
1.934707949402536600e-14
-1.810884775466092827e-15
-4.464428826622679846e-15
-3.344330368193482243e-14
6.719735878846222849e-15
2.258526698994955947e-15
2.391531417345049745e-15
2.116057329359932699e-14
2.920774733183861808e-15
-1.751673806005271591e-14
-8.451961353017623246e-15
-1.306105223974896069e-14
3.177313967483996880e-14
1.058042542467774112e-15
-1.675481975382808600e-14
-3.135802728593261913e-14
3.160804951107820544e-15
-2.528532938583793863e-15
3.954980787312933944e-14
-3.732969489078641234e-14
5.206501896282134200e-15
1.584182784952758837e-14
-6.706413202550720466e-15
-1.262379090150034225e-14
-7.052802786233769811e-15
-6.135758567893389941e-15
1.352307155144672000e-14
-1.275340943962532972e-14
1.798505788741522388e-14
-6.860678691822385765e-15
5.911937606128958775e-16
1.462679977137781834e-14
-2.342370741814647765e-14
-3.395339565059884864e-14
4.003519737949545471e-15
