5.295226201117061689e-04
1.872106266501272123e-03
2.495620236219600781e-03
3.219064136364766047e-03
2.396797405503774646e-03
3.425394549517077249e-03
5.557900480072715255e-03
6.889306920782069937e-03
6.648809269033766935e-03
5.943344494936005085e-03
7.049567831055350911e-03
9.497153753040474961e-03
1.032853919823491055e-02
8.555068399002866211e-03
8.613696999808687776e-03
9.078557991874219163e-03
1.067406220510378617e-02
1.163298564956828478e-02
1.146151563146052647e-02
1.134191166816268283e-02
1.145860307668999413e-02
1.355882151289435240e-02
1.422879078326087787e-02
1.533666876384504746e-02
1.594739403250003060e-02
1.728608556208510380e-02
1.883516067777795885e-02
2.049528588668600090e-02
2.194510779925082714e-02
2.174911223900818577e-02
2.520835719980651229e-02
2.640003162136319789e-02
2.865996797750089767e-02
2.886596220639735255e-02
3.081833811558954556e-02
3.406226147376703595e-02
3.480906878550487499e-02
3.677764584482609567e-02
3.885565970254879764e-02
4.092028931366550187e-02
4.314894625797351113e-02
4.432040198821019655e-02
4.619423188994312146e-02
4.930777770842793839e-02
5.083907116452091035e-02
5.221967786374772519e-02
5.417571684854183972e-02
5.568893905514611664e-02
5.839357408386972731e-02
5.975942685098276086e-02
6.215970505162897453e-02
6.546507309277392606e-02
6.529242983653722743e-02
6.796472388786334307e-02
7.012902199120368829e-02
7.228199324391558489e-02
7.472699392365404758e-02
7.563361904810229908e-02
7.857160362627094163e-02
7.955182251813971983e-02
8.161465887739040304e-02
8.372803516282822933e-02
8.573793672699094037e-02
8.757328412799651740e-02
8.839893839885357152e-02
9.135767801079489048e-02
9.290912898383976715e-02
9.505786249983431968e-02
9.624196777987793772e-02
9.756321826510565287e-02
9.912923809094345562e-02
1.015128412655249279e-01
1.042323711339330772e-01
1.061092130890291113e-01
1.075236393463554485e-01
1.092794735604773332e-01
1.109881827387811798e-01
1.118347095727445645e-01
1.136623150782807845e-01
1.164151118891287445e-01
1.173992200988160928e-01
1.190892858217944550e-01
1.201850397264595111e-01
1.233165380898184060e-01
1.245290276773876603e-01
1.248026685708841926e-01
1.262730112735431787e-01
1.283655117206772556e-01
1.302578947129800491e-01
1.324067017905321553e-01
1.334855648753197344e-01
1.348316425441430100e-01
1.364633506049472422e-01
1.383489680047920445e-01
1.398319665686705571e-01
1.406342987368820185e-01
1.426088067223074130e-01
1.435574447543004617e-01
1.461780877361031350e-01
1.465836225400638515e-01
1.486393289078294933e-01
1.494907107551453618e-01
1.514541685500163659e-01
1.519954696282178330e-01
1.531562483916326933e-01
1.539185847403185536e-01
1.558994946897320488e-01
1.573118692943528685e-01
1.591947516629685921e-01
1.604491396183323204e-01
1.610979305652679716e-01
1.622190466861385683e-01
1.637821048681183944e-01
1.645928652934949554e-01
1.656374126251329293e-01
1.668515316272745075e-01
1.680632325659122961e-01
1.698378516981475239e-01
1.712179918628273234e-01
1.713363258288574387e-01
1.727528104452629720e-01
1.749645693941238311e-01
1.745105217183988977e-01
1.759054079630189005e-01
1.773792780083323639e-01
1.781806283014520653e-01
1.793146652769472271e-01
1.805559777273120503e-01
1.815014492970367377e-01
1.828146391168690432e-01
1.833720538957468449e-01
1.840569711348632731e-01
1.854360684479808841e-01
1.869077457269284204e-01
1.868985012628320563e-01
1.872666001304703898e-01
1.883399759373609594e-01
1.897493247503463931e-01
1.912015287805517161e-01
1.914538686415879765e-01
1.922582163375229636e-01
1.932268458906520048e-01
1.943285324166211803e-01
1.949412495827942959e-01
1.952724183593264884e-01
1.971014497454806058e-01
1.979115072698868216e-01
1.975186816643821341e-01
1.983825160245947794e-01
1.983229888628723625e-01
1.998194540950245512e-01
2.007859040021506836e-01
2.017332927825999100e-01
2.022331544010564919e-01
2.033941165574353060e-01
2.036049204823764391e-01
2.043341669325975662e-01
2.053682101751690692e-01
2.062258157175441697e-01
2.062353774911824811e-01
2.065481416787662006e-01
2.075757445155367031e-01
2.080870159735755121e-01
2.091432615136767925e-01
2.093268933736845416e-01
2.093077448721843425e-01
2.096066515375898109e-01
2.108089169862409074e-01
2.113260050281113023e-01
2.120513144974906228e-01
2.125041836460732358e-01
2.140434350052196621e-01
2.135412939291360668e-01
2.144470483119936266e-01
2.152133130590631327e-01
2.153019717143171696e-01
2.158296171976056554e-01
2.165277721603118544e-01
2.162775326022590427e-01
2.167808111619953515e-01
2.173332133438400648e-01
2.179815068889656982e-01
2.183139235431414971e-01
2.188381200199989440e-01
2.191838655029442473e-01
2.191613774831219774e-01
2.194125876913642081e-01
2.200690706774221239e-01
2.199830146034573719e-01
2.209015685242138594e-01
2.217675040181936452e-01
2.215703983206728234e-01
2.220162558327978264e-01
2.223114362274599964e-01
2.226391832522195413e-01
2.229191282743350211e-01
2.234356800470281568e-01
2.231545897830291003e-01
2.235825349272198281e-01
2.239393146397799794e-01
2.248824828532418607e-01
2.246226563067469373e-01
2.249942467282529668e-01
2.250000797570528011e-01
2.253749195980325193e-01
2.256955441459249645e-01
2.264038657659344367e-01
2.262331812604405357e-01
2.265472078661362187e-01
2.266063287596573605e-01
2.268572129193995035e-01
2.268318500506512903e-01
2.276439386546873778e-01
2.274683614857808400e-01
2.275107099368032793e-01
2.283944966627509676e-01
2.278127474312587886e-01
2.284575859534250797e-01
2.287255215126924590e-01
2.288420516066855814e-01
2.286285503265581831e-01
2.289744677894240965e-01
2.291882783491713260e-01
2.288963177993201259e-01
2.296951980460023857e-01
2.296108832727516702e-01
2.293581532552229352e-01
2.296177100455461251e-01
2.296635317058301484e-01
2.302484677528130463e-01
2.300785386232559182e-01
2.302782355304898998e-01
2.299326094733688264e-01
2.299678079816443454e-01
2.307992263206131989e-01
2.310049248643933073e-01
2.308324957638774044e-01
2.309975705057929762e-01
2.311176482775748331e-01
2.308688782533744044e-01
2.311682536128070453e-01
2.310425280515927271e-01
2.311107950315474391e-01
2.307539420037696687e-01
2.308983368076503451e-01
2.308694716074747300e-01
2.307183552129796200e-01
2.306925471789982862e-01
2.305068579669162787e-01
2.307335912729241156e-01
2.311919735185959945e-01
2.312015564148901248e-01
2.309723123441072001e-01
2.312055719672092835e-01
2.308282753630953588e-01
2.314762421627980793e-01
2.313309808529753209e-01
2.309418306432076962e-01
2.312814772373588956e-01
2.307485757423249351e-01
2.315169721624776022e-01
2.311987704042218206e-01
2.313550262554068815e-01
2.306412434216227325e-01
2.312122158553438223e-01
2.308546449886067498e-01
2.314021135142231012e-01
2.311169830237101985e-01
2.305688277250863005e-01
2.310544210450536928e-01
2.308878071071225335e-01
2.305354918467029945e-01
2.307071889666881259e-01
2.306432823021624945e-01
2.307314220126476245e-01
2.305612238225039079e-01
2.302698234560918988e-01
2.301992189385129728e-01
2.301939642703846323e-01
2.299987671464297501e-01
2.299420581625865601e-01
2.301872649466157328e-01
2.300687512151906589e-01
2.297340441684428414e-01
2.297330468180431851e-01
2.298080724615428061e-01
2.293196555759285105e-01
2.294852989476527938e-01
2.292050701657462608e-01
2.292169323153438742e-01
2.292172255018312677e-01
2.290574947712752940e-01
2.288225628768555397e-01
2.286380700409775535e-01
2.284636187367517224e-01
2.287642230656252440e-01
2.287582654821170847e-01
2.283795637970045256e-01
2.281399801954192286e-01
2.281798649700031434e-01
2.280124602271632328e-01
2.279173042886468159e-01
2.277260630586810941e-01
2.270954667205236921e-01
2.273735526857670608e-01
2.270325929581251123e-01
2.273122770884352939e-01
2.270489635298381381e-01
2.268557530413272683e-01
2.264885773797212509e-01
2.262113163187697562e-01
2.264300219402975156e-01
2.262614561318850304e-01
2.256566285145826523e-01
2.255569964340821687e-01
2.257875525716178111e-01
2.255959819543014722e-01
2.253270540263097865e-01
2.249472142620792259e-01
2.250366639963062021e-01
2.249401237787161389e-01
2.244659034189279423e-01
2.245935950265833259e-01
2.240377388122310187e-01
2.245347729380435808e-01
2.241664266816398854e-01
2.241176515808508962e-01
2.235293192514158922e-01
2.236386374749551875e-01
2.235022943989708744e-01
2.231114096867403418e-01
2.232436284064805709e-01
2.229778248449625355e-01
2.226486995333141483e-01
2.223929187884968184e-01
2.222363633709516229e-01
2.219670247467112612e-01
2.218124069738086901e-01
2.217614701373011588e-01
2.218493127655985775e-01
2.215837432780670690e-01
2.214102305230515322e-01
2.214017838132946447e-01
2.210053904833240712e-01
2.205728092242676963e-01
2.205240501481250670e-01
2.204357833223853924e-01
2.200607685642678446e-01
2.200524404874795725e-01
2.194509566712317672e-01
2.196789548593488794e-01
2.194664419561720703e-01
2.191979764965865385e-01
2.189799289928292536e-01
2.184913046766166766e-01
2.186782796172470344e-01
2.183425814898258821e-01
2.182278762773352532e-01
2.181928907623149616e-01
2.179253757467405350e-01
2.177518594130540552e-01
2.174047470039894292e-01
2.169892707911550978e-01
2.169845016471717014e-01
2.169217006334396569e-01
2.166594627236630710e-01
2.163469058090997377e-01
2.160830145287061244e-01
2.159527125948395854e-01
2.156390367172287270e-01
2.159032265361568170e-01
2.155993929643585105e-01
2.153835159994867410e-01
2.150206995675762178e-01
2.147237351972903496e-01
2.147431947429978005e-01
2.142931502856130488e-01
2.141590472830345593e-01
2.136771653476162991e-01
2.135216001030227351e-01
2.133708621690608154e-01
2.134283382625909720e-01
2.129745022452561309e-01
2.130417670543720277e-01
2.129098938388828410e-01
2.123843844528253699e-01
2.123045893716999921e-01
2.120304125536595363e-01
2.118004419551062223e-01
2.116749533875526001e-01
2.115018768537739735e-01
2.111598231167015061e-01
2.108664373878036680e-01
2.108683351105780646e-01
2.108584209106417195e-01
2.106349334695804265e-01
2.104115961273592961e-01
2.098734079721140955e-01
2.097013881652512179e-01
2.096086072067315231e-01
2.094529359215998587e-01
2.093058026432528251e-01
2.092016455132373609e-01
2.089168874395096465e-01
2.084800240892392409e-01
2.081327862018994279e-01
2.080656039125894641e-01
2.080110357507016783e-01
2.076637670670384572e-01
2.076487733539914560e-01
2.075431695065478310e-01
2.068531873587376446e-01
2.067423052561563612e-01
2.068724880649705500e-01
2.064999009948527420e-01
2.063809633267070232e-01
2.060803019551449566e-01
2.058276919501086100e-01
2.056166035748075160e-01
2.052081624520471215e-01
2.052298927576715337e-01
2.049760443227476581e-01
2.047728867604160785e-01
2.047354609259146585e-01
2.044342329514318157e-01
2.041539979747909184e-01
2.040480182156304001e-01
2.037402156751590421e-01
2.034880440231047749e-01
2.035661750692663585e-01
2.034232807282101707e-01
2.031647146865808995e-01
2.026960154156841609e-01
2.026608935448782067e-01
2.023216032038200329e-01
2.023234101858304712e-01
2.019428211461144207e-01
2.016972101582661936e-01
2.017067973455429486e-01
2.014812408097177709e-01
2.013107527701354371e-01
2.009720838551626310e-01
2.009149537732006496e-01
2.005457918915266591e-01
2.002016213807112921e-01
2.002218106844876888e-01
2.001092077193046270e-01
1.998429588750909591e-01
1.997678346014123696e-01
1.994904978906739401e-01
1.992093677561692089e-01
1.991172078214442365e-01
1.988018684699424388e-01
1.985377773608855423e-01
1.982794871348410592e-01
1.983426813288084178e-01
1.981382646546370474e-01
1.977956626159715903e-01
1.974291839417298133e-01
1.973930041003007507e-01
1.972376030541451719e-01
1.969714325370138797e-01
1.968610948560430285e-01
1.965470138620779850e-01
1.964492654611859346e-01
1.961532301160671399e-01
1.961785367405367020e-01
1.960566782429066235e-01
1.958335556592359361e-01
1.955929212672328221e-01
1.953418729904710383e-01
1.950939616936068211e-01
1.950170590121716452e-01
1.947501071096998104e-01
1.947309147549914909e-01
1.944838042211240181e-01
1.941241265767259805e-01
1.940127716214488096e-01
1.938943553446205725e-01
1.936018528582221232e-01
1.935100512257134919e-01
1.934714220501654314e-01
1.932033602404081563e-01
1.930152481644144546e-01
1.928573161333519970e-01
1.925367699185576154e-01
1.923714149779265636e-01
1.922747880755822925e-01
1.921824251412178886e-01
1.919669012386303053e-01
1.918478339558774004e-01
1.916955711883499280e-01
1.915917938752171312e-01
1.913804526321446209e-01
1.911644762837763911e-01
1.909385600433587127e-01
1.907779715317837188e-01
1.905092755391357140e-01
1.906574776158966034e-01
1.902467510727191280e-01
1.902745981327159108e-01
1.900176126623115691e-01
1.898943417066837336e-01
1.897830651144705449e-01
1.894355607581264811e-01
1.892506310752268273e-01
1.891736305782197314e-01
1.890071677461051813e-01
1.889883616615319617e-01
1.889344099783654418e-01
1.887274607826611994e-01
1.887337399576136387e-01
