-5.058175972745410087e-03
-2.614403920826034733e-03
-1.541961583798771591e-03
-1.657715315434886254e-03
-2.069432187980778035e-03
-3.294906579656577301e-03
3.070139085359565602e-04
3.340238974015172051e-03
2.719422378010081121e-03
4.482446995297302214e-03
7.949232426147513630e-03
1.597772749924321334e-02
1.638986122966670789e-02
2.116533331948309074e-02
2.805161611362675528e-02
2.778446805795196234e-02
3.419107735989442010e-02
4.774948684071361749e-02
5.604492023330016892e-02
5.579884828072464997e-02
6.489471880301231344e-02
6.971377513194287889e-02
7.749652415986095499e-02
8.534477742135734846e-02
9.585221524247029834e-02
1.021076416969279865e-01
1.078703158999680528e-01
1.167780820677633835e-01
1.329800123750007890e-01
1.314675445539545129e-01
1.394963043565712602e-01
1.504988159850820517e-01
1.565567786223586999e-01
1.645983758333504632e-01
1.738102735841017821e-01
1.890437539571817316e-01
1.903422871029937236e-01
2.005521808816746188e-01
2.108781181051372910e-01
2.228138931221843866e-01
2.288378210822238357e-01
2.469889259213003396e-01
2.427248398489038061e-01
2.544204406170815780e-01
2.610027001507971844e-01
2.750300369429231617e-01
2.826546152382384824e-01
2.959542752474911831e-01
3.048365041718884005e-01
3.096966778357888583e-01
3.224618130503489333e-01
3.284307186502983256e-01
3.372384633585343017e-01
3.441436328405523826e-01
3.527058455402762860e-01
3.602305523165470480e-01
3.728708982420319562e-01
3.773184114410984002e-01
3.915738764689897233e-01
3.968958603789237150e-01
4.061400555671276780e-01
4.170823973566925025e-01
4.269493612862378940e-01
4.349894408102515930e-01
4.449687660795892952e-01
4.542620420576739537e-01
4.594850180472485612e-01
4.720674505039468838e-01
4.792469184873738297e-01
4.885284001656493014e-01
4.995123409721645147e-01
5.080154146013828864e-01
5.140171344040362911e-01
5.253940473025960900e-01
5.330350239016752312e-01
5.393028181592579573e-01
5.493571915667614380e-01
5.591420757256129193e-01
5.662869035485315061e-01
5.758731748213170576e-01
5.835790002076193250e-01
5.931113592302772464e-01
6.021160502220196387e-01
6.089422679483599277e-01
6.164225016611946106e-01
6.291801617710037764e-01
6.337001544626708061e-01
6.429350972207482640e-01
6.524581077929740847e-01
6.582537581365419666e-01
6.662889314798705609e-01
6.774571668610005482e-01
6.837938512851445827e-01
6.916635553479806298e-01
7.019143434492340905e-01
7.065890879168336136e-01
7.168269433609620878e-01
7.241301315253987347e-01
7.335791771249745574e-01
7.399645770352808460e-01
7.488486949879107346e-01
7.570605859293559892e-01
7.632213417049252824e-01
7.709354619969031042e-01
7.800113046579076892e-01
7.908660075324902561e-01
7.958534021096893563e-01
8.061279599984769728e-01
8.116731719763127240e-01
8.210022199042572577e-01
8.267408018343028742e-01
8.354286742916885444e-01
8.439748369443323961e-01
8.512398973461471341e-01
8.590326018202655289e-01
8.658812236145501107e-01
8.750791387259643228e-01
8.822252613866072846e-01
8.883251999991811365e-01
8.979321075137549624e-01
9.030843007301464498e-01
9.120650034822779251e-01
9.199047254961890685e-01
9.264816841335163922e-01
9.332825292120383587e-01
9.393538965502271632e-01
9.472412522554991554e-01
9.565615860592353581e-01
9.628526431064505786e-01
9.715883501720119497e-01
9.772886958073663255e-01
9.858595193051838956e-01
9.930423536177113153e-01
9.998554185942450934e-01
1.007048649163624576e+00
1.013177508835173102e+00
1.020655660677352028e+00
1.028829018522900096e+00
1.035274120265376352e+00
1.042372261730636129e+00
1.049814714463083831e+00
1.056654367285066121e+00
1.062003509413615987e+00
1.069820591633397378e+00
1.075715276006011134e+00
1.082812530574899901e+00
1.089954586055529528e+00
1.097774052790476240e+00
1.104744643254803815e+00
1.111926926737761612e+00
1.116851714830430886e+00
1.124293308925861767e+00
1.130380696614763369e+00
1.137711009726525058e+00
1.143569103186302005e+00
1.151834598274868338e+00
1.157125806354108999e+00
1.163805244950031570e+00
1.169762662133615461e+00
1.177112939250410939e+00
1.183322713006824012e+00
1.188898113732669071e+00
1.196307259330253947e+00
1.203580247740921649e+00
1.209204937805919755e+00
1.215375230731937872e+00
1.222199784526239785e+00
1.228294813604850599e+00
1.234361803103616984e+00
1.241487899577640386e+00
1.247180311077660919e+00
1.254252868463125781e+00
1.259205583105349247e+00
1.266591283501400378e+00
1.272349477369878690e+00
1.278607035036448458e+00
1.283584245613786257e+00
1.290125579857050120e+00
1.295979279013112162e+00
1.302798173393486580e+00
1.308125381878560756e+00
1.313729733500938579e+00
1.319654161167774342e+00
1.326306138886733210e+00
1.332676264640525243e+00
1.338255516034336789e+00
1.344560126571254122e+00
1.351546293518407493e+00
1.356597204444650595e+00
1.362049609567345998e+00
1.368124650359633154e+00
1.373449682155292617e+00
1.379257180744053679e+00
1.384553202486723311e+00
1.390059568636396570e+00
1.396394224180558918e+00
1.402632177378698053e+00
1.407995130352900803e+00
1.414195950118962930e+00
1.419112854570359072e+00
1.425164614053924250e+00
1.430439540459546466e+00
1.436285623228733987e+00
1.441882416079675266e+00
1.447162122619437774e+00
1.452818971657555691e+00
1.458312880986056381e+00
1.463969102302000502e+00
1.469016237472017483e+00
1.474305055719291824e+00
1.479867471544456858e+00
1.484857508569107809e+00
1.490632742895252827e+00
1.496297110000784247e+00
1.501036986021793807e+00
1.506248004307084720e+00
1.511801998739634278e+00
1.517123354818841641e+00
1.522488290560699120e+00
1.527209930768708590e+00
1.532274420691842165e+00
1.537751987283724420e+00
1.542810227848965487e+00
1.548580897547264801e+00
1.554439104724615328e+00
1.558549591892646857e+00
1.563723163706989938e+00
1.569258111275403156e+00
1.573779814574050029e+00
1.579147023608488798e+00
1.584192164714131490e+00
1.588902128824831728e+00
1.594438812424728846e+00
1.598938036621011527e+00
1.603518815081049098e+00
1.608803457702165263e+00
1.613416228828958188e+00
1.618597832177504081e+00
1.623406029608687628e+00
1.628451087323005808e+00
1.633471674260674522e+00
1.638133155433682209e+00
1.643096547329831347e+00
1.647805735221117507e+00
1.652690748597672510e+00
1.656781930050919449e+00
1.661792813415841286e+00
1.667122718668563319e+00
1.671504299971323437e+00
1.676276069766809762e+00
1.681176539936489522e+00
1.685450613952567567e+00
1.690274798942445811e+00
1.695338098878525823e+00
1.699451824706187164e+00
1.703574113471279183e+00
