8.992357548151649893e-02
7.398126063224746973e-02
-4.384778694145968769e-01
-2.827265897326724509e-01
1.587975098994759637e+00
-5.357225006193827577e-01
2.350999877524372561e+00
-3.708891860286903097e-01
-9.554115650012465766e-01
1.208449759268163337e+00
6.283546725630271279e-01
1.652478736450375019e+00
1.224059778417011968e+00
-2.562177911616169146e-01
4.051314824644376422e-01
5.005082872452947251e-01
4.500538536002836598e-01
1.776080344955391244e+00
4.229521241343946192e-02
-1.205492022329629043e+00
-4.533346725506651187e-01
3.408978018385852016e-01
1.200310170799029352e+00
9.125075365426233986e-01
-8.382272844389212496e-01
-1.018081277368572790e+00
-1.005544290084273151e-01
2.431117380270627348e-01
2.138431763216779746e+00
-9.476159765498502752e-02
-5.955015933784378601e-02
6.278458000725717358e-01
-1.616906470268645757e+00
-4.534801208919208571e-01
8.297933030689718104e-01
-5.058407209751117906e-01
-1.024162136682096769e+00
4.830411665231039431e-02
-4.408076149271027422e-01
-1.244966299946905636e-01
7.397169398908099991e-01
-9.728106334236582553e-01
1.209479775355221526e-01
-4.379842260554395184e-01
-7.194777572808485067e-01
-1.023716515060640875e+00
-4.188213629627268175e-01
6.776684930906042847e-01
-1.916498488900849340e-01
-8.973643600709463319e-01
-2.369480159873852965e-01
-7.642080672813639231e-01
4.562165390393407294e-01
3.215004246520227621e-02
-6.332481131862585100e-01
9.428438103727555808e-02
9.647612628399329093e-01
3.057540194534134503e+00
1.346163538177974184e+00
-3.465871538471098634e-01
1.620593721955496003e+00
-2.152684818646493525e+00
-7.975248805772562621e-02
-6.379407446277159943e-01
5.199662605724468811e-01
-1.023957637799439713e+00
5.286015506243899598e-01
3.522912467435381223e-01
-7.272899661718775777e-01
5.500203349053821578e-01
4.229927087953150311e-02
-4.723285104568506476e-01
-7.922982746523697939e-01
6.636928839899965960e-01
1.247066249827955886e+00
6.392462705090372621e-01
4.731871798994598532e-01
-1.002296906173440361e+00
6.363663775919081722e-01
-1.197147149460055626e+00
2.239021406121474433e-01
4.536685677343788026e-01
2.115495072671546850e-01
5.754129656687957395e-01
2.146934511588582256e-02
-8.665225491872318164e-01
-1.718145597374823197e+00
-1.872735281408210550e+00
1.566763959954727281e-01
-8.010465140006879370e-01
-2.904034671328597356e-02
5.414081642631292102e-01
-2.263336908608130915e-01
1.035435113767216447e-01
6.307762145594639769e-01
-9.867685085950832127e-04
-1.427796159469227000e+00
-4.832866564497663719e-01
-8.261244761304680218e-01
8.987426154011390889e-01
-1.845459152912289014e+00
6.496813253402802246e-01
-1.410288661539834898e+00
2.151339180575966736e+00
-1.948474566432837063e-01
8.716909178790005486e-01
-3.902912908672967474e-02
9.461771090121231520e-01
1.206881237857253764e+00
7.524001659845509504e-01
6.538155327289777441e-01
9.779954594182448391e-01
-3.338804371103786806e-01
3.337408106977847733e-01
4.525855401123717314e-01
-1.364509542120631247e+00
-6.224710917834880286e-01
4.900048371768819244e-01
3.673556998531323226e-01
1.999467670118745044e+00
1.287366958419236207e+00
1.319479136805375319e+00
1.290737733562427048e+00
9.813924931843880373e-01
1.904172208980400516e+00
-4.009086958285235647e-01
-3.585900144808917278e-01
-6.895650834341794377e-01
