-6.000780212080029583e-03
-5.618230505004350936e-03
-6.628240151083993059e-03
-8.912781104520336659e-03
-7.445470889876383558e-03
-1.044340490889959609e-02
-1.579012251121965100e-03
5.018340831087772860e-03
4.164910305709024901e-03
1.079251310943929280e-02
2.071197405196998492e-02
4.084224110539388941e-02
4.203093686365282078e-02
5.626142095990161601e-02
7.281012440714304534e-02
7.733453672019877101e-02
9.032498132309174643e-02
1.235833418434164471e-01
1.457081743541038255e-01
1.469938657576997654e-01
1.683131020460384430e-01
1.843872132204216197e-01
2.021923716610144195e-01
2.210448714101974077e-01
2.462584416986023650e-01
2.587475494864243664e-01
2.705670399315066588e-01
3.010565830334661075e-01
3.264509528941296201e-01
3.356626485557637207e-01
3.516383696715023044e-01
3.726637096698254270e-01
3.989676056461997633e-01
4.085460003500580584e-01
4.290748714774224037e-01
4.538800192657637123e-01
4.627450779627137467e-01
4.889626370052653215e-01
5.071715266172150960e-01
5.226932236489861827e-01
5.453835640930222439e-01
5.713933643879175461e-01
5.846355707514638844e-01
6.037826295198015503e-01
6.208618979347524380e-01
6.444712729625806658e-01
6.578289306547613347e-01
6.799279403077864714e-01
6.999558354812914773e-01
7.177652001108514312e-01
7.360941214699139312e-01
7.560768263202044537e-01
7.651765296711378062e-01
7.879129377715524685e-01
8.046676815299886876e-01
8.203935540728355402e-01
8.384325268254779751e-01
8.556278578687790404e-01
8.778156266918136774e-01
8.911397644353082903e-01
9.069627830480623265e-01
9.213693176149990727e-01
9.446163630174758685e-01
9.560392674384206035e-01
9.774239763400588421e-01
9.918805125973162440e-01
1.007774985511452837e+00
1.023356960923241799e+00
1.040531798348891090e+00
1.055549235928286089e+00
1.069837060072120316e+00
1.088597644521881902e+00
1.104623880046514461e+00
1.117903900326681743e+00
1.134389929931825858e+00
1.146503089749742355e+00
1.163387593268248255e+00
1.177801783169650784e+00
1.189545294950054677e+00
1.208736138630023049e+00
1.222314010583812172e+00
1.235080510617213356e+00
1.251492211070807770e+00
1.265367062419365141e+00
1.278468876981182278e+00
1.295383777697594052e+00
1.309324819982709887e+00
1.322216158375021156e+00
1.335558550711001269e+00
1.349661847738583553e+00
1.361055878583392165e+00
1.375126991196521375e+00
1.387413144426457912e+00
1.400487573932510221e+00
1.412751680171377311e+00
1.427672388581830321e+00
1.440353334228311466e+00
1.452774347393757770e+00
1.463912604819254115e+00
1.477293227565260603e+00
1.488768039138126165e+00
1.502251773268555413e+00
1.513469870816027463e+00
1.527902410958355661e+00
1.536716537306825003e+00
1.548297027805446868e+00
1.561390435621913264e+00
1.573330146196312729e+00
1.584921474317647405e+00
1.595550455634173970e+00
1.607001102915820878e+00
1.617248039275263727e+00
1.628286029026527970e+00
1.640484064280863574e+00
1.653288566479309774e+00
1.661428769158167729e+00
1.672505195913207565e+00
1.682223521717254533e+00
1.694431217691348301e+00
1.706163019122352908e+00
1.715021291063258069e+00
1.725200839127036812e+00
1.734728641384918113e+00
1.746154447504982166e+00
1.755857518879870627e+00
1.764462227419912654e+00
1.774634763904517243e+00
1.786185528546684331e+00
1.796124385841514792e+00
1.804164644226164516e+00
1.813908100207318075e+00
1.824434319972175311e+00
1.832311632648071953e+00
1.843070314543268307e+00
1.851370599589471144e+00
1.861599638890242492e+00
1.869737397210816221e+00
1.878891382959459566e+00
1.888589468259395998e+00
1.897530564168960376e+00
1.906348698097665606e+00
1.914685806386810407e+00
1.923555886554333627e+00
1.931724043039189542e+00
1.940476324221686921e+00
1.948557972751846945e+00
1.957836101367735449e+00
1.964994068997305332e+00
1.974954974008503061e+00
1.980465509073311425e+00
1.990968808675439572e+00
1.998965906634637912e+00
2.005153288123537436e+00
2.013432403002538784e+00
2.020982333594067981e+00
2.030092908859845835e+00
2.037294307095498525e+00
2.044309913082403618e+00
2.053503522907087486e+00
2.059926000149532310e+00
2.068682692775122955e+00
2.074992826482935371e+00
2.082277962055670617e+00
2.090421582767238107e+00
2.097964399994324047e+00
2.104789651453339072e+00
2.111610712299628378e+00
2.118627994623931254e+00
2.125561463559770381e+00
2.132476620302303782e+00
2.139868257018245234e+00
2.146101090097243702e+00
2.153087755621862165e+00
2.160980561719393123e+00
2.166921898479796660e+00
2.173320066760235481e+00
2.180964622842706202e+00
2.186616526958281792e+00
2.192845628044740369e+00
2.199186684930844571e+00
2.205444049728749967e+00
2.212604005861716683e+00
2.218037869455367517e+00
2.224043258579493365e+00
2.230826706665903991e+00
2.237250479349364607e+00
2.243203612544366621e+00
2.249319199760167365e+00
2.254950294888102391e+00
2.261070955586870213e+00
2.266732656952986869e+00
2.273409613787446659e+00
2.278471967111635355e+00
2.285045283120183512e+00
2.290851414347632620e+00
2.295819055756614713e+00
2.301846600280791133e+00
2.307259028640028298e+00
2.313540510552674068e+00
2.318705054865166648e+00
2.324075137933201862e+00
2.329692871330420356e+00
2.335073199216105344e+00
2.340631108264072502e+00
2.346015036345245885e+00
2.351131788454493776e+00
2.356420445923973706e+00
2.361735033437802667e+00
2.367367273204077360e+00
2.372084081378034615e+00
2.377929233586689062e+00
2.382441118875664454e+00
2.387551650797931302e+00
2.392326407606007788e+00
2.398107897724496951e+00
2.402381098646733104e+00
2.407746214025558995e+00
2.412635973319425808e+00
2.417938353231487092e+00
2.421877149581834754e+00
2.427041323979018284e+00
2.431728184464847509e+00
2.435921072390460740e+00
2.440833885432672545e+00
2.445069445623138549e+00
2.450534193553155049e+00
2.455350589976448727e+00
2.459421975735864407e+00
2.464332377382927763e+00
2.469037382935304503e+00
2.473172273601226490e+00
2.477456730539636887e+00
2.482186672659990379e+00
2.486549935673127099e+00
2.490633708256062562e+00
2.494932139687991768e+00
2.499455977028192777e+00
2.503618883261178318e+00
2.508270396401221625e+00
2.512627223108851116e+00
2.516606671020421349e+00
2.520604557387888800e+00
2.525085723159930851e+00
2.528862016644776389e+00
2.533121289391191855e+00
2.537346489610952993e+00
2.541100575945606010e+00
2.545383507719761962e+00
2.549037679556017455e+00
2.553126128438150122e+00
2.556902830625160661e+00
2.561123825921904018e+00
2.564976777063741054e+00
2.568957774485983059e+00
2.572848250312764318e+00
2.576322893467424713e+00
2.580071547110519781e+00
2.584098113653269913e+00
2.587795662314903211e+00
2.591948106739948798e+00
2.595484077818284607e+00
2.599235364990061470e+00
2.602588006259181519e+00
2.606525183455147499e+00
2.610834770721118581e+00
2.614156586209738453e+00
2.617461559621706346e+00
2.620964672316328681e+00
2.624577418341784707e+00
2.628045675424420580e+00
2.631360413627478412e+00
2.634913926273845242e+00
2.638386387398295785e+00
2.641999819824288220e+00
2.645664475006645588e+00
2.648933206943702157e+00
2.652210889629721624e+00
2.655597341135048861e+00
2.658696141189566653e+00
2.662074533064245241e+00
2.665188552156603663e+00
2.668978952295121054e+00
2.672264021062814798e+00
2.675391438116138776e+00
2.678610041689013510e+00
2.681996230326072705e+00
2.685111434481852299e+00
2.688220995423527437e+00
2.691425847278110073e+00
2.694495853615062941e+00
2.697738015542444856e+00
2.700702317434028554e+00
2.703823139832237210e+00
2.706820512704914083e+00
2.709950527908843831e+00
2.713066803203568078e+00
2.716268527820740353e+00
2.719222830232195687e+00
2.722171014587045690e+00
2.725162750150574187e+00
2.728511806902029324e+00
2.731325224603812440e+00
2.734273382440657318e+00
2.736916553375994710e+00
2.739582690951386290e+00
2.742496719788312110e+00
2.745689206349586353e+00
2.748630211618101171e+00
2.751248191731323178e+00
2.754672233191551189e+00
2.757003054137050047e+00
2.759666072282838556e+00
2.762580511500209113e+00
2.765382422050012501e+00
2.768206083359710412e+00
2.770765611504098391e+00
2.773499580327198011e+00
2.776119411398660475e+00
2.779121478321398886e+00
2.781479393489070695e+00
2.784490579756240258e+00
2.787132389107161767e+00
2.789649380896558561e+00
2.792232571688595399e+00
2.795221689886032479e+00
2.797672942068037738e+00
2.800306138413689805e+00
2.802868573907705496e+00
2.805282569954885563e+00
2.807936035047932322e+00
2.810456511880026209e+00
2.812943883917601973e+00
2.815527669363053320e+00
2.818081159071859521e+00
2.821285473623726503e+00
2.823280335636936922e+00
2.825803255873863939e+00
2.828669832809226570e+00
2.830862406824035116e+00
2.833194436936952165e+00
2.835703557668757480e+00
2.838216440068671798e+00
2.840302768162763947e+00
2.842642155615747956e+00
2.845163470752261059e+00
2.847763109999332798e+00
2.850465316807710980e+00
2.852493759177417321e+00
2.854747847792520776e+00
2.857222088343866595e+00
2.859356267996877143e+00
2.861718938545531721e+00
2.864133825570568170e+00
2.866418726446619658e+00
2.868709194992064671e+00
2.870953731954062338e+00
2.873235446114644542e+00
2.875678864503296239e+00
2.877748891861586333e+00
2.880218444483421347e+00
2.882362271090438632e+00
2.884471209530902858e+00
2.886847164436472823e+00
2.888912390492103022e+00
2.891190866084435651e+00
2.893264129968767584e+00
2.895458494014012896e+00
2.897741862813883795e+00
2.899640314266802132e+00
2.901795497255861278e+00
2.903852350095348811e+00
2.906184799211108949e+00
2.908459713549102155e+00
2.910459169921175260e+00
2.912628855422079166e+00
2.914629475866578723e+00
2.916873746794119704e+00
2.919007162615160134e+00
2.921044835147343921e+00
2.922991924753588489e+00
2.924860235253612384e+00
2.927168258902187237e+00
2.929192050960538474e+00
2.931229220065941110e+00
2.933225894642631726e+00
2.935016320599102890e+00
2.936962016589974134e+00
2.939438374247244301e+00
2.941402264218093698e+00
2.943508371530019652e+00
2.945273177242082152e+00
2.947296573173578960e+00
2.949148214355415742e+00
2.951203394607084363e+00
2.953085826846225004e+00
2.955034033088121070e+00
2.956987073199161209e+00
2.958906889785888783e+00
2.960798990799463848e+00
2.962495884322304818e+00
2.964619154847786930e+00
2.966551643653386527e+00
2.968414199935466069e+00
2.970290253411633774e+00
2.972185586626832521e+00
2.974184572898809442e+00
2.975954628993327411e+00
2.977894560625707676e+00
2.979429008262543199e+00
2.981422422050457932e+00
2.983391265673080106e+00
2.985191665309189002e+00
2.986812754724411878e+00
2.988897722227467302e+00
2.990649132297622970e+00
2.992315942574919507e+00
2.994009123439822950e+00
2.996036700027648880e+00
2.997898969669825053e+00
2.999594015499647437e+00
3.001503846686861099e+00
3.003039298340930419e+00
3.004752248089164635e+00
3.006675076423869442e+00
3.008376811855383526e+00
3.009993218600385045e+00
3.011744306465398147e+00
3.013611171804409405e+00
3.015215551853068998e+00
3.016858149582899440e+00
3.018614967009775718e+00
3.020361523595777253e+00
3.022154314848683132e+00
3.023990159411643397e+00
3.025453148773013190e+00
3.027064418041342631e+00
3.028769132775790407e+00
3.030564868221116370e+00
3.032239032380767529e+00
3.033902431293082902e+00
3.035540296054672016e+00
3.037178857153488565e+00
3.038706959963515697e+00
3.040337639797092262e+00
3.042098328567060861e+00
3.043795062449806910e+00
3.045439191698861681e+00
3.046923318165111638e+00
3.048583688994995100e+00
3.050062970817060570e+00
3.051789662578417772e+00
3.053313298992386127e+00
3.055087028718396880e+00
3.056677977154133252e+00
3.058151567850007080e+00
3.059775951453728826e+00
3.061307714828201298e+00
3.062840347739827163e+00
3.064388882838521067e+00
3.065943623053358547e+00
3.067361036239265371e+00
3.068967082825845516e+00
3.070491085085987226e+00
3.072132839036361140e+00
3.073594307061094266e+00
3.075123403257808530e+00
3.076918314877684857e+00
3.078279513013161495e+00
3.079781249336291715e+00
3.081301956474970627e+00
3.082788351956897266e+00
3.084255055771902843e+00
3.085648372197355105e+00
3.087257840953648191e+00
3.088724046089930564e+00
3.090218284884037381e+00
3.091710565158408919e+00
3.093177020557752233e+00
3.094600182029071611e+00
3.096095741005197688e+00
3.097413878708501933e+00
3.098967066166648188e+00
3.100369120940970724e+00
3.101899205150365990e+00
3.103309462475159375e+00
3.104686480559387896e+00
3.106144447348378801e+00
3.107455504208718633e+00
3.108977444299468651e+00
3.110395451152487833e+00
3.111780593928347383e+00
3.113232061628576464e+00
3.114744775745139194e+00
3.116065219658011642e+00
3.117494300489432213e+00
3.118811235949768612e+00
3.120230299048615041e+00
3.121551727803287601e+00
3.122989843330902904e+00
3.124431825357171455e+00
3.125789661816332998e+00
3.127165341758347594e+00
3.128445624491793975e+00
3.129862046719215751e+00
3.131185115430729304e+00
3.132750591431515019e+00
3.134172854253840956e+00
3.135410809139615118e+00
3.136714794471064494e+00
3.138124412820609610e+00
3.139306660282670691e+00
3.140684052552793926e+00
