1.197229227010532027e+00
-5.905938714938621104e-01
1.788863642244375995e+00
8.477702228505866744e-01
1.055509294762603911e+00
-1.083845414412759889e-01
-3.415683666277477548e-01
1.324507334899527988e+00
-1.453472483356051725e+00
7.503201564812840563e-02
-1.442482747495307471e+00
1.972806660609800478e+00
-2.780075476861281203e+00
-1.087205235773325729e+00
-8.999170863897944239e-02
-3.072359995815492420e-02
1.297856743351069042e+00
2.381568401704831084e-01
3.221475704047776500e-01
7.765725717263023409e-01
1.582033632292784153e+00
1.424905229949257057e+00
-4.188785148882871040e-02
4.500975676117910940e-01
-1.544435230982309504e+00
-5.131854681794379980e-01
6.759286047191749303e-01
6.398755184756940162e-01
4.915561407609454481e-01
-1.034168355367926617e+00
1.739584935202024285e+00
-6.967491628848522245e-01
5.846278861109363012e-01
-1.667598299198249645e+00
8.339631630167944065e-01
-9.952120775302842892e-01
1.926394304023762771e+00
1.074703109769215237e+00
-7.050475491054579436e-02
9.116933687928892027e-01
1.586272898637558937e+00
-1.677698650547430947e+00
-9.673384400312512454e-02
-5.345912719940844049e-01
5.185134868360692373e-01
4.045752461419301893e-01
2.276896291023651486e-01
-6.979934670912263384e-01
1.475493933161337479e+00
-1.402482058464569414e+00
3.121930935625893522e+00
6.878430380579342307e-01
2.069843196058010482e-01
-1.391060772516553801e+00
-1.151906458487163221e+00
-6.733846023486025900e-02
-1.688443073533858474e+00
-5.636728388243800181e-01
-4.404261692279414220e-01
-5.979378392724966629e-01
3.708826993628795976e-01
-8.682776343180149681e-01
2.503479798672999523e-01
-7.457241952452295375e-02
6.454800505876528982e-01
2.686282648394416217e+00
1.546401719337505212e-02
6.224904943906022226e-01
2.183146222767220479e+00
7.119930241532634874e-01
1.555564275625388347e-03
-7.040175277690262634e-01
-1.127227893417921400e+00
-1.802397970724228249e-01
-1.058096533457467237e+00
8.558249824750178147e-01
-1.404856255810372101e+00
1.542518794616651659e-02
4.327608174170959887e-01
3.893077141426033033e-02
7.222628224361583582e-01
8.626429991213326876e-01
3.425344058675591774e-01
-2.312637852273095707e+00
2.175125693474118993e+00
2.448910480449800198e-01
3.244766842149789388e-01
8.776363663255909442e-02
1.494747224757185695e-02
-3.763083164266705083e-01
1.524465775623675690e+00
1.079349676366748279e+00
-1.059692716105624211e+00
-1.358193525392712875e+00
1.344278918375737542e-01
3.195770089485086007e-01
-1.026309402562129547e+00
1.098922737276995631e+00
-7.842001138809163302e-03
-5.185933955678139196e-01
-2.393177284942522021e-01
1.950564106369329753e+00
1.109249376697420963e+00
-8.440308671788046002e-01
-5.733315530385640901e-01
-4.917808050229184325e-01
-3.016860013826927478e-01
-9.577479297647392698e-02
2.179259830392951791e+00
-1.453991061310908828e+00
-1.386579912678774984e-03
1.883092390377462677e-01
5.486323073609425394e-03
2.674260449478960827e-02
-1.087763405699145036e-01
-2.931645174218019401e-01
6.265034290672504280e-01
-9.372753599138118619e-02
3.989073329701511850e-01
8.026774917156354050e-01
-1.588329489703760755e+00
1.484876498969022407e+00
-3.180214539405657077e-03
-8.253570446978021335e-01
1.580415131480180424e+00
2.955250542265188546e-02
3.456674030567905564e-01
1.138219512533394928e+00
