-5.569321307700895174e-01
7.667444949310360247e-01
-4.979756550706291446e-03
-1.993906955040737561e+00
5.826939529214408831e-01
1.103116498428263759e+00
-7.498947012257440869e-01
-5.758317078759143115e-01
9.951176153797027801e-01
-4.690940214003660458e-01
-3.089238276985200593e-01
-7.275983889016117701e-01
-8.245895789614983151e-01
2.252575247226863420e-01
-4.227743281184672686e-01
2.859183406832404573e-01
7.940836174940842929e-01
1.277346988536364636e+00
-8.614019171751405857e-01
-6.519112553995682902e-01
6.366408592890349105e-01
8.339899511772036478e-01
-1.868612422078593571e+00
-6.504259374107893010e-02
1.073915289635191783e+00
9.473114536568406630e-01
-3.636174852434095883e-01
-1.996334565367590130e+00
7.207676052127624799e-02
8.882369090391133426e-01
-1.223764925797644759e-01
-9.266500403291686450e-01
5.556477391126798393e-01
7.459398448506868728e-01
-4.637268510417463796e-01
-2.758453012950475847e-01
-8.152003707048443015e-01
1.129858712245614072e+00
3.626479381133383972e-01
5.451351421511190232e-01
7.527203701092352039e-01
-2.474280940872983503e-01
-3.763809084802062221e-01
1.219728078098745616e+00
-2.519349816591735625e+00
7.674802973037260223e-01
6.648849311290326858e-01
-1.010723823489448892e+00
1.322884452932583110e-01
-7.233226354412437553e-01
-9.304880705014438869e-01
2.143769127958626619e+00
4.380985980834193882e-01
-9.102119215198877233e-01
1.072771331068424372e+00
5.157694581241700771e-01
9.548293610766594997e-01
1.372321546007328141e+00
-7.512636962155846421e-01
1.154978283315094972e-01
-1.590530650736100143e-02
1.342532692461133603e-01
3.396609505435359555e-01
7.823912900681477822e-01
-1.166134052456143433e+00
1.387590523186720048e+00
4.962344404203788417e-01
1.054138537514092144e+00
-1.393763404200641709e+00
-6.703063391850241359e-01
1.517182721083299990e+00
-7.275813865614721987e-01
-1.462700305864078398e+00
3.089479922061970085e-01
1.015350609893985068e+00
6.432134800075937076e-01
9.609984992849802676e-01
1.662431807480675650e+00
8.862254347423210721e-01
-8.800835940067071039e-01
8.779961476519817509e-01
8.287064395267580708e-02
-3.524790203918517495e-01
1.801318538453752893e+00
3.095991515576210912e-02
2.925606650942157438e-01
1.326339367763827104e+00
-1.306631389071462590e-01
1.514458074416341615e+00
-3.036521696567031636e-01
-4.939163702029590319e-01
1.305699279744716668e+00
1.026068899095589515e+00
-8.541483161569853877e-01
-2.033685450231064451e-01
-1.005545538104170911e+00
-1.547904930676314184e+00
1.011384562243252461e+00
1.793361128330103638e+00
-5.268387617947329904e-01
-1.871380318959697364e+00
1.155298086588279344e-01
-5.377482468825564021e-01
-6.687579842178381639e-01
-8.880662618173276179e-01
-1.648429268930576175e+00
8.038475814683081477e-01
1.148695484842377157e+00
1.751129537500416111e+00
5.584550874892778571e-01
6.942196720280793265e-01
-5.581127112265334977e-01
4.490877565193292509e-01
-4.457345992220969055e-01
-8.775046549113253436e-01
-1.101191635265544866e-01
1.423831160783121663e-01
4.313315301337370955e-01
1.422169945397976143e+00
-6.772317729576783629e-02
1.011297278930278321e+00
1.753956184961527609e-01
-1.857831459972142385e-01
7.065004578467273255e-01
1.226259969138889572e+00
4.050728170352701496e-01
6.410623536672630518e-01
9.772700331525066009e-01
