-6.724350977152908533e-03
-7.821846444853598757e-03
-1.027445842222091468e-02
-1.415825748828383572e-02
-1.145552550295040294e-02
-1.579077666017708950e-02
-3.507912770476659219e-03
5.150438531542084891e-03
4.665507220614269202e-03
1.404172235466037179e-02
2.752323319635111357e-02
5.392245106264643290e-02
5.655684180838271152e-02
7.663287722328564200e-02
9.711017606985451744e-02
1.071145942379295724e-01
1.225828380764455577e-01
1.642065869933191091e-01
1.933259033089598788e-01
1.973908827864837567e-01
2.236350844620359490e-01
2.455990966425855015e-01
2.708062508912203459e-01
2.945575359754874500e-01
3.254457347438913239e-01
3.403969909299457974e-01
3.559244833855926826e-01
3.941832035257777922e-01
4.238751102554956796e-01
4.391368205977208561e-01
4.601551249866593363e-01
4.848129583931959918e-01
5.152984475161421773e-01
5.330362569067934597e-01
5.553824962095573747e-01
5.841780614850217157e-01
5.965396349453443436e-01
6.276014477658047319e-01
6.491350449173284298e-01
6.678124224247057317e-01
6.951520238401115437e-01
7.226003519247015117e-01
7.445942339943987243e-01
7.654203458418896711e-01
7.855428806602902103e-01
8.127832364977047863e-01
8.294841179492616901e-01
8.510535541068684484e-01
8.737549356255346344e-01
8.977894392410511459e-01
9.188579628035378200e-01
9.416042537881044172e-01
9.543535101809506038e-01
9.818170573055134964e-01
1.004347750833378683e+00
1.018166120204095915e+00
1.040072874446228202e+00
1.060157934741684072e+00
1.082124504396523301e+00
1.098455941422350923e+00
1.116579690885907583e+00
1.135214556011062692e+00
1.156724263327191915e+00
1.173071362385505134e+00
1.193249081969064873e+00
1.213948427480917580e+00
1.230975700838371489e+00
1.247974534411211867e+00
1.266237737509009698e+00
1.284069077199401887e+00
1.299645976070845421e+00
1.320103162089542925e+00
1.336519442757655218e+00
1.349357619422704824e+00
1.366743325965704914e+00
1.383061392836690828e+00
1.402049566928643687e+00
1.416165082653577212e+00
1.431132159210329213e+00
1.449103094059044361e+00
1.464640637015278912e+00
1.477180555722352517e+00
1.493747567500152362e+00
1.511078526418356383e+00
1.524722953581007179e+00
1.539262179411413189e+00
1.555107773688352291e+00
1.568096043284853192e+00
1.582814585459334511e+00
1.598147269650475266e+00
1.609812387962201274e+00
1.625889791986802724e+00
1.638401615834215619e+00
1.651899325964162557e+00
1.662660012510380314e+00
1.679691328496024871e+00
1.693221282604484124e+00
1.704453753319185250e+00
1.717856466323476994e+00
1.728769694827307690e+00
1.743676286133686970e+00
1.755313831959734117e+00
1.768213006866214521e+00
1.784556404972774235e+00
1.792294190867894876e+00
1.803059095827248770e+00
1.815538776715620362e+00
1.828166448556979518e+00
1.839436057360552157e+00
1.850658919405506309e+00
1.862386510906458348e+00
1.871748802731498795e+00
1.883588874397257085e+00
1.894233755007783460e+00
1.906418318892684427e+00
1.917090434116084152e+00
1.927027432053946665e+00
1.937691279402484756e+00
1.948018815713505880e+00
1.959918459897250331e+00
1.968391512403411481e+00
1.978566290578377851e+00
1.988911436296322055e+00
1.997799794082024016e+00
2.008602937079927209e+00
2.018991522795205551e+00
2.028126873692725152e+00
2.037265087103452998e+00
2.047024782772428608e+00
2.056621605388762930e+00
2.064966822377984901e+00
2.075998859097842431e+00
2.083017194202091193e+00
2.092577622727280762e+00
2.101571656148548684e+00
2.111118328043105397e+00
2.119446481893902501e+00
2.128621436100907260e+00
2.137421475600838949e+00
2.144886247341733831e+00
2.153632414776932347e+00
2.161934511040798590e+00
2.169425561579433559e+00
2.178149598432987055e+00
2.185774721225701267e+00
2.194087026986564659e+00
2.202517507451142276e+00
2.209796298334425924e+00
2.218160377892065771e+00
2.225487335693821400e+00
2.233421492356984395e+00
2.240481146349502239e+00
2.248325597788479957e+00
2.256317977201087732e+00
2.262934247615162153e+00
2.271047224291431466e+00
2.277472973912439969e+00
2.283812050051726938e+00
2.292222251987104276e+00
2.298409127220504722e+00
2.306086579042644136e+00
2.312637142629470066e+00
2.319644951690447154e+00
2.326526533824847309e+00
2.332659680870596830e+00
2.339244082444051021e+00
2.346736554548400910e+00
2.353136612396686367e+00
2.359885714686308145e+00
2.365730858156093408e+00
2.372249796907643482e+00
2.377735890671007990e+00
2.384444688520965361e+00
2.391081107903737735e+00
2.397132320317276744e+00
2.403895941369107003e+00
2.408899530402976552e+00
2.415720126177283156e+00
2.421929300632476689e+00
2.426909400199392497e+00
2.432836888882494719e+00
2.438863190355107236e+00
2.445093035278927296e+00
2.449721128419544591e+00
2.455967267550243971e+00
2.461512520054610853e+00
2.467444864864208220e+00
2.472666518039078998e+00
2.478732817865616056e+00
2.483532775991684094e+00
2.489219047904327908e+00
2.494225207064522554e+00
2.500283482195580831e+00
2.505465107014604342e+00
2.510846301204106457e+00
2.515177259969752832e+00
2.520685868245984285e+00
2.525979655209607877e+00
2.530714490573405584e+00
2.536006969551628742e+00
2.540204011132711770e+00
2.545992876624886936e+00
2.550633657868499604e+00
2.555842120726115940e+00
2.561432779942510951e+00
2.565125495300609959e+00
2.569890170567659560e+00
2.575077892938018476e+00
2.579742590205478692e+00
2.584963921717817747e+00
2.588948140273279908e+00
2.593417208789716710e+00
2.598747106406329888e+00
2.603075503231369936e+00
2.607787743589639273e+00
2.612040762684543882e+00
2.615878048332221706e+00
2.620935124621817103e+00
2.625364971430192540e+00
2.629653496946347868e+00
2.634105644098944321e+00
2.637979954098813362e+00
2.642005237702275799e+00
2.646916282471842852e+00
2.650857407761985751e+00
2.654988469257015371e+00
2.659148469356361844e+00
2.663990518106238437e+00
2.668052448559725232e+00
2.671269773092166400e+00
2.675617840619877619e+00
2.679753181523576888e+00
2.683559469369106942e+00
2.687518875676689678e+00
2.691442667772495856e+00
2.695545495729311458e+00
2.699491571166574566e+00
2.703239782371917865e+00
2.706951016842547020e+00
2.710651956045359690e+00
2.714380532270422641e+00
2.718464346194767067e+00
2.722309109410993688e+00
2.726040088997767619e+00
2.729465699567542369e+00
2.732877282437801369e+00
2.736743846677087255e+00
2.740549659077327505e+00
2.744040894700592315e+00
2.747775426608933813e+00
2.751344082137241909e+00
2.754712337596053828e+00
2.758515461377588185e+00
2.761870072165818257e+00
2.765287702364033429e+00
2.768721473107206066e+00
2.771972192565618442e+00
2.775397182613607239e+00
2.779320415954013246e+00
2.782175606473535012e+00
2.786087259881752320e+00
2.789120792839223650e+00
2.791961896677883193e+00
2.795705653522607914e+00
2.798848721841890264e+00
2.802635582652686086e+00
2.805822498077368721e+00
2.808786865782926245e+00
2.812249097291751099e+00
2.815136042557319751e+00
2.818340461175646627e+00
2.821584954015067037e+00
2.824550681355528337e+00
2.827879532160427978e+00
2.831173192326117416e+00
2.834335660517564914e+00
2.837178086928981990e+00
2.840233292206644222e+00
2.843224966534819043e+00
2.846373774468395901e+00
2.849121059114222199e+00
2.852104445283910827e+00
2.855440040257775980e+00
2.858258181020679523e+00
2.861103742265498795e+00
2.864281479205893710e+00
2.867350263820532597e+00
2.870183463720952677e+00
2.872726094900606153e+00
2.875531235910913530e+00
2.878541799549278579e+00
2.881167029172422289e+00
2.884043026855891423e+00
2.887244505174397347e+00
2.889850578112032942e+00
2.892708937099750965e+00
2.895498624971870605e+00
2.898339842804559474e+00
2.900618824620989855e+00
2.903451423997751135e+00
2.906232622404347765e+00
2.909210231643156952e+00
2.911596357815291025e+00
2.914219677539160003e+00
2.916872442197253168e+00
2.919559004296820248e+00
2.922181257459191883e+00
2.924690351711195291e+00
2.927409057431747286e+00
2.930076251173328483e+00
2.932753782681702948e+00
2.935285146995690653e+00
2.937706464006797802e+00
2.940297538611332584e+00
2.942858641809993347e+00
2.945650543364780383e+00
2.948173619189824901e+00
2.950731957524544757e+00
2.952882340522688942e+00
2.955637821699338641e+00
2.957972571869490253e+00
2.960255858035871768e+00
2.962781222166059436e+00
2.965453154134339631e+00
2.967835221175198157e+00
2.969942851181674559e+00
2.972552010667304678e+00
2.975052231819030446e+00
2.977035619370596020e+00
2.979848258903633695e+00
2.982021474979718256e+00
2.984528105988160984e+00
2.986556645576614599e+00
2.988956757075519999e+00
2.991300401677950305e+00
2.993565956291206920e+00
2.995997080691001901e+00
2.998319131700152518e+00
3.000576427349172182e+00
3.002991679785347312e+00
3.005201902802129066e+00
3.007407101949536976e+00
3.009724748406552131e+00
3.011848391118849388e+00
3.013991474141918481e+00
3.016206610675313371e+00
3.018497020561333510e+00
3.020932862090635496e+00
3.022978711717565492e+00
3.025164629051402265e+00
3.027055307024819619e+00
3.029430267389874309e+00
3.031368446725908772e+00
3.033303552919264678e+00
3.036039279145456238e+00
3.038249473166131587e+00
3.040094982835735316e+00
3.042115466226760212e+00
3.044267184733731924e+00
3.046495732887078756e+00
3.048409399500730199e+00
3.050564532488028835e+00
3.052712502865007949e+00
3.054750430486129709e+00
3.056658792494537202e+00
3.058848728045217236e+00
3.060930912006396110e+00
3.062792679661429318e+00
3.064793695171063703e+00
3.066650293334482580e+00
3.068793189115955222e+00
3.070635339160393773e+00
3.072967481359551112e+00
3.074897488485826003e+00
3.076809514431309456e+00
3.078638286857657835e+00
3.080691285628339937e+00
3.082695491579415137e+00
3.084859830101831513e+00
3.086644446338326020e+00
3.088431911961458276e+00
3.090474752297261762e+00
3.092378592670586457e+00
3.094096437388728305e+00
3.096233692098455226e+00
3.098186166419015120e+00
3.100128917525583283e+00
3.101849976114007035e+00
3.103555179082089222e+00
3.105506106659217558e+00
3.107510910302552443e+00
3.109498226524570086e+00
3.110902241690241432e+00
3.112937353677619257e+00
3.114784282718520814e+00
3.116741405213613092e+00
3.118524843536321978e+00
3.120255859969633949e+00
3.122201641660915072e+00
3.123919007487000687e+00
3.125569943584393773e+00
3.127487658827023509e+00
3.129368577905395021e+00
3.131103545948441091e+00
3.133059162222552985e+00
3.134553715208744595e+00
3.136576398941788302e+00
3.138104144532109174e+00
3.140132462302871019e+00
3.141673313420974889e+00
3.143425666467523971e+00
3.145101293655994557e+00
3.146808918880446893e+00
3.148539109640837719e+00
3.150592352329451451e+00
3.152175790592417037e+00
3.153922637079827673e+00
3.155512777668166180e+00
3.157031975575904870e+00
3.158771762394335880e+00
3.160550106276772020e+00
3.162000993038839969e+00
3.163895540188417677e+00
3.165415483141793995e+00
3.167109171206161200e+00
3.168864466149118542e+00
3.170448896631872238e+00
3.172254520820248391e+00
3.173809265763147813e+00
3.175599709704915341e+00
3.177310522915285596e+00
3.178661652834837703e+00
3.180368849587945856e+00
3.181723394080980594e+00
3.183461451970493794e+00
3.185119606191673558e+00
3.186588131238833999e+00
3.188201072477614861e+00
3.189982550070772582e+00
3.191506333088295122e+00
3.193050383502051393e+00
3.194735434582004263e+00
3.196351034214405029e+00
3.197821978787707131e+00
3.199396319645486653e+00
3.201025597313277071e+00
3.202534975567994380e+00
3.203933919636090533e+00
3.205589563900907990e+00
3.207037387934832395e+00
3.208632804666959881e+00
3.210078803489551991e+00
3.211488601783359265e+00
3.213012738489662734e+00
3.214463559365570156e+00
3.216146875929163151e+00
3.217738924617473462e+00
3.219189071341783226e+00
3.220755268904063939e+00
3.222187851221640642e+00
3.223593919677306463e+00
3.225088548877530936e+00
3.226694768713560979e+00
3.228081570694721236e+00
3.229570166696850819e+00
3.230896072660773832e+00
3.232354681341015112e+00
3.233906833344213361e+00
3.235384185801431389e+00
3.236813377443934048e+00
3.238277061593059614e+00
3.239700608040013030e+00
3.241174449779589128e+00
3.242456092238660048e+00
3.243987689898588656e+00
3.245385887393066326e+00
3.246864556050531814e+00
3.248085964358237820e+00
3.249638143150780589e+00
3.251049638384662988e+00
3.252545145017431416e+00
3.253823335853608612e+00
3.255241262357026599e+00
3.256623678911613418e+00
3.257880350587452511e+00
3.259354140605989159e+00
3.260650329419110260e+00
3.262294677082566707e+00
3.263430936803923377e+00
3.264831568733693068e+00
3.266296754305720640e+00
3.267561133883893909e+00
3.268792081199277000e+00
3.270290832361741007e+00
3.271567025786196403e+00
3.272829720680601184e+00
3.274366772974104833e+00
3.275739688575458164e+00
3.277015065229054169e+00
3.278409574393040593e+00
3.279665711277281570e+00
3.281198396608858481e+00
3.282344317312980930e+00
3.283616402750574981e+00
3.284958996122668839e+00
3.286337206620564722e+00
3.287705839673928487e+00
3.288912711435747482e+00
3.290166315739692759e+00
3.291559305959382176e+00
3.292865052334280396e+00
3.294122439128742474e+00
