-7.684591327889920241e-03
-1.051055150874758738e-02
-1.469944450786755778e-02
-2.049388855613644769e-02
-1.625559991473479737e-02
-2.214087603071990262e-02
-5.863160031494885766e-03
5.097422385393015135e-03
5.771996323465180580e-03
1.812101282640276104e-02
3.535444575732900330e-02
6.795953436522526869e-02
7.296685444208834970e-02
9.965535201635820906e-02
1.235595582108104940e-01
1.406857118418660124e-01
1.590788765053489096e-01
2.072177165003087906e-01
2.424965784849504036e-01
2.509961283317191927e-01
2.816876260772659402e-01
3.089501358420979615e-01
3.431257616246132236e-01
3.713703608892004460e-01
4.070124899247630212e-01
4.242182521532458228e-01
4.450038343017978515e-01
4.875308935285297407e-01
5.211230862283928733e-01
5.436252029542549824e-01
5.705872953653026158e-01
6.002191382405894782e-01
6.281871037101351973e-01
6.577228472039547968e-01
6.812591368935251301e-01
7.138925637716959649e-01
7.300035242069009556e-01
7.639041833629419687e-01
7.893188284983829739e-01
8.102737953002321358e-01
8.423136752556947826e-01
8.698355745380380588e-01
8.987112103983223577e-01
9.229049232301654859e-01
9.450677461283024661e-01
9.748246474891557600e-01
9.942291047336501153e-01
1.017336590981592792e+00
1.041883066648825906e+00
1.068002943614201117e+00
1.092537397858342141e+00
1.115063689548859927e+00
1.133580309198533698e+00
1.160191900391974063e+00
1.187253020099280354e+00
1.203877291607137856e+00
1.226779464965009669e+00
1.246375638604889646e+00
1.271033400520579892e+00
1.289982289478554200e+00
1.309270099385418273e+00
1.333585912794128969e+00
1.351621694219806935e+00
1.370750452503889605e+00
1.391864844689669978e+00
1.412636561838203075e+00
1.431295254573203612e+00
1.452344808816163013e+00
1.469026291731186928e+00
1.485970657142140494e+00
1.504292087618671836e+00
1.526714086937829506e+00
1.542683099628446186e+00
1.556723336158871929e+00
1.577351037967538394e+00
1.591603545383656115e+00
1.610905911163717841e+00
1.627952275638377078e+00
1.643615895213002220e+00
1.659914254845030745e+00
1.676348610855740828e+00
1.690642782690511492e+00
1.706391232815576142e+00
1.724929245614879925e+00
1.739903320296227518e+00
1.754513086349388962e+00
1.768742030769572260e+00
1.784136205738957148e+00
1.797889891595570333e+00
1.814511925879171983e+00
1.827130862225331942e+00
1.841930908513905285e+00
1.855024993319839055e+00
1.869404065120041425e+00
1.882921589879497759e+00
1.895208312300143527e+00
1.910429088227332040e+00
1.922576385685053957e+00
1.934767075658145208e+00
1.947540847645706119e+00
1.960250738339161414e+00
1.972746309359831196e+00
1.987076146152881195e+00
1.999611635194190828e+00
2.011489731666956882e+00
2.020735618962636426e+00
2.033436608508662147e+00
2.044927050955808845e+00
2.058034525724041330e+00
2.067680056422799062e+00
2.080238001052391983e+00
2.089677786584354102e+00
2.101757598772789226e+00
2.111641383905451530e+00
2.121639552973485277e+00
2.133514507593293086e+00
2.143601391912898002e+00
2.154786344652085184e+00
2.163377355308749639e+00
2.173569609980727346e+00
2.182078350278471746e+00
2.194202568594165292e+00
2.201998033091483453e+00
2.213472320727496889e+00
2.222974338224718682e+00
2.233649762771406255e+00
2.242013375954969412e+00
2.250515166537272904e+00
2.259624950322248083e+00
2.269129495110414396e+00
2.278692320241622049e+00
2.287358432671231068e+00
2.294941830675764294e+00
2.304174203383549280e+00
2.313216343921312479e+00
2.321067517125243729e+00
2.329838778558248613e+00
2.339351847481566438e+00
2.347259982115453614e+00
2.354438452769115120e+00
2.362829210969994875e+00
2.370163748264963122e+00
2.379763610181117262e+00
2.387207304721976175e+00
2.395081239834150999e+00
2.401969045172691608e+00
2.409701043767101147e+00
2.417908638041410985e+00
2.425385710523756178e+00
2.432577341187380782e+00
2.441167992521528163e+00
2.448106962768830108e+00
2.455119121512825853e+00
2.461944931340632525e+00
2.469796583612037466e+00
2.476271966543277525e+00
2.483219082635637065e+00
2.489722590575393024e+00
2.497198993504740727e+00
2.503228039882944955e+00
2.509968806134247998e+00
2.517797607004447880e+00
2.523569835141600937e+00
2.530621100406938773e+00
2.536431469232614866e+00
2.543330321439036812e+00
2.549388872113429905e+00
2.555622518132649734e+00
2.562560715485478813e+00
2.568668602760725506e+00
2.574636827603742351e+00
2.581036412882732112e+00
2.587420561138062514e+00
2.592105851576987252e+00
2.598923449302862565e+00
2.603029850159959580e+00
2.610598103109970758e+00
2.616450400505448748e+00
2.621416280963354328e+00
2.627199323491804517e+00
2.633175046664885333e+00
2.638866911175787866e+00
2.644298943887388287e+00
2.650165226662247075e+00
2.655316926605047811e+00
2.660653044563157987e+00
2.666353324523122126e+00
2.671666073321559143e+00
2.676437378408448087e+00
2.681890481809739768e+00
2.687853891589682132e+00
2.692771724569402281e+00
2.698148336633812594e+00
2.702608192493028305e+00
2.707911870424566825e+00
2.713030575740496886e+00
2.717366139421060200e+00
2.722401607885370556e+00
2.726995449306492070e+00
2.732429879392361372e+00
2.737416450149260605e+00
2.741688827575777143e+00
2.746431729322014625e+00
2.751749326460813716e+00
2.756718563994279947e+00
2.761134777609111968e+00
2.765512842166076624e+00
2.770770290897614618e+00
2.774954193833668370e+00
2.779531029280260412e+00
2.784198386712469997e+00
2.789340053398849495e+00
2.793023025488356570e+00
2.797385120001623982e+00
2.801922038152282912e+00
2.806136787122960552e+00
2.810608418397227304e+00
2.815033500179716874e+00
2.818878080111167694e+00
2.823418401092085972e+00
2.827931999447579337e+00
2.832240862280723803e+00
2.836244455173924983e+00
2.839963427888003267e+00
2.844182012656846670e+00
2.848240335018538794e+00
2.852747316409132594e+00
2.856492371356969873e+00
2.860233003476488900e+00
2.864418543217464475e+00
2.868534909411199152e+00
2.872303763186188075e+00
2.876050257773314911e+00
2.880128582554629890e+00
2.883787976648781282e+00
2.887761259530005731e+00
2.891132420306084860e+00
2.895487795423745236e+00
2.899663441206910885e+00
2.902997710778477902e+00
2.906693349094747525e+00
2.910728500486034154e+00
2.913945229217079103e+00
2.917556525820454993e+00
2.921453621177023674e+00
2.925015164164429748e+00
2.929016753666012995e+00
2.932303892810825818e+00
2.936170618695054468e+00
2.939233368382497158e+00
2.943003156965954048e+00
2.946613581860387132e+00
2.950089598173251115e+00
2.953492021045024618e+00
2.956685622714165795e+00
2.960189310478605229e+00
2.963672308150276713e+00
2.967118974041056401e+00
2.970461228826533517e+00
2.973883686744044574e+00
2.977062896128453762e+00
2.980333936334386813e+00
2.983622006734230503e+00
2.986618870575254547e+00
2.990136636923854674e+00
2.993746392335651318e+00
2.997096686341797600e+00
2.999975323589384235e+00
3.003211662707407470e+00
3.006187739486043675e+00
3.009341683721549643e+00
3.012655468568879780e+00
3.015655615829431202e+00
3.018380373097152791e+00
3.021721060427765337e+00
3.025012257309805275e+00
3.028065903919961332e+00
3.031096292770814493e+00
3.034171259994896896e+00
3.036867222920395015e+00
3.039983458417812034e+00
3.042835978331867697e+00
3.045552384349266006e+00
3.049200889256122871e+00
3.051919806584588279e+00
3.054460456079652886e+00
3.057435474308186851e+00
3.060931829698268825e+00
3.063378123426867994e+00
3.066475884990053746e+00
3.069929421639669975e+00
3.072089779030959811e+00
3.074727761195322540e+00
3.077568747306687946e+00
3.080729244661643218e+00
3.083309429819148129e+00
3.086174267983889496e+00
3.089049092377178951e+00
3.091711126279128585e+00
3.094329896639140820e+00
3.096797365269247759e+00
3.099778474557582708e+00
3.102634573790573835e+00
3.105054114530889198e+00
3.107844644756516672e+00
3.110673404927044139e+00
3.112888266928921510e+00
3.115582179535622664e+00
3.118388376155699415e+00
3.120915312143100806e+00
3.123355298225778842e+00
3.126091689299317355e+00
3.129024657787494057e+00
3.131352495314012607e+00
3.134043886101979481e+00
3.136499761685065391e+00
3.139241693558231905e+00
3.141581006812970589e+00
3.144173585202520549e+00
3.146596565413781299e+00
3.148855697628528905e+00
3.151596022627400906e+00
3.154151186811676943e+00
3.156696709558880265e+00
3.159125170336998689e+00
3.161445059460702645e+00
3.163865422230092594e+00
3.166277143161930763e+00
3.169004634695946621e+00
3.170930002520082169e+00
3.173513817268488690e+00
3.175999067523359365e+00
3.178374169290471674e+00
3.180640003507358760e+00
3.183144676871513035e+00
3.185631440377160839e+00
3.187588220016012386e+00
3.189902578995677196e+00
3.192132715317697045e+00
3.194446849295966118e+00
3.196830873071533574e+00
3.199071314254366083e+00
3.201529886588296847e+00
3.203713830110452854e+00
3.206066832190955118e+00
3.208336816087594467e+00
3.210584223920653013e+00
3.212805214875831705e+00
3.215014510647008716e+00
3.217138645291977461e+00
3.219359168941859028e+00
3.221672126595242602e+00
3.223939964519367596e+00
3.226274490871287703e+00
3.228260253733389540e+00
3.230503993774333615e+00
3.232535051554645822e+00
3.234908782167633667e+00
3.237013313428529493e+00
3.238994593324265647e+00
3.241380697495553243e+00
3.243334859163949258e+00
3.245420885231159680e+00
3.247601791347116684e+00
3.249679661061962932e+00
3.251737380275833811e+00
3.253716096167031502e+00
3.256174674631187926e+00
3.258060478798070481e+00
3.259987129897428115e+00
3.261889568416035612e+00
3.263767152080949252e+00
3.266033977022104295e+00
3.268198941519727452e+00
3.270314212032223278e+00
3.272264765048349400e+00
3.274221863959218659e+00
3.276252790698913397e+00
3.278308056494022793e+00
3.280462372717707353e+00
3.282416020944137980e+00
3.284274429633051273e+00
3.286117332174464778e+00
3.287986865985482954e+00
3.289928429113970765e+00
3.291952935515613188e+00
3.294062085847891286e+00
3.295954257365477424e+00
3.297691071676284835e+00
3.299459969816330940e+00
3.301279048401132066e+00
3.303144481565777113e+00
3.305308754223991841e+00
3.307170515541576261e+00
3.309153141216411687e+00
3.310977348736935610e+00
3.312845059229508671e+00
3.314845397570051144e+00
3.316551409241035309e+00
3.318379961364739117e+00
3.320234757103562639e+00
3.321839744659449423e+00
3.323861035941691355e+00
3.325734618799256026e+00
3.327519086315171126e+00
3.329390460696589393e+00
3.331249865917238484e+00
3.332941923885726521e+00
3.334841239649183553e+00
3.336709064664507451e+00
3.338502978268109267e+00
3.340340793022670063e+00
3.341784368923039761e+00
3.343766906477307455e+00
3.345451519382715233e+00
3.347237878756159635e+00
3.349014374333629362e+00
3.350660243108114944e+00
3.352339344527106579e+00
3.354449123462151405e+00
3.355905596127300772e+00
3.357676528688467332e+00
3.359361486684028897e+00
3.361054994116853045e+00
3.362732477132689191e+00
3.364493040358254916e+00
3.366289265129196018e+00
3.368002232432348197e+00
3.369646591053296003e+00
3.371211674833487937e+00
3.372988213837799787e+00
3.374578436193259812e+00
3.376337728615157463e+00
3.378123331681487151e+00
3.379641746539157499e+00
3.381230335154361111e+00
3.382959230588318711e+00
3.384608399561329861e+00
3.386180029797711821e+00
3.387881426723137412e+00
3.389595765732472898e+00
3.391069687634136631e+00
3.392767659884477816e+00
3.394355908358254403e+00
3.396019543993539891e+00
3.397707253080258116e+00
3.399281639255170351e+00
3.400866545167605448e+00
3.402280118015000188e+00
3.403905021832460687e+00
3.405473693899890630e+00
3.407250530782205633e+00
3.408805271702648021e+00
3.410244016270403300e+00
3.411929802716323401e+00
3.413270785109262739e+00
3.414879515460464532e+00
3.416474619148975655e+00
3.418023181556233858e+00
3.419518918712056266e+00
3.421155585895529594e+00
3.422438131069045042e+00
3.424010535439321323e+00
3.425539760802305267e+00
3.427154198944653007e+00
3.428801644913365365e+00
3.430178410237870512e+00
3.431623671897590988e+00
3.433191797788640809e+00
3.434672595501598646e+00
3.435981769824077325e+00
3.437573341659635684e+00
3.439028226598086047e+00
3.440562515460729553e+00
3.442148976669200167e+00
3.443286816496537561e+00
3.444800243130479167e+00
3.446391402433226947e+00
3.447915173227283692e+00
3.449383931277182569e+00
3.450809695333411753e+00
3.452302132857852701e+00
3.453656886564238082e+00
3.455125074709599176e+00
3.456526815794248364e+00
3.458164512323238959e+00
3.459485070480949886e+00
3.460860067569838883e+00
3.462174645904179116e+00
3.463708178328503084e+00
3.465191259751557062e+00
3.466618334442920002e+00
3.468045286497881019e+00
3.469193008364039432e+00
3.470646057179063160e+00
3.472090798719655425e+00
3.473422345032440184e+00
3.474913016783769848e+00
3.476301887488939535e+00
3.477746161071133990e+00
3.479008969642451543e+00
3.480432374850483512e+00
3.481774653146498366e+00
3.483146598380348014e+00
3.484370673631127069e+00
3.485740880932451269e+00
3.487260063712232405e+00
3.488550255991492044e+00
3.489862896776178669e+00
3.491257874057789312e+00
3.492476597125456994e+00
3.493894401448339071e+00
