1.757489586901778422e-01
1.811510952109687544e-01
-1.288659050468511091e-01
-2.725807996198451738e-02
8.198692062071481768e-02
-6.050014506982924478e-02
3.445397201122399888e-01
1.837454090083552316e-01
1.518761518377237385e-01
-1.228391557547496293e-01
-1.046625078328665137e-01
-2.332556010812681935e-01
5.789519347093283197e-02
9.035548903568697832e-02
-8.280291596429911749e-02
1.252357272289549017e-01
-1.661034470705521904e-01
1.959035384498707122e-01
-1.754828362823260823e-01
-4.434061019988679020e-02
1.634915376979513002e-01
3.867234242672475814e-02
1.226070451728930588e-01
-5.873113310204629289e-02
-1.093908815942109813e-01
4.815261858677544193e-02
-1.176991257720872985e-01
9.666705285843157913e-02
-2.550872768218201969e-01
1.884752969384130561e-01
-1.379565388159776085e-01
1.032430426912060439e-01
-1.166777121414940555e-01
-8.512648203017997295e-02
7.460987243948132008e-02
-1.665895275185682312e-01
5.285799325837066409e-02
1.078371063170074501e-01
8.329062130654964202e-02
1.185760508043672175e-02
1.160706975990685730e-01
-4.415039272936504416e-02
-9.041261872322739479e-02
-4.874700181885069546e-03
4.197376620614679671e-02
-5.876311928937462403e-02
-1.246323797642500120e-01
1.916241379451773252e-02
-7.764331793692819117e-02
7.980733196879578883e-02
-1.681129778270540054e-01
-1.982096909900846471e-01
1.209088531920850251e-01
1.060107029154286756e-01
-1.964775962892814989e-02
-1.714620263938420042e-01
-7.694764635173372003e-02
1.539313091043296722e-01
-2.652172676542149388e-01
5.075788796841213153e-03
-5.897498117670073592e-01
-2.358053811212014739e-01
4.254213855489563656e-02
-1.733214339047744190e-01
1.007593298245929025e-01
-1.336236061890831162e-01
-1.954620069801658588e-01
-3.096656090732538905e-02
2.072438188140572624e-01
6.218868655403017587e-02
-1.957186232300862638e-01
8.806637837619962772e-02
-2.780014893853419156e-01
-3.483769332213842301e-02
-1.759477163703420388e-01
7.730981580146920051e-02
-5.478210894786268714e-02
5.246958920817525879e-02
1.280205783773278976e-02
-3.312347531586646299e-01
-1.588266989955104402e-01
-1.172419884476226248e-01
-7.681576071828545571e-02
-5.400246883116408166e-03
-1.591995968692270502e-01
-7.138131646312431688e-02
-9.493346115259386833e-03
1.537453134824247336e-01
1.569503600289575418e-01
1.352188504755127418e-01
2.229056268899434756e-02
-3.460256225007131425e-02
5.104493144120254844e-02
-1.331893246746524984e-01
1.827750279568013392e-01
-1.565413001226333423e-01
2.462029594821509570e-01
5.120876445169538285e-03
6.214236992132551873e-02
-8.086239476259868275e-02
-4.477282262816003611e-01
-2.341357755687414888e-01
-1.494120498726412838e-01
2.166949744980909212e-02
9.420661031504469485e-02
2.583753585316680423e-01
-4.297350615174262006e-02
4.328505037634152591e-03
-1.461356108456443037e-01
-7.996847903283878234e-02
1.507129689447449794e-01
2.527818793330945946e-01
6.944797177082834283e-02
-1.195637540745148192e-01
6.564833065910739840e-02
-3.282349426194723363e-01
5.549071661369455594e-02
-5.199284367121185385e-02
1.061467661447343391e-01
1.109075232365375058e-01
-9.118609706921228242e-02
-2.477846451928389024e-02
1.488092157017680828e-01
-2.071100845461074438e-02
2.326377423321087518e-03
4.470424451491567530e-01
-1.559378773573878441e-01
1.967423495340741013e-01
