4.873464213893220830e-04
2.287053237093622775e-03
3.390241159393449829e-03
4.645609518018419155e-03
4.479691442586144871e-03
6.112745880083294593e-03
8.891541656979081582e-03
1.097794004342243432e-02
1.131717050053291512e-02
1.075847372121261844e-02
1.224215474120368165e-02
1.550662552019519899e-02
1.703207079328517351e-02
1.471668051007552283e-02
1.490870056953293339e-02
1.551356746223525769e-02
1.741130724645600578e-02
1.887648708630955754e-02
1.865097395270932934e-02
1.859638436920425797e-02
1.843112036658474048e-02
2.094472636917016004e-02
2.187623420471468752e-02
2.350241933522489307e-02
2.446334439940426805e-02
2.518280440426006253e-02
2.753741486677658071e-02
2.913569163855144264e-02
3.068653604576876415e-02
3.057098668597780025e-02
3.535208591055789829e-02
3.563332522263874119e-02
3.909648142584052494e-02
3.870256865895652792e-02
4.163320931371203293e-02
4.482157080183018366e-02
4.595130580524777603e-02
4.804584252121461146e-02
4.902465325794511802e-02
5.279013762978077007e-02
5.373169127743987472e-02
5.631497444413843118e-02
5.860569014556932937e-02
6.107340421502368416e-02
6.285837805557700775e-02
6.532088250713193045e-02
6.616764349037583537e-02
6.900942142795624124e-02
7.005527909850187140e-02
7.248733068492717313e-02
7.458239230905827633e-02
7.800557561814792928e-02
7.867008706991673872e-02
8.022413105675862965e-02
8.213933389880159752e-02
8.482139930965573726e-02
8.769544297511683295e-02
8.851327467306090158e-02
9.131590040146268794e-02
9.218713503440814638e-02
9.378424073797883564e-02
9.597223757962322632e-02
9.739042172589855439e-02
9.884673129078601350e-02
1.006445580086773040e-01
1.025766307352640044e-01
1.038881930667407277e-01
1.046691575860045353e-01
1.059748788836741146e-01
1.078765609356272248e-01
1.094024417878547151e-01
1.104626373822832908e-01
1.141558366493241744e-01
1.126128049917303753e-01
1.158137920159166556e-01
1.168676285279015153e-01
1.180202999389176333e-01
1.188527015196427783e-01
1.214983993413254471e-01
1.219874831579024488e-01
1.238752413093150012e-01
1.245988787966572781e-01
1.242560779818336070e-01
1.269693528351759637e-01
1.292797825250104893e-01
1.288998912920430451e-01
1.308442396456521717e-01
1.320979275503208483e-01
1.315448612561932462e-01
1.324353525905127560e-01
1.332146195791628629e-01
1.350262141472769184e-01
1.366348790072442476e-01
1.374613019123763769e-01
1.376332264181925058e-01
1.390346066115926982e-01
1.392572852803453665e-01
1.411636804784703048e-01
1.417416213947571280e-01
1.416424531005934795e-01
1.426790930946504887e-01
1.442247331741831340e-01
1.450399948833468455e-01
1.466458848935914272e-01
1.464430303623394936e-01
1.448062984845190360e-01
1.476851400707061557e-01
1.468132829602368794e-01
1.479548857239409709e-01
1.487358301332298294e-01
1.493154678577597039e-01
1.497150810910853891e-01
1.496296518266956588e-01
1.513045046112020398e-01
1.514148154798363732e-01
1.523990593497509538e-01
1.523007203552238786e-01
1.513553394063109903e-01
1.531915665882924715e-01
1.534937290353854122e-01
1.536783748615364598e-01
1.537139614072947913e-01
1.538103134811426853e-01
1.545902014703174066e-01
1.553497062018311115e-01
1.564596177869033433e-01
1.552457805037240623e-01
1.562186815426335473e-01
1.563222654459812400e-01
1.569817784309949504e-01
1.570572259160068762e-01
1.569824512002498951e-01
1.577924838114566353e-01
1.568899397384273808e-01
1.573795198575625998e-01
1.578887064543068042e-01
1.575860866021328022e-01
1.589630727176021552e-01
1.586652816576905045e-01
1.579688662205862848e-01
1.586429209790396200e-01
1.586019840968154460e-01
1.583134335077341359e-01
1.583134432088176835e-01
1.590844589477423687e-01
1.577846247235032973e-01
1.595568684166717988e-01
1.588036403849047151e-01
1.590557675458649789e-01
1.597398730592166638e-01
1.598720252205603487e-01
1.587116333228292264e-01
1.593329159071312506e-01
1.579862173223177679e-01
1.588713551068929863e-01
1.585294018119956516e-01
1.585270674363049304e-01
1.582986562723423529e-01
1.582970832426457974e-01
1.579471719257437012e-01
1.588828291738543785e-01
1.585166129173476157e-01
1.576318438236198605e-01
1.582027558296124348e-01
1.579441994282573813e-01
1.574450593411794996e-01
1.579828320949689391e-01
1.577741406395011259e-01
1.575589211717650373e-01
1.566073627177768379e-01
1.571933417577170977e-01
1.567413484863988682e-01
1.560151297428073736e-01
1.563368942967280906e-01
1.558658130500548966e-01
1.555638284681348238e-01
1.554726493544280608e-01
1.555170203482910962e-01
1.555737049116605875e-01
1.549738095095494483e-01
1.549013324053225837e-01
1.549732029049736004e-01
1.546342350347464645e-01
1.544105445446132263e-01
1.541664873537218761e-01
1.536348223155283299e-01
1.535358341041159758e-01
1.532326647578819423e-01
1.526513024730616064e-01
1.526150422924144878e-01
1.521695693113631342e-01
1.517898230712523833e-01
1.514812246688541919e-01
1.513036105342679682e-01
1.518105551729555802e-01
1.510927122247631982e-01
1.510836265121686672e-01
1.496174247707781901e-01
1.499541366689614852e-01
1.496890977998799610e-01
1.493603122493474267e-01
1.486620164040096670e-01
1.492114582743528928e-01
1.489495730067941226e-01
1.478968640140807811e-01
1.475826732041574108e-01
1.472501922520163542e-01
1.470208214049487927e-01
1.462981930072557446e-01
1.460380241786330136e-01
1.459622807079575257e-01
1.455934601915611082e-01
1.452285807904229731e-01
1.452144784161102653e-01
1.448077709683768532e-01
1.441160535497046091e-01
1.442754514683966538e-01
1.440247273302125430e-01
1.435129859205046265e-01
1.428590307573038565e-01
1.423900158401615323e-01
1.422531676469138695e-01
1.418882393661321795e-01
1.417214821996590768e-01
1.409562877570455786e-01
1.403548676357087577e-01
1.405456674065067579e-01
1.399920400988365343e-01
1.394942393181118345e-01
1.394446606811850509e-01
1.387466812050051623e-01
1.384493463183916195e-01
1.373832257291281167e-01
1.378993884115193580e-01
1.368368842864065571e-01
1.364529572793246881e-01
1.365334575176296583e-01
1.361176939415247589e-01
1.356593319333419256e-01
1.356820863564206225e-01
1.356357792409094432e-01
1.350754524813448099e-01
1.346854240480944986e-01
1.346144458170558389e-01
1.338058364166175296e-01
1.334141337271052274e-01
1.331198104660731851e-01
1.323574510259375447e-01
1.322833839400219536e-01
1.313923153538257838e-01
1.312017947990988531e-01
1.311734079884402382e-01
1.304968196821772175e-01
1.300118938596858398e-01
1.297862178232785935e-01
1.294011430032877552e-01
1.291036935265162111e-01
1.288608601016466848e-01
1.285103001458687277e-01
1.282236119966819465e-01
1.277536329915226754e-01
1.278430797228257421e-01
1.268619178048347729e-01
1.265186368482759394e-01
1.264305528178593374e-01
1.261019559678881463e-01
1.258586295701829283e-01
1.253925914237258021e-01
1.249059108312310928e-01
1.247258099329056624e-01
1.243427056268224945e-01
1.238893700697511202e-01
1.236724033344019646e-01
1.230057930866063631e-01
1.231800520908624824e-01
1.227328760743132963e-01
1.224621083871626076e-01
1.223381507142014546e-01
1.213848076131993220e-01
1.211763024393766874e-01
1.208722483389235852e-01
1.207484766733784992e-01
1.205401997706523620e-01
1.199559692447344089e-01
1.192866123915763132e-01
1.193506022573622566e-01
1.192566938939981919e-01
1.187913125584003360e-01
1.184956710377690625e-01
1.180692109010870877e-01
1.173273403561275324e-01
1.172603002159815500e-01
1.169694152460706293e-01
1.166665569037834138e-01
1.163682372891251537e-01
1.163450558694942155e-01
1.159469520005532162e-01
1.154718585030485162e-01
1.152850044142781916e-01
1.150723003401741829e-01
1.149803020618890975e-01
1.147025228933608587e-01
1.141469863009735297e-01
1.139234875351237131e-01
1.136265224174152766e-01
1.132039816640054569e-01
1.132595337514295530e-01
1.127160672418144882e-01
1.122575373981190144e-01
1.123497169986448774e-01
1.121175649591852203e-01
1.115759574785905595e-01
1.114007798989137543e-01
1.113734099343984402e-01
1.109689589245910629e-01
1.106740084624259490e-01
1.104255278060797957e-01
1.100999017518050072e-01
1.098460734510603581e-01
1.094768645974769083e-01
1.092361856885302324e-01
1.088990983068614110e-01
1.086021257407086132e-01
1.085309630772811201e-01
1.082613202094618449e-01
1.080113240499871036e-01
1.077841664657623322e-01
1.076848550091978052e-01
1.073381587147173438e-01
1.071822836944152785e-01
1.069926175084767034e-01
1.065072422562902826e-01
1.062571691570812354e-01
1.061447215513281611e-01
1.059846780551783885e-01
1.059969876730928184e-01
1.054606708064226711e-01
1.053903177031211419e-01
1.052569569714040809e-01
1.048649641041657227e-01
1.047777308526615936e-01
1.043417267718404484e-01
1.040747540168824037e-01
1.038749046175903717e-01
1.037198044276071013e-01
1.035432561115866013e-01
1.035052909075641348e-01
1.033969329832492151e-01
1.032470170567769824e-01
1.029794251535391114e-01
1.025608529144252101e-01
1.024571840687247548e-01
1.023836142502556334e-01
1.021110641690993054e-01
1.019634067764793456e-01
1.018562510822395017e-01
1.016746111637706479e-01
1.017246579312307414e-01
1.012207873893485460e-01
1.011896710576276892e-01
1.010168599982848164e-01
1.006601899389678451e-01
1.006265192904406830e-01
1.004459144337700033e-01
1.002613117077800625e-01
1.000403859818662505e-01
1.001264481430036019e-01
1.000978688350075557e-01
9.970588965385623892e-02
9.943133862554336122e-02
9.948622632338099958e-02
9.922400162345239305e-02
9.907265711002800901e-02
9.908519045395589031e-02
9.900477802892565515e-02
9.875197838703783648e-02
9.863623164936956289e-02
9.858561272984524282e-02
9.842710902170398457e-02
9.834732482104421858e-02
9.804732627868854855e-02
9.762428562870051341e-02
9.769044731615850186e-02
9.756905533518513141e-02
9.772101733517483957e-02
9.759891198388850886e-02
9.726054109690132621e-02
9.719035767196557152e-02
9.718468760268567097e-02
9.693146477435886366e-02
9.688207382359692588e-02
9.690232325398417945e-02
9.662994062690065389e-02
9.652281131735609976e-02
9.643691602547724284e-02
9.644151743099270424e-02
9.604780741950909306e-02
9.596273296819766985e-02
9.600308303527926856e-02
9.600051191714438492e-02
9.574630269064772492e-02
9.576783306112138239e-02
9.555199259097803266e-02
9.549475663837413142e-02
9.550043283135176142e-02
9.528467997546574697e-02
9.537750062049726862e-02
9.513634398963244365e-02
9.518035675043394483e-02
9.504508167393041496e-02
9.506202372220493024e-02
9.491188604740476153e-02
9.479502248089485827e-02
9.475456751912841868e-02
9.483483287700752995e-02
9.467744723022826492e-02
9.463397405540782681e-02
9.448131070183618530e-02
9.426335398945423494e-02
9.439911913579294989e-02
9.434660961028364101e-02
9.420056461218788424e-02
9.402926244229005415e-02
9.418144085580244795e-02
9.411995573349259125e-02
9.412428424048767395e-02
9.384597343780190504e-02
9.377812630353585255e-02
9.390187694077922753e-02
9.380721292531726818e-02
9.375661698920359499e-02
9.368798036063150092e-02
9.364492738347579559e-02
9.360144312778506670e-02
9.346525847869405212e-02
9.356372628083423071e-02
9.341069362114631791e-02
9.337090269075280780e-02
9.332231321168509008e-02
9.343853226992349104e-02
9.332385418829414192e-02
9.328481917398474821e-02
9.320604426257124431e-02
9.330403749368611221e-02
9.325126941042549689e-02
9.323095937205103101e-02
9.322648141575190506e-02
9.303236360322499066e-02
9.303402838326546576e-02
9.299256478771643353e-02
9.318032280973130577e-02
9.302117364678802458e-02
9.294498948420117090e-02
9.312117014023801875e-02
9.288859312845844374e-02
9.305706412411238193e-02
9.299426927710080504e-02
9.303996314577221705e-02
9.267920897822659598e-02
9.293743906368777397e-02
9.286161787046715022e-02
9.282190557903277628e-02
9.282672392364677005e-02
9.290294753015787554e-02
9.286490878283390482e-02
9.278283468241863008e-02
9.295718082905402024e-02
9.288068026539965383e-02
9.297022538976493222e-02
9.292407058299251288e-02
9.288228688062648286e-02
9.290154930720528892e-02
9.285383452914743041e-02
9.280680784020885199e-02
9.282661257293368939e-02
9.291879433592491189e-02
9.291730914240074746e-02
9.271475115950016110e-02
9.289690016298317310e-02
9.290991127164718866e-02
9.279759453344314790e-02
9.284947280457234164e-02
9.285829106386797593e-02
9.281846724639311597e-02
9.286947285124318163e-02
9.289394426362876378e-02
9.289148460507910821e-02
9.283297122353104114e-02
9.280846479610591060e-02
9.302746502293519903e-02
9.297339238668510253e-02
9.289376274165603298e-02
9.307723101568170232e-02
9.303069479039907663e-02
9.297920937815411235e-02
9.305633609029548281e-02
9.298233225496076171e-02
9.314417452499798578e-02
9.303358755494067767e-02
9.311302371387011889e-02
9.316948904290534017e-02
9.310882037960541147e-02
9.305560248978250737e-02
9.323312630708389948e-02
9.323792405349644319e-02
9.321722509823826552e-02
9.325667642014195957e-02
9.329553594261036364e-02
9.336252190640760562e-02
9.345788708822648505e-02
9.342728723887973319e-02
9.339297859819184477e-02
