-6.072541146167492049e-02
-1.063571896660545600e-02
-1.100213825060961242e-01
2.976768703133485239e-02
5.390188831846950274e-02
4.490161437403324129e-02
-4.467330568638157307e-02
5.279973309857769609e-02
-8.750485133300528462e-02
5.986483688519866203e-02
4.443591853211672354e-02
-6.133696552074330982e-02
-1.160466047171899717e-01
1.122512449716963900e-01
-8.579959524527691617e-02
-1.681765019094552324e-02
-2.437101699017211846e-03
8.210464339590874128e-02
-1.378165351601841381e-03
-2.309007170052274419e-02
-3.685515667259071926e-02
-5.158329418389377696e-02
-2.383411244670748455e-02
-9.407289901812321276e-02
7.855930991358228699e-03
