-4.720272333610451426e-02
-5.150646303570440704e-02
-9.943906227914060814e-02
8.592501243680492062e-02
6.549733138455923753e-02
-3.701144046500042667e-02
-4.312732086104775764e-02
4.169374448402295846e-02
-8.379091951992399812e-02
8.674952808148608807e-02
1.625377120124246039e-02
-6.616072595049392324e-02
-1.423881867551003433e-01
3.654904867663963386e-02
-7.654654308168686028e-02
-8.960498245622334004e-03
-6.111871466062223160e-03
7.333041312207214113e-02
-7.823929417324758384e-03
-2.658106909943031872e-03
-5.565164504048783489e-02
-6.716472545530469129e-02
-2.253783245944530542e-02
-5.543943011854760017e-02
1.867003570656900618e-02
