1.791090080685662778e-01
1.789290007803037708e-01
-1.234573416513256028e-01
1.868455084650731939e-03
3.155238418085787311e-02
-1.366317006883534801e-01
2.080176278226711084e-01
1.693043173028715431e-01
1.745876886766176417e-01
-1.212055174720900880e-01
-9.205891631591454904e-02
-2.852220460330284202e-01
6.382282280485567470e-03
9.257950104734433139e-02
-9.306674407201408206e-02
1.482268531878963569e-01
-1.538513882875598704e-01
2.021302578424560292e-01
-1.754506475931518206e-01
-6.206430638744129397e-02
1.370056091866951042e-01
4.319425839127776640e-02
1.153099991169156679e-01
5.138324981061263147e-02
-6.151430589385254583e-02
1.145038128973713265e-02
-1.197580416498746220e-01
1.001699228913974365e-01
-3.127450733592802568e-01
1.890582335298810757e-01
-1.385097792598795341e-01
1.017048244595390727e-01
-1.177724021081508754e-01
-8.679823565270040897e-02
2.818712148857751079e-02
-9.729308299821326500e-02
2.673274508079616710e-02
1.028109436104620855e-01
8.334909844776565435e-02
1.493849085640266625e-02
1.044068390465828916e-01
-5.102578450421364070e-02
-8.753674827619511989e-02
-2.092377372286656489e-02
6.479119957827185472e-02
-6.321362952311056216e-02
-1.644294644523726368e-01
2.948087315419877993e-02
-5.811121881359781333e-02
1.708755099704180880e-01
-1.720159511549026188e-01
-1.661804903977854297e-01
1.343110775890147268e-01
1.000294446370481038e-01
-5.881496381279445462e-02
-1.580921650655458255e-01
-1.259805091835826396e-01
1.515032967472190739e-01
-1.966812172664562375e-01
1.886506477340364751e-02
-7.067795171657800246e-01
-1.432076938331611482e-01
7.450893897435031943e-02
-1.988878186106380341e-01
1.155174589841072297e-01
-7.887238580325393877e-02
-2.164512345215630351e-01
-4.452430966363335463e-02
2.106575431535720744e-01
5.317134030940356970e-02
-1.986860036039031774e-01
6.963501127940684154e-02
-2.217450851701156522e-01
-4.678524410247607984e-02
-1.294003604697462895e-01
7.075892420679881500e-02
-5.768226342458016020e-02
1.467557219414900201e-02
4.246465662998676754e-02
-4.491547058802474734e-01
-1.439595021411163023e-01
-1.026024909135111046e-01
-5.945048081892395642e-02
9.350919524139651023e-03
-1.614465242879120077e-01
-3.947407649411669578e-02
-1.766175419049071521e-02
1.861953966124753335e-01
1.523742727305590627e-01
1.242068851928614104e-01
2.203150615497716583e-02
-3.267004346761293726e-02
7.241954519303736570e-02
-1.333296195490210889e-01
1.643805687982735075e-01
-1.558687127566844577e-01
3.433002927696129358e-01
-8.827890206807530431e-04
4.189850453230581362e-02
-6.930555571729163367e-02
-3.673042547788510359e-01
-2.218285076173473480e-01
-1.058271333703808964e-01
-1.176505528851911134e-02
1.037139389384465621e-01
4.294610365884321546e-01
-5.193343612589763902e-02
-2.003673688179342938e-02
-2.647646390310228748e-01
-1.100091755716789410e-01
1.329100374545720276e-01
3.226958397958872848e-01
8.778495343136435980e-02
-1.221587580712532317e-01
8.667041645351659940e-02
-3.152360159746127599e-01
8.519197684397820935e-02
-5.955395561506684338e-02
1.117552241955039743e-01
2.226459850821204955e-01
-2.791912585253294304e-02
-3.192177794006510055e-02
1.063692688110142448e-01
-5.904200734053935418e-02
3.066960808649354941e-02
4.589519666076357085e-01
-1.044601460620480787e-01
1.920474792942970521e-01
