1.222734456255620827e+00
-5.908046646749783859e-01
1.768890998990948926e+00
8.446784629371277831e-01
1.050305073799528977e+00
-1.135420511692704915e-01
-3.721500407236951191e-01
1.299070020077044862e+00
-1.457512021191966323e+00
1.368445588304857408e-01
-1.422839356448510006e+00
1.816166648849259380e+00
-2.687804977630718462e+00
-1.081476453690272121e+00
-1.071904630542047931e-01
-9.875211097731307480e-03
1.288979436575954818e+00
3.114757415346600666e-01
3.773982988513518988e-01
7.941364082860025153e-01
1.584682379094924265e+00
1.432294888530799781e+00
-4.924738103488742608e-02
4.837274145009946014e-01
-1.547249901201704692e+00
-5.167244962759317550e-01
6.826158815466648599e-01
7.112198819793834614e-01
5.249789070178306760e-01
-1.049047761154751068e+00
1.749100033762193362e+00
-7.223794219182458898e-01
6.109928937961083273e-01
-1.666842792020842179e+00
8.721436250805327806e-01
-9.382863288440039806e-01
1.782275405623369391e+00
1.068223386031334599e+00
-2.378110679413266565e-02
9.291201322338150659e-01
1.587206503726852569e+00
-1.637991303848826741e+00
-1.164428553690541601e-01
-5.402272320933076966e-01
4.134356027437147141e-01
4.122579120837175370e-01
2.381768250858276037e-01
-6.876985446080219333e-01
1.428802273917325172e+00
-1.378200786267202549e+00
2.971651210494391737e+00
6.286487030773001417e-01
1.859477422125809243e-01
-1.366230358410791990e+00
-1.156754855854789321e+00
-1.038987571163180329e-01
-1.630516344232059600e+00
-5.914964650864514839e-01
-4.804346136103798681e-01
-6.273297515926772316e-01
4.222208135107041738e-01
-8.741875260928899660e-01
2.588548452227631969e-01
-9.655023637016844906e-02
6.910251980005440720e-01
2.682082301188276396e+00
2.142128139456892996e-02
6.102197049838944398e-01
2.164882589266832635e+00
7.292754359961151067e-01
6.093293966237871978e-02
-7.367915964244083904e-01
-9.324570925608788308e-01
-2.027033242603168695e-01
-1.058439593402626278e+00
8.771854618830121630e-01
-1.410059254416778041e+00
7.639066186541582093e-02
4.398269541932628979e-01
2.099066496284019909e-02
7.245816264395273931e-01
8.581549802034107444e-01
3.579596768498889414e-01
-2.212874615122661481e+00
2.148077837515717015e+00
3.351598837318718327e-01
3.249243834373009565e-01
1.229804365084737061e-01
-5.320257049438374512e-03
-3.846818812159157330e-01
1.473093936689639616e+00
1.073225511869488225e+00
-1.065163794628584792e+00
-1.300325470304493969e+00
2.049019079254018050e-01
4.234886631682698854e-01
-9.963682251822065794e-01
1.104557906442445336e+00
4.104123926736841926e-02
-5.640153086556707329e-01
-3.130723244936525762e-01
1.937699889775653661e+00
1.022558621264514134e+00
-8.433509753143949572e-01
-5.800480983228413212e-01
-5.780307174984634644e-01
-3.029129942118172214e-01
-1.645725625963056493e-01
2.086839139046738012e+00
-1.456010416606699165e+00
-2.804931225787762883e-02
2.115456631498579543e-01
-1.417573270277099409e-02
1.435494700810589219e-01
-1.983569166304038345e-01
-3.671198704093540655e-01
6.235944379802729198e-01
-1.265582727925316509e-01
4.433354836171577995e-01
8.337684677272940714e-01
-1.587022553446198803e+00
1.470316254265443989e+00
-5.642016541974372024e-02
-8.352930650220825592e-01
1.589771855913809651e+00
-9.485281739771736845e-03
3.659434939015276389e-01
1.138867996544407513e+00
