1.208323492155843448e+00
-5.923335920275893951e-01
1.767339936431976399e+00
8.818973224606950767e-01
1.050268831786067780e+00
-1.279038851857674519e-01
-3.964343634882387946e-01
1.300771876075183187e+00
-1.458272346048243850e+00
1.557038410914816373e-01
-1.431510679343624082e+00
1.678397424409183047e+00
-2.674879780518700567e+00
-1.077462621035288670e+00
-1.154897700652205289e-01
-1.772453068257222319e-02
1.294016870804358454e+00
3.167494809498061503e-01
3.757519958279081362e-01
7.969421249399705198e-01
1.583213903603411632e+00
1.437339914081196879e+00
-1.139668966680628115e-01
5.082664206211381375e-01
-1.546172656643645116e+00
-5.192863152091300449e-01
6.924293907662769643e-01
7.101030813123112573e-01
4.082290848761420121e-01
-1.049214189037739997e+00
1.747408500292553235e+00
-7.309655756362951617e-01
6.175734682705094070e-01
-1.664729117410988168e+00
8.986562608022015120e-01
-9.307375748013719807e-01
1.723836994617498952e+00
1.068303122645180681e+00
-2.988534515748559814e-02
9.312697279156798569e-01
1.596800545153547635e+00
-1.617455466621417370e+00
-1.305721647106693195e-01
-5.324194272846863862e-01
4.341567858968393701e-01
4.155979734699237760e-01
2.419909995036968187e-01
-7.032259485215215378e-01
1.431380483828520900e+00
-1.359310888362263103e+00
2.955510606213511693e+00
6.021620405282281929e-01
1.938300950833035941e-01
-1.402714153880361803e+00
-1.156075687853531209e+00
-1.004358241124749390e-01
-1.609293669058472043e+00
-5.974593933455493167e-01
-4.993000270915073369e-01
-6.367064142697090867e-01
4.056946930002751084e-01
-8.936947816015390345e-01
2.565538728050825168e-01
-8.963091861810014438e-02
7.036531184294478880e-01
2.685286870167449713e+00
1.928049128946197552e-02
6.110789150265822922e-01
2.170414551345796195e+00
7.505334745839570276e-01
-1.700578159374765627e-02
-7.418968335263440572e-01
-9.755867067845686025e-01
-2.402435146262480725e-01
-1.058739869754760088e+00
9.008998259624754201e-01
-1.412060673317484527e+00
8.658276360225951318e-02
4.413197183436210480e-01
1.831799830694546063e-02
7.178955121054383381e-01
8.561291350873531103e-01
3.677357638573103826e-01
-2.213519827971901055e+00
2.121504725311878392e+00
3.580670474352706245e-01
2.498012905082047097e-01
1.518523756894145926e-01
7.923130090286239005e-03
-4.015994512954334517e-01
1.476664759507466229e+00
1.078056717828779654e+00
-1.065640633657584546e+00
-1.291606404202143565e+00
2.097120374610246252e-01
4.243883542469818471e-01
-1.026463451642972258e+00
1.109488114930812896e+00
7.972518933270383856e-02
-5.814488365032421946e-01
-3.630834208138705166e-01
1.936361837858995738e+00
1.037605026359856408e+00
-8.555564302477749461e-01
-5.907152538431144073e-01
-6.105195640147970115e-01
-3.041345354044221461e-01
-2.369437862012829799e-01
2.125081892019759611e+00
-1.458419652443741832e+00
-9.828772431515081856e-03
2.195644337198758012e-01
6.053478452328960036e-03
1.569204714370690812e-01
-2.082096609254245612e-01
-4.021889505515748864e-01
6.302473895007341120e-01
-1.476562724096176782e-01
4.628245908524726282e-01
8.529132932911419607e-01
-1.586826024899193222e+00
1.497765904057513531e+00
-5.476879442343390858e-02
-8.439011987206219700e-01
1.592021029661990106e+00
-1.954571772419529119e-02
3.562580368358193583e-01
1.142497396381011665e+00
