-1.677713523662305249e-15
1.269317984053941454e-15
7.993605777301127288e-16
-1.914191027907463482e-15
4.750783100249122563e-16
-5.737632591262809167e-16
-5.662137425588298455e-17
-1.902922264207518275e-16
1.670885652060860537e-17
-9.194311978433233243e-16
7.749356711883592139e-17
-1.392663762089796418e-15
-2.840505608503463103e-15
3.563815909046752653e-15
3.317790486789817843e-15
-2.455369241260996167e-15
-4.575451129085195500e-15
-1.316835529507898245e-15
-1.144639938388536448e-15
-4.950484466803572604e-16
-6.847189482073190391e-15
7.503331289626658316e-15
-7.647216193618078140e-16
-4.759082017358195988e-15
1.813216243817805744e-15
-3.618105814950922498e-15
7.460365658573664708e-15
9.351408536417693587e-16
-5.041189687915447912e-15
-3.950950677733544946e-15
-2.327249504219253112e-15
-1.115851855360006140e-14
-7.405520641157182000e-15
-7.307598970385242638e-15
-6.879496972089782881e-15
-3.894329303477661395e-15
3.163913575576771232e-15
3.868461107003895582e-15
-7.320255512865969902e-15
8.251732630526476302e-15
7.542855229303313086e-16
3.338662679652770657e-15
-1.059652365853480584e-14
2.520206265899105428e-17
2.114752817305997986e-15
1.478928091103170998e-15
1.218802836433496863e-14
1.415645378699537043e-15
1.368971602744295495e-14
3.828881656176008303e-15
-2.137068300100963689e-15
-3.129607684115853778e-15
5.154765503334601588e-16
1.815492201018287138e-15
-4.858891067271997662e-16
3.426536832051851709e-15
-2.818301148010960051e-15
-2.788824726707161817e-15
-3.825828542858289632e-16
2.454370040538833488e-15
-4.609201909033799698e-15
-8.675282714420973270e-16
-1.683819750297743579e-15
-5.554612325653352078e-15
-2.017719324953759440e-15
-2.925881759097137458e-15
-5.630218513630324948e-15
-1.818545314336006303e-16
2.627620343531589289e-15
1.437833185846670835e-14
-6.712463918034928061e-15
-9.805878331548000890e-15
1.244976344239034947e-14
1.236144520078141781e-14
9.539979917150276341e-15
2.865319093103835109e-15
-6.997735724212361603e-16
-1.119965231666242264e-14
1.060457277546333919e-15
6.500772142814526073e-15
1.220412659819203296e-14
-7.787492872779467120e-15
7.057243678332270343e-15
2.885247596395856767e-15
8.453709954281407540e-15
2.308375712800625656e-15
3.829381256537089643e-15
-2.232852791550499281e-15
1.214528477788690072e-15
-6.070782765377203216e-15
1.194316867625389028e-14
4.033440248463193719e-16
-5.085737386778532823e-15
-1.498023927126723796e-14
1.532188265152001340e-14
-8.680056673426862150e-15
3.294031714062839645e-15
8.524292383071952044e-15
3.738453990820289821e-15
-3.329780895455769594e-15
7.961686865343154472e-15
4.467398673213552121e-15
5.367178923521009627e-15
3.116840119332664651e-15
-6.798950291653227352e-15
-2.087940931261300623e-14
-7.346317998369044467e-15
-1.286548645396123958e-14
1.497141299822146842e-14
9.613143614473073642e-16
1.457570175666944528e-15
1.279809591636649137e-16
5.434153127481522498e-15
-9.582057369783570711e-16
1.055447396147712842e-14
8.074096946586450408e-17
-2.907327156798089681e-15
-5.304479078205304297e-15
1.184377595997432266e-14
7.646938637861921709e-15
-9.787851085185650214e-15
-5.888609044824022709e-15
-1.737457400174946580e-15
7.605110985409168797e-15
-5.501793465256810489e-15
2.520643416215051341e-15
-2.090522199793554288e-14
2.582961622366042516e-15
-1.579791852890366479e-15
1.150724654452872582e-14
-3.307076834602184808e-16
-5.281330928141869694e-15
1.766038704165140452e-15
-6.627344506515697724e-15
2.038133550819054556e-15
6.133232810512368271e-15
5.505020050922126782e-15
-3.269336190658833639e-15
-5.028061300649256056e-16
2.470336435411723935e-15
9.666573097533159271e-17
2.836439416675773379e-15
-9.026529523836756413e-15
9.254756683230169592e-15
-2.242726837575759280e-15
-2.130795540011831580e-16
-1.465566557001807140e-14
-7.360265175115899511e-15
-5.050029838749025727e-15
-9.204213780034110186e-15
-3.834030315452707991e-15
-9.183626081821216363e-16
-3.183148189478402009e-15
9.654881061305075921e-15
-8.289896546997965171e-17
-4.184180779631674473e-15
1.825414819300874473e-16
7.236877763716620115e-15
-1.071673305652609515e-14
-8.903128234649671109e-15
9.941977796579237495e-15
1.227844562134983228e-14
-7.479742519800325769e-15
-9.407197243405107845e-15
1.043275882350869214e-14
-1.220065715124008052e-15
-4.933276009921883340e-15
-2.294688744575168395e-14
4.060798919347519177e-14
1.592365128644246459e-15
-9.142679668894259736e-15
1.098277024880189929e-14
9.625633623500107127e-17
-4.689859611772817090e-16
-1.565308299644741085e-14
-1.574281677241273767e-14
-4.725705937680402598e-15
-1.917452308042300069e-15
-1.956171336026102293e-15
-3.963357420033730358e-15
4.951164478406155998e-15
-5.282416865037831529e-15
7.281716896123668549e-15
7.628533221781807959e-16
-3.171879425778456506e-15
1.066550320283354781e-14
-5.481271686536004198e-15
-1.130448512576265268e-14
-9.694245406421941640e-15
-2.813735355822188988e-15
1.442869435042126571e-14
7.662849521583581817e-15
3.359923450574342553e-15
-2.011147498537369059e-14
1.040333097446222169e-14
1.070321609120128480e-14
1.862002912966787054e-14
-1.540244320974437720e-14
1.114423830994582037e-14
-9.780509735435316417e-16
5.777808786966431569e-15
-1.873556865206182869e-14
-7.886691300029725198e-15
2.115954633730154776e-14
-2.420133538016955438e-14
-1.159970036690438621e-14
-5.336293906754719191e-15
1.224105539154862803e-14
-7.908090848829373929e-15
-7.530406853639704624e-15
1.534528060176398748e-14
6.732253643448871503e-16
3.695337091880191140e-14
-5.703354455377507474e-16
-4.092587380100098743e-15
-2.047335911914416283e-14
-4.852784840636559333e-15
-2.018385458768534559e-15
-3.958125494030184964e-15
2.530546605594707929e-14
1.301682373000545585e-14
-4.831010591566098532e-14
7.196299112166570947e-15
6.356401516249832001e-15
4.568165290486092437e-15
-4.840058909216793059e-15
-8.189282585391310655e-16
-3.750384724998667566e-14
1.048527931146736567e-14
8.197192924441764604e-15
2.139455279603907735e-15
3.851063912208019140e-14
9.732367689530008937e-15
-5.980826944806949522e-15
-3.851363672424667786e-15
2.700882573147822584e-14
3.038957974155209697e-16
1.870938126646848360e-14
-2.569987278544516716e-14
2.927913467232201730e-14
-1.041293440362522939e-14
-8.433032050447763873e-15
-7.957162706517806656e-15
1.409938832352963746e-14
-1.215932909914840856e-14
-5.510783496198712469e-14
3.317338070907282746e-14
-8.779060811647809109e-15
1.986072417636819389e-14
1.522088011185473950e-14
-9.458933636352639471e-15
3.852293484207791456e-14
-1.361713519720808509e-14
-1.436628593864952607e-16
2.249347930138867499e-14
1.163080742827560195e-14
1.576327957053536056e-14
-1.889011169708965003e-14
1.447014730260320860e-14
1.041738917351153820e-14
4.023156807697602896e-14
3.763406253298740239e-15
-3.332334408412407419e-16
2.863656534124459045e-14
-1.109642933094789887e-14
1.123379167466964552e-15
2.253097708404538962e-14
-1.808880822906644317e-14
5.954181592215945544e-15
-3.986339036643471180e-15
-5.624362087175427683e-15
-3.818056981685913406e-15
-1.117664294447706605e-14
7.670891699618209449e-15
-8.530065542800002025e-15
4.267391995327329691e-15
-5.632216915074650305e-15
-1.539740557277014016e-15
-1.137384630922610999e-14
-4.990174939933922139e-15
-3.564024075863869838e-14
-3.713751528522379677e-15
-7.846556737689525057e-15
-1.442401753593003238e-14
-1.522465487013846412e-14
4.893419003337840024e-15
1.517619363511357657e-15
2.388844677625456896e-14
2.515967989502598690e-14
2.040850821671824585e-14
3.287631278325875191e-14
1.958738726770548156e-14
1.943961658312787131e-14
-7.524758594001923598e-15
1.343947175769244570e-14
2.428057754855217464e-15
-1.812239247556135516e-14
3.782096857918304537e-14
1.067934629617184356e-14
3.359701405969417645e-15
2.072536586794626702e-14
1.818101225126156250e-14
2.921612951567454017e-14
-3.199218667759850970e-15
-2.053968106707770728e-15
5.183575790823624901e-15
-3.036593199112758162e-14
1.660971360450957938e-14
1.671363047961449481e-14
-1.789224324255655938e-14
-1.658340131882596375e-14
-8.055112132865360991e-15
1.054711873393898726e-17
-2.577693614114195922e-14
-1.192190790533231799e-14
5.160094573852802739e-15
-2.090427830836460857e-14
6.336653424199312004e-15
-3.849698337887730087e-16
-1.933231352779785033e-14
4.395372954490995122e-15
2.465855297728580826e-14
-1.365663138130912508e-14
-9.918565968547454342e-15
-6.073308522758224885e-15
-1.731320642406330992e-14
5.559996907322783962e-16
-1.720168452123971214e-14
1.237693281197493855e-14
2.456185255184095609e-14
3.790689984128903575e-15
2.401628895754015558e-14
2.199102011601894295e-14
1.359701240488675507e-14
-6.767642002358798328e-15
-2.867200921130574978e-14
-1.858413423150295686e-14
1.118366510510782136e-14
3.100020240509593287e-15
5.380568213197989522e-14
-1.116168268922024242e-14
-7.734923812563465215e-16
2.894040562750888340e-14
3.737288256644433362e-15
2.552608124872790480e-14
-1.404198979315651732e-14
-1.899541635097534565e-14
3.147632154920643431e-14
1.042577135734745713e-14
-3.077843535592706075e-14
3.986921903731399804e-14
2.638833596080303269e-15
-3.747280263866059361e-15
1.283834150100915426e-14
-3.384809099671315617e-14
-1.019573314664512558e-15
-1.053751530477597943e-14
-9.268863454536813883e-15
-2.053929248901908899e-14
1.301053709212851625e-14
7.297829007768541942e-15
-1.006800198766200082e-14
3.541333892798093169e-15
9.868772465893016551e-15
-2.848499214280764139e-15
-3.742772758386081791e-14
-2.257966036367520327e-14
7.368494703285932941e-15
-1.974065355625498261e-14
-4.094835581724965165e-15
5.377420730923176690e-15
-8.399281270499158887e-15
1.267003169047597994e-14
1.397282289872236955e-14
7.741585150711216998e-15
-1.597327825564320978e-14
-3.149758232012800344e-15
-1.859573606211028992e-14
1.585170883444675527e-14
2.742328586435860471e-14
-1.062960830466863571e-14
-4.400702025009195287e-15
1.503208668651723105e-14
5.003941705439274339e-15
4.138217546412192986e-14
-8.465506073918050144e-15
-1.891936607378852533e-14
1.232458579636386332e-14
-8.159528608331356976e-15
-9.044820448167457218e-15
1.382510772529599240e-14
-7.552347636163857942e-15
2.437094970275666239e-14
-8.404055229505047767e-15
-3.515054913805215665e-14
9.366396547250133769e-16
-1.982136677014523270e-15
9.696687897076117603e-15
3.171379825417375009e-14
1.946443006772824371e-14
3.786027047425477740e-15
-8.294809283881931379e-15
-1.109501379659150096e-15
-3.787220537176949645e-14
1.608257971241755611e-14
1.983191388887917078e-14
6.739886426743169415e-15
1.715899644594287457e-14
2.364092255291439013e-14
-5.780764755769496358e-15
-1.899458368370687754e-14
6.981082378842984610e-15
-2.745931260150769109e-14
1.302458141339002370e-14
-2.096167683873773186e-14
2.655531350370665599e-14
1.338057442623608075e-14
2.175976065998952302e-14
-4.776179451937422995e-16
-2.853273173286652131e-16
-9.096057240753908293e-15
-7.540801316707756403e-15
-1.780930958261706178e-14
-1.282307593442055883e-15
1.472327815221774442e-14
-1.753863720921344677e-14
2.294886503051429887e-15
-2.427280598737979694e-15
3.132211157108599895e-14
-1.960714923754380905e-14
1.933714299795496916e-14
6.310063582759539549e-15
-2.284705757915617263e-14
2.147138022934313899e-14
-1.359767853870153019e-14
-1.774247415653462653e-15
4.157896249523673816e-15
-3.720157515374466968e-14
1.770705804204908572e-14
-1.000005633855494182e-14
9.077072427032817397e-15
1.538447147453325647e-14
4.193312364009216403e-16
-5.256906021600116377e-15
1.268052329805868727e-14
-5.523692614417541348e-15
-2.104449947637476642e-14
-6.510569861006843319e-15
5.961786619934627892e-15
3.397648828951105487e-14
2.786304520441262748e-14
1.415478845245843382e-14
-6.004863273290084546e-15
-8.762546244156510726e-15
2.188871306429973694e-14
-9.460210392830959764e-16
1.459321552488290634e-14
-4.144906640135559781e-15
8.428924225256651690e-15
-1.815636530011488624e-14
-1.654110182158774526e-14
3.756561728351925811e-14
3.198141751425964554e-14
-2.845179647437135084e-14
-2.651212582804873945e-14
6.813771769031972964e-15
-7.937206447650169631e-15
1.104150104680456967e-14
7.589484596337570442e-16
9.266476475033869443e-15
4.556910404573955209e-15
1.461342158393108601e-14
5.579647854858648992e-15
-2.259481490796133486e-14
3.259315040082810578e-14
-7.392753076373991690e-15
-2.268074617006732208e-14
2.592814851709590496e-15
1.677757932583290310e-14
7.569278537289391958e-15
-4.388822638645706187e-15
-8.144263041742760758e-15
-1.733813093096614537e-14
5.205502695559971522e-15
-3.607558696216983637e-15
6.295297616532025459e-15
4.919842311323918700e-15
1.269151450600247674e-14
5.521916257578141293e-15
-1.069877519910278348e-14
6.811995412192572909e-15
-1.595490406458566248e-14
-8.804845741394729215e-15
-2.251088204729967300e-14
9.772516129658014987e-15
1.731181864528252974e-14
-8.788414440630277327e-15
1.180422426472205114e-14
-1.907418667457250270e-14
-2.612821070613336049e-14
-1.657951553823977608e-14
4.079736548590062726e-15
-2.731714854320443783e-14
2.082611860743099985e-14
1.157296480869263121e-14
1.179845110499400116e-14
-8.331557665997024401e-15
-1.946209859937653237e-14
-1.627353807265308291e-14
2.849165348095539258e-15
1.775268820836117665e-14
-9.004130774314945003e-15
