-5.895203338902101770e-02
-2.244384187673943709e-02
-1.124357772051221005e-01
2.237633730408351840e-02
7.010292056160824514e-02
5.344939093747325121e-02
-3.816728744033119625e-02
5.712308382614381813e-02
-7.840522307411706970e-02
5.830745254303478647e-02
5.945256063135480329e-02
-5.594384442349769476e-02
-1.087045186694908239e-01
1.138625029135223871e-01
-7.414514584309674083e-02
-4.090333916685905818e-03
-2.085281280308834331e-03
8.315385959575090358e-02
-4.147701009110420049e-03
-4.069090024379667936e-02
-4.374185792840222520e-02
-3.476615637548923637e-02
-2.364065980767111885e-02
-9.901204884118497418e-02
1.018809340869500368e-02
