-5.969251247229651058e-01
7.621120437780778412e-01
-3.645524790005973820e-02
-2.018277158532649551e+00
5.620910815853492615e-01
1.154243415771681658e+00
-7.515890926788117987e-01
-5.905891411031399807e-01
8.657616073804272894e-01
-4.683085017951508222e-01
-3.325406389928587947e-01
-7.439699544997845360e-01
-8.554820575386582471e-01
1.769419174145734353e-01
-4.239125165949058083e-01
2.922341680754259041e-01
7.379413126083793628e-01
1.410956792231263579e+00
-8.823022174713743837e-01
-6.963013895495697714e-01
5.891845023332944464e-01
8.023354508180542410e-01
-1.885712457539957532e+00
-1.092338923820570656e-01
1.126927951250249693e+00
9.066995979088271485e-01
-3.738230030710268936e-01
-2.044421916234982817e+00
-2.944905208120034840e-02
8.242193581747379039e-01
-1.202218236813243080e-01
-9.428630822658436994e-01
5.320339431764891103e-01
7.015628272888451145e-01
-5.230206614461045955e-01
-3.197044291950869033e-01
-1.072387603536455458e+00
1.173834415983466162e+00
3.701977959670278984e-01
4.831984800981067307e-01
6.656331702302934472e-01
-2.866035340502876005e-01
-3.731320126885988020e-01
1.257552756094451496e+00
-2.542473866326032450e+00
7.593487427155217739e-01
6.659299501136001220e-01
-1.067014381346197194e+00
1.186088270880075596e-01
-7.157139143153434802e-01
-8.692884275332947164e-01
2.304033267053311462e+00
4.542504414771340593e-01
-1.055426378638115947e+00
1.219559342080800191e+00
5.174987655210482318e-01
9.155117966128374363e-01
1.483214571431171747e+00
-7.770434169340452168e-01
9.426905660205461834e-02
-5.838960356074032743e-02
1.531006366825966580e-01
3.155485288287895873e-01
7.883065946128701151e-01
-1.194415131523537177e+00
1.448020346249672130e+00
5.070320690356346915e-01
1.070166863602590723e+00
-1.406503317192766556e+00
-7.105889320389069397e-01
1.563537745549971048e+00
-7.537054537448639735e-01
-1.463036621045983310e+00
3.048394233998771852e-01
1.048638286680982024e+00
5.417989393348933147e-01
8.747137977892225358e-01
1.683937055671459015e+00
8.769403732652391037e-01
-8.754007005086240634e-01
7.902299098156753132e-01
4.300782010024444685e-02
-3.663822104201210905e-01
1.750965375994280038e+00
1.017166780843394985e-01
2.444367205142901067e-01
1.445172832201812696e+00
-1.362839234238000796e-01
1.549993688626914334e+00
-2.939857215072763097e-01
-5.587207871540625925e-01
1.410642244258681899e+00
1.097706532259011381e+00
-8.951897829232214887e-01
-2.024511316568352037e-01
-1.027553164476450176e+00
-1.544361474438816551e+00
1.080524167115851419e+00
1.828810949223455662e+00
-5.425639256754695161e-01
-1.893553960176202589e+00
9.723175370061820644e-02
-5.272091789909646442e-01
-6.941744480041919241e-01
-9.363383523891066762e-01
-1.667018553875106779e+00
8.118022716736291722e-01
1.206572022714368586e+00
1.830764316357239352e+00
4.571138396428993667e-01
6.994454436374656359e-01
-5.852168123059451332e-01
4.496928718579591422e-01
-4.627204862965886289e-01
-8.832813091715575604e-01
-1.462997711859480576e-01
1.033920172327779802e-01
4.229821832643274604e-01
1.482235817956371493e+00
-1.195560065741992223e-01
1.027833991903513766e+00
1.221821059647896779e-01
-1.953407238781600941e-01
6.572169445665635434e-01
1.314428154746442923e+00
4.114459654856238435e-01
6.068689895799178613e-01
1.031465502487221464e+00
