4.485078974880707752e-15
-9.769962616701378345e-16
3.139710713639942527e-16
-1.737013310965096567e-16
-4.982680934517703035e-16
-1.511901714934538213e-15
3.053113317719180733e-17
7.382983113757291388e-17
-1.124699292032183043e-15
-1.587174836004123721e-15
-1.506017532904024792e-15
8.082423619271139890e-16
1.079469846843039788e-15
-2.231936857555183492e-15
2.006061983195195249e-15
-2.220668093855237989e-15
-3.841371665203041344e-17
-1.892486167776041769e-15
2.278177646530821174e-15
1.492583834306060546e-15
-5.796030322358092576e-15
-1.427169493695146250e-14
-4.217515225946044615e-15
-2.635114348947808986e-15
1.066258192850000253e-15
-4.577227485924595555e-15
6.519229600598919079e-16
2.251532293939817492e-16
6.888822845496633761e-15
3.054112518441343165e-15
-9.934275624345901165e-16
3.029576589597127196e-15
-4.887201754399939241e-16
-1.093236612348391593e-15
3.197331288617988264e-15
-6.302736110797013238e-16
4.608535775219024578e-15
-2.644884311564510470e-15
-4.243494444722273474e-15
-3.618438881858310058e-15
-4.124811603389843949e-15
-8.831824160893120111e-17
-1.255051618187508309e-15
-1.747602063062458872e-15
1.698974294583877145e-15
-6.891764936511890274e-15
3.704425655115528798e-15
1.377120639745044163e-15
1.850575248596442362e-15
7.863709683419983981e-16
-6.393774398816276895e-16
-1.236344360222574238e-15
2.729927395250797266e-15
3.529398995283372449e-16
4.125588759507081917e-16
-2.001177001886844654e-16
1.471989197199263769e-15
-3.229583267483349232e-15
-1.127709037263002827e-15
-1.568634111492883627e-15
-3.130828929442941267e-16
2.011446564864627331e-15
6.114553308123049962e-16
2.239597396425096968e-15
-2.028543999443854732e-15
4.355404925604489155e-16
1.568911667249040058e-15
-2.510408547706788416e-15
1.339484079210251261e-16
3.149785987588416106e-15
-2.544769950318936998e-15
-1.060596055424412135e-15
6.994432810714101966e-15
2.284283873166259700e-16
-2.389227704568952589e-15
-2.205069460359254606e-15
-2.450817326860033083e-17
1.039668351410227798e-15
4.466649272671929718e-15
-2.738420601389180035e-15
-1.323996468016730382e-15
-5.444728001791077121e-15
-4.489741911584132797e-15
-2.095101869770132759e-15
-2.869926518656029741e-17
-8.077427615660326497e-16
3.020056427160966381e-15
-5.475175868241422272e-15
-3.438360707264109778e-16
-6.058348267501401254e-15
-2.919470221129927331e-15
1.549441130954676295e-15
1.608435606925695518e-16
6.544487174409141690e-16
-4.208716708475890541e-16
-4.609840287272959055e-15
-5.054415219696295525e-15
3.148883931380908197e-15
9.103273690413971558e-16
-2.634614748586727646e-15
5.757061494193749485e-16
-1.554478767928912936e-15
-4.105743522941907149e-16
-2.860267578341790981e-15
1.182789977072218324e-15
-4.803796249674974482e-16
-9.246006738017342804e-15
2.374461738341438105e-15
2.708805402207303585e-16
-3.903904977065053339e-15
1.031855156874428226e-15
1.756969569832733591e-15
-1.107239300246476385e-15
4.248060236911044044e-16
-3.140362969666910061e-15
-2.538191878898032697e-15
-7.103206911551751199e-16
2.156483325244096127e-15
2.446917668486037040e-15
-6.639064298319397181e-16
2.932543097244888650e-15
4.196198943873241591e-15
-4.019444499459013065e-15
-1.582685371648295804e-15
1.189839893278588006e-15
-5.172980099832358260e-15
-2.667553677948575357e-15
-5.709321904134867341e-17
-3.716797702946195493e-15
5.707934125354086418e-16
2.132939658228139093e-15
-3.753952010354666167e-15
-4.392148103549153581e-15
-4.309738330099399827e-16
5.776431145475962838e-15
2.087706743592043769e-15
1.300681621869276291e-15
4.872708139758152838e-17
-3.488558834169319847e-15
3.527489932098060052e-15
5.548582426850856303e-16
3.228233652619039143e-16
-5.755037071897284105e-15
2.640190149838517003e-15
2.075561944536730085e-16
5.997494167964135185e-16
-1.448469816311970231e-15
-1.526417880981512028e-15
9.847886395242255857e-16
-5.215342047115712016e-15
4.306513479157558878e-15
1.149351447349289471e-15
3.959430006084119441e-15
2.124647680012970003e-15
3.655561964244213887e-15
1.403682725609201054e-15
1.915745340141939023e-15
8.083589353446996546e-15
1.562472373706213972e-15
-1.861198695163323976e-15
-9.683920332292927589e-17
-3.757660849146304442e-15
-2.535228971201064559e-15
1.257771664597839914e-15
-8.727185640822199662e-16
-2.051470104902364426e-15
3.005040660752911227e-15
1.428523965785189018e-15
1.642297409176762761e-16
3.943539939044171351e-15
1.551717088155157886e-15
6.127875984418551359e-16
-5.922845547345900760e-15
2.338365612253312716e-15
-3.474234788747310161e-15
-3.770053713658683156e-15
-1.405750515992565421e-15
-3.011244031903004327e-15
-1.838251773023103003e-16
1.575781172213908080e-15
2.578756652660274379e-15
1.885575029447750204e-16
4.945641118858645503e-15
-1.972519370063707685e-15
1.100883273430497386e-15
-5.561870408676838591e-15
-3.417585658915811637e-15
2.010155930598500734e-15
-6.118883177919087448e-15
-8.969491815946640384e-16
-7.049916206369744130e-18
4.863970337609657551e-15
-2.846195501504666983e-15
4.224398608698720691e-17
5.384609425007624982e-15
-3.689187844102548341e-15
-5.716455087068083963e-15
4.044015122772748144e-15
4.876210546456149972e-15
-3.626543509938074040e-16
-7.549516567451065017e-18
4.804767694821521202e-16
-1.281946770959052562e-15
3.089500877351270187e-15
-1.808414529236301891e-15
-2.417954725331128420e-15
1.976641073042628537e-15
1.519478987077604799e-15
-4.382022522619876977e-15
-4.650418938823009013e-15
4.367117778514284869e-15
-5.948297410185432715e-16
-6.023043175318320727e-15
-1.437100438650418283e-15
-5.115186052506715296e-15
6.629280457914887816e-15
6.062039759058279382e-15
6.919159689644515867e-15
4.928307761886685707e-15
1.777689107029800703e-15
2.508687702018619490e-15
3.328559650128682007e-15
5.645928169428770982e-15
-1.193101173413424396e-15
4.279354648417666074e-15
1.951300232505559431e-15
-2.218780714713375283e-15
3.081868094056972078e-15
1.256134085636517680e-15
-7.554235015305721043e-16
2.129685316987206644e-15
-4.619971072372663861e-15
-3.215427923919378344e-15
7.478462293875054196e-16
-2.401523424566676138e-15
-5.617728504603291661e-16
3.297362383136714772e-17
3.219396971232413298e-15
6.666223129059289591e-15
3.624878175401136243e-17
-5.361294741490496600e-15
-1.486061274036387570e-15
1.368016810943117798e-15
6.467409940924540169e-15
-2.611966198884374383e-15
2.852718061774339762e-15
1.857569653651580719e-15
3.243905144501013505e-15
-5.871858554939990749e-15
9.498790642936682787e-16
2.382483099694354508e-15
-5.886541254440658343e-15
6.509848216040836677e-15
3.770206369324569449e-15
3.084921207374691243e-15
-6.457612222732222528e-16
