-9.280250807024628124e-01
-6.090497434988988434e-01
-1.171829519301014200e+00
-2.280655206829041770e+00
2.715460626957333923e-01
1.090020248785925183e+00
-1.046237532590509334e+00
4.599258955451822617e-01
-9.546525925131720269e-01
1.176167429365583689e-01
-1.301988477895217600e-01
2.244818625781181076e+00
7.433607818671571499e-01
6.177243915831310828e-01
5.707622424268805894e-02
-1.396933978118769959e+00
2.950966208357668763e-01
4.094340436185689436e-01
-1.568051587031480398e+00
9.548114501678567345e-01
9.935471379893371369e-01
1.713332420955842872e-01
1.055397980018963455e+00
-1.131628335369530891e+00
-1.375540267414373297e+00
1.644281314414628437e-01
-9.402054208201792163e-01
-4.825852088032947518e-01
-1.649697383910584625e+00
-1.120337470618875786e+00
-1.322082027820251637e+00
8.111917660858740664e-01
-9.276560281017039999e-01
-4.253070688296669566e-01
-1.007894107891474933e+00
9.323179810495472175e-01
-1.998054151723598626e-01
-1.042377439614820822e-01
3.504556069301749122e-01
1.096831774294140027e+00
-3.111581893578705960e-01
-4.569135951121900963e-01
-6.091167071280746415e-01
1.270338074809369777e+00
6.897114855519173027e-01
6.468732187442890469e-01
7.133538029707219286e-01
1.807059031213912093e+00
1.230446354380783980e+00
-1.269126499605629732e+00
4.350913488826964604e-01
6.571420757764527831e-01
8.974602222630145842e-01
2.285591530843973374e-01
5.726186814819763660e-01
5.644525700982019889e-02
1.065002204607800977e-02
-1.117049962575281885e+00
1.438381461217243862e+00
7.143311605929384411e-01
-7.454187001184056083e-01
6.588717330376486769e-01
1.862681668046603845e+00
1.097865009524746499e-01
-2.932149854084948326e-01
1.294655654879389495e+00
2.127602313598812689e+00
-1.231717531293129886e+00
7.938254165294666986e-01
-9.315654401470567780e-01
-4.041859493915667678e-01
-1.163147674604017467e+00
-1.341626243310132027e+00
-1.229624005038525869e+00
-3.829093970708907779e-01
5.751341846936433022e-01
7.869071561433853557e-01
1.415444323243562952e+00
-1.341686998045978907e+00
-4.806230080079489930e-01
-9.577308989465632694e-02
6.433727161788153903e-02
7.022975079083580985e-01
-7.664375859908068023e-01
-3.611805584890215859e-01
1.256939310752226202e+00
4.970511806806215405e-01
1.294063329915122518e+00
-4.831246419794066327e-01
-1.685935368810145052e+00
-1.171011480583063147e+00
-4.008401622436157385e-01
1.829707058456012225e+00
-8.877565761612289386e-01
-1.225927023355292800e+00
-1.018571191174198809e+00
1.715675765417772114e+00
1.040155920513590182e+00
4.076863761041568668e-01
2.097777045088027870e-01
-1.507329578866781095e+00
-3.058320343559338683e-01
3.862698932798829810e-01
1.398095851786073096e-01
-2.002401355237058311e+00
-9.044393491319823175e-01
1.291674948141017909e+00
-1.053228458786698463e+00
-1.355372578176072595e+00
8.924207929545395768e-01
-1.800541406235272701e+00
-1.096962155691413532e+00
1.656403094195190162e+00
-1.374371401681804938e+00
-1.116406005554654302e-01
6.709641935903610799e-01
-1.028757680870564517e+00
-1.012407449869356491e+00
-2.354269397971719413e-01
7.000649315069755740e-01
1.803583590936098935e-01
-8.430423893722036599e-01
8.554911525531998517e-01
-1.902110352711766927e-01
1.705491706021012854e+00
-2.613035198994452912e+00
1.858958526006532441e+00
1.466937047328922716e+00
