-6.286247446904341674e-01
7.628109331255099601e-01
-1.689602268457471648e-02
-2.017341709023210417e+00
5.678049817519046361e-01
1.142507205217684119e+00
-7.491471313395018372e-01
-5.876119416163317899e-01
9.998322785698683379e-01
-4.643445891331330344e-01
-3.197943010173653344e-01
-7.512131636799842527e-01
-9.057166748061056261e-01
1.912908446335237489e-01
-4.226217098910706182e-01
2.908530680888976039e-01
7.008899620790616236e-01
1.350991884181398373e+00
-8.767915327292837846e-01
-6.927830023046485097e-01
5.796058205219190018e-01
8.053856231923413045e-01
-1.866254128964096148e+00
-8.939739853109415768e-02
1.132894035953091461e+00
9.330806489889423849e-01
-3.681351460721730695e-01
-2.038365764323161411e+00
1.636687611388112223e-02
8.347837378611295822e-01
-1.287372867288677780e-01
-9.390353733553125082e-01
5.369439190340192791e-01
7.070495670894546558e-01
-4.940351498324471180e-01
-3.046548467111296898e-01
-9.051324339107742478e-01
1.171231568050715710e+00
3.628385033294548312e-01
4.898753678351239760e-01
6.796728221105025058e-01
-2.621380890551467391e-01
-3.720023775341684269e-01
1.250944328165401354e+00
-2.545373625794601580e+00
7.558227178194716345e-01
6.625874237597868532e-01
-1.048090968532833012e+00
1.144789146537908697e-01
-7.402431340801317594e-01
-8.834540052779973340e-01
2.276715477502888607e+00
4.443509582421843462e-01
-9.955622209630872188e-01
1.189999295224175135e+00
5.170350403973246189e-01
9.281914141178437827e-01
1.470023040314608842e+00
-7.690490535637689584e-01
8.473683730586627216e-02
-5.263386505277317662e-02
1.564972609549391824e-01
3.161908417490119083e-01
8.000364226187745009e-01
-1.181035570625375675e+00
1.437758031143879123e+00
5.042688971345090643e-01
1.084874752089536321e+00
-1.402671761607184653e+00
-6.960642833242237648e-01
1.544396840048176678e+00
-7.484127182888404839e-01
-1.474484338081207158e+00
3.046632357494937771e-01
1.050605928992656590e+00
5.472255598437096857e-01
8.325578673534855811e-01
1.672085906333812044e+00
8.771357457183941442e-01
-8.752304528734935474e-01
8.057922714249335927e-01
5.326359856437851842e-02
-3.628343321736566263e-01
1.870812773931649797e+00
2.611783899303736847e-02
2.608773897322416713e-01
1.414095709525340805e+00
-1.359471088807696626e-01
1.541637030533171915e+00
-2.937741650252497227e-01
-5.639073686683278019e-01
1.380593400262322135e+00
1.090178409172950058e+00
-8.806725077260832979e-01
-2.050326729871855269e-01
-1.022462038117318395e+00
-1.538557787972367752e+00
1.060349750211059705e+00
1.825461792169005726e+00
-5.435258313131955399e-01
-1.895295605158863861e+00
9.472233874293453648e-02
-5.278889211969122197e-01
-6.862532049777115839e-01
-9.187820807895323849e-01
-1.658819535073862150e+00
8.310246606154605420e-01
1.194698844110856584e+00
1.737518193992889204e+00
4.920690470860020760e-01
7.032980101522116057e-01
-5.831045586594939545e-01
4.495465026558536636e-01
-4.684450361646138039e-01
-8.784045415246064525e-01
-1.340292727982113075e-01
1.050917181681487594e-01
4.309826509111511217e-01
1.467137616598948924e+00
-9.900571932280639864e-02
1.068317130663399395e+00
1.858710476198452977e-01
-1.891270198349690734e-01
6.716948296239093619e-01
1.286569548129669505e+00
4.072608833016759800e-01
5.929004090552726369e-01
9.959473002722544210e-01
