7.955640168566691789e-04
4.090834970006325920e-03
6.922969821126225345e-03
1.011878059292913544e-02
1.216384304156722072e-02
1.512056725306067974e-02
1.986938455107905427e-02
2.376667538865564339e-02
2.588611040216156831e-02
2.534836039903394511e-02
2.774069073796485083e-02
3.224085946772099059e-02
3.536124058612738486e-02
3.177739609103114732e-02
3.233458990222611018e-02
3.328089945900293556e-02
3.500566871639086697e-02
3.687486753877720208e-02
3.734963194746467735e-02
3.739199486476401518e-02
3.743092022447519485e-02
3.973522265376894236e-02
4.097633582299533422e-02
4.177321771911755161e-02
4.547414349124615646e-02
4.556884428075529819e-02
4.773627367449294334e-02
4.811010890332249879e-02
4.929314624501583697e-02
5.435899848759529612e-02
5.515864329262614579e-02
5.594984902562076534e-02
5.897868678620662997e-02
6.006641311604705297e-02
6.385034989338034261e-02
6.388740661604637439e-02
6.457591719369254468e-02
6.986365435017530268e-02
6.805154346807286425e-02
7.361588772657366719e-02
7.266084354639833209e-02
7.328073898311865397e-02
7.665769806272944298e-02
7.835494705733446474e-02
8.089547702256068284e-02
8.073723839478502695e-02
8.188471127176195907e-02
8.452829220791589770e-02
8.690169869356002830e-02
8.760421689059980088e-02
8.991225740002924127e-02
8.849608186756374728e-02
9.070900443164985061e-02
9.224124067027902885e-02
9.447908130142745886e-02
9.378735532291321286e-02
9.418711468208337823e-02
9.460333389756273026e-02
9.565728543642806891e-02
9.743954977114899219e-02
9.842781696986040163e-02
9.845803434614061600e-02
9.977584416064816386e-02
1.009733226084441604e-01
1.008493856737610606e-01
1.015717260682601625e-01
1.011080011479753016e-01
1.021793556517588270e-01
1.033839473061997222e-01
1.042323356031618631e-01
1.058175609326844485e-01
1.043402015284744661e-01
1.036746014862763299e-01
1.056216859148240012e-01
1.053055234394825179e-01
1.054403232881593044e-01
1.055079503847641681e-01
1.053393065310538057e-01
1.049489808027857657e-01
1.072245533993160388e-01
1.074655399229488967e-01
1.063980476373597717e-01
1.055346619125550195e-01
1.059734508181611051e-01
1.061057538098489489e-01
1.052614027209667347e-01
1.049209992433277755e-01
1.058631346131681250e-01
1.053660475223862081e-01
1.067674165029878081e-01
1.064512627665477190e-01
1.048854587027007734e-01
1.052171277235528640e-01
1.053276196866962944e-01
1.061873356911336025e-01
1.049243175152992230e-01
1.055990229162359351e-01
1.051500318805089762e-01
1.045687035002520471e-01
1.051105513509544565e-01
1.048222884912226871e-01
1.051106739026674841e-01
1.030283711089825943e-01
1.034023411406289616e-01
1.034043859221319833e-01
1.038713024053452283e-01
1.031628512727535002e-01
1.031746056645546084e-01
1.031241914447836167e-01
1.020485800834810552e-01
1.020217933218658252e-01
1.023417625296529632e-01
1.029234199138190364e-01
1.023812227793607643e-01
1.015261181770967525e-01
1.011092430271929160e-01
1.021901796077131358e-01
1.006438781680206451e-01
1.005148791507518014e-01
1.007690894211229343e-01
9.980300972669362003e-02
1.011802567948191234e-01
1.002691390356110490e-01
9.974983153990106544e-02
9.939330822778909280e-02
9.924757067754706730e-02
9.877772314631218242e-02
9.916427402141424208e-02
9.879873872170712168e-02
9.869189962712357489e-02
9.939352529361035471e-02
9.843052566502383249e-02
9.828207890346185582e-02
9.826655182644590536e-02
9.829243620948908966e-02
9.809288270200486326e-02
9.812489506359800551e-02
9.769600789167891264e-02
9.734701918541024956e-02
9.763888973554978035e-02
9.744662471900715495e-02
9.723903081373981572e-02
9.748699636389081269e-02
9.739282166050308720e-02
9.732473714972754431e-02
9.733885849500914511e-02
9.730831483998308995e-02
9.728344124630744494e-02
9.721366521483418288e-02
9.714786158409258188e-02
9.682284179878654362e-02
9.760601572131992476e-02
9.681764360952982429e-02
9.717656766749456498e-02
9.714942431765523356e-02
9.706006578205163271e-02
9.732571007587043077e-02
9.786083922308135008e-02
9.739694232806701824e-02
9.736531745159371365e-02
9.784039753760911950e-02
9.819775431264332610e-02
9.787664461540983296e-02
9.767025982352774138e-02
9.837730238199057786e-02
9.811796118329060845e-02
9.859421393586990934e-02
9.834562982336840509e-02
9.891807595189246183e-02
9.851325735251570404e-02
9.919386546149720763e-02
9.916738718216841497e-02
9.923391661108414696e-02
9.950833866049001164e-02
9.988368029183782026e-02
9.949219174701438850e-02
1.001784520733071948e-01
1.003464015954861205e-01
1.002773978394725374e-01
1.006109086848402390e-01
1.009628037245407922e-01
1.011422462643096903e-01
1.013146078183664728e-01
1.016596284311409443e-01
1.016975542696214735e-01
1.018145188871397711e-01
1.020095794855681443e-01
1.025592524304878572e-01
1.021984084375875124e-01
1.031182517078540473e-01
1.032261730948166867e-01
1.033832628134422477e-01
1.036294293521701354e-01
1.036209889041239535e-01
1.043123884905899496e-01
1.044742882616151031e-01
1.043785547374397327e-01
1.049720485003517861e-01
1.053180192848772456e-01
1.056827797015723602e-01
1.058938919123736666e-01
1.056475779243814112e-01
1.063204955772365373e-01
1.065708218398655760e-01
1.068080329036074638e-01
1.072550910369018257e-01
1.073006244868304482e-01
1.073411180128762132e-01
1.080688661888982161e-01
1.082091939661351809e-01
1.088461513325832408e-01
1.089890553711223287e-01
1.089998377924570050e-01
1.091207539757544503e-01
1.095064003213968989e-01
1.099537298056789403e-01
1.102243788911844019e-01
1.100601244637363779e-01
1.106431902081289192e-01
1.110997540341167877e-01
1.115164310308185969e-01
1.118073288187750453e-01
1.125439716281709662e-01
1.123790979228024012e-01
1.124937311896473530e-01
1.128641720379206931e-01
1.133621647632778867e-01
1.137028632676504170e-01
1.139950567221739153e-01
1.143180773156323438e-01
1.148276982892230957e-01
1.147467893124475280e-01
1.151364344573628934e-01
1.156828110687059125e-01
1.158795464627988825e-01
1.159167099924642425e-01
1.162348490086435870e-01
1.164910079236627788e-01
1.171151605593816064e-01
1.173954835762450327e-01
1.177695009721471259e-01
1.181273706745747526e-01
1.184831709963429375e-01
1.186427755016639801e-01
1.188790616278657536e-01
1.194022863490880326e-01
1.197663707030044988e-01
1.200009388860776155e-01
1.201784805115865135e-01
1.204337031900487992e-01
1.205827303429278380e-01
1.209816683727156089e-01
1.212121961280323151e-01
1.216885009664170209e-01
1.218454495780092184e-01
1.222324114291691577e-01
1.226115401555239182e-01
1.224730787898181406e-01
1.229109303175908857e-01
1.232811638624404932e-01
1.235735049462330648e-01
1.238898551537322701e-01
1.243948851736481759e-01
1.245304614984582697e-01
1.246597990877251205e-01
1.250098018796785004e-01
1.254906567480554014e-01
1.257705618966951655e-01
1.259231175757933585e-01
1.262146003602656608e-01
1.266028803516252299e-01
1.269979975147217943e-01
1.272954352490878183e-01
1.273728676476948429e-01
1.276600551557084129e-01
1.278994198242949243e-01
1.280797155066296100e-01
1.282581091698986597e-01
1.287409993737941294e-01
1.289972963907297376e-01
1.294039240826108106e-01
1.296589073767761557e-01
1.300142348250616087e-01
1.302472517434026811e-01
1.303759345647981516e-01
1.305302920816615586e-01
1.307379713251721753e-01
1.311169016478331006e-01
1.313066124209494867e-01
1.316695028769761244e-01
1.319032779765924313e-01
1.322054457668133676e-01
1.323820866696412413e-01
1.327473528856802643e-01
1.331157792071484269e-01
1.334306975845533649e-01
1.335539487176221618e-01
1.335011288825912468e-01
1.340811711277037077e-01
1.344729338182220901e-01
1.345994230447193352e-01
1.347847655273410050e-01
1.348585262048760391e-01
1.351069366547004158e-01
1.354329903974384741e-01
1.357145911798574855e-01
1.359416979359891198e-01
1.363332196767637616e-01
1.364373157732363673e-01
1.367310449037050790e-01
1.368796708442792109e-01
1.369948496792551262e-01
1.375219056275773510e-01
1.376743260577471817e-01
1.376581039114001814e-01
1.379261374615983193e-01
1.382898135791281735e-01
1.385184670676557483e-01
1.387296792359142272e-01
1.391127319324537148e-01
1.393019433560003795e-01
1.392898141760821329e-01
1.396686936391926537e-01
1.397389211647573071e-01
1.400229438313583818e-01
1.404680787087758953e-01
1.405770893496107454e-01
1.407696208501342250e-01
1.412554365477798890e-01
1.411330107016071089e-01
1.415582970012763120e-01
1.417586468209964257e-01
1.419131400832475409e-01
1.420528139816707447e-01
1.423052713724078655e-01
1.426949638439772849e-01
1.428476591962637710e-01
1.429969221449927941e-01
1.432543153993337259e-01
1.432553208879807638e-01
1.436419216564601975e-01
1.438473734850508889e-01
1.441170093236775751e-01
1.443814707215009818e-01
1.444720939791214465e-01
1.446902244543568916e-01
1.449213627495211376e-01
1.450032876600541865e-01
1.452544536214106785e-01
1.454628336038177594e-01
1.457162720238719122e-01
1.458208637803977414e-01
1.461042882692990541e-01
1.463933369266790241e-01
1.464303981888386008e-01
1.466754424954877511e-01
1.470554282189788786e-01
1.471808174087243515e-01
1.473058189811720375e-01
1.473981830250156722e-01
1.476625288654168366e-01
1.477730547866563382e-01
1.480205440420129526e-01
1.481038018259191458e-01
1.484859258607198196e-01
1.486661972091509187e-01
1.487834303376085465e-01
1.488960847953703648e-01
1.490131046551125271e-01
1.494463452763530320e-01
1.496158665607917049e-01
1.497977190382361046e-01
1.499029563848709723e-01
1.501581460427438008e-01
1.503228155656978760e-01
1.504179601138137257e-01
1.506739042299975462e-01
1.507016049072604780e-01
1.509839820141164191e-01
1.511791120241915976e-01
1.513346079427387303e-01
1.515264547830661446e-01
1.517558577503141937e-01
1.518097655298857318e-01
1.520585789316423742e-01
1.523248974752054175e-01
1.525620415655724316e-01
1.525436822508609847e-01
1.527581552181651592e-01
1.529045319324674468e-01
1.531482533305920934e-01
1.532529978813362559e-01
1.533868743744181418e-01
1.536705457576888756e-01
1.539800046712188897e-01
1.539380821517738751e-01
1.541926789183925006e-01
1.541627320839870086e-01
1.545128916704582855e-01
1.546131931127038284e-01
1.548218081809929481e-01
1.550823625628398594e-01
1.551669123137015827e-01
1.553283510267008949e-01
1.554265387855074398e-01
1.556050061341302249e-01
1.558394133389397751e-01
1.559286215651640994e-01
1.560632277487672970e-01
1.561132514293502027e-01
1.564779054742522491e-01
1.565763009361269831e-01
1.567288119743445451e-01
1.568492984577167793e-01
1.570163346953250827e-01
1.572798988469536752e-01
1.574294858372759509e-01
1.576129232451619899e-01
1.576257417788636539e-01
1.579617032753954931e-01
1.581258696013101983e-01
1.582317462523614437e-01
1.583564137954852902e-01
1.585121112543607658e-01
1.585604880422146201e-01
1.586896995761457041e-01
1.589664357228074421e-01
1.591979802250745313e-01
1.592322853311487485e-01
1.594642780979209917e-01
1.595939861321398479e-01
1.596650841213346217e-01
1.598609341444572063e-01
1.599448316349419974e-01
1.601571840571314465e-01
1.601762509872685925e-01
1.604643109468560647e-01
1.606249969976521197e-01
1.607192721914524891e-01
1.609675718139036704e-01
1.612035389388409845e-01
1.612494263066300837e-01
1.612974615795858546e-01
1.614793721746535515e-01
1.616129837613899112e-01
1.616748556161588524e-01
1.618855740012197231e-01
1.620266540751785778e-01
1.622183534494910095e-01
1.623638275872423542e-01
1.625478809984619022e-01
1.626792809177623478e-01
1.627147887234427492e-01
1.628634270053208877e-01
1.628500789578972152e-01
1.630291140922597859e-01
1.633480123189377797e-01
1.634496667542417736e-01
1.635603750477871432e-01
1.636694742700970373e-01
1.638595813288278025e-01
1.639703814000635640e-01
1.640776611112570449e-01
1.643175232199196034e-01
1.644395775862259601e-01
1.645689576640000096e-01
1.645782701708344564e-01
1.646564966638836280e-01
1.649041533796235803e-01
1.650551762361341379e-01
1.651320242064449606e-01
1.653089613555077386e-01
1.654456597072664625e-01
1.655038292039909265e-01
1.656501017733846282e-01
1.657705267284039219e-01
1.658994557135265169e-01
1.660237885196185204e-01
1.661202988590529395e-01
1.662455256509937640e-01
1.664420204276828574e-01
1.665839735309880554e-01
1.667377612707472978e-01
1.668103074439344635e-01
1.669275251425522966e-01
1.670877868246917752e-01
1.671220967537554725e-01
1.672413566592436673e-01
1.673797375789294606e-01
1.675928473955147491e-01
1.676783479525049969e-01
1.678691040420190739e-01
1.679697498301710723e-01
1.680192700437252162e-01
1.681665080895181075e-01
1.683136082361191832e-01
1.683498242972333026e-01
1.685618691581060313e-01
1.685855936292487145e-01
1.687989938226023834e-01
1.689117753292630197e-01
1.689785785595391832e-01
1.690775082249135752e-01
1.692281138958180720e-01
1.692551128289797868e-01
1.694304165123649009e-01
1.696445605683180313e-01
1.697185532305029165e-01
1.698796668260840192e-01
1.700520954790937511e-01
1.701859238611251324e-01
1.703018683332322980e-01
