9.459238615359141051e-04
4.495367940691272386e-03
7.692407070979234707e-03
1.128866120205199164e-02
1.375074982696900504e-02
1.685247902092177827e-02
2.193069001919585592e-02
2.606432984744102080e-02
2.847594068661411792e-02
2.787082456683650372e-02
3.037031668170702553e-02
3.487800019509569582e-02
3.816187389797506130e-02
3.434777618278943984e-02
3.493476590438402557e-02
3.589399952178447956e-02
3.745083133089345540e-02
3.924171836223662446e-02
3.990275421725787003e-02
3.985383821226616552e-02
4.002754025070395794e-02
4.228532783896406244e-02
4.344671201717578007e-02
4.392875406757020679e-02
4.818154492080716639e-02
4.817269954120976388e-02
5.040169604459110442e-02
5.023744375878545776e-02
5.152071790674009333e-02
5.732283755637568312e-02
5.752409978518584904e-02
5.857815393050551378e-02
6.141447384864469339e-02
6.274174152662460868e-02
6.596795780212269533e-02
6.605616775230289950e-02
6.643711400810335677e-02
7.204324713454368645e-02
6.997406907410533283e-02
7.559184693027526381e-02
7.477566731629893548e-02
7.538531003972936961e-02
7.811532775250866478e-02
8.045804250834114046e-02
8.257705257980071933e-02
8.208537622974779180e-02
8.323437406425190921e-02
8.567661858033293054e-02
8.828494779044568364e-02
8.816231220414480485e-02
9.113490547048584689e-02
8.996949212299119869e-02
9.155786888794813227e-02
9.294583583665207149e-02
9.556111875131773070e-02
9.449830079426577156e-02
9.479928786512356598e-02
9.508491585474868057e-02
9.623818074573835257e-02
9.764413851033071357e-02
9.849182821594930359e-02
9.701642106518763853e-02
9.933834766191662613e-02
9.961119566014541016e-02
9.999735901529825666e-02
1.007948174356077115e-01
1.008404176052230955e-01
1.008025072711372649e-01
1.022758430249137429e-01
1.032710623821223445e-01
1.045690986817889717e-01
1.026300024706979092e-01
1.029112359590493297e-01
1.034435398261935868e-01
1.035693253451011736e-01
1.039333296607274360e-01
1.041795640830024960e-01
1.035269886195129968e-01
1.028719431228817816e-01
1.050658447341617369e-01
1.054852739431283576e-01
1.039012804867894546e-01
1.038863688507350308e-01
1.040764833984535315e-01
1.035052772911820990e-01
1.032741044497535732e-01
1.030692169303346617e-01
1.028408131012982091e-01
1.028954735720025299e-01
1.041658960774089482e-01
1.036130887017797236e-01
1.024968819142469956e-01
1.029907922476688831e-01
1.029421423186071688e-01
1.032082059560584936e-01
1.025048606133591306e-01
1.028183442293636451e-01
1.022346273807714506e-01
1.019540220106927852e-01
1.026710946009208036e-01
1.022951326708141373e-01
1.023595546405307727e-01
1.004621175680901479e-01
1.016619616709583535e-01
1.009168726523076015e-01
1.010456534167407383e-01
1.012455018139431229e-01
1.007776175210090830e-01
1.008171425354037198e-01
1.002810413636456427e-01
9.984141792497559786e-02
1.005327048394665385e-01
1.006171771394374498e-01
1.008099293162367516e-01
9.998705528291684796e-02
9.985807313089314907e-02
1.008846568534591676e-01
9.924765357575579539e-02
9.971802429136154833e-02
9.969237562153927812e-02
9.901577789077466163e-02
1.003164544146886994e-01
9.955702124741935832e-02
9.928975146839510990e-02
9.868062784714547175e-02
9.880523037571647960e-02
9.873823682291701931e-02
9.889825492755707770e-02
9.904296078718012597e-02
9.889049118944299999e-02
9.968060378640028474e-02
9.883990266446866790e-02
9.884518809049035182e-02
9.914767850988968900e-02
9.918592426003049189e-02
9.907784909571155929e-02
9.910136609169570288e-02
9.906648683191689175e-02
9.887803162321402717e-02
9.924409524353511314e-02
9.932041501804073080e-02
9.910083974063640944e-02
9.950889285325606459e-02
9.955584756020800785e-02
9.990785932502181665e-02
9.949729737337423274e-02
1.001711670391314257e-01
1.002517812254358626e-01
1.000510180983134600e-01
1.003969217601173719e-01
9.999807804963185831e-02
1.006694703259758544e-01
1.003102028968888976e-01
1.009063470683707886e-01
1.006332808393747003e-01
1.012515078491854348e-01
1.012192201414749831e-01
1.016536028944849401e-01
1.018836909879365649e-01
1.017767211308595737e-01
1.021721297382833377e-01
1.027832956805863479e-01
1.024935306484871383e-01
1.024902658480527501e-01
1.029871441549106703e-01
1.030432974315037553e-01
1.036292878816532231e-01
1.034836125060904638e-01
1.040816528290795656e-01
1.037627255399462822e-01
1.045928457928662070e-01
1.045199820889129994e-01
1.045543605008995153e-01
1.054802127268890666e-01
1.055614379513989814e-01
1.057369688657564533e-01
1.061159809920598773e-01
1.062725770770869688e-01
1.066730519096291407e-01
1.068921446610882342e-01
1.074831190245116863e-01
1.075717605860560949e-01
1.081080797908515329e-01
1.083296186989017584e-01
1.084534544298373648e-01
1.087776311856076400e-01
1.091771912528409494e-01
1.096169883758618124e-01
1.094219901125994127e-01
1.103117997810871692e-01
1.102873446090191362e-01
1.105092475378025851e-01
1.108413008342946787e-01
1.110744924703388481e-01
1.116500222638753120e-01
1.121164985123049018e-01
1.123850954681271525e-01
1.129204510281924534e-01
1.129963249481076987e-01
1.136423718827430374e-01
1.139781802305397662e-01
1.138621275745445582e-01
1.145024099661742234e-01
1.147529500664113827e-01
1.152055856480186380e-01
1.153760164648445080e-01
1.156135386332427795e-01
1.155506848605191428e-01
1.163053907927944219e-01
1.165844324436627472e-01
1.174234848185647384e-01
1.174614960735161084e-01
1.176211929350172852e-01
1.176767966835862711e-01
1.178616375779614062e-01
1.186240818250575424e-01
1.189714455159083112e-01
1.186766892902227782e-01
1.193296937740523089e-01
1.196834674496873863e-01
1.201319237446243637e-01
1.206447099659178485e-01
1.211649122252097949e-01
1.214812321546529933e-01
1.213117322268154052e-01
1.217072298444333150e-01
1.220827348288680281e-01
1.226111719868855920e-01
1.227714981652976711e-01
1.232298719529613951e-01
1.236436292501917195e-01
1.238283816014771610e-01
1.239227735403730379e-01
1.245554680901048983e-01
1.250460003341326842e-01
1.248485341627868644e-01
1.252367032928009827e-01
1.253952886908339115e-01
1.260739710266907676e-01
1.261721829826643326e-01
1.264458738486033129e-01
1.270946625371230376e-01
1.274816040360122193e-01
1.278067074672008807e-01
1.278950763647422606e-01
1.285531871643011137e-01
1.287363818441654151e-01
1.290510384590179693e-01
1.292042988718383190e-01
1.294706256117711118e-01
1.298122972337319991e-01
1.301092556187342930e-01
1.303074471415740787e-01
1.308790051735458648e-01
1.311089265224758549e-01
1.313978171584521404e-01
1.317500477438973694e-01
1.317472905767007318e-01
1.321294712289371454e-01
1.323792147232655814e-01
1.327372228486209116e-01
1.331008104655566904e-01
1.335707271844991939e-01
1.337586123979949693e-01
1.338883712960594330e-01
1.342664083811253850e-01
1.344958252636359319e-01
1.347215204984951731e-01
1.350589595839397361e-01
1.353389344564253638e-01
1.358952649638588139e-01
1.361024972891419493e-01
1.365834217455079436e-01
1.365403233994646193e-01
1.367037317003637897e-01
1.372022928144162046e-01
1.374058522335500354e-01
1.376308749141236520e-01
1.380355849032088855e-01
1.382251040062919822e-01
1.386592319543038243e-01
1.389917547979114820e-01
1.392551455357590728e-01
1.393943090673538387e-01
1.396751313699438890e-01
1.396578560954727932e-01
1.400256465314817511e-01
1.404419733357435696e-01
1.405432316920477154e-01
1.410904958593622027e-01
1.411126253717733814e-01
1.415033833442749245e-01
1.417359744866103222e-01
1.419474681927551385e-01
1.423620219929187525e-01
1.425466276386895548e-01
1.428990509657062646e-01
1.427441026087095388e-01
1.431252927838039535e-01
1.436543843761767525e-01
1.438075086629723165e-01
1.440286081498309279e-01
1.440934822862127151e-01
1.446077665566838921e-01
1.447225264908073850e-01
1.450293723123054768e-01
1.452246206813677665e-01
1.454999551875808816e-01
1.457063338480089343e-01
1.460567708224800865e-01
1.461667167982266813e-01
1.463075162440838906e-01
1.466456146039553932e-01
1.468246946779722673e-01
1.469214350365073973e-01
1.472465023602959888e-01
1.476373699391726746e-01
1.476033232447266641e-01
1.480082591732428954e-01
1.481953138029535044e-01
1.485145327378901980e-01
1.484656068552689667e-01
1.489267882560819933e-01
1.489507792763683780e-01
1.491824370162441737e-01
1.495754619074318725e-01
1.497664239309256240e-01
1.498872718092129352e-01
1.502900563160114167e-01
1.504205860111935689e-01
1.507015609563643332e-01
1.508758995062525754e-01
1.509344140256184408e-01
1.510894158062340287e-01
1.514144325930014967e-01
1.517337806222511243e-01
1.519105189732504191e-01
1.521057602777353135e-01
1.523008865279616431e-01
1.523995910946041310e-01
1.527561247683950352e-01
1.528810125016775157e-01
1.532469241311821273e-01
1.533580009907405117e-01
1.535859925288617367e-01
1.537232912453567191e-01
1.538956354734332677e-01
1.540457413812675314e-01
1.542559969574305578e-01
1.546533668853044274e-01
1.547136122963473914e-01
1.548531776910646029e-01
1.549446843510458860e-01
1.554237328463749235e-01
1.554321728585214557e-01
1.558081267330078679e-01
1.559106943955165803e-01
1.561589009078733492e-01
1.564349956288604571e-01
1.564494017835147965e-01
1.568367402865012139e-01
1.568520650742476763e-01
1.570633634141781476e-01
1.571008389514112480e-01
1.575041824539840374e-01
1.576022086726171223e-01
1.578359863163761312e-01
1.577620428286553300e-01
1.581054818845630539e-01
1.584875132329693070e-01
1.584638574256934107e-01
1.587601432353799857e-01
1.588610706443852882e-01
1.590070742489790578e-01
1.592706487862708686e-01
1.594180353433339303e-01
1.594508379672243403e-01
1.596934125561478846e-01
1.600025225660264838e-01
1.601062582617328034e-01
1.602614244726576209e-01
1.605598424081488840e-01
1.607129507852418093e-01
1.608317016674504218e-01
1.608864678820703109e-01
1.612638040848717036e-01
1.614079188523944164e-01
1.615946817430851667e-01
1.617759988948495042e-01
1.618453302109769676e-01
1.619693197445608301e-01
1.621589608442667585e-01
1.623780690064009768e-01
1.625426918693176070e-01
1.627274316317315894e-01
1.628349250183313557e-01
1.631378459492634214e-01
1.631539360941160755e-01
1.633244001037043869e-01
1.634977207321791082e-01
1.637108658073770373e-01
1.637945149568879322e-01
1.640366352868271593e-01
1.641538641684851252e-01
1.642804171678825531e-01
1.644839393628699520e-01
1.646278005840268732e-01
1.647001011369700341e-01
1.649470864454334884e-01
1.649594702449022621e-01
1.652688785782351344e-01
1.654509233429288795e-01
1.656810647724554497e-01
1.657790338356105453e-01
1.659009762075508432e-01
1.661449677614677545e-01
1.662451574459250514e-01
1.664688633771302939e-01
1.665599723891501571e-01
1.667098787424441952e-01
1.669351207864263886e-01
1.670895233461343610e-01
1.671883960920667322e-01
1.672401775607531837e-01
1.674641688117869676e-01
1.676060075265195515e-01
1.676180017045924009e-01
1.680609784894070424e-01
1.680421078205759366e-01
1.683046377261528670e-01
1.683036409103673969e-01
1.685267114445730685e-01
1.686552514876123732e-01
1.687901476383171784e-01
1.688903368845265374e-01
1.689602131893835346e-01
1.691955487145592463e-01
1.692866404804100611e-01
1.694561511799538844e-01
1.696719286922293568e-01
1.699205978820726992e-01
1.698639927259270599e-01
1.701097555764277958e-01
1.701654107531652138e-01
1.703284678440730449e-01
1.704164626742761812e-01
1.707472388011277709e-01
1.707768148268353214e-01
1.709330877453457964e-01
1.711183223585029944e-01
1.712687378406556604e-01
1.713712379136083930e-01
1.716236441547236424e-01
1.716746085024226376e-01
1.717393170028523874e-01
1.717158121113172009e-01
1.721547155938741858e-01
1.722777555419756079e-01
1.723430118479866435e-01
1.725170103124467058e-01
1.726089760493447200e-01
1.728103536069403867e-01
1.726922383229571867e-01
1.730733066673927900e-01
1.730770912037863096e-01
1.733124438718635640e-01
1.733948670273268711e-01
1.736436594898745078e-01
1.737656132872747450e-01
1.738773537073857456e-01
1.739738103286902482e-01
1.740782376388887165e-01
1.742305629301342251e-01
1.743304467365504595e-01
1.744177343681142800e-01
1.745313656352403264e-01
1.746532455954036001e-01
1.748520631973527750e-01
1.749571709917949747e-01
1.750714131707802046e-01
1.751981799792597383e-01
1.753396782298267953e-01
1.754985618171762130e-01
1.756071453332019305e-01
1.756196103493504745e-01
1.758776791006712026e-01
1.759422676061187518e-01
1.761654872023975804e-01
1.762251165918963802e-01
1.763625238236166959e-01
1.764845981667726993e-01
1.766455479366201564e-01
1.767639765404095675e-01
1.767945125558304242e-01
1.770139420958198873e-01
1.770872007004760940e-01
1.772368178349239543e-01
1.773696729208814049e-01
1.773932038786545928e-01
1.776054633381214942e-01
1.777230324140335327e-01
1.777324710086487236e-01
1.778643803105023347e-01
1.780809302808492589e-01
1.780808976673246835e-01
1.782609404710407408e-01
1.785590600416674945e-01
1.785234597452661498e-01
1.786934315009115759e-01
1.788957711374501158e-01
1.789875476321166614e-01
1.790413996968823473e-01
