-1.966673355445457960e-01
1.640472511115594403e-02
-1.293174328977982346e-01
2.399081175965678617e-02
-4.520076181533869142e-02
3.891459809884485060e-02
8.747884015149123837e-02
-1.642228985348115899e-01
-1.158214554909460930e-01
-3.521464451876701873e-02
5.533212833204054215e-02
7.959680410662217653e-02
-4.006493424670333203e-01
-9.389569125683078221e-02
-5.939812879507141985e-02
-2.805943860304786763e-02
-8.086343988335122079e-02
2.499463616539011543e-02
-5.502603984142764686e-03
-5.841509887023820652e-02
7.769914060537122524e-02
4.493219160583105526e-02
-8.813046213449877292e-03
-8.337829973486178547e-03
-2.502067575091374702e-02
1.264300570052892016e-02
7.348456438708324268e-02
1.470388628785139484e-01
4.224824522725070808e-02
2.640475727460625532e-02
-5.911777462459828769e-02
8.892807722926496239e-02
6.692625184472170141e-02
-7.005536965144251726e-02
4.551198074055828879e-02
-1.654664272699553629e-01
-7.989614972340848553e-02
5.915131428364999583e-02
2.092931467604114068e-02
2.495458094020817225e-02
3.598916515411379469e-02
-1.371730443101455699e-01
-3.974799327015737793e-02
1.128994702858114423e-02
7.379783817864556117e-02
5.109866276916461003e-02
-1.782877223991478563e-02
4.643401265161809649e-02
-1.892215131730551059e-01
5.139300087979645909e-02
1.636049374451072624e-01
-4.766200115472649795e-02
7.588007987482560390e-02
5.814586661802456646e-02
-2.002177637779880073e-02
-7.687322500679104852e-03
-1.432727132955397865e-02
-2.028799655729928222e-02
-7.720429320871852186e-02
-2.057439581942262924e-02
-3.159206972748213743e-02
1.827399897433059023e-03
-8.150415407826637482e-02
-5.384586784711158786e-02
3.811531534113966196e-02
-3.411757241868593887e-02
1.027086342721983750e-02
1.768657356844397302e-02
1.684541620203373335e-01
-8.394771394843274226e-02
5.380319088037200520e-02
4.743597856053750200e-02
1.317608742769967312e-01
-8.696038969684086184e-02
6.214495726548626559e-02
-4.550661128333662042e-02
5.345121708155573664e-02
-4.574314465305959893e-02
-7.576227065735240129e-02
-8.203962338534442900e-02
-4.188226026341181074e-02
9.215412743734435752e-02
3.986635940786449617e-02
3.169920843619833395e-02
-1.187172514618582281e-01
-3.307165919872448456e-02
-7.464158005628709555e-03
-2.593336250516662528e-02
8.200534430554455578e-02
5.249862567002749891e-02
-1.359055152103763875e-01
-1.868894162708940182e-02
-8.953540680873173230e-02
2.081157713476394500e-01
5.594440125910605383e-02
1.085249598627956169e-01
4.866210097735260143e-02
7.850804194242744227e-02
-1.718380116721073339e-02
-1.745122806231584958e-02
3.443030902302949940e-03
-7.360746809644076738e-02
7.822286542839565482e-02
-2.538029637071731112e-02
-8.066757354756841358e-02
1.001223560366538458e-02
-1.005916810686544038e-02
1.188607804695592657e-02
-1.584224293806278314e-02
2.712165229664088156e-02
-3.048767867309934432e-02
-2.156098064229826274e-03
-7.969677035048408631e-02
-7.677744642942616049e-03
-8.518636095245566212e-03
-1.809816147074195733e-02
-1.267691552243749905e-03
4.177783633237166366e-02
-2.484734878340458253e-02
-6.835783493715529013e-02
5.066164729020163765e-02
-6.978802411761639291e-02
-4.999923413717973636e-02
-2.988800437370780355e-02
4.219120424627608584e-02
5.211807413568233203e-03
1.389546867388421862e-02
1.759980854060259545e-02
