6.038620992132592487e-15
-1.729671961214762572e-15
1.126876369994533928e-15
3.227973444097642858e-16
-1.033131913352747138e-15
5.206945985491984608e-16
-2.930988785010413405e-17
-3.369526879737350258e-16
-1.994515663739093709e-16
-3.951838856153244579e-16
2.034039603415749465e-15
-1.062483434566274767e-16
1.236455382525036890e-15
5.374589662210383025e-16
2.610689442406055668e-15
-2.753353101070388299e-15
1.178057651429753678e-15
-7.304157279008904588e-16
-4.790612351257550906e-16
1.065925125942612891e-15
-8.985034938291392639e-15
3.221201083647429114e-15
4.017675081513516754e-15
-2.127298337484262599e-15
-1.241229341530925129e-16
-2.085998040968206788e-15
-6.671663221879953590e-15
-8.665290707199346482e-16
-8.739786672151695206e-15
6.953548847832280210e-15
-5.409672709788537658e-15
1.748490241482159097e-15
1.265099136560365830e-15
6.166178678768119331e-15
4.405920073224933983e-15
-4.089617533509226468e-15
-3.860245456621669145e-16
8.457456956989517191e-15
-1.491562429123405455e-14
9.799050459946556708e-15
-1.217337342040991601e-14
4.224953720211033183e-15
-8.543610263700428922e-15
-4.007794096594352223e-15
-4.277689313880728276e-15
1.088718004638167285e-14
1.198174892635961409e-14
1.016342565662853269e-14
1.851963027377223729e-15
-4.217071136736194799e-15
1.718264419636739288e-14
1.964262086318058099e-15
-3.928024572275034858e-15
-9.526546218552312489e-15
-1.465016996604617745e-14
8.125167205719208394e-15
-4.513056595101261771e-16
2.865374604255066632e-15
-1.453615006141717455e-15
-6.136202657103240349e-16
-2.401634446869138789e-15
5.901501509697481974e-15
2.990774294886478082e-15
8.396672246391289933e-15
-5.789368984210341384e-15
1.318967157715178548e-14
7.611522523376378925e-15
-8.524125849618257475e-15
-2.599587212159803945e-16
9.231004849397095136e-15
-5.630829136293869333e-15
7.614187058635479402e-15
2.340849736270911137e-15
2.783773211945117689e-15
-7.344458374802798706e-15
3.722022690055837144e-15
6.427969267974731697e-15
-4.877931392144319293e-15
-9.884870699750080879e-15
1.200195498540779218e-14
1.536160088022597751e-15
3.340328014189708455e-15
-5.043354622813467049e-15
-3.184674746137261394e-15
1.538352778496232452e-15
-2.600752946335660403e-15
-5.962536020476250295e-15
4.503286632484559694e-15
-1.034847207925793149e-14
-2.083333505709106311e-15
-6.813244413095276652e-15
-3.692018912815342598e-15
1.231442725568854197e-14
-4.759331817538737052e-15
-1.462274745733793610e-15
6.673828156777972727e-16
6.488948267602267707e-15
-7.726069783942079716e-15
1.875141708573835353e-14
-3.261085845807087796e-15
4.872713343928580596e-15
8.393619133073570374e-15
-8.511497062713146761e-15
-1.091030044086949090e-14
-4.204470105406699057e-15
1.221975298726363171e-14
-1.490343959353879129e-14
-4.457850755201775150e-15
3.609806897841849270e-15
-1.082117728756770768e-14
3.255479219532730806e-15
-8.120060179805931954e-15
1.394595550152644185e-14
-2.237723895071042143e-14
9.445944026964526225e-15
2.044925340172198801e-14
-1.521008319294025958e-14
-1.570218954860536072e-14
9.420242363944452614e-15
2.275457600120489568e-15
-1.929845172554678388e-15
-7.813999447492392291e-15
-2.518207864454779910e-15
-9.946710122221702338e-15
-2.469924265113832047e-14
-2.260913678497899993e-15
1.325189957768202405e-15
-1.235138380462075202e-14
7.311068417337196252e-15
-6.442874012080323806e-15
-6.612349556789354589e-15
-5.941469538583987546e-15
1.685648842730813501e-14
7.983391725474575790e-15
6.196487767340386464e-15
2.836814116946584186e-15
-7.189610018443204783e-15
4.650349549883970004e-15
-4.871464343025877642e-15
1.313074649011980398e-14
5.445810469240086295e-15
-1.357362833243058689e-14
8.084644065320389170e-15
-1.881272915227327641e-16
-1.268074534266361336e-14
-9.925976707236827148e-15
3.130384840233091549e-15
-7.645023503144442847e-15
-7.650546862691953736e-16
-8.910927551397661815e-16
1.941038996200461414e-14
5.669908986760674483e-15
2.260225340222632422e-14
1.611211164487258350e-16
-5.292405402812505656e-15
-5.304534589356535819e-15
-1.060725118851024676e-14
1.221203693724248750e-15
-1.669817062399658905e-14
1.411165628795174564e-14
3.544868565352743705e-14
-4.784117546563493691e-15
1.649069769626976229e-14
2.358951922687424606e-14
6.514150330261259190e-15
-6.302597332918935220e-15
-4.496153449551343713e-15
-8.918976668326194373e-15
3.604838649806651638e-15
1.064759391766756393e-14
-9.021922098284562102e-15
2.660396902776085466e-14
2.232783402611460272e-14
-1.321362463890807322e-14
1.953678885335818748e-14
-2.649908070750939231e-15
-4.545552823032039901e-14
6.352696146905145598e-15
3.723771291319622226e-15
-5.244193967968158378e-15
-4.882788617877053879e-15
-2.663663734026045048e-14
6.903866367480304676e-15
-1.293468110397100232e-14
-6.857070466992354132e-15
-1.109148883848831700e-14
1.356492695947508788e-14
1.716343733804137747e-14
-2.237784957337396344e-14
-2.783440145037730130e-15
-1.931405035904276608e-14
4.068975711923883212e-14
4.909433970468057857e-15
2.552083544493655192e-14
-1.309663488768819646e-14
8.921113847648597749e-15
-1.023459095250700582e-14
1.654204551115867523e-15
-2.259648024249827424e-14
-2.747857497098493645e-14
1.178634967402558755e-14
-1.103467317520312391e-14
1.462163723431331107e-16
-8.356398906173013352e-15
-1.510738756316243449e-14
3.313588292641611598e-14
-2.473643512246326410e-14
-1.619651635031971331e-14
2.653272046515553504e-14
1.802497040515049793e-14
1.999300724975228026e-14
1.050687314929632552e-14
1.816147232602816110e-14
-9.809653089831727091e-15
-8.423595154738450737e-15
-1.146360784076705335e-14
1.839334240472112621e-14
5.330291763527839375e-15
3.102479384509138233e-14
3.046285446117735909e-15
-1.618094547239934450e-15
-8.813005880625723636e-15
-1.971323104754674283e-14
-5.618838727627917188e-15
2.871153315098240475e-14
2.561617584717623730e-15
-7.180478434065662655e-15
-1.936223403831149760e-14
-6.340927782844118756e-15
8.357980973983103076e-15
1.148769968040141911e-14
2.032357615533442289e-14
-6.179390332761158668e-15
-8.859579736508749666e-17
1.349453881971385292e-14
2.429029200001764303e-14
-1.330852095193790799e-14
-2.017880307292330225e-14
-2.436262303007197182e-14
-1.729033582975603293e-14
5.245026635236627277e-15
7.305045457428605207e-15
8.940737039608848792e-15
2.357258832574871205e-14
-3.445860263795452607e-14
-4.098998918067308871e-15
-1.068489741129496902e-14
1.581207387246763725e-14
-6.080080883208438334e-15
-1.692035400679969917e-15
-2.119138198253267547e-14
2.844502411392113424e-15
-1.892297429861855696e-14
-1.001199123606966244e-14
-3.466649189931558688e-14
-1.265881843792726596e-14
2.916172858746790649e-14
1.971650620546938533e-14
-1.573219332584585605e-14
-7.970457627237692489e-15
-2.502570373152934619e-14
-2.030742241032612704e-14
7.459588502456427134e-16
-4.766353978169490776e-15
3.844591311974454338e-15
3.109679180823832120e-15
-1.723082787563612439e-14
-8.537115459006372299e-15
1.566735630120774656e-14
2.633060436352252500e-15
-4.449274282336545885e-15
-1.475691790986388636e-14
-2.941702437198046144e-15
-3.499478484769724497e-14
-2.088679229572676248e-14
5.272171588188711806e-15
1.668620797090625188e-14
-1.785088743488927205e-14
-1.050520781475938773e-14
-6.899925075742885484e-15
6.134370789112608968e-15
-2.907640794802546129e-14
-2.537764443033552258e-14
2.834177337263099471e-15
-1.354594214575399699e-14
2.985511837749754720e-14
-1.778849290090534009e-14
1.396693871669185652e-14
2.075384308852790100e-14
3.614775145877046902e-15
-2.218109029783477169e-14
-7.533640378198924661e-15
8.133993478764977934e-15
-2.183053737780937864e-14
1.178374064991771701e-14
2.207622973315892431e-15
-1.271988070428164925e-14
1.698419183071564362e-14
3.447797602973423802e-16
-2.529670917184034718e-14
-2.028871515236119060e-14
-2.542999144594659780e-14
1.827610285332070839e-14
-2.498218298896404051e-14
9.087341990010600221e-15
-1.956795836477454006e-14
2.985611757821970909e-15
-1.751548905915001375e-14
7.952805081146151831e-15
-2.315869718216845352e-15
2.059374892837695261e-14
4.007438825226472843e-14
6.746214697983532258e-15
1.646194291993197228e-14
-5.271172387466549127e-15
-1.496569534964464838e-14
1.160915807929541216e-14
-1.164957019739176794e-15
-1.146871486668032979e-14
2.810640609141046181e-15
-6.250555628639631204e-16
1.195549215182722998e-14
1.152444806251651213e-14
-2.793543174561818780e-15
-1.644090419361532450e-14
-6.061429136394735786e-15
1.004835104012613480e-14
3.014810623369612712e-15
9.163114711441267660e-15
-9.550138457825596119e-15
-2.305489132936599876e-15
-1.455746634348997915e-14
-8.454958955184111283e-15
-2.160127632322428407e-14
3.319122754419368082e-15
6.530942453508714399e-15
-8.765821402079154798e-15
1.198796617529751467e-14
-1.692590512192282543e-14
-2.021127709639358694e-14
1.350597411686749141e-14
1.858513343222511974e-16
4.237721284994222389e-14
2.667066567596521150e-14
4.009459431131290021e-15
-4.838685008223819573e-15
1.314032216370719671e-14
-6.610267888618181750e-16
1.845557040525136517e-14
4.332201264389823425e-15
-2.429068057807626211e-14
-7.626788089964975143e-15
-2.403272025830460747e-14
-6.546430064702235130e-16
1.415090267187224457e-14
1.598987608986135466e-14
6.336375868443155967e-15
1.109534686349888970e-14
1.324768073018844921e-14
-2.014066691202742747e-14
5.397460256517660999e-15
8.082201574666214785e-15
3.753442001652729213e-15
-2.393973907999224919e-15
1.639577362766431255e-14
7.849609851007244616e-15
6.983302824892234679e-16
7.989275907505088816e-15
-5.297540184301397068e-15
-1.341837752022456640e-14
1.042932407102625724e-14
3.594091690928280241e-14
5.763611810039037828e-15
-1.192379528447418148e-15
-2.331790316389969990e-14
1.496769375108897374e-14
7.013833958069426129e-15
-2.489008998907138502e-15
1.854538744794354006e-14
1.453970277509597387e-14
-6.678879671540016855e-15
-6.104006189389110904e-16
2.637334794997059251e-15
1.392752579931766302e-14
2.531908016578654519e-14
4.660383190469019250e-15
-2.619016115090744263e-15
-1.028488405552252574e-14
2.322475545213365021e-15
5.762612609316875149e-15
-7.460809747783513735e-15
1.052824494252036007e-15
-5.385802914759097202e-15
-8.690048680648487360e-15
-9.634515407697109373e-16
1.183941833460266902e-15
4.644729045821804738e-15
-1.548072781076825646e-14
-2.676747712371252454e-16
2.629674256127145775e-15
-4.558797783715817521e-15
7.401523838268531285e-15
-2.618794070485819355e-15
9.319989224820801913e-15
8.351541680440277976e-15
1.042232966597112007e-14
2.222888539904488255e-15
1.126476689705668817e-14
-2.368671925268017720e-14
-1.728850396176540057e-14
1.089850432123284987e-14
1.093813928321196789e-14
3.520628233388833741e-15
1.222422163493774800e-14
1.103217517339771800e-14
3.796962744218035684e-15
-2.122457765096896838e-14
1.499955715189571641e-14
1.765321222535476411e-14
-1.037658847735656294e-14
2.039013402566069855e-14
-1.300870522413788389e-14
9.676481838027939514e-15
1.495181756183683392e-14
1.563449369967884278e-14
-1.488997813936521089e-14
1.285738182588147510e-14
8.700151710172577193e-15
-3.099853707055899507e-15
4.656164342975444021e-15
1.726574438976058347e-14
1.506517133265106092e-14
1.180588959925898894e-14
2.281053124164600412e-14
-1.263966709075248207e-14
8.753220370749659057e-15
2.197297899186878479e-14
-1.783795333665238875e-14
2.055577930093477398e-15
1.385636050343919147e-14
1.844080443902384951e-14
6.326050794314141620e-15
1.055067144761778724e-14
-8.487432978654395976e-15
-7.737366303217640192e-15
-3.307354390358341239e-15
8.817391261572993433e-16
-1.150679551642497305e-14
8.784195593136700521e-15
8.147593710816636354e-15
4.805378317485065193e-15
-7.910339050454240351e-16
-3.874789378244259214e-15
2.342348537354155155e-15
-1.075173283737740388e-14
2.826516798393185995e-15
-1.107258729149407418e-14
1.024158535756214457e-14
-1.223365853064706271e-14
-1.148192652067336952e-15
9.909184583989372729e-15
-2.757427619570762436e-14
9.562572955701398869e-15
4.031386335867637273e-14
-2.043121227757182985e-14
1.354016898602594700e-14
1.083799716639077865e-15
-9.857559213344302571e-15
7.429390436186623244e-15
-8.265277351426903199e-15
-1.222066892125894789e-14
7.124856260531941783e-15
2.374811458594194806e-14
3.470446152675776868e-15
-5.079270337660091172e-15
-4.715450252490427261e-15
6.482148151576439286e-15
-3.290923089593888957e-15
5.666023206174486025e-15
1.017541606529448484e-14
-1.866395926697350654e-15
1.321542875132308903e-14
-3.894107258872736881e-15
7.755240893914105363e-15
3.788858116138271997e-15
8.215650382226158301e-17
1.173949826238640508e-15
-4.201083925181592728e-15
-1.063182875071788716e-14
-2.188904613120712293e-14
1.327449261623314697e-14
3.667510739546741996e-15
-2.144395772063490000e-15
1.511590852487642987e-14
-8.998579659191819536e-15
1.228417367826750715e-14
-1.042443908971790689e-14
1.585953590677036055e-14
1.066513544145664154e-14
6.365352689385872862e-15
8.803735518370103490e-15
-6.872835633942031690e-15
-3.057332165212756109e-15
1.257627335604638586e-14
-1.682132211300313487e-14
2.583044889092889011e-15
2.310351909784458404e-14
-5.093037103165443372e-15
-8.964606834638288459e-15
5.564326777118822040e-15
-1.145716854722422825e-14
-1.443134500789255870e-14
