-5.484062986308296805e-03
-6.107262961502104084e-03
-7.297865540097676386e-03
-7.477740872757316151e-03
-8.385379222135062177e-03
-9.938741116835366970e-03
-1.320176909839746587e-02
-1.431022932446140115e-02
-1.360263295873348835e-02
-1.140836890043361862e-02
-7.801701592557336827e-03
-1.205125394764053164e-02
-9.670744991072573182e-03
-2.352660206861187809e-03
-4.638299928174599920e-03
2.863519069401129942e-03
1.054595953732592045e-02
2.698806774002620451e-03
4.302586256067208841e-03
1.337685175780833555e-02
2.031527166431721168e-02
2.807743301080074805e-02
4.059992176715926382e-02
5.319526247438626648e-02
4.144923712066336807e-02
5.078334552508202010e-02
7.000354263955628487e-02
6.962568081099644590e-02
9.015096075801543041e-02
9.335567226517128836e-02
1.018273872145562531e-01
1.047612817243556843e-01
1.190625282969717674e-01
1.187660863702320602e-01
1.432137285424946449e-01
1.562809103393427712e-01
1.648732820125030085e-01
1.820122733808245963e-01
1.888389542374133423e-01
1.887113904922145813e-01
2.091430890864779957e-01
2.158003177690238084e-01
2.252995856237947070e-01
2.366142018426528049e-01
2.431272509852010211e-01
2.574956013349977146e-01
2.685255625784782052e-01
2.800696176652331393e-01
2.915771699504490777e-01
3.105616938264650351e-01
3.148906234405001170e-01
3.256709004557004628e-01
3.421415836813226363e-01
3.418998298179815043e-01
3.545260608982164219e-01
3.769866663042201749e-01
3.912599618855718275e-01
4.054256526900312241e-01
4.155039949656792464e-01
4.188803215016532744e-01
4.313188675319431509e-01
4.405804279169348581e-01
4.602168871316513199e-01
4.645369409438001584e-01
4.786876111863000438e-01
4.953855590456233138e-01
4.994275067969379256e-01
5.091665235109916754e-01
5.226314459380321242e-01
5.324016198442729220e-01
5.396661181016766395e-01
5.600169611147641779e-01
5.712391894169966955e-01
5.726111666651935161e-01
5.952476854668308226e-01
6.033825635906694407e-01
6.154625103822254362e-01
6.231717029417472853e-01
6.305415202032093047e-01
6.423718796539080733e-01
6.565306798106166353e-01
6.677468076715330492e-01
6.796731693852972045e-01
6.955330970232870280e-01
7.030257744371931627e-01
7.153768941279367022e-01
7.268938388648831239e-01
7.355395179891944801e-01
7.482812753298000441e-01
7.558387596987263812e-01
7.679432237454464349e-01
7.825361115958749947e-01
7.954018512007553499e-01
7.986981785118746346e-01
8.116962935494759224e-01
8.223991697636747755e-01
8.283719322490593617e-01
8.428900719877141512e-01
8.511955436765197280e-01
8.664046052417732069e-01
8.798592982897021075e-01
8.861654013085219495e-01
8.949908104548310872e-01
9.086014654468532736e-01
9.184864408854284124e-01
9.210545333746538166e-01
9.344670569352288014e-01
9.467563217539640696e-01
9.579119162008095101e-01
9.676442284599860999e-01
9.733381988992833023e-01
9.835407650870121588e-01
9.928843943221723478e-01
1.003890349729346321e+00
1.014717808426833789e+00
1.024517486640290631e+00
1.035103549455600902e+00
1.046524483900981517e+00
1.055141622395069367e+00
1.062245028252486234e+00
1.071390340543039388e+00
1.079820184200924960e+00
1.093358295914552469e+00
1.097887131200371735e+00
1.109717047083942809e+00
1.120532207814575187e+00
1.127059768898717174e+00
1.135592167740118619e+00
1.146149195082228678e+00
1.157061423911143194e+00
1.165408789908186193e+00
1.174285970651705924e+00
1.182525428523328648e+00
1.191327277749086200e+00
1.198046988905207222e+00
1.207666484589456912e+00
1.217161992833726281e+00
1.226930356040933479e+00
1.235285788294710807e+00
1.244115399500006047e+00
1.251719167385306752e+00
1.259446160744166709e+00
1.269851623225766390e+00
1.279783997407255569e+00
1.285743999575421626e+00
1.296144399338689635e+00
1.303006886168926792e+00
1.309654744841709295e+00
1.318457337661488760e+00
1.326474759947479765e+00
1.333358338197568882e+00
1.341854396707395480e+00
1.351326979718955767e+00
1.360113924338363534e+00
1.366765257609759532e+00
1.374259286005655056e+00
1.380974637960176166e+00
1.388077421280542012e+00
1.401050215096723006e+00
1.407709030340285272e+00
1.415542611545876905e+00
1.422120858841779967e+00
1.427874451809895362e+00
1.435266184120010724e+00
1.440602554004340119e+00
1.451426541140766080e+00
1.461192509445014887e+00
1.467997355543250837e+00
1.475607104507038692e+00
1.482077083113714222e+00
1.489486999507710685e+00
1.497568237491899046e+00
1.504865211630649569e+00
1.512634606370169443e+00
1.519547804307571859e+00
1.526179956758941358e+00
1.533507386087003876e+00
1.541144406145633861e+00
1.548307963419666144e+00
1.555452387440129591e+00
1.560050476048912893e+00
1.567040405273684822e+00
1.575504918550962863e+00
1.582311718794436439e+00
1.588766103975690624e+00
1.594273967008402515e+00
1.602293116697305564e+00
1.608413234655368562e+00
1.616444788330156923e+00
1.619984760446709693e+00
1.629603465074695334e+00
1.636101066992446951e+00
1.641366202531938434e+00
1.649443724851452187e+00
1.655356682311057037e+00
1.661684203191033715e+00
1.668385545120814717e+00
1.674027143175672361e+00
1.681897894245623970e+00
1.685590794799025627e+00
1.694533312114852253e+00
1.699778399790385475e+00
1.704460921425609454e+00
1.711365363114111027e+00
1.717428905695611352e+00
1.724279220248484235e+00
1.732628237148339467e+00
1.739837124860632578e+00
1.742966714854144117e+00
1.748144971908243361e+00
1.754442426493012075e+00
1.759411227969214897e+00
1.766869125493973014e+00
1.771964841222906095e+00
1.777746659205849067e+00
1.785244738268774167e+00
1.789426975408828779e+00
1.795878464823491782e+00
1.802191925283615603e+00
1.806123352949442484e+00
1.811729351680696043e+00
1.818443770952119731e+00
1.822825013675208661e+00
1.828673565049798277e+00
1.834226251915414219e+00
1.839427024727758653e+00
1.843601225128641774e+00
1.850802096277280873e+00
1.857993604379418517e+00
1.863501467024770264e+00
1.867956118841154201e+00
1.872890848000993813e+00
1.878331603733195854e+00
1.882565590892314900e+00
1.889198305300793912e+00
1.894247930813226954e+00
1.898045870346359631e+00
1.903982550925534811e+00
1.910857842257554839e+00
1.916325890462247550e+00
1.918432019314446402e+00
1.924740612613353052e+00
1.931783666373966035e+00
1.934362701582305721e+00
1.938785880909545067e+00
1.944695019901476085e+00
1.949599859934431745e+00
1.954607404274932625e+00
1.959467750742129200e+00
1.965138790819544568e+00
1.969761867544074674e+00
1.974705411465454086e+00
1.979504728606969577e+00
1.984107902484708807e+00
1.988792111990707046e+00
1.993904229946440676e+00
1.998761141848575340e+00
2.003508424502348451e+00
2.007581750185617686e+00
2.012261215017554061e+00
2.017003936271744013e+00
2.021056249230076762e+00
2.027628746858186393e+00
2.032591847943153063e+00
2.034398656186097387e+00
2.038760988394590079e+00
2.045613387296602692e+00
2.048787354457991761e+00
2.052835062488311380e+00
2.057595223491602177e+00
2.063077067631860828e+00
2.067586684987310797e+00
2.071854922159019008e+00
2.075143771523598968e+00
2.079450291431581554e+00
2.085001897303446317e+00
2.089132163793382624e+00
2.092977646465326469e+00
2.097422067192916906e+00
2.101944957118249135e+00
2.105871437229409615e+00
2.109713566999289913e+00
2.113521859129081637e+00
2.118341645511969240e+00
2.122717473680083788e+00
2.126123992125057871e+00
2.129940700007505239e+00
2.134322166328113113e+00
2.138694342924754466e+00
2.142648605024747077e+00
2.146355924435910278e+00
2.150565888994867780e+00
2.155016416018002534e+00
2.158862316438621143e+00
2.162162823369174092e+00
2.165892490013123783e+00
2.170514077682442533e+00
2.175210819974039200e+00
2.178297831091119185e+00
2.181869244025748333e+00
2.187029611281644303e+00
2.190614080002002417e+00
2.193372464279003342e+00
2.197714898371994963e+00
2.201039094226854953e+00
2.204278704127926147e+00
2.208787065521413240e+00
2.212295033132216204e+00
2.215611823578427231e+00
2.219545857822723622e+00
2.223216037439371906e+00
2.227296202976944084e+00
2.230912947603253649e+00
2.234508607663201030e+00
2.237964187426523921e+00
2.241437790676641395e+00
2.245360868476138361e+00
2.249365715268048849e+00
2.252186285459293558e+00
2.255390636782226732e+00
2.259213149026100265e+00
2.263429389107960432e+00
2.266863359069469119e+00
2.269641617721254168e+00
2.273007602934885796e+00
2.276426253614183715e+00
2.279814149355845476e+00
2.283777603058626759e+00
2.287063793549580115e+00
2.290502220949422796e+00
2.293366467255439467e+00
2.296461806288743634e+00
2.300231957244295078e+00
2.304146167121269517e+00
2.306861912256459313e+00
2.309806612865322961e+00
2.313472008235771149e+00
2.317216626650668854e+00
2.320056199005258613e+00
2.322759128165805542e+00
2.326164927658439741e+00
2.329916178316072894e+00
2.332401207795636644e+00
2.335442753453534248e+00
2.339332813309536796e+00
2.341966727430241146e+00
2.344673646071294915e+00
2.348927127379620838e+00
2.352500576501579843e+00
2.354641333546085846e+00
2.357587778691897729e+00
2.360807930862349746e+00
2.364019525555031365e+00
2.367142759980284783e+00
2.369968238633175517e+00
2.373317604749782372e+00
2.376067664487505837e+00
2.378957138654957060e+00
2.381711585646712148e+00
2.384665797766031048e+00
2.387566595144907655e+00
2.390118644646749058e+00
2.393179780208816165e+00
2.396721185603571946e+00
2.400029785153787287e+00
2.402655777618287747e+00
2.405246765391533259e+00
2.407628456714713483e+00
2.410843311643769749e+00
2.413620908431320711e+00
2.416356590207263455e+00
2.419368865856596162e+00
2.422247835615055855e+00
2.425282213151467303e+00
2.427811218838559437e+00
2.430835759807472130e+00
2.433582976266766895e+00
2.436728493003638363e+00
2.439247706947578198e+00
2.441528425680048908e+00
2.444204599923583299e+00
2.447056272964966972e+00
2.449875477966060977e+00
2.452434803134050156e+00
2.455002677610151007e+00
2.457656654613555869e+00
2.460821042405676007e+00
2.463213666836485682e+00
2.465987802550714481e+00
2.468617869371000584e+00
2.471098504892559777e+00
2.473362963290777650e+00
2.475514362116338685e+00
2.478051407883404611e+00
2.481118185500711615e+00
2.483823399730387571e+00
2.486201358463864697e+00
2.488955944167968504e+00
2.491548841431196148e+00
2.493878217399573050e+00
2.496194852391147911e+00
2.498518920713972413e+00
2.501371416941980730e+00
2.504015752631017833e+00
2.506320545905159847e+00
2.509039273800282910e+00
2.511166149096850209e+00
2.513738211609107154e+00
2.516570649592760223e+00
2.519234709076990431e+00
2.521535234323271979e+00
2.523563669556949218e+00
2.525831534405304168e+00
2.528123943488993053e+00
2.530576903850997539e+00
2.533169212694379002e+00
2.535514091875838982e+00
2.537955594226667166e+00
2.540519774438732448e+00
2.542994401650087166e+00
2.545137638102795474e+00
2.547416809745287392e+00
2.549411808474172592e+00
2.551772682014477489e+00
2.554214424754078561e+00
2.556627738613058032e+00
2.558765337125734174e+00
2.561088418130994526e+00
2.563271998883855041e+00
2.565420239493104493e+00
2.567723139828341772e+00
2.570005828670347547e+00
2.572236784201146431e+00
2.574454944886309882e+00
2.576775418004574103e+00
2.579187546683809451e+00
2.581088797598286355e+00
2.582980550237243822e+00
2.585512691800355256e+00
2.587676028354868318e+00
2.590184218269585337e+00
2.592460886903639405e+00
2.594489032447475196e+00
2.596032931942494404e+00
2.598268414993505804e+00
2.600472068679789306e+00
2.602667721289269931e+00
2.604895028857906691e+00
2.606702290393635213e+00
2.609039110742178202e+00
2.611266536322555787e+00
2.613492939529149073e+00
2.615570346543644398e+00
2.617276185365157382e+00
2.619574375597638838e+00
2.621549679484860729e+00
2.623865201152391080e+00
2.626020578836088415e+00
2.627986713356922799e+00
2.629683942573541877e+00
2.631714488310724853e+00
2.633558476634932699e+00
2.635620022679052710e+00
2.637473779339947644e+00
2.639755888998675637e+00
2.641941711612469934e+00
2.643822086343472932e+00
2.645724435971063215e+00
2.647503615542659450e+00
2.649412945044258727e+00
2.651220621780859599e+00
2.653214285059143585e+00
2.655191168903145549e+00
2.657296434768101179e+00
2.659126436653952208e+00
2.661294582987767221e+00
2.663090319677225537e+00
2.665102722732292762e+00
2.666872804225332239e+00
2.668880469369034447e+00
2.670884407103296443e+00
2.672949806689036034e+00
2.674687756641616510e+00
2.676512604337626389e+00
2.678531001920037902e+00
2.680618542871472165e+00
2.682386283687132167e+00
2.684200618067341004e+00
2.685918636150224081e+00
2.687674314638038187e+00
2.689305004054228121e+00
2.691310079911347852e+00
2.692954224499130689e+00
2.694931287694251942e+00
2.696702838022595028e+00
2.698488352128791234e+00
2.700399758058344091e+00
2.701998140137892968e+00
2.704167072310082798e+00
2.705937223583392726e+00
2.707455004212040439e+00
2.709358487284565964e+00
2.711178745268533863e+00
2.712786395813520546e+00
2.714796562864115970e+00
2.716544398262570770e+00
2.718243977044362047e+00
2.720486511879193436e+00
2.721964571066198602e+00
2.723683622631415613e+00
2.725360444967355189e+00
2.726907432735276693e+00
