-5.076438521731300481e-03
-4.693135248946385396e-03
-5.272721530951231077e-03
-3.727917833296113398e-03
-1.808225153369271386e-03
-1.689417161218932434e-03
-1.833071261426349238e-03
-1.903598247002043437e-03
-2.346609948156644278e-03
-2.122836110504709457e-03
-1.739055685264650130e-03
-2.812566625286512523e-03
-1.882240519523208392e-03
3.424980305687745077e-04
3.805076498084524156e-04
2.720550927448849021e-03
4.827045133765461675e-03
2.374964691350838365e-03
2.305551270875956949e-03
4.548500928516195814e-03
6.004582431190546438e-03
8.378588943155863486e-03
1.163901401161110925e-02
1.628437228217739091e-02
1.265104738264315361e-02
1.552953105095162406e-02
2.198974163611813748e-02
2.060389242375400276e-02
2.675803998121259464e-02
2.853032998961448422e-02
3.020488413074392045e-02
2.881072413202972332e-02
3.329297969804804330e-02
3.489437977428723470e-02
4.428423607571594506e-02
4.797714393195092603e-02
4.879874411611501150e-02
5.557882016244998502e-02
5.916577593481656822e-02
5.649407993266031963e-02
6.427501082192776938e-02
6.618285883339984632e-02
6.812339667215186467e-02
7.105785470012021543e-02
7.190047323164834581e-02
7.807471057992437791e-02
8.102490602317356794e-02
8.558774105946102828e-02
9.197203461758582388e-02
9.620771385423303179e-02
9.666350998675445061e-02
1.027655958818870646e-01
1.096418906842001467e-01
1.090843098573118786e-01
1.111100916527136967e-01
1.175323219692208931e-01
1.241274881166087307e-01
1.334773096880211007e-01
1.343926569986237107e-01
1.317799367905042041e-01
1.389484877877772417e-01
1.404944278723949391e-01
1.459727132786562132e-01
1.517655624529392067e-01
1.534704995408576467e-01
1.576487654596290811e-01
1.671895244588329221e-01
1.657025054836384903e-01
1.721064716441185749e-01
1.746775254137953315e-01
1.803026468867599263e-01
1.899572841756716757e-01
1.901951951097167470e-01
1.915868034568462275e-01
2.012649130099311012e-01
2.018893270608460022e-01
2.088638330266321119e-01
2.123678979236177378e-01
2.131443390154102724e-01
2.238586042542928811e-01
2.308729457757191239e-01
2.302231384753027077e-01
2.375048255651887874e-01
2.479939491111627092e-01
2.438477982574099034e-01
2.437702450322597192e-01
2.500552044334977686e-01
2.554291797670324993e-01
2.639423855609850933e-01
2.624258322224964912e-01
2.659104675206456769e-01
2.761685317591790478e-01
2.804287695332195463e-01
2.840183384497565466e-01
2.890354029707213890e-01
2.971919992253901910e-01
2.968347115590589391e-01
3.063029481293554901e-01
3.051566763406284855e-01
3.108187542684632820e-01
3.162653344449674608e-01
3.237514415776853727e-01
3.244247161226916365e-01
3.296588254612899949e-01
3.316247321361061595e-01
3.383435426548846436e-01
3.441319050930344847e-01
3.453230042056196769e-01
3.539834359999451396e-01
3.540334271621327633e-01
3.586475207753223593e-01
3.617038505880754706e-01
3.652435014126405588e-01
3.739393522771866651e-01
3.802517618017111634e-01
3.785458448980563162e-01
3.858505795508632152e-01
3.925078502853845963e-01
3.945594678745687478e-01
3.979808053681770375e-01
4.059365951636739744e-01
4.072365878968818853e-01
4.122936777003106679e-01
4.179912010490851593e-01
4.243101453097803399e-01
4.279607811191044053e-01
4.339241105692696054e-01
4.360389251290555102e-01
4.407982056584933139e-01
4.458092834326125575e-01
4.478452884195355810e-01
4.549724315244749184e-01
4.578029699239475336e-01
4.603613638509330142e-01
4.639643488310177810e-01
4.729521047398593248e-01
4.743229377060315111e-01
4.798094895039738961e-01
4.895811957794973246e-01
4.889697839138608115e-01
4.930608271553968414e-01
5.000276745465268569e-01
5.032909709643087481e-01
5.086162042173183462e-01
5.111982940869129743e-01
5.143073962718652803e-01
5.205378740308851393e-01
5.259417423313107465e-01
5.335603803236140807e-01
5.334160553729142551e-01
5.371096329410468551e-01
5.392353643963870846e-01
5.448332095840453526e-01
5.495579446458672690e-01
5.509290120746164199e-01
5.592762563906529261e-01
5.613619661520341531e-01
5.661394022382216784e-01
5.701058626497386150e-01
5.758378950879763369e-01
5.778837686652612549e-01
5.831389879778879903e-01
5.878420489764425438e-01
5.927675807055730051e-01
5.998003860224619954e-01
6.019116197464284834e-01
6.032781594087368582e-01
6.084799326390077923e-01
6.133356935953042655e-01
6.156774661566715157e-01
6.222306151390785134e-01
6.285350678324290730e-01
6.290036077555920535e-01
6.328199864755216231e-01
6.388508755548901741e-01
6.419456024011478412e-01
6.462113204086447071e-01
6.514865218405064828e-01
6.535581088661062132e-01
6.571834180948832316e-01
6.629481307937444834e-01
6.651425461174190756e-01
6.707137636030682248e-01
6.765709617426396427e-01
6.785295056021604099e-01
6.821464548588472843e-01
6.858133862904500777e-01
6.899920453108765450e-01
6.939367143946574279e-01
7.003349174850763692e-01
7.051605330299304253e-01
7.046613704857993543e-01
7.107069261022753714e-01
7.150574334267371102e-01
7.176950805289540325e-01
7.218418433257141054e-01
7.284197507564414975e-01
7.313652660702031350e-01
7.350255395082829768e-01
7.373721103470286531e-01
7.434941582665567372e-01
7.465414280926649937e-01
7.495329257906352405e-01
7.542359629602902737e-01
7.573166574695969766e-01
7.600394354217726578e-01
7.649313917830333764e-01
7.682492880353759546e-01
7.744178220215511832e-01
7.765501323299839331e-01
7.806327017749365993e-01
7.875631354668480855e-01
7.886366599486008822e-01
7.919963039324684484e-01
7.984649406455210929e-01
8.026153554650489186e-01
8.049815486588428604e-01
8.076456218330865244e-01
8.122076932889147338e-01
8.168165356301811952e-01
8.189268278056678341e-01
8.223912462835482051e-01
8.294798039349958740e-01
8.308050192094333930e-01
8.327971738952046898e-01
8.391307361214385141e-01
8.425304500838427524e-01
8.460579746227796516e-01
8.499206848190140606e-01
8.538411175776087214e-01
8.577160524947131659e-01
8.600869253259844083e-01
8.644291671474388927e-01
8.696278623589688284e-01
8.718530603745453522e-01
8.764155562839313074e-01
8.796089894015449717e-01
8.826138496671682709e-01
8.868034233765385022e-01
8.915662627685603248e-01
8.947104522583386732e-01
8.965597757746607277e-01
9.015282260877678366e-01
9.054221984298095327e-01
9.087698573074736164e-01
9.128735266205698640e-01
9.167441733459886777e-01
9.192343051374265439e-01
9.216109252265533014e-01
9.257162966556984340e-01
9.284269999776919580e-01
9.317525906392174484e-01
9.365446976891769193e-01
9.393717253951113788e-01
9.434760633453455059e-01
9.480520673754296856e-01
