4.010080291739222957e+03 6.474695396249114776e-05 7.081259027267532424e-01 5.330334467101137896e+00 1.198472164099607973e+01 2.669287426310356981e+00 4.101058261736023169e+00
4.930163938713880256e+00 2.396331973385802198e-14 2.699381170652512818e-01 1.402752666067261789e+00 2.259704037500807505e+00 8.239932928269472212e-01 7.520593733735662090e-01
1.507162547740006631e-01 1.068310797522015918e-06 3.963948573590079794e-01 1.563079884443662637e+00 3.315948634029902919e+00 9.671169339132825726e-01 1.202535583128352625e+00
2.751466582083750834e-01 9.695856797578660381e-07 3.645660956374482398e-01 1.530579703149855364e+00 2.824777351174863060e+00 9.898052688293630386e-01 1.269990379810338688e+00
1.848669976947407082e-04 4.335442078154476750e-08 2.975365293920221865e-01 7.577509573004701515e-01 1.954584884035726944e+00 5.080427637180630063e-01 5.076387135722627564e-01
2.341709507291425370e-04 1.330839697200971680e-07 2.490513735084024238e-01 7.127270233358895535e-01 1.260894400885799183e+00 4.616736285212506008e-01 4.941151237191223622e-01
3.148611224990362982e-05 1.498959720108896793e-08 2.255688450665104261e-01 7.575601438540966459e-01 1.785376647249016901e+00 3.601478555173232565e-01 4.056557312058772791e-01
3.994395194391337910e-05 4.158760374467342022e-08 2.159567241606821786e-01 5.178685273688271584e-01 1.609817125119553438e+00 3.136016088660592005e-01 3.188609578737634509e-01
1.681342931210236759e-05 2.800718330291562086e-08 2.155057651121219386e-01 6.115603078570894802e-01 1.824626796285736541e+00 3.532817965268502114e-01 3.533052360486539922e-01
2.163744683315705313e-05 2.656832266714643950e-08 2.713409862621936619e-01 5.357190598255051617e-01 1.618358390877112862e+00 2.737848095133236792e-01 3.165319573748434090e-01
1.943341062942501621e-05 2.386978914436660726e-14 2.160611893561475705e-01 5.706006129728353748e-01 1.396032096601519834e+00 4.630900805321583880e-01 3.893296549329400835e-01
1.415859203771349828e-05 4.070336240205156213e-14 1.521133854912410655e-01 3.371835219124201810e-01 1.254653002624007030e+00 2.274001034959493017e-01 2.363380843512821461e-01
7.916304908869371254e-06 2.204720779418571502e-13 1.709438954951693901e-01 4.068372499582435520e-01 1.174579366469559183e+00 2.121238538372658411e-01 2.166862572676865328e-01
