1.826066111308963855e+03 2.194176668926320903e-04 7.561763901493940843e-01 5.220762884572843987e+00 1.562239014195990272e+01 3.505199638403858398e+00 3.331677628283932435e+00
2.151200009609748331e+00 2.698029272220426724e-16 2.679947023474175127e-01 1.060939373243400041e+00 4.618770648153585512e+00 6.188058237514872939e-01 8.739300582382977245e-01
1.128490286141696330e+00 1.482424430996957235e-05 6.348848459818182688e-01 2.345754570970281616e+00 1.231864342979235438e+01 1.748818216316301744e+00 1.538016951233402541e+00
7.469089366956461681e-03 7.062314116994494696e-06 5.878347656578818414e-01 2.829558503655141610e+00 1.909492917449034932e+00 1.391491220233034731e+00 1.348256508167200884e+00
2.049099567973585237e-03 5.580033259231633430e-06 4.489770554347451426e-01 1.167682196074449674e+00 4.774949045063198838e+00 8.737306781094094088e-01 6.312278443825894980e-01
5.900390612114655092e-05 5.817751612421217960e-12 2.596960024239024500e-01 6.882082395115554085e-01 2.162521271277583867e+00 4.009027060719253521e-01 4.734467608600975153e-01
5.689784188188868653e-05 7.239223171726519174e-08 1.779704891223266583e-01 4.543742208953004957e-01 2.049101768159830694e+00 2.804067579134174037e-01 2.952995602736102065e-01
4.538416133298458756e-05 4.709796345698216376e-08 2.188138131772469908e-01 5.927455101134786464e-01 1.929918677993132992e+00 3.370208422144615468e-01 3.633026059363821392e-01
4.026582770100369175e-05 6.117910419754073734e-08 1.884864063149432611e-01 4.342645902603047281e-01 2.507159376178544452e+00 2.459161105308938500e-01 2.757924311382999871e-01
2.251450791317678973e-05 5.122717607970853781e-11 1.482068345299005774e-01 4.674290737113453442e-01 1.793233176636552129e+00 2.692315072376944007e-01 2.916673197089253988e-01
2.165871812162180077e-05 9.995026878744056403e-08 2.196079198594778625e-01 5.684630195178255185e-01 1.395206372863194932e+00 4.031748896434229068e-01 3.931724561077328817e-01
2.011594349236226051e-05 7.839612021110003387e-08 2.090790972120629698e-01 5.433628670992753928e-01 1.360054580396887758e+00 2.521971721515749443e-01 3.032860159437782976e-01
7.127208020314603392e-13 1.115608558194111026e-05 1.178393385266709892e+01 1.856370993776073064e+01 1.658231506883999984e+01 1.336260468482146280e+01 1.735511096098143824e+01
