1.680690487968073649e+04 1.721337156174373377e-04 1.182851366547496452e+00 5.538160657572534618e+00 1.836450400049200482e+01 5.278265883227775568e+00 5.966825395699693502e+00
2.559400288605121077e+01 2.927917944807831662e-05 5.873454443996050101e-01 2.143477182395556735e+00 7.686544406211844205e+00 1.967257888661343213e+00 1.835256049205892026e+00
4.024169399400860936e-01 5.484325638196107809e-06 5.307104354285389070e-01 1.906904219751618834e+00 8.128517502920743709e+00 1.134979283519190307e+00 1.074846323568988682e+00
3.165093338418034814e-03 2.998915529444960910e-06 3.148996305370285187e-01 1.014511183813449291e+00 1.756034304642986488e+00 6.099519833202465824e-01 6.081012675005352808e-01
1.072072406092097399e-04 4.914651137283571199e-07 2.218876577868904021e-01 5.429620262791285956e-01 2.420172891050228259e+00 3.150912812175771238e-01 3.274167558703854897e-01
4.487614554022666190e-05 2.680268182322372403e-08 2.192670934069469169e-01 6.650681527314165065e-01 2.222544034040161876e+00 3.893743225869784053e-01 4.039289674643279371e-01
5.964153756645720287e-05 7.579979829450665784e-08 1.699034350024961892e-01 4.062102543725552017e-01 2.086674257866516946e+00 2.493152959214269548e-01 2.483444222408438262e-01
3.830208977901369133e-05 6.940257543328380543e-08 2.075993749591618365e-01 5.196380363438451999e-01 2.243807203241623860e+00 2.750785759120718543e-01 2.948143051566570749e-01
4.862808653718880798e-05 1.141418640031567597e-07 1.412678891613701471e-01 3.424720797381601289e-01 4.283756343899702834e+00 2.275107269298731472e-01 2.445525018171422205e-01
2.550941149918154412e-05 4.764308689683678335e-08 2.619737449050920097e-01 6.479228842004125521e-01 1.723464580755887710e+00 3.340362218798893501e-01 3.702266963605074235e-01
1.878949690709648315e-05 1.903413519108202056e-08 2.420887679168886586e-01 5.961765049087925927e-01 1.477098911259843383e+00 2.933307358711029211e-01 3.462348738260516701e-01
1.851727075708250127e-05 1.631047182024438521e-08 1.714110713825212906e-01 4.182980229793068494e-01 1.524486723413504219e+00 2.534761926705859092e-01 2.692452060184470919e-01
1.184343520576536509e-05 2.854328191057407637e-13 1.387721780755329648e-01 3.258566573538748123e-01 1.183412874965144468e+00 1.911116962375057349e-01 1.914374774344716756e-01
