5.148903334183431175e-04
5.260644455746227950e-04
1.376850653975277136e-03
2.906367340506770328e-03
4.645858623836135633e-03
6.120184767879181982e-03
7.548611529590687486e-03
8.706632521463763402e-03
1.057148474157656483e-02
1.213826101212778751e-02
1.364260145564575623e-02
1.518586746893109407e-02
1.770997824540150936e-02
1.868234314982374425e-02
2.119023713921280860e-02
2.217636205416769965e-02
2.289189133465566184e-02
2.399998882026573022e-02
2.486736376458893727e-02
2.584013014648127438e-02
2.580186674376467107e-02
2.773859349287356030e-02
2.900167897988269877e-02
3.176515177177034049e-02
3.206527192767171658e-02
3.253621623453380185e-02
3.254181157145458886e-02
3.291205121172550291e-02
3.221908307579275654e-02
3.203158826188915592e-02
3.290913015351401572e-02
3.370209557207159978e-02
3.459898922384095632e-02
3.568362013239154140e-02
3.650670071613616730e-02
3.685603624546877899e-02
3.791557641637220005e-02
3.764224918904472694e-02
3.784792798800126062e-02
3.831367148013654217e-02
3.930349854129868564e-02
3.886871387428746799e-02
3.970881476493443724e-02
4.027305872250137864e-02
4.092215338749213838e-02
4.266147683758769737e-02
4.314722512580147079e-02
4.358198560819535189e-02
4.425866515660962369e-02
4.500461845102386033e-02
4.571055853788176526e-02
4.712560458194434837e-02
4.767250329449781998e-02
4.818496946604196307e-02
4.834515249014278981e-02
5.011260312572206332e-02
5.115525367959657815e-02
5.119374191021340559e-02
5.289848052638386477e-02
5.336430649647399410e-02
5.456767681094477906e-02
5.630062598833915355e-02
5.598225633847093291e-02
5.703606658571534760e-02
5.775692246563060572e-02
5.824837733016225566e-02
5.983758301591380474e-02
6.055422754649512213e-02
6.054484595298778582e-02
6.243638638222400589e-02
6.298577736665546267e-02
6.329642538392657447e-02
6.537751908300215575e-02
6.703439796419921604e-02
6.676402442759282740e-02
6.676443054387601328e-02
6.918503517050800244e-02
6.889074409194960447e-02
7.054550099968208421e-02
7.091176915928124047e-02
7.069604562094508604e-02
7.245974270251026583e-02
7.225441038623417467e-02
7.311117262691357865e-02
7.541646454270738154e-02
7.457976471606846125e-02
7.443685973599556416e-02
7.690064208756514086e-02
7.690860411498341709e-02
7.803296923224312120e-02
7.836647394319486148e-02
7.904983401173328039e-02
7.990930047166927563e-02
7.989132035710187763e-02
8.192178001779562568e-02
8.172041987356092052e-02
8.237155364872028596e-02
8.241776305302875305e-02
8.316978004506794808e-02
8.365144502199051146e-02
8.454835585158324007e-02
8.499134656809441413e-02
8.694976542949479914e-02
8.492953469202910166e-02
8.562636466754462716e-02
8.759606483104807884e-02
8.764286436730976682e-02
8.742062119594147529e-02
8.889412783480686586e-02
8.938709198390107358e-02
8.851468267124253109e-02
8.995213931030351939e-02
9.024768922872035415e-02
9.013396808990900566e-02
8.998409703917878422e-02
9.149143690282293684e-02
9.124673327784113552e-02
9.227766977745743837e-02
9.164712908467716190e-02
9.251781434430392248e-02
9.303126093342992120e-02
9.404217798756188407e-02
9.193730327301145866e-02
9.379732751015353032e-02
9.370456981001133723e-02
9.401842528033049762e-02
9.500287268217270931e-02
9.469523310017123607e-02
9.552016744352179178e-02
9.645727489513873654e-02
9.496205539870065937e-02
9.536446296010800405e-02
9.645363707113614737e-02
9.613328079140054383e-02
9.651757064632394967e-02
9.573574592247026394e-02
9.650581869458831064e-02
9.739624853076964128e-02
9.781824556093911271e-02
9.722513872915497513e-02
9.732670627506749550e-02
9.737633066959386352e-02
9.882150643305510906e-02
9.729509373683432882e-02
9.746608101647852296e-02
9.828313504208183171e-02
9.859914687649601328e-02
9.736301719981388381e-02
9.813567552821958473e-02
9.777719964273982878e-02
9.837713577957320210e-02
9.744381142520860961e-02
9.790679991557693640e-02
9.886862600152894476e-02
9.883218660058175342e-02
9.863240584310208059e-02
9.914841901500229260e-02
9.888194283465283341e-02
9.875546101833400370e-02
9.833928060985121233e-02
9.912520646582040351e-02
9.842809758505001450e-02
9.776813846374764194e-02
9.883837787070669234e-02
9.859368470834500853e-02
9.871082406063635961e-02
9.822978613192875907e-02
9.907991615161963750e-02
9.865550936519811021e-02
9.877700714559048412e-02
9.832263959700167366e-02
9.911571605797807327e-02
9.792086829844776075e-02
9.798060473561689965e-02
9.745307774626450759e-02
9.805408716244294609e-02
9.841740052390213211e-02
9.732685114165445794e-02
9.763280678711523664e-02
9.778756544298466968e-02
9.739117823089089854e-02
9.754970141600034783e-02
9.779996808830078436e-02
9.740110800603622720e-02
9.701254506904952168e-02
9.716998434352949743e-02
9.688732674040494153e-02
9.711971602106939105e-02
9.665517575078345913e-02
9.743556817045231910e-02
9.745715242171919257e-02
9.622810141262111427e-02
9.679091397324462998e-02
9.662765043482758609e-02
9.563837925803567175e-02
9.682487454702029539e-02
9.651890802235134348e-02
9.618369606361268365e-02
9.553791917675756584e-02
9.640357794250176138e-02
9.585833815372671318e-02
9.538206032309262672e-02
9.572959872062830611e-02
9.578808973682809147e-02
9.542364622750795777e-02
9.535036393928789100e-02
9.510403787315775681e-02
9.495080979976082414e-02
9.491576930931440448e-02
9.470177982647785819e-02
9.487298411844102830e-02
9.480304642130774062e-02
9.460836043919221283e-02
9.446458651889705349e-02
9.438308880631465780e-02
9.456006075816358880e-02
9.401030691959998131e-02
9.420095676615888869e-02
9.405244064217270494e-02
9.406205428168475102e-02
9.399077543617441466e-02
9.337550619394487106e-02
9.398979167511406496e-02
9.378859307030275316e-02
9.386244632110407604e-02
9.363723671164758677e-02
9.390783186095369439e-02
9.319788990350913460e-02
9.319200731219481892e-02
9.314019900499731497e-02
9.262555004577112394e-02
9.258556141161670971e-02
9.228347690622117072e-02
9.280133534819261232e-02
9.316351219571242237e-02
9.294404793706752266e-02
9.269112764601633581e-02
9.258694673533079955e-02
9.243683930250579106e-02
9.248635746184828699e-02
9.221178720107039983e-02
9.205054429156731000e-02
9.195517316301403399e-02
9.220663834063071163e-02
9.151624075880476772e-02
9.138653681646946580e-02
9.185739957664201816e-02
9.194778952007331974e-02
9.144760852651134808e-02
9.175194159865047994e-02
9.185313525801723500e-02
9.171876885615225239e-02
9.175796223183774192e-02
9.140130711682942222e-02
9.175448642835574986e-02
9.106827867115679931e-02
9.168727526447216503e-02
9.122892462872839170e-02
9.150259256130056917e-02
9.109596430611854867e-02
9.145177738971764503e-02
9.174673421651252658e-02
9.138614287737052699e-02
9.142907247183747199e-02
9.150905840614056985e-02
9.137147339555869163e-02
9.124606676796218063e-02
9.131337185815499580e-02
9.110347903973321781e-02
9.149288339160341343e-02
9.172023341984762712e-02
9.155797625026172726e-02
9.133226266562052831e-02
9.162522179273667466e-02
9.181059341218558711e-02
9.155208048005641919e-02
9.164070270563864917e-02
9.141183569932605224e-02
9.165434678989933803e-02
9.187101053129544115e-02
9.156998987841634408e-02
9.209343993352045454e-02
9.208576593178545433e-02
9.186417230698611103e-02
9.162768338712838634e-02
9.219466559673245021e-02
9.196539975777823228e-02
9.238299629585988715e-02
9.232139838245898011e-02
9.254966821386861886e-02
9.262973720832803903e-02
9.209087520166354957e-02
9.248553522034134999e-02
9.219204219864715610e-02
9.300640888695299591e-02
9.279984414174320684e-02
9.309838123602778848e-02
9.268606865660576621e-02
9.320342035683297499e-02
9.339845951030541216e-02
9.311884145317746164e-02
9.370599643825723579e-02
9.356841895635309436e-02
9.365995661056150667e-02
9.370256646047792071e-02
9.354179516850325005e-02
9.411556282483048153e-02
9.391373748729026083e-02
9.403794189235872847e-02
9.434317392077759545e-02
9.422669215311221813e-02
9.448074627385130708e-02
9.469545373577527292e-02
9.464579282455316822e-02
9.472340237474365099e-02
9.517125570095857912e-02
9.527711345283515487e-02
9.525465687821235705e-02
9.518101378927279477e-02
9.569607929366871768e-02
9.579183418507210279e-02
9.571330747357963131e-02
9.612795303628333954e-02
9.644549326373554055e-02
9.649701800881063662e-02
9.644668440278447719e-02
9.658152763850011424e-02
9.697331109781530400e-02
9.659348704211817571e-02
9.737655954809164294e-02
9.727814479072985354e-02
9.737652178233673073e-02
9.757274694975551221e-02
9.764589310091446872e-02
9.802998720162113544e-02
9.816103127993849875e-02
9.809726208631565358e-02
9.856808202797634477e-02
9.882837783813588906e-02
9.874238950924453528e-02
9.921817184471462547e-02
9.916135750895063716e-02
9.912583406553747423e-02
9.945622348672097934e-02
9.973631216884908113e-02
1.001149746126370477e-01
1.002533987363603690e-01
1.004119601604783474e-01
1.008094874443246636e-01
1.007573222132961410e-01
1.007535483984960123e-01
1.007597277233598515e-01
1.012096271836365607e-01
1.015476458172456936e-01
1.013915968293807729e-01
1.018351504330245322e-01
1.022022636243667126e-01
1.023971613459659785e-01
1.024898197032673708e-01
1.023547054314946358e-01
1.029624596295193456e-01
1.030255838512050687e-01
1.030854945326636213e-01
1.035517019271553901e-01
1.038690010472332198e-01
1.041304580382567541e-01
1.041388356043021629e-01
1.043228187989839462e-01
1.046395096570474637e-01
1.048695941261432313e-01
1.047796519776267310e-01
1.051673969044135820e-01
1.053721048149657835e-01
1.054854351313721100e-01
1.056348233512423018e-01
1.059632967022352823e-01
1.062067490074551368e-01
1.062151287195877425e-01
1.065737843449404698e-01
1.066371572810951712e-01
1.069784480930259379e-01
1.073045047035988131e-01
1.074846166781394802e-01
1.078666465733912894e-01
1.078481358855408329e-01
1.081516271992839368e-01
1.081307027294639567e-01
1.084754120919048798e-01
1.088525819361640806e-01
1.089779034660915552e-01
1.092056199590600574e-01
1.094658235385615602e-01
1.095003359408449756e-01
1.099378039206246743e-01
1.100254253173086616e-01
1.105851156483771275e-01
1.106661397535372848e-01
1.106855417020389809e-01
1.110460488207185847e-01
1.112424233456038164e-01
1.116306834431441269e-01
1.118473110568567602e-01
1.116511427255805489e-01
1.119454496425297402e-01
1.123312349609181526e-01
1.127580591902895141e-01
1.128367383942998764e-01
1.129903004593530991e-01
1.135426653884637205e-01
1.138633389123381578e-01
1.137070569676619236e-01
1.140286290502507266e-01
1.142069821002040658e-01
1.143771620824522994e-01
1.148430743282067706e-01
1.149869982981051170e-01
1.151579897075356573e-01
1.151081692958305647e-01
1.156470151765680299e-01
1.156993817013791254e-01
1.160742761712097587e-01
1.163394227941903641e-01
1.163866792433064096e-01
1.166480586542173320e-01
1.169993408191534745e-01
1.171615670073660881e-01
1.175024247077533779e-01
1.175623817684881417e-01
1.177706631089519423e-01
1.179009930069918749e-01
1.180941514348819582e-01
1.184089251706945262e-01
1.187741475031988125e-01
1.189430501642452648e-01
1.191309712581585106e-01
1.192989033838026541e-01
1.196130200451523129e-01
1.198193736005588872e-01
1.200197647928216288e-01
1.201316351342634065e-01
1.204826393594696649e-01
1.208349518541857875e-01
1.209722159145269899e-01
1.212750962057002752e-01
1.212973035272938982e-01
1.216299239067635263e-01
1.219381519801541747e-01
1.219920265616525612e-01
1.222359492507863049e-01
1.226630654510923457e-01
1.228389559390378333e-01
1.230761666735777637e-01
1.231379414931735028e-01
1.235217776839829112e-01
1.236347705025118010e-01
1.238456124169390465e-01
1.239932654787565952e-01
1.244915880348705789e-01
1.245599283308636285e-01
1.248302917019749880e-01
1.249402981703255228e-01
1.252651974204379293e-01
1.255869417720181513e-01
1.258291063332035997e-01
1.259360025846121001e-01
1.260524664953958096e-01
1.263178140949493822e-01
1.263815994731208869e-01
1.266924607004618897e-01
1.270649620907651767e-01
1.272658107028667718e-01
1.273919173947398453e-01
1.275732350648960400e-01
1.277623383130854218e-01
1.280573933432987976e-01
1.282978129450101923e-01
1.284577630798511561e-01
1.287238736841782027e-01
1.290878831666686100e-01
1.293042464818822124e-01
1.292867996107035511e-01
1.296843263856028716e-01
1.298242755869029319e-01
1.299452130931775251e-01
1.301895599558780259e-01
1.303434429485961221e-01
1.307953591335421217e-01
1.312193121705637067e-01
1.312161087600449416e-01
1.313477969112353538e-01
1.317179651873491564e-01
1.316797778026352339e-01
1.318893477907507605e-01
1.323361932516985140e-01
1.324162730985325165e-01
1.326380559763949973e-01
1.327824606412755792e-01
1.330882626600489171e-01
1.331489933122803337e-01
1.333315760395983041e-01
1.336189455418476391e-01
1.340584711916212313e-01
1.341303508574873959e-01
1.342361661570619646e-01
1.343493611374308727e-01
1.346147108025279038e-01
1.349814512950620882e-01
1.350363198961771483e-01
1.352479054344687404e-01
1.354525221310269589e-01
1.356608731355811726e-01
1.356617355009930304e-01
