5.154325618137586221e-04
4.366232681626064567e-04
2.619134435325154680e-04
9.713788809622664160e-04
1.697178796339462829e-03
1.881442801232727832e-03
2.014957371494057251e-03
2.038533027243744945e-03
2.103156002524260871e-03
2.266672578501645850e-03
2.547461889146875914e-03
3.016121366176653749e-03
3.825968913990394123e-03
4.354550922845385613e-03
5.110873802354829430e-03
5.409243542040299141e-03
5.480933276475998678e-03
5.531861299216529054e-03
5.590732363761605206e-03
5.816043606211218284e-03
5.896503637016979084e-03
6.720882038281653960e-03
7.402253429355954567e-03
8.260119175398886182e-03
8.285593046025531427e-03
8.587364555098401381e-03
8.272632656601053291e-03
8.334493299208812350e-03
8.210319091798465307e-03
8.139018469305779602e-03
8.157573347011313342e-03
8.933416753146666139e-03
9.187890164642715032e-03
1.013021257248469115e-02
1.067555926851605948e-02
1.030830253403843162e-02
1.083360635301383428e-02
1.042977158431859265e-02
1.078947523541140367e-02
1.007127165123290237e-02
1.069738588651809527e-02
1.145248586447565088e-02
1.152918750099738744e-02
1.158099157362410883e-02
1.232287127148766134e-02
1.311207165935363884e-02
1.364570514292398097e-02
1.309252267490880993e-02
1.391337032923743028e-02
1.433298530653241004e-02
1.431595764894234846e-02
1.484100111528171249e-02
1.569657981920953571e-02
1.606728005375271384e-02
1.654908938099584545e-02
1.697825922831247558e-02
1.735585293221661440e-02
1.841096783180260973e-02
1.869227405222048319e-02
1.947173946378526199e-02
1.970109190767040802e-02
2.016406386650372237e-02
2.096027946359391506e-02
2.173196036805185444e-02
2.202652109032437328e-02
2.299904830324225533e-02
2.375163684090459901e-02
2.448334971142018812e-02
2.528760855796965273e-02
2.561975383897582143e-02
2.591728573964482280e-02
2.771457572561808816e-02
2.810746462357014211e-02
2.788279978543751689e-02
2.875406423384389495e-02
3.031315445107947079e-02
3.064183392420644428e-02
3.104041407509520664e-02
3.204119737196756829e-02
3.317227981380092838e-02
3.398420381593176415e-02
3.446982134998598929e-02
3.543342932931092815e-02
3.651574872284320261e-02
3.711325257129943767e-02
3.796692212804182731e-02
3.920597397653513561e-02
3.965649321493930346e-02
4.078837251736491809e-02
4.171658250732798029e-02
4.271301369394484015e-02
4.318696336614900183e-02
4.359415574985801151e-02
4.460988104685992967e-02
4.570787137590317378e-02
4.657780514433704916e-02
4.747411376593060200e-02
4.842608229409280790e-02
4.859929615993129060e-02
5.019891704462896981e-02
5.040716422827252324e-02
5.158433134202651538e-02
5.166647388529031770e-02
5.316052868581742918e-02
5.441912278888739324e-02
5.503060415874924671e-02
5.568990723247132374e-02
5.605456760601266325e-02
5.723676820046175867e-02
5.924062219386633243e-02
5.878563879495311145e-02
5.930820988720024445e-02
6.105859169604911652e-02
6.202503438875483360e-02
6.315027086541546986e-02
6.323883382236898665e-02
6.523223486606344323e-02
6.591113853495268737e-02
6.598909133763325441e-02
6.717992582625391396e-02
6.758970537114010468e-02
6.839730512286767983e-02
7.028143644377535249e-02
7.063944904844236816e-02
7.174144801226771395e-02
7.295761948448274692e-02
7.301770507961495571e-02
7.339653934800448309e-02
7.457667724129851683e-02
7.696864438556064170e-02
7.651966839596292813e-02
7.721881775949626658e-02
7.846092343488463017e-02
7.925441891917292536e-02
8.001617118944841234e-02
8.053671838931444893e-02
8.194390564630318896e-02
8.342041162007257649e-02
8.357705628314832103e-02
8.421075389118778953e-02
8.509335176338643503e-02
8.577244593053642840e-02
8.658774883187146665e-02
8.824233091688879482e-02
8.973546735822655884e-02
9.069193328448327263e-02
9.069183317552678703e-02
9.217513261327016372e-02
9.233401592514028922e-02
9.357185438553157486e-02
9.341620599242578260e-02
9.577699254896322734e-02
9.605660555399513079e-02
9.641613015223722549e-02
9.814761989545255083e-02
9.809103860330863067e-02
9.917327078057915080e-02
1.003460980457789031e-01
1.010974898008481226e-01
1.020174417272649292e-01
1.025707546657462083e-01
1.040605195811520889e-01
1.043682543861200740e-01
1.048383010099042806e-01
1.056396636222227958e-01
1.068564101494203777e-01
1.082445522756437795e-01
1.088059918776410617e-01
1.093725772774747224e-01
1.100143141958511428e-01
1.114265974712449342e-01
1.123355261975314406e-01
1.132580825906450706e-01
1.129079216211351377e-01
1.150208798991012582e-01
1.156846275689245446e-01
1.157741044298638833e-01
1.173022846157509291e-01
1.179431990698834448e-01
1.189209706533450039e-01
1.192104878829489678e-01
1.204019602827053059e-01
1.207900200087142911e-01
1.215240447413088593e-01
1.231701328662731521e-01
1.236862461570854832e-01
1.248583214515465584e-01
1.258277707230152920e-01
1.263766266555216011e-01
1.274513573504702513e-01
1.280203746193475101e-01
1.282977715702552923e-01
1.285592280665590614e-01
1.296793838516552277e-01
1.309212512607384471e-01
1.315531616008492333e-01
1.324658700281878820e-01
1.332450743831898599e-01
1.345224458678978829e-01
1.351697330218580295e-01
1.356090152067380705e-01
1.364825594800381514e-01
1.371447844947999706e-01
1.378814613730813821e-01
1.395046469371848397e-01
1.398571125481249955e-01
1.400622902672313819e-01
1.412577049969593324e-01
1.426732000435160241e-01
1.424552246727162907e-01
1.437627251522090310e-01
1.445478261398560338e-01
1.446223138825609433e-01
1.458073485225085397e-01
1.465858138728648452e-01
1.475324436952800966e-01
1.478043796197856807e-01
1.496229351195600965e-01
1.499994124929659445e-01
1.502653730243979913e-01
1.514260128085915258e-01
1.520635781485085436e-01
1.528518127311805086e-01
1.538758144952235563e-01
1.548835449588720214e-01
1.547838348467069081e-01
1.554045713616719060e-01
1.569485050806368742e-01
1.574672298113342084e-01
1.585022132183607213e-01
1.587632385904375054e-01
1.598967248620141723e-01
1.602606713362040303e-01
1.611906279228038918e-01
1.611916928059863308e-01
1.627003742114621621e-01
1.635139274669966947e-01
1.644310908717784570e-01
1.645238730016264084e-01
1.656469571463383694e-01
1.673146365269127245e-01
1.668700369319647825e-01
1.678930974485361438e-01
1.683975071231371967e-01
1.696241126494454354e-01
1.708071077847389818e-01
1.705936150842905508e-01
1.709169795903343059e-01
1.719815049564891452e-01
1.734143915813617653e-01
1.733236960175584818e-01
1.744169531375503179e-01
1.754433822718014235e-01
1.758116349979922666e-01
1.764319262801479771e-01
1.775105992141929601e-01
1.780345543053643842e-01
1.792165553743546302e-01
1.790172779261444413e-01
1.794528089415258765e-01
1.813543637856053770e-01
1.822275875212455987e-01
1.824002407491752964e-01
1.827279859148447372e-01
1.838647839457712152e-01
1.841114587672167680e-01
1.851552148712052592e-01
1.859091135766266223e-01
1.870869725882627899e-01
1.870201788872074555e-01
1.880223747132621637e-01
1.888033055241699065e-01
1.894490382116289229e-01
1.902910545936674913e-01
1.907692500756988929e-01
1.919843607647990225e-01
1.919880035969725451e-01
1.929444967552929879e-01
1.936193506632856998e-01
1.944813310477641610e-01
1.951234279511511183e-01
1.955607209014482428e-01
1.959522079506383629e-01
1.974177468405668157e-01
1.974663356074635723e-01
1.984637225338578281e-01
1.996332603593111432e-01
1.996419363405279312e-01
2.005799172830199928e-01
2.017948048476377598e-01
2.020876927876175400e-01
2.030564808182599712e-01
2.034946383289952809e-01
2.040771275947250440e-01
2.049603684199965137e-01
2.052913261943818679e-01
2.062273568508783406e-01
2.069605552049501584e-01
2.075665053183630426e-01
2.080525133995592413e-01
2.092203218414087074e-01
2.098749366306368880e-01
2.106058000426467847e-01
2.109887592957992719e-01
2.117243028935329729e-01
2.126837166484522035e-01
2.133723051898274992e-01
2.133392429082049124e-01
2.148972883198493611e-01
2.150188386979516586e-01
2.157004077430361155e-01
2.161679767965358767e-01
2.171254699012246658e-01
2.181486588558316508e-01
2.190316451653884777e-01
2.198235793045619502e-01
2.210089435190654705e-01
2.207553789921130050e-01
2.218374810406373021e-01
2.217429304526396527e-01
2.228596051125945887e-01
2.238029182577635223e-01
2.240780938758908103e-01
2.248201466380702063e-01
2.258209378528183153e-01
2.266080400427791797e-01
2.271109510719991620e-01
2.272170700277857669e-01
2.281080301735084193e-01
2.285119959008103663e-01
2.299174303521126506e-01
2.308539356943433429e-01
2.309190298046931156e-01
2.320048114584057630e-01
2.328161319485910208e-01
2.335111153192073741e-01
2.338022308937246219e-01
2.350364101239653669e-01
2.351954430143757546e-01
2.358687289860320058e-01
2.371024544842178228e-01
2.372768191944934491e-01
2.380771512710053717e-01
2.391337593643956816e-01
2.398749623206250237e-01
2.400810037688755061e-01
2.404859280262638122e-01
2.411526603516725709e-01
2.420988481171013340e-01
2.430076785488022861e-01
2.443363942891774165e-01
2.439925291660958728e-01
2.452367222049193496e-01
2.459130297825816436e-01
2.468358020178818557e-01
2.470323986208882161e-01
2.482389771948272927e-01
2.488329739789794381e-01
2.499527829443901894e-01
2.498593773203978408e-01
2.509475030576888144e-01
2.516242205394483289e-01
2.529798881165979396e-01
2.531136882153122714e-01
2.543434600184842354e-01
2.547974244007038536e-01
2.546742187695266169e-01
2.561505462085429397e-01
2.567486393159887359e-01
2.577986103036117860e-01
2.586150990480078904e-01
2.594854725337584211e-01
2.596067934465273175e-01
2.607228245837783231e-01
2.616076272485856058e-01
2.623052994599339161e-01
2.625961718387500587e-01
2.635953891018588680e-01
2.639484699168463400e-01
2.649063620528374075e-01
2.657239798372954542e-01
2.668197768056275732e-01
2.672466002686189612e-01
2.677845351696812592e-01
2.684134586385120702e-01
2.696728579689099958e-01
2.698958414659073379e-01
2.711599895900554391e-01
2.717056525411562506e-01
2.725036852057546866e-01
2.733280407951867441e-01
2.743256364950197312e-01
2.743218868585183268e-01
2.748561735137601825e-01
2.761587333097342833e-01
2.773490603655809350e-01
2.779125029860686213e-01
2.788033696568073538e-01
2.797646918579226871e-01
2.806645146920445644e-01
2.808338311390750075e-01
2.817819834659919809e-01
2.829623398786840771e-01
2.831454258320631467e-01
2.842293989902407447e-01
2.853979825227586642e-01
2.856852308470967938e-01
2.871365886177806304e-01
2.878423513282907797e-01
2.886615692999148219e-01
2.891452920777346502e-01
2.901150012381434329e-01
2.913972329524269766e-01
2.917175869622991025e-01
2.927781136388939442e-01
2.934057625916889345e-01
2.943920307231575606e-01
2.950501209361065524e-01
2.964736744778351252e-01
2.968296434601621070e-01
2.978055997594339366e-01
2.986382368740598814e-01
2.997428596269100520e-01
3.007191313244886866e-01
3.006795514227584842e-01
3.023714004435587577e-01
3.028753796032319645e-01
3.039040457038155729e-01
3.051732218155394083e-01
3.064874063135214488e-01
3.069081443365115347e-01
3.074487143820766044e-01
3.076661110431006541e-01
3.092236524036988676e-01
3.102147957636793296e-01
3.108733198152480171e-01
3.121392871562292948e-01
3.132407501224448443e-01
3.142303269626216533e-01
3.147072567448258584e-01
3.155043428108331161e-01
3.173066834470559816e-01
3.177984750379013734e-01
3.191863453401908579e-01
3.197064210494150460e-01
3.212069354449845759e-01
3.215708613666693472e-01
3.226129986719020737e-01
3.229629707589933285e-01
3.239971837172089253e-01
3.253148493013707787e-01
3.263127238631570726e-01
3.277423333532623051e-01
3.281787585255154793e-01
3.294119832670177050e-01
3.306484902497391354e-01
3.311940348123195710e-01
3.323876995022904679e-01
3.335108724097767818e-01
3.351711996176846009e-01
3.356090281614518278e-01
3.365956542238918159e-01
3.379653696623506343e-01
3.393004632912787755e-01
3.406168001467144713e-01
3.414396790297953843e-01
3.422362163056761886e-01
3.435705347309843116e-01
3.442197462539079988e-01
3.455705263098433622e-01
3.459806063672596355e-01
3.475562753708087427e-01
3.496437098498242912e-01
3.505909979304478452e-01
3.518253416524521615e-01
3.522826146822582438e-01
3.536408431024556376e-01
3.550798953331525398e-01
3.564591807855145844e-01
3.573230873409206643e-01
3.581881125403936217e-01
3.597260908259118373e-01
3.609024832899325741e-01
3.623310819989704057e-01
3.637497351524845435e-01
3.646885299286929394e-01
3.657901709900146514e-01
3.666073945763629327e-01
3.685029926337661799e-01
3.702100733975766667e-01
3.701200493994983853e-01
3.722724066388435893e-01
3.732179198534104070e-01
3.751454069395852020e-01
3.771125068088123089e-01
3.771342694063661294e-01
3.790905721636873005e-01
3.806157683980134765e-01
3.821303171067993443e-01
3.827851128236385292e-01
3.854207453178385423e-01
3.871175341288818905e-01
3.875489911529764742e-01
3.891830548084214136e-01
3.909079891963612163e-01
3.920224633263058589e-01
3.935293371887289560e-01
3.955518710048316344e-01
3.961374493268304264e-01
3.976513710126743373e-01
3.998655201082051414e-01
4.013875689618494058e-01
