-5.795364188543317358e-17
-1.068419658301067519e-14
-6.296352328405418872e-15
1.237787650154586931e-15
-6.357137039003646327e-16
2.192024339819909048e-15
-8.218425939787720886e-17
8.725520306285261864e-16
6.689093723366568550e-17
4.218847493575594656e-16
-3.251288127614771043e-16
1.223465773136922608e-16
6.457057111219910258e-16
-4.807265696626927776e-17
2.142730437526552177e-17
-2.178257574314557095e-16
-2.975397705995419706e-17
1.154631945610162749e-17
1.061373211541649609e-16
-8.415490526658686655e-16
-2.089439732344544493e-16
-5.678790770957675941e-16
3.121947145245940006e-16
3.790301406070284591e-16
8.053557820630885055e-16
-1.070254995738650968e-15
5.306866057708248539e-16
-1.974864716203228483e-15
3.243294521837469909e-15
-1.549205208561943506e-15
-7.163158954881509951e-16
3.412159443882956307e-15
-1.235234137197949105e-15
3.678168880583143902e-15
-3.865796571744795303e-16
-2.772004847884090847e-15
2.924327446862662213e-16
1.065814103640150301e-17
2.459588088754571790e-15
-5.264455538167567201e-15
-7.165601445535685520e-15
-1.409805605590008722e-14
-5.124789481669722212e-16
6.890044090823721940e-16
-3.832489881006040725e-15
3.517852675827271008e-15
2.225108985953738915e-15
8.149037000748648849e-16
-4.495737115917108870e-15
2.626787676263120390e-15
2.511324481702104106e-16
-4.602984660095898914e-16
-6.003419983358071262e-15
-2.892797112963307986e-15
-7.806866264559175521e-15
-2.544853217045783888e-15
6.927791673660977049e-16
3.647526725103489210e-15
3.387956581946127503e-15
-8.496980896666173735e-15
1.863620369135787920e-15
1.908917468540494051e-15
2.209343819004061358e-15
2.588373959611089965e-15
3.712807838951448521e-15
-3.101296996987912397e-15
1.510125358095137961e-15
-4.581002244208320968e-15
1.553424056055519129e-15
-6.158185072990818690e-15
-1.228506185668720678e-14
-1.729061338551218779e-15
-2.897904138876583637e-15
8.391509709326783549e-15
-1.144861982993461357e-15
3.708144902248023057e-17
-7.169931315331723794e-15
-2.539524146527582935e-15
-1.000011184970617176e-14
1.760258605543185742e-15
5.628053578732305811e-15
-4.668820885456170497e-15
1.334821142506825674e-15
-4.395817043700844939e-15
2.837063917127124856e-15
-3.861799768856144390e-15
1.775579683283012891e-15
6.381228878638011888e-15
6.059819313009029511e-15
9.632405983950320181e-15
1.361355472795367000e-15
1.649902436895445207e-15
-3.993694264181613252e-15
1.868616372746600920e-15
4.319877788816484115e-16
-2.926658915214375229e-15
1.745714683920596166e-15
3.858358077479806538e-15
3.067435194736845154e-15
3.652744773319227906e-15
2.850719660330014405e-15
5.678790770957675941e-16
-8.732126133281781335e-15
3.941291737419305521e-17
5.991651619297045209e-15
-6.435629806844644779e-15
-4.346634163709950744e-15
-1.827427098533007760e-15
2.414513033954790567e-15
1.524447235112802431e-15
2.958855382928504674e-15
-7.008282842946300661e-15
-1.973088359363828033e-15
3.124167591295190568e-16
2.214339822614874751e-15
4.551914400963141421e-16
-4.350853011203525973e-15
1.018740647396043659e-15
4.432787470420862475e-15
5.047073869945961925e-16
2.718270053492233469e-15
2.234101792453202629e-15
4.961142607839974510e-15
3.079647648007721813e-15
5.143108161576037989e-15
-2.560396339390536143e-15
-4.110711770977104979e-15
-1.445499275831707700e-14
-1.000843852239086075e-14
6.459388579571622978e-15
5.253575352526240781e-15
2.158717649081154273e-15
9.865552819121604001e-15
1.679323347048011722e-15
2.553512956637860000e-18
-4.460432023734029131e-15
5.541900272021394080e-15
7.711165039836487608e-15
1.720956710471455092e-15
6.945999331264829386e-15
5.521361146065828431e-15
-2.440270208126094025e-16
-3.180122831736298211e-15
-2.317368519300089370e-15
4.696465438769337153e-15
1.220246126365509516e-15
9.335310302560628076e-15
4.768629935369972170e-15
7.314870931196537425e-15
1.263655846628353138e-15
5.005551528824980614e-15
5.935418823099780740e-15
-5.568101535402547452e-15
-7.417400027520671099e-15
-2.325639680833546837e-15
-9.791945032588954911e-15
-1.504679714159351677e-14
-3.035738327383796654e-15
-5.758615806428224434e-15
-7.651990152623966626e-15
-3.077760268865859107e-15
-1.826316875508382590e-17
5.492994947786655921e-15
1.649569369988057648e-15
-1.348032796499865011e-15
3.910760604242113874e-16
2.756683770144263501e-15
-8.744671653460045554e-16
2.140621013779764193e-15
-1.203481758693669674e-15
-5.192180019264469927e-15
6.560307852510050376e-15
2.920774733183861808e-15
5.296207916671846830e-15
-5.204170427930421283e-16
-3.054390074197499596e-15
-1.733613252952182060e-16
1.464328658329350293e-15
5.408062886402831383e-15
3.428535233496177066e-15
-3.938849246765130545e-15
-4.937716902020383477e-16
-2.043698543729988298e-15
-1.699695939549883393e-15
-7.451261829771738145e-16
4.715394741339195738e-15
-5.982825346251274880e-15
-8.552880625956049067e-15
1.028732654617670052e-15
2.457589687310246433e-15
3.461064768117694071e-15
-1.413313910347824323e-15
-5.177080986129567489e-15
-4.088118732425982450e-15
-3.499756040525880928e-15
-3.846867269174936521e-15
7.407408020299044311e-15
3.526956504629197373e-15
2.151168132513703448e-15
-1.021971396397702868e-14
1.013011896588977831e-14
-6.267042440555315206e-15
-6.279421427279885645e-15
-1.414979244884761924e-15
5.243028233792301920e-16
-4.122202579281974996e-15
-5.141831405097718485e-15
1.120881165661558053e-15
1.239564006993987331e-16
4.444111745272039501e-15
3.399502901402229437e-15
1.785183112446020399e-15
8.461786826785555465e-15
1.593392084942024702e-15
1.124772497362869269e-14
2.595812453876078532e-15
-6.376066341573505503e-15
-3.433198170199602900e-15
-7.419453940116227979e-15
7.266964807683961749e-16
-4.188427382700865463e-15
-1.902367152695205758e-16
7.698341963902067353e-15
-3.420319583113951122e-15
-2.816302746566634694e-15
9.988565530250070222e-15
6.471712055144962682e-15
8.654466032709251585e-15
-6.159295296015443625e-15
8.463119094415105704e-15
-6.295908239195569056e-15
-3.964717443238896357e-15
-2.095101869770132759e-15
6.461609025620873638e-15
6.548095399239172928e-15
2.093492046384426484e-15
7.886913344634649712e-15
5.390576873764985294e-15
7.519096456576335085e-15
7.872646978768216172e-15
4.879319170925100265e-15
7.071732088803628396e-15
3.259059688787147269e-16
-6.215972181422557911e-15
9.646367038484982711e-15
1.980388075750738583e-15
8.617051516779383443e-15
3.688382932409695204e-15
-4.081290860824538267e-15
1.304567565085790261e-15
-3.368971768225037396e-15
-2.402356091835145037e-15
2.092770401418420089e-16
-2.069039384267057484e-14
-7.460032591666277148e-15
-9.655415356135676765e-15
4.851813395490012416e-15
2.049610481336117087e-15
-1.536326621476291531e-15
-5.050126983263680498e-15
6.358996662569893469e-15
-1.074945688017692169e-15
1.530398030524793325e-14
-6.694644838489693623e-15
-5.341671549530247135e-15
-3.490541189421492305e-15
1.797451076868128433e-16
-1.222869028261186429e-14
-8.645084648151168394e-15
5.820344206597382848e-16
-3.787248292752564933e-15
1.454752984741958152e-15
1.031436047682632240e-14
1.296082685620092496e-14
3.544192717086502793e-15
2.158245804295688695e-15
1.402014615514701798e-14
-2.267491749918803900e-15
5.520361945343665752e-15
-3.193834086090418987e-16
-1.289052198316653649e-14
-4.011263543546305837e-15
8.619771563189715443e-15
2.354644257351878704e-15
-2.546823862914493484e-15
3.533229264718329483e-15
3.132327730526185383e-15
-7.653322420253516864e-15
-6.159350807166674359e-15
5.834749350341894405e-15
-3.481964716556262646e-15
7.783079736256582350e-15
-7.125966483556567113e-16
-5.489636523137164564e-15
-5.906192201976523569e-15
-6.681322162194192029e-15
9.262035582935368123e-15
-2.529199072398568982e-15
3.660460823340372510e-15
1.132643978607461506e-14
1.971867114036740446e-15
8.398615136684383768e-15
4.989675339572840800e-15
-8.725270506104720602e-15
8.483214131160821141e-16
1.046446262975564399e-14
1.579569808285441373e-15
-1.453703823983687340e-14
5.777461842271236523e-15
5.101780109484366417e-15
-1.011452033239379453e-14
-1.781380598586679225e-15
3.518824120973817925e-15
-1.007136041231149138e-14
5.566186400685069379e-15
-2.350536432160765732e-15
-1.039732189234143813e-14
-6.361910998009534221e-15
-1.069533350772644523e-15
-4.086952998250125992e-15
-5.882100362342157220e-16
2.956634936879254408e-15
-4.130334962937354444e-15
5.199035646441529871e-15
-9.351741603325081541e-15
1.318517517390205263e-14
-9.607009632262020735e-15
-1.503569491134726268e-14
-3.225197886536079533e-16
1.191180487580822973e-14
-8.887335312124377791e-15
9.145434409774112029e-15
1.174728370134658909e-14
1.517203029877123208e-15
-6.817282849347350615e-15
-7.412237490456163137e-15
-4.948819132266635594e-15
6.439834776550412522e-15
2.518540931362167569e-16
4.435798950375157997e-15
7.169348448243795171e-15
4.222025506983584156e-15
8.102296611411929828e-15
-1.677380456754917690e-15
-1.221539536189197846e-14
-5.799347113644159896e-15
1.880093303263663450e-15
-2.761804673845347032e-15
-1.306219021834920138e-14
-5.644026912499100395e-15
-2.856520575633680936e-15
-1.393607451660727771e-15
-1.655509063169802197e-15
3.418362815033049013e-15
1.102092028748557998e-14
-7.299202908761514639e-15
7.798720003115988586e-15
3.109054680372480643e-15
-1.034684837808441615e-14
1.100929070130263195e-14
2.398747867005113404e-15
1.995723031278373415e-15
-2.383163111296937507e-15
-5.914255196692863220e-15
-7.737949170305568815e-15
3.950173521616306782e-16
-2.439340396342970454e-15
-1.662057991236309674e-14
-4.097555628135296375e-15
2.552381916931523089e-15
-8.624378988741909754e-15
7.143230451589489083e-15
-1.231070800855604808e-15
4.870548409030561459e-15
-2.640859753100244388e-15
-3.640733547971563743e-15
-3.732777975606893624e-16
-2.345942884396379302e-15
5.814446146779062137e-16
3.685697580468882709e-15
7.401308732557510514e-15
8.187762967626355210e-15
-5.548832227031397565e-15
4.341867143597966396e-15
-1.207216271392752508e-14
-4.799709241165572937e-15
-1.219302436794578163e-15
-1.103936386748216550e-15
-3.791772451577912749e-15
1.727794296524365422e-14
-5.800637747910286887e-16
9.143692747404229901e-15
-8.212389102091321812e-15
-8.045480948126738313e-15
-2.830895240446551655e-15
-3.098382661548271250e-15
9.846949644565228444e-15
2.779998453661391883e-15
3.887990623896442148e-15
-6.245441663832451613e-15
5.673357617030916079e-15
8.983244703664184309e-15
-2.193430853614231074e-14
2.694417605697552372e-15
1.393415591244284658e-14
-1.130538718197016138e-14
-7.571478166656930995e-16
-5.599425437208261081e-15
7.361696321983580061e-15
-3.468413056761932005e-15
9.977779019676446701e-15
-1.777584329731851499e-14
3.656804026253013098e-15
1.164241619777683876e-14
-1.769319239730560242e-14
1.061011348224560944e-14
3.086444294586598757e-15
-1.202007243739089349e-15
-8.922048863602150409e-15
-8.925971073381333125e-15
-1.307225161450986600e-15
-9.803970135724427349e-15
-1.706364216591538328e-15
2.239093459255325592e-15
2.531678859607478156e-15
9.971910450157217491e-16
-1.681590630631113437e-15
-6.243575101372300531e-15
-8.941933998807272095e-15
-1.549794580862906632e-14
-1.479230800349728892e-15
1.368045260408123854e-14
-1.069717925350488469e-14
4.899922915330145803e-15
-2.283684526205309687e-15
7.943232877005713337e-15
1.350949560552372547e-14
3.183112627647144339e-15
-5.235159528105271022e-15
-2.156701206512678947e-14
-1.355282205905972161e-14
-5.439204642243566626e-15
-1.038067201641901281e-14
9.355214519723986238e-15
7.663262385770863211e-15
-4.944388648508990678e-15
-2.013246860887996009e-14
7.840648269530348140e-15
4.041655898845420255e-15
-2.680165117618926713e-15
-1.345841493805011098e-14
-1.742460342679663717e-15
-4.472928971654965570e-15
2.640589136237991700e-15
-7.077029934299261716e-15
1.546252709205830983e-15
-1.322608689235948936e-14
-4.058704761167320271e-15
1.704774515998153066e-14
1.528600163114290917e-15
-3.358143624287990232e-15
-8.470727591580740712e-15
2.164449869335172091e-14
-7.061094764448938507e-15
9.082047613961919561e-15
2.088374612130294824e-14
-5.697109450863990535e-15
7.889522368742518739e-18
6.526570950349252876e-15
-1.262434601301265551e-15
8.207226565026815428e-15
-8.392071759732999365e-15
-4.423267307984701955e-16
8.566716780400441065e-15
8.443905297195186550e-15
7.231604204349650685e-15
5.260361590764261716e-15
6.688344322824946541e-15
1.464381393923020043e-14
-1.030852486705313715e-14
-4.927495911299928038e-15
-8.060656309094582715e-15
2.758487882559279711e-15
-4.706159073553095886e-15
-5.027769867105291547e-15
2.121781916830656242e-15
8.218148384031564307e-15
6.780111194704119006e-15
1.382768899382824598e-15
-2.875565063842344812e-14
5.300135330621457944e-16
1.921176412400526973e-14
-2.610273108771821317e-16
8.832462539132280110e-15
4.148556498329014662e-15
1.807408389620235469e-15
8.740078105695658729e-15
6.154791953871807828e-15
-8.060205280990828366e-15
5.784026035904332944e-15
-1.658573278717767509e-14
1.000941690643131220e-14
6.223493942414392974e-16
2.397915199736644505e-15
-1.170882835133113463e-15
4.700823064140991189e-15
-5.957997983863094993e-15
1.249818998294571831e-14
3.829853101322556009e-15
3.200727183294560781e-14
5.928577073710528282e-15
8.348342850350576656e-15
