5.191477897177403881e-04
4.166308294070256721e-04
3.413620960177911594e-04
1.124567577547506926e-03
1.932671581676477122e-03
2.256018199748566905e-03
2.506458643360965667e-03
2.654795443417734113e-03
2.893034937551882974e-03
3.231019403322780027e-03
3.647108434897875125e-03
4.249580036597096211e-03
5.253675903451575889e-03
5.856414169066234861e-03
6.854178566267001005e-03
7.245511172175828768e-03
7.419927227953241125e-03
7.596683654024963435e-03
7.763775036493269013e-03
8.112841602327584486e-03
8.202697278713233162e-03
9.203468003112755952e-03
1.002449154154976159e-02
1.114540802380720001e-02
1.118065280759938246e-02
1.157567241098119912e-02
1.127036532785967785e-02
1.138355175581036265e-02
1.122099573854259090e-02
1.115068404722978010e-02
1.122223915539299031e-02
1.212332107575749170e-02
1.243413938870493833e-02
1.355013654933871076e-02
1.419151758880996504e-02
1.382449923308681772e-02
1.454598253566385946e-02
1.401824463357908418e-02
1.439151104740785982e-02
1.366955892731837145e-02
1.442833811373651041e-02
1.504348264650787886e-02
1.531581031235058898e-02
1.532675461174455751e-02
1.621542424217541425e-02
1.716919299723902725e-02
1.776905217169058929e-02
1.706662244066475126e-02
1.806252641252063459e-02
1.848805466987325091e-02
1.850100681256027640e-02
1.915323655783325585e-02
2.011537190601485683e-02
2.062976320043481346e-02
2.104565591937255717e-02
2.160049878698700604e-02
2.199023188475255144e-02
2.320843132972293110e-02
2.337739835699282828e-02
2.442179597413345754e-02
2.431767355913441384e-02
2.520361747636333874e-02
2.624606975555804009e-02
2.700550890881073945e-02
2.721587839488610189e-02
2.822099372217700200e-02
2.887060468015971090e-02
3.012543742465103452e-02
3.074507319639169581e-02
3.103320849065970347e-02
3.140525197862138046e-02
3.331443380863574610e-02
3.375771521322824126e-02
3.390097606103083250e-02
3.447202813490270884e-02
3.616567551135230901e-02
3.611676109368171239e-02
3.691716607093324665e-02
3.778296791832348733e-02
3.920277952691501172e-02
3.956427008154100172e-02
4.071856458788094407e-02
4.179434799324838190e-02
4.272934116121106241e-02
4.342934508688154477e-02
4.431885381605805974e-02
4.540170803771203384e-02
4.612169821154917665e-02
4.723973705971141329e-02
4.821781110742158483e-02
4.962186330749406710e-02
4.997131991005467067e-02
5.040208863591409683e-02
5.096607704116760951e-02
5.217619806040736663e-02
5.330603251192901626e-02
5.418292876032624467e-02
5.544727839475150494e-02
5.591864497548064417e-02
5.689625270132279977e-02
5.754357024377686203e-02
5.840361725049107722e-02
5.815557616447914607e-02
6.008885319676462999e-02
6.131774985603069550e-02
6.196758419657196620e-02
6.236013915416015185e-02
6.315999101551665607e-02
6.411544918877859489e-02
6.587924869491608437e-02
6.610602556517147788e-02
6.645196598384979503e-02
6.784289537765315903e-02
6.856199939375280661e-02
6.970612064083941961e-02
7.000633054587825088e-02
7.167818900877667709e-02
7.263620455401362253e-02
7.268864136934273523e-02
7.358145603034518811e-02
7.437738032053889392e-02
7.496903842095541115e-02
7.701295196133335630e-02
7.696535678872405695e-02
7.801195223115540978e-02
7.914756605345375784e-02
7.900005188686234914e-02
7.939011668198139859e-02
8.049558761109695815e-02
8.280881728788552776e-02
8.229124224022485445e-02
8.340402058725629453e-02
8.488548724305414184e-02
8.531206130520210817e-02
8.572777535717937547e-02
8.602039708531340756e-02
8.752268567123379361e-02
8.903433205222308078e-02
8.837977009472629264e-02
8.921384042280204596e-02
9.053966450036315949e-02
9.036219013341378892e-02
9.173260468413710345e-02
9.287556726960297104e-02
9.438787580219465401e-02
9.550039687784475650e-02
9.541908574306764979e-02
9.612864974983797994e-02
9.599549738911751506e-02
9.799240534084886767e-02
9.735387766769353080e-02
9.949556661402728097e-02
1.000497270734251598e-01
1.002206181933153750e-01
1.010986462787575313e-01
1.019783481412831899e-01
1.022130730492929324e-01
1.034782083806289055e-01
1.041624259476896242e-01
1.048658204576455033e-01
1.054382172996478073e-01
1.071025625920268148e-01
1.068213766029792317e-01
1.073226934241698904e-01
1.074374964718037423e-01
1.087891676332990304e-01
1.097886326175313426e-01
1.099753863470939730e-01
1.109400499355994718e-01
1.115143058359610723e-01
1.129264532877031907e-01
1.130576874470148041e-01
1.141855920905218702e-01
1.142958072238451778e-01
1.154147077582637904e-01
1.162202714960642175e-01
1.164520867933465376e-01
1.172279561466571945e-01
1.182157144169596885e-01
1.184050710828204317e-01
1.186407892332766029e-01
1.193639378412332114e-01
1.200310393518525531e-01
1.207065093744851408e-01
1.224581002759951576e-01
1.223460982725760454e-01
1.226244464565978270e-01
1.239089290411822669e-01
1.241604365178394231e-01
1.252278180521097239e-01
1.247749047047032045e-01
1.262122260047141287e-01
1.256987248998663598e-01
1.264922984918157023e-01
1.279360724957067652e-01
1.281152328413343033e-01
1.287749906041718850e-01
1.291205765420878060e-01
1.300391025143238788e-01
1.304225004526995135e-01
1.305075626059691851e-01
1.318696473669892510e-01
1.321498297234267594e-01
1.324263423680488716e-01
1.336300534132038587e-01
1.336830432179271777e-01
1.341107657482893678e-01
1.350791413831031740e-01
1.349431924178050579e-01
1.356669339842616895e-01
1.370898092986592987e-01
1.368228217329892082e-01
1.372144014596716755e-01
1.380528832570282749e-01
1.383571961488325452e-01
1.389053875393949922e-01
1.392939050167661397e-01
1.401454521789802510e-01
1.406979376768467682e-01
1.407042142371537075e-01
1.416127103591418579e-01
1.417342819567357359e-01
1.422979225323733610e-01
1.428443273689533055e-01
1.443178156452848693e-01
1.438720862657928146e-01
1.449491295512349287e-01
1.452778473775410140e-01
1.453143361195243233e-01
1.467633153475544627e-01
1.466418677542970783e-01
1.468947244872801650e-01
1.468826299340088848e-01
1.477863582542617849e-01
1.474438620777845099e-01
1.480653803162917392e-01
1.491892342586140230e-01
1.498401893119955253e-01
1.497358256677221167e-01
1.503063592315614094e-01
1.514453855364139567e-01
1.510892389298917615e-01
1.515113524667639766e-01
1.516183051949714089e-01
1.524752678943910311e-01
1.530382049380452081e-01
1.530684668931172887e-01
1.532458743236035925e-01
1.538795231696332422e-01
1.546994456010861163e-01
1.550501828580529429e-01
1.556942139932524782e-01
1.563160351840026940e-01
1.563977011107452186e-01
1.564198474644193371e-01
1.566566847488534142e-01
1.572004302478801629e-01
1.574589865511385745e-01
1.575691456855133343e-01
1.582355664927583005e-01
1.594242428478269413e-01
1.596546542948168168e-01
1.598764511648642639e-01
1.593831476736037867e-01
1.596943721436857311e-01
1.603761423488390958e-01
1.608532919279633822e-01
1.613688241028988224e-01
1.619243687511281726e-01
1.617204517884934245e-01
1.629214918608175022e-01
1.624307813934218192e-01
1.631570062609125626e-01
1.633106591757926829e-01
1.634192706284411933e-01
1.651176119711721124e-01
1.645128134565120304e-01
1.644364078345832703e-01
1.652417846957309200e-01
1.652084570157675569e-01
1.654167234959019739e-01
1.657294124776812760e-01
1.657606174651397868e-01
1.662046408648024942e-01
1.665168526163874896e-01
1.668450329656353259e-01
1.680770398644288177e-01
1.674052462466372737e-01
1.682545313633094786e-01
1.690962351727456070e-01
1.683396822506681711e-01
1.689797850441475680e-01
1.696467576669801192e-01
1.695338745175373196e-01
1.699391739872661289e-01
1.695888674830720588e-01
1.703987479509796732e-01
1.708796892156353164e-01
1.711358960131727502e-01
1.711430628479032323e-01
1.717256743560603982e-01
1.718546857388588978e-01
1.719089152047061919e-01
1.720660529982542541e-01
1.725270019112064290e-01
1.728075867889177775e-01
1.731405196124717327e-01
1.730359463985752799e-01
1.735699291131175270e-01
1.739817640718112346e-01
1.743012675853231885e-01
1.737362018407353492e-01
1.745069396222668767e-01
1.747188740598276113e-01
1.750114504446954877e-01
1.756983461665883872e-01
1.763544390860734279e-01
1.759284123305048797e-01
1.759396080307200350e-01
1.761926293995164927e-01
1.772857915207202706e-01
1.772733098863853163e-01
1.769249169595029925e-01
1.773432307176487643e-01
1.777909167514241939e-01
1.776971907321772126e-01
1.781891559890632082e-01
1.778446273898620367e-01
1.783217615727176741e-01
1.787649182974507533e-01
1.784181838708651102e-01
1.789956288583979815e-01
1.791424169709927294e-01
1.796462417828182112e-01
1.799125826008912687e-01
1.801011163324182929e-01
1.796957128897923028e-01
1.802076449499974975e-01
1.806894704744867186e-01
1.808216850854483249e-01
1.806497954514116877e-01
1.809891941537883908e-01
1.810693145649830416e-01
1.818321312377399745e-01
1.820091186950282547e-01
1.819082106932347898e-01
1.824578358569297065e-01
1.823429953220226107e-01
1.825682830597964157e-01
1.820355141151580869e-01
1.828937020909584821e-01
1.831609671019055197e-01
1.830545470402083763e-01
1.834065532903532414e-01
1.832291392769034299e-01
1.831968475677606123e-01
1.840579766053786204e-01
1.839313882630465580e-01
1.843931770562680650e-01
1.838024320185376870e-01
1.846671579405466113e-01
1.846254572257067794e-01
1.852912514238931052e-01
1.852852156069138001e-01
1.855515864230983247e-01
1.852997907057697402e-01
1.854319897318257582e-01
1.857984699610658597e-01
1.860877988725419541e-01
1.866303437579892865e-01
1.865018585879175128e-01
1.868702809255465835e-01
1.865428133208745787e-01
1.870798761454627590e-01
1.867900349437333352e-01
1.877779151096174992e-01
1.875019310276780093e-01
1.875700099583991198e-01
1.876589515860829505e-01
1.876622740641623877e-01
1.879027080866890187e-01
1.883392734498888499e-01
1.884941738746583606e-01
1.885038762792831113e-01
1.884100309867354217e-01
1.885150307255599733e-01
1.887190227527475728e-01
1.891122563745896989e-01
1.894381685729477904e-01
1.895441573915702393e-01
1.893979119849501513e-01
1.896621295896316894e-01
1.896158259864469120e-01
1.896537838236261875e-01
1.896833067327656774e-01
1.902063006677705559e-01
1.898979383518935304e-01
1.902986303823794578e-01
1.907033139232520436e-01
1.907741244462245744e-01
1.905912914291484628e-01
1.910236330758401935e-01
1.911301777730742835e-01
1.911867773014321592e-01
1.916715321906722613e-01
1.916803879048834536e-01
1.917318642124815897e-01
1.920256229257404912e-01
1.922210862675280130e-01
1.920897180706855334e-01
1.917632053247702306e-01
1.922765077689420343e-01
1.923678192468454284e-01
1.921609259252297086e-01
1.923903128272086427e-01
1.926492035421943083e-01
1.927582728671348999e-01
1.930860021259065973e-01
1.930236209152829674e-01
1.935701289195568831e-01
1.935464013562431251e-01
1.935167200916015073e-01
1.935587352078974865e-01
1.937289705309896137e-01
1.937620179496372386e-01
1.940164532413275467e-01
1.941478249471796647e-01
1.947683602594159902e-01
1.942186379323349588e-01
1.948220204034304126e-01
1.948807746925530215e-01
1.948258393819895240e-01
1.947203705699324106e-01
1.949328673424770564e-01
1.949537395083532354e-01
1.953045977213100082e-01
1.953655562489748088e-01
1.953597777736553187e-01
1.955424000594382927e-01
1.955264321260110350e-01
1.957372256195482885e-01
1.958422599108709528e-01
1.959375246352977884e-01
1.963948839064651453e-01
1.963193351574293311e-01
1.965507288441691591e-01
1.962941370925602447e-01
1.965435650574699489e-01
1.960798999664344344e-01
1.959910130850358867e-01
1.965817573847357946e-01
1.970180430276333716e-01
1.967483211160095113e-01
1.969292178543043392e-01
1.970269435582826800e-01
1.972667010172027280e-01
1.973430417582102137e-01
1.971309176454145162e-01
1.975643462412184359e-01
1.978966602608119851e-01
1.977281146873807738e-01
1.973522701889033892e-01
1.981416712540967073e-01
1.981742120136725516e-01
1.981707647294324581e-01
1.976734617738541699e-01
1.980421673154232620e-01
1.981581701733878542e-01
1.982240840093760226e-01
1.982656300331445409e-01
1.980691477694837555e-01
1.979907708264836974e-01
1.985368184917946088e-01
1.987285855632433540e-01
1.986438101266624623e-01
1.990620942934584470e-01
1.991670160379265531e-01
1.988636139958520344e-01
1.991692944534541321e-01
1.991200076473971514e-01
1.992211923267142859e-01
1.997011181138527158e-01
1.993811311926795560e-01
1.993079255773308744e-01
1.996404186059689001e-01
1.995592230614933460e-01
1.994730566749854939e-01
1.994717423333876583e-01
1.998154868370675685e-01
2.000863980306691325e-01
1.998441091867890207e-01
2.001151761564100018e-01
2.000111366511406197e-01
1.999405993477641197e-01
2.003696168850634396e-01
1.998538030584574299e-01
2.002238862589584001e-01
2.001135976198443744e-01
1.999236510309806703e-01
2.001357006335285627e-01
2.002709004490648703e-01
2.003181087883473266e-01
2.002776379838650811e-01
2.004077360426864685e-01
2.009108035867785969e-01
2.006264661010871697e-01
2.005066739858581415e-01
2.008449632222787107e-01
2.008219247143400443e-01
2.002977942536348366e-01
2.005187238540669936e-01
2.005256847128127351e-01
