8.316065094892099692e-05
-6.020793333265287740e-03
-7.619627066988259902e-03
-7.772998453183933669e-03
-9.466088721695879379e-03
-1.092567609916544023e-02
-1.505409272302670257e-02
-1.596236992995380202e-02
-1.545256730102826347e-02
-1.264422744016405024e-02
-8.798552939075025489e-03
-1.389578652226873892e-02
-1.090819177785767348e-02
-3.196695283593074637e-03
-5.538243710924268225e-03
2.726349852826693686e-03
1.096119178370596678e-02
2.590209083807653093e-03
4.034597083122300719e-03
1.379412393088142764e-02
2.163239459614225632e-02
2.944858954072841414e-02
4.345324554354558499e-02
5.654052791628501329e-02
4.412528246322722225e-02
5.442923382689764805e-02
7.514460428885223753e-02
7.558437871830434029e-02
9.758292581254664200e-02
1.004606280490986381e-01
1.096041719152073407e-01
1.130871713987529059e-01
1.285724221641597054e-01
1.276541345831549434e-01
1.531791964691196495e-01
1.674357209187291584e-01
1.783898671016085347e-01
1.962343245407779380e-01
2.029169706717446897e-01
2.030740343298067518e-01
2.242408404231509000e-01
2.316824956031004745e-01
2.423372729400457282e-01
2.535322549660463110e-01
2.616344201634562827e-01
2.779733089241007149e-01
2.904900406313101757e-01
3.021307731627989046e-01
3.129581872387356412e-01
3.342492513068880955e-01
3.390135918847095864e-01
3.491190332031307575e-01
3.669418187625874128e-01
3.665368921520050227e-01
3.812051063945292029e-01
4.038793008086202785e-01
4.189977250163026690e-01
4.337212237691218109e-01
4.448793525741683852e-01
4.495832515071817026e-01
4.626582967445926342e-01
4.725219460553277684e-01
4.927157348898730249e-01
4.974247410707873795e-01
5.132912902975771408e-01
5.291383910178343308e-01
5.345682487911377345e-01
5.461978845981527719e-01
5.598807771486873364e-01
5.697982715485185867e-01
5.769483535980545197e-01
5.987197510337884943e-01
6.108817413908415039e-01
6.114252725252019571e-01
6.358464030789613419e-01
6.440131822312056276e-01
6.568956671386593227e-01
6.649828516424101110e-01
6.745709501323755575e-01
6.848635806242410196e-01
7.002123639185539039e-01
7.114509697819765277e-01
7.226318417561178320e-01
7.393777893604970286e-01
7.486602197816701887e-01
7.631198987427466607e-01
7.743773023982807313e-01
7.833378428635386914e-01
7.955300426628444388e-01
8.039052150104488703e-01
8.171051269874340939e-01
8.320500862198226821e-01
8.438014728388067986e-01
8.495016032584654653e-01
8.621988413145189600e-01
8.716476155764288913e-01
8.799046032353168290e-01
8.938417268532685700e-01
9.022310169343574771e-01
9.183225799606217210e-01
9.339195455672412161e-01
9.399162876249526066e-01
9.498745590483423928e-01
9.616662888466855907e-01
9.730664254181407014e-01
9.760308088594654707e-01
9.892535371338242456e-01
1.002921761202261397e+00
1.014855997414553679e+00
1.025590053032463533e+00
1.030360721489401943e+00
1.040680584366994621e+00
1.050555880956077548e+00
1.062442948015286159e+00
1.071797006795705665e+00
1.082167007374286172e+00
1.095314436528632029e+00
1.105064718886575204e+00
1.113386214694715992e+00
1.122083597062948579e+00
1.130859229026958790e+00
1.139652658288002884e+00
1.156308934204870909e+00
1.160562637862133872e+00
1.170385423799568336e+00
1.181158944930348120e+00
1.188358240109576913e+00
1.198293746032327078e+00
1.209240907331221360e+00
1.218434604058943771e+00
1.228791513329575924e+00
1.238039789771321120e+00
1.244250602111371728e+00
1.254868564091500494e+00
1.262510511063167362e+00
1.273489486353640787e+00
1.281204548368160667e+00
1.291642695263480523e+00
1.299985826970563974e+00
1.308608319219216165e+00
1.316496917236533282e+00
1.325612844804593404e+00
1.335409609090669747e+00
1.346141417282446628e+00
1.351921851245586614e+00
1.362077611573347280e+00
1.369510413492972090e+00
1.376035048796351079e+00
1.384809686587262778e+00
1.393497047174108605e+00
1.400621491533735830e+00
1.409049874230368760e+00
1.419799872765512117e+00
1.427526629755413667e+00
1.434674203365176037e+00
1.442605648394259532e+00
1.449639336464942918e+00
1.457683596006265958e+00
1.468677841279036667e+00
1.475946275462108437e+00
1.483994781569843546e+00
1.491752508931735832e+00
1.497183656503195071e+00
1.504133432588666830e+00
1.510267996541245550e+00
1.519782250242209365e+00
1.530112123153594794e+00
1.537758327743361741e+00
1.546192977963521065e+00
1.552018380254071461e+00
1.558791935355301028e+00
1.565948203211765533e+00
1.574302216879078564e+00
1.581978747673209451e+00
1.588900694339402397e+00
1.596480265142078192e+00
1.602839652563540884e+00
1.610970095358672749e+00
1.618595433364050873e+00
1.626343850893396725e+00
1.631778788776417688e+00
1.638213200255541180e+00
1.645435092591701176e+00
1.653336061571883953e+00
1.659744487868170859e+00
1.665758947134606149e+00
1.673414420180758810e+00
1.680008349003883072e+00
1.687295988345528075e+00
1.691798534563630163e+00
1.700940529011986113e+00
1.707676062693094687e+00
1.712673228175355167e+00
1.721420194782108171e+00
1.727707497652932300e+00
1.732877419537864006e+00
1.740315418201791031e+00
1.745599311280215060e+00
1.753223764715520439e+00
1.757138637633109957e+00
1.765724239438733578e+00
1.772099204881893986e+00
1.776357454551097170e+00
1.783735236742441943e+00
1.789702572701603378e+00
1.796507180920830393e+00
1.803791712546622517e+00
1.811926163339910412e+00
1.816076976849950064e+00
1.821302270232914022e+00
1.826823902995675653e+00
1.832069543037395443e+00
1.839754788944694353e+00
1.844443374634464838e+00
1.850303843439250251e+00
1.857436930971641642e+00
1.862491945215038802e+00
1.868696034777332926e+00
1.874651688799039428e+00
1.878734672316912491e+00
1.883708385108774808e+00
1.891045875957445555e+00
1.896299778556973736e+00
1.900701993884571728e+00
1.906781853479268651e+00
1.912546148682517044e+00
1.915619980429956959e+00
1.922902613767477842e+00
1.929881726392857821e+00
1.935360737864945557e+00
1.940847531533681058e+00
1.945624270631666208e+00
1.951030322192081945e+00
1.955635474035797960e+00
1.961981895914833185e+00
1.966812488974089446e+00
1.970515681302026589e+00
1.976535071142205613e+00
1.983336954764286286e+00
1.988692636800107438e+00
1.991494383674358604e+00
1.997034535374400566e+00
2.004436367684978126e+00
2.007329778864618053e+00
2.011825584208930984e+00
2.017594265041386059e+00
2.022856528834713785e+00
2.026939319062360134e+00
2.032380358266421716e+00
2.037654868903216343e+00
2.042714415195960420e+00
2.047799755945692635e+00
2.052540987168827602e+00
2.056695306028173853e+00
2.060859057352217416e+00
2.066994802076661752e+00
2.071302199244351883e+00
2.075886772527594015e+00
2.080005979012645945e+00
2.085586869292535006e+00
2.089882788820649928e+00
2.094021530729187397e+00
2.099878273820730890e+00
2.104896496267326889e+00
2.107305123670284441e+00
2.111542569444095019e+00
2.118194328979506214e+00
2.121188180582848748e+00
2.126036712231885950e+00
2.130607210518210337e+00
2.134765692579803531e+00
2.139925252750091822e+00
2.143926525507516612e+00
2.148064760612808044e+00
2.152917061854547676e+00
2.157342069421301911e+00
2.161417226347229992e+00
2.165479460884571328e+00
2.170051969983844753e+00
2.173548580307208322e+00
2.178108047576828632e+00
2.182103282822938528e+00
2.185809482793932723e+00
2.190421345619101956e+00
2.194732218602283069e+00
2.198476576758964018e+00
2.202701299676004254e+00
2.207186228491626601e+00
2.210855659939996887e+00
2.214662517521128304e+00
2.218463485158415516e+00
2.223211485941273935e+00
2.227476378766257259e+00
2.231182774132826285e+00
2.234503801673435763e+00
2.238324337019511390e+00
2.242492702914333336e+00
2.246646918429649364e+00
2.250051085997823108e+00
2.253492604182564474e+00
2.258959086019014073e+00
2.262034164288148741e+00
2.264590616071833651e+00
2.269775389779602470e+00
2.273185776011668047e+00
2.276855669093992063e+00
2.280983397211868269e+00
2.284620160181373816e+00
2.287929426919731224e+00
2.291629803050462932e+00
2.295451878266699275e+00
2.299105970174723623e+00
2.302793526181643458e+00
2.306260804754394655e+00
2.309554895026316501e+00
2.313020943182725553e+00
2.316924824867819144e+00
2.320771545833436367e+00
2.323562747470578671e+00
2.326780323977156506e+00
2.330785003157297197e+00
2.334737655879022711e+00
2.338039446586171355e+00
2.341427843163240041e+00
2.344451093456724422e+00
2.348025303131214603e+00
2.351331289571190197e+00
2.354883633921827091e+00
2.358464062721152388e+00
2.361616964468592705e+00
2.364785562349140058e+00
2.368123897229491792e+00
2.371505097675612017e+00
2.374982131964541221e+00
2.377993729348816920e+00
2.381345101269774833e+00
2.384961546355650164e+00
2.388342858717834805e+00
2.391140113301832404e+00
2.394028127698473618e+00
2.397645092499381736e+00
2.400896543983613185e+00
2.403208521025606892e+00
2.406298706570778378e+00
2.410090408419514940e+00
2.413160637125711716e+00
2.415770410556647096e+00
2.419296226648656845e+00
2.422959411311820688e+00
2.425461356002709845e+00
2.428393516129033092e+00
2.431351022815208207e+00
2.434322828700751007e+00
2.437683199108854559e+00
2.441009533641685714e+00
2.444262191441795906e+00
2.447141844775659880e+00
2.449688065992867259e+00
2.452097066733304853e+00
2.455305620655772181e+00
2.458537360635857372e+00
2.460838274648313728e+00
2.463530012000892722e+00
2.467232599539050053e+00
2.470578757049715524e+00
2.473024475661188326e+00
2.475624223733432494e+00
2.478140921371967842e+00
2.481166169584550829e+00
2.483990492984203602e+00
2.486820901558145724e+00
2.489599996236921964e+00
2.492264005835532537e+00
2.495221987355515925e+00
2.498423828119351153e+00
2.500948172594040120e+00
2.503608541784386521e+00
2.506505342745045883e+00
2.509439520634774823e+00
2.511753028046577629e+00
2.514477764326457976e+00
2.517299312501975361e+00
2.520045475796847345e+00
2.522392941123247745e+00
2.525399926237680059e+00
2.528449325840092410e+00
2.531115555364613190e+00
2.533111499179274695e+00
2.536055385068448853e+00
2.538731093975074682e+00
2.541301599975970049e+00
2.543274923658162656e+00
2.545645122742068001e+00
2.548314142213520928e+00
2.551220543826476561e+00
2.553979626989103746e+00
2.556409429114685938e+00
2.558598961563093965e+00
2.561137635004495205e+00
2.563880052809037302e+00
2.566185737493929420e+00
2.568647871737972821e+00
2.571113688015833620e+00
2.573800606793838153e+00
2.576305835489359097e+00
2.578743299986633986e+00
2.580902250226677186e+00
2.583417890388018723e+00
2.586315900297591508e+00
2.589049524447122330e+00
2.591456956360763897e+00
2.593237483070212068e+00
2.595381578127623268e+00
2.597772626720221467e+00
2.600361149964171226e+00
2.603099163185508047e+00
2.605318682072151226e+00
2.607684983009187274e+00
2.610557673830939507e+00
2.612893051144230316e+00
2.614984845536628910e+00
2.617126746565487050e+00
2.619363847304694737e+00
2.621764799971378235e+00
2.624213964703925317e+00
2.626335350298894422e+00
2.628538875343309211e+00
2.630469857226892305e+00
2.633108093273506700e+00
2.635482268043789933e+00
2.637524043320178091e+00
2.639666081293395195e+00
2.641857255610733368e+00
2.644103928170657536e+00
2.646300053056237722e+00
2.648808198962262050e+00
2.650705782596979976e+00
2.652597861599713003e+00
2.654921163698715780e+00
2.657431983017469079e+00
2.659861904915473918e+00
2.661793705201824345e+00
2.663954878956686478e+00
2.665873156294685131e+00
2.667953677773460264e+00
2.670004883268768836e+00
2.672351015229486038e+00
2.674464495459331737e+00
2.676452747767844809e+00
2.678728888411423092e+00
2.680905063450197634e+00
2.682908825419804799e+00
2.684685776882195452e+00
2.686795143609882253e+00
2.689267592068993018e+00
2.691414868428148477e+00
2.693605419639337750e+00
2.695571347324694056e+00
2.697241356442127369e+00
2.699250094752593476e+00
2.700995069944086779e+00
2.703374037998710566e+00
2.705611679319147811e+00
2.707596931956169239e+00
2.709768786720744949e+00
2.711463246420616979e+00
2.713422791951357382e+00
2.715409119149665429e+00
2.717423717012991791e+00
2.719128954031957424e+00
2.721048141983989144e+00
2.723163196284662746e+00
2.724857467277543410e+00
2.726793495984520366e+00
2.729018600061531075e+00
2.731044316495088609e+00
2.732760157633461695e+00
2.735055314149270611e+00
2.736583374136019930e+00
2.738631916099002250e+00
2.740519025514243534e+00
2.742423808176269517e+00
2.744092913525022048e+00
2.746263730470158926e+00
2.748303835987078614e+00
2.750008346596375386e+00
2.751866777872905345e+00
2.753698224122440585e+00
2.755509839263686533e+00
2.757398806654237866e+00
2.759242311714593221e+00
2.760859773343981249e+00
2.762829011252373235e+00
2.764626917502675862e+00
2.766676576016500189e+00
2.768491800502355549e+00
2.770326084242837883e+00
2.772011973297741960e+00
2.773816550078098686e+00
2.775813406624297208e+00
2.777516375209763133e+00
2.779311262969067720e+00
2.781098691629810826e+00
2.782670504508968357e+00
2.784678664574900875e+00
2.786383801850168762e+00
2.788317870371929352e+00
2.789894620809647119e+00
2.791574217887060616e+00
2.793488575291476206e+00
2.794930135625486756e+00
2.796791374651807160e+00
