1.404499602593446087e-03
6.817446271434150773e-04
1.616268528836890643e-03
3.311966756861792378e-03
5.269150673062358674e-03
6.962137287780223449e-03
8.656871180153095577e-03
9.992638573724106285e-03
1.219375044384896252e-02
1.393688489856158459e-02
1.565468900116588971e-02
1.730843882389340380e-02
2.008612241470821014e-02
2.109005417723157014e-02
2.376251076861150141e-02
2.483586237720145085e-02
2.558863236687421508e-02
2.682108267299273749e-02
2.771838852611520354e-02
2.873060168856562610e-02
2.865454096499987433e-02
3.070165204777598744e-02
3.189477626289915352e-02
3.481126720339082492e-02
3.519738688533024379e-02
3.558608570619309353e-02
3.555609764765980951e-02
3.600166099311304102e-02
3.515567567840267166e-02
3.494452885758314586e-02
3.590326885197550610e-02
3.655329623220201357e-02
3.754470187539658138e-02
3.846348715295853232e-02
3.930939778054657469e-02
3.971889875911988749e-02
4.064655161349203794e-02
4.053418146951012074e-02
4.067543638224829089e-02
4.136728620908566856e-02
4.219319490850780702e-02
4.190630518358503392e-02
4.259038075366104042e-02
4.327203261432614051e-02
4.390620647456867226e-02
4.561363942208712663e-02
4.593337296255596558e-02
4.671001775768366532e-02
4.720959007204811320e-02
4.803320275328650663e-02
4.887888365161148496e-02
5.026757922295415487e-02
5.069595247664177712e-02
5.118847276880939684e-02
5.141060319978206505e-02
5.308751928285542626e-02
5.447847004848151153e-02
5.423356825424677230e-02
5.618970206070613566e-02
5.646673806757684239e-02
5.770762106815562065e-02
5.953648236234284491e-02
5.889819852470157963e-02
6.018661236771102180e-02
6.107747809932521921e-02
6.170067880451039072e-02
6.303392324832853000e-02
6.320383637694179657e-02
6.346494682025584366e-02
6.565910440656679004e-02
6.596564634485437006e-02
6.625310971229425583e-02
6.867860824590199531e-02
6.979623907745990952e-02
6.976074334509770047e-02
6.977802037389609080e-02
7.249631617538271344e-02
7.161282246446853961e-02
7.361632440962508073e-02
7.388358682216991657e-02
7.401955389140890684e-02
7.521598597667723818e-02
7.483581448711291995e-02
7.580080235869983418e-02
7.789338491665172282e-02
7.754084704320292343e-02
7.716748232652960449e-02
7.973310940980814221e-02
7.948321711179628934e-02
8.056358211466752017e-02
8.054711061894516411e-02
8.141826014240609311e-02
8.201220037243756034e-02
8.269233285882443552e-02
8.397446224641053059e-02
8.425801185010120542e-02
8.426915162397136116e-02
8.505328610450627047e-02
8.568962253416197161e-02
8.527123372395965795e-02
8.585257812155688839e-02
8.709850485711970181e-02
8.836307012805706684e-02
8.660715728311757511e-02
8.760147207381371870e-02
8.935530449304474043e-02
8.908796811123138870e-02
8.860826898311777167e-02
9.007468339997615203e-02
9.025924159678214154e-02
9.006148601521311858e-02
9.108169845963658140e-02
9.145932418704658118e-02
9.122096619661813899e-02
9.151610724536625441e-02
9.241292949178130101e-02
9.169280077211272584e-02
9.287082508804739289e-02
9.248211092317695781e-02
9.348987974531139389e-02
9.360532052025526129e-02
9.445251553761066510e-02
9.186830210731955493e-02
9.417024275309347769e-02
9.387160759312974945e-02
9.409693903158286576e-02
9.486887157968604267e-02
9.452683634002805035e-02
9.549835163473667510e-02
9.668496634600155792e-02
9.465729050195546834e-02
9.492760334342496831e-02
9.648253509149082308e-02
9.557348676127551401e-02
9.631372842198385187e-02
9.555899619455567040e-02
9.568452570282033609e-02
9.699693599633843477e-02
9.704119699978991376e-02
9.630270694006462517e-02
9.676679231042403795e-02
9.668694847228814782e-02
9.750391606162714386e-02
9.628197186672879382e-02
9.668719543003394257e-02
9.757650547984073053e-02
9.774260245499107047e-02
9.640194652612416037e-02
9.721753985925365993e-02
9.680090849053794855e-02
9.754977142014940872e-02
9.600660203235522605e-02
9.649908215754202101e-02
9.713400465662923311e-02
9.765437633718908328e-02
9.736166614334022806e-02
9.735390176901874415e-02
9.743287479114540184e-02
9.769604541060586400e-02
9.679634117039068175e-02
9.733961249319116049e-02
9.692413059551847898e-02
9.639919284046828685e-02
9.719176497847688279e-02
9.710465226500271385e-02
9.710019875064733463e-02
9.707761709340080591e-02
9.748156137165953083e-02
9.659303103530457457e-02
9.709664172046894581e-02
9.694940388944074672e-02
9.725189428298051941e-02
9.611382145988422998e-02
9.638627241828046088e-02
9.605052244367362491e-02
9.660913658702313667e-02
9.665458070444948868e-02
9.595495513898207041e-02
9.585962063293575197e-02
9.648325994174938858e-02
9.603916346979052276e-02
9.623451744494945781e-02
9.609919300895233829e-02
9.601557414813516322e-02
9.556409612470545545e-02
9.567687164394457489e-02
9.566472027076458606e-02
9.548077331244972377e-02
9.543869313742837923e-02
9.593089291083627124e-02
9.584978768128538107e-02
9.533873687753345594e-02
9.502828282078441824e-02
9.509332173943951805e-02
9.449434966654916834e-02
9.538949484774783549e-02
9.528977699485395580e-02
9.490928261135990474e-02
9.448535975903363249e-02
9.528551147184216585e-02
9.496883685755598548e-02
9.441747974017720979e-02
9.438013726906573087e-02
9.448448703660146386e-02
9.463897854950788224e-02
9.442150383293018701e-02
9.456669779449181079e-02
9.400312134370471251e-02
9.399678704896347048e-02
9.400388347422508617e-02
9.435666098884773478e-02
9.399666769371627095e-02
9.430691342392000243e-02
9.427278875017412740e-02
9.398694170729886277e-02
9.434660149618456781e-02
9.391904070667146665e-02
9.410743804398685741e-02
9.397075762842507785e-02
9.402787566262003904e-02
9.381603593041486222e-02
9.343046674517174743e-02
9.396296028009019918e-02
9.391576373339231842e-02
9.430955632406110012e-02
9.384907018337325380e-02
9.427002069582353372e-02
9.372089889888839120e-02
9.393740251952510667e-02
9.375691171980216065e-02
9.345760922251079850e-02
9.351119372530504459e-02
9.334669875582977949e-02
9.356633599669927914e-02
9.429662920151887784e-02
9.405560318261912967e-02
9.402095285605170660e-02
9.410029471658357125e-02
9.401420606741624220e-02
9.429562240687978936e-02
9.396747154876099184e-02
9.424441344546241606e-02
9.398690710302037843e-02
9.385580679370196522e-02
9.358760954223580009e-02
9.336923285838399922e-02
9.432520139283240290e-02
9.438225034467000174e-02
9.392887114924325376e-02
9.428028431866543324e-02
9.459030675888123463e-02
9.446404558774976201e-02
9.437175851394991044e-02
9.414396568586436143e-02
9.460142353185772846e-02
9.447869717636078746e-02
9.500935678942035167e-02
9.448837237983598314e-02
9.494994940283253693e-02
9.474066027865053752e-02
9.490648207544739867e-02
9.545350638973257307e-02
9.503184133869137240e-02
9.520809781645561687e-02
9.550002042543688507e-02
9.549856558389868688e-02
9.524361516669063721e-02
9.572001615362674132e-02
9.563093621129274691e-02
9.596477392195082445e-02
9.614461755079908856e-02
9.622755035654803613e-02
9.618270331992120892e-02
9.643797657066095763e-02
9.673420714676067567e-02
9.656400993762567775e-02
9.686233161800970881e-02
9.662888667893747285e-02
9.703854042273593605e-02
9.730725117144436997e-02
9.720127401520926858e-02
9.780406008883253677e-02
9.764260377692969561e-02
9.775714584774478078e-02
9.757538516843550225e-02
9.819712714442073442e-02
9.813816864593277733e-02
9.850390042587328643e-02
9.854750788209133694e-02
9.893014958038721940e-02
9.898749678310192479e-02
9.861024503335467928e-02
9.924777195856739065e-02
9.905036300009831263e-02
9.980176296906623223e-02
9.964946285766165812e-02
1.000459226541509650e-01
9.996106814738776880e-02
1.003259471893457877e-01
1.007036362121364603e-01
1.004979070490229914e-01
1.010556243760926121e-01
1.009122723502374613e-01
1.012214559794404334e-01
1.014183850089211414e-01
1.014320940611712213e-01
1.017567250640601662e-01
1.017094296457796143e-01
1.020248284494078561e-01
1.024437305676424159e-01
1.025306808590047553e-01
1.028021418662298653e-01
1.029690243086955753e-01
1.030560985823468501e-01
1.032389459535745790e-01
1.037397326772440675e-01
1.039176104393779027e-01
1.040105202379389970e-01
1.041463422062089417e-01
1.045967972058965550e-01
1.048806055377048546e-01
1.048090280782074113e-01
1.050549015048185264e-01
1.055251849482006232e-01
1.055244592510589108e-01
1.056624600194273900e-01
1.059797076598501808e-01
1.062341051876303372e-01
1.061282075304764011e-01
1.068933873869583467e-01
1.070056372545163254e-01
1.070247463312072322e-01
1.072504662679943099e-01
1.073931591936051755e-01
1.078782178975786071e-01
1.079580097646626741e-01
1.079742994911213616e-01
1.086450238088846332e-01
1.087548702009818596e-01
1.088979792580238720e-01
1.092285462934889512e-01
1.093832148279942212e-01
1.094521652010992802e-01
1.097023601652383773e-01
1.100389554987214191e-01
1.104591173872470355e-01
1.107884350330327616e-01
1.109089846197681556e-01
1.112602703419649369e-01
1.112890386879222537e-01
1.113406767487450100e-01
1.113890211003813469e-01
1.118882269551792347e-01
1.123420610429412547e-01
1.122378469914380034e-01
1.127784350033188832e-01
1.132451978826442412e-01
1.134370595780366947e-01
1.133715188636309074e-01
1.134210122876390531e-01
1.139283833600578111e-01
1.141610310363285058e-01
1.142356016622751436e-01
1.147796700942092102e-01
1.152004798963798399e-01
1.154760958583398583e-01
1.156132478497811228e-01
1.157594284033748727e-01
1.159200657496203823e-01
1.162295677928546905e-01
1.163489612836480641e-01
1.167430741467492261e-01
1.168483867717108327e-01
1.171845891532461575e-01
1.173991584427795665e-01
1.176147828725383482e-01
1.178221288656895599e-01
1.179832652151169142e-01
1.183176772701835106e-01
1.183088715748104175e-01
1.186916698605565007e-01
1.190883729358901272e-01
1.193521972557129163e-01
1.196344235477212886e-01
1.195915158142351886e-01
1.199466914151282038e-01
1.202196944306937187e-01
1.205029639597153951e-01
1.207883490244126279e-01
1.208760519791010346e-01
1.212714424955167458e-01
1.214470176349834313e-01
1.216046675228912022e-01
1.220028857654743143e-01
1.221621686004093210e-01
1.227463029987952842e-01
1.228450666707459477e-01
1.228610528512151245e-01
1.232074450400428844e-01
1.233335235949356984e-01
1.239315460722950485e-01
1.240493049715929996e-01
1.240423317075727005e-01
1.242331308375378696e-01
1.246809949344502289e-01
1.249937770168558920e-01
1.250987107935731812e-01
1.252805990666831792e-01
1.258367341857301869e-01
1.263025899862531276e-01
1.260915106322684776e-01
1.262374481042982943e-01
1.266064070825051180e-01
1.268670717809884385e-01
1.272008423123926757e-01
1.273656963063326264e-01
1.276020930302121381e-01
1.275966232533528033e-01
1.281265144762887831e-01
1.281876125669497712e-01
1.285807460215201148e-01
1.288789783158860447e-01
1.289274802440874279e-01
1.291816938474185106e-01
1.295166795264021120e-01
1.297627091352664130e-01
1.299527087605268916e-01
1.300577605422375549e-01
1.302352988637017206e-01
1.304426260778563385e-01
1.307325387165605424e-01
1.310148966580292340e-01
1.314220453394225052e-01
1.315062512961293339e-01
1.316086282578912414e-01
1.318279597093728051e-01
1.322612273021393225e-01
1.324362647074277255e-01
1.325233727319837518e-01
1.326703259331193652e-01
1.330437286906694938e-01
1.335166874033715811e-01
1.335001275477022131e-01
1.339902211417187405e-01
1.339626730517005648e-01
1.343454982920711804e-01
1.346188208981901058e-01
1.346968369048348879e-01
1.348773020960308822e-01
1.352846549858336134e-01
1.354512063574402625e-01
1.357663177661905807e-01
1.357576413382826364e-01
1.362110444741388704e-01
1.362620742359975101e-01
1.365156958383452468e-01
1.367718414929680049e-01
1.371356448849993248e-01
1.371653984705313578e-01
1.374798373956466757e-01
1.376340016195819471e-01
1.379063309785575342e-01
1.381638434506998470e-01
1.384020326439564519e-01
1.385962841062268747e-01
1.386023598281075908e-01
1.388903742025433263e-01
1.390521077692111751e-01
1.393587935131997135e-01
1.397642233371647058e-01
1.398641419465427305e-01
1.399446115536472079e-01
1.401649960154181529e-01
1.404229377483576791e-01
1.406254917902599044e-01
1.409125801668748845e-01
1.410949014111843869e-01
1.413943605742080667e-01
1.416450177248562980e-01
1.418890563452822606e-01
1.418775649468587419e-01
1.421772424252287226e-01
1.423183197281973900e-01
1.424538151341532555e-01
1.426436829173959864e-01
1.428704842163196209e-01
1.433386306580417546e-01
1.437495174769178319e-01
1.437030405439139735e-01
1.438682601929282545e-01
1.441222602422600751e-01
1.442862677194030330e-01
1.445111883579604239e-01
1.447964257534342103e-01
1.449477041561713919e-01
1.451878062814770665e-01
1.453331135374144323e-01
1.455502201252298067e-01
1.455990319445199521e-01
1.457032021804567645e-01
1.460290587526009431e-01
1.463747184287682579e-01
1.464986632946223277e-01
1.466463277470069215e-01
1.468024076816226708e-01
1.470518221277468118e-01
1.472695624757975053e-01
1.473641190636997833e-01
1.476094224794733678e-01
1.477540802262452269e-01
1.479640007832014326e-01
1.480670499807755225e-01
