1.606550888503812616e-04 9.370519862135294753e-01 0.000000000000000000e+00
1.393387788171907243e-04 9.931716316484112683e-01 2.000000000000000042e-02
1.400281040292578321e-04 9.984239025985702787e-01 4.100000000000000172e-02
1.870373835142502290e-04 9.999828916464873485e-01 6.199999999999999956e-02
1.813776306590221381e-04 9.995286523474313789e-01 8.500000000000000611e-02
1.598765688616910819e-04 9.292084409679089996e-01 1.089999999999999997e-01
2.175997237540220610e-04 7.233489543742862571e-01 1.330000000000000071e-01
1.948919231056419081e-04 8.344193569647702091e-01 1.590000000000000024e-01
1.685004408893096286e-04 9.170055940536022687e-01 1.859999999999999987e-01
1.840344727118990503e-04 7.102356611997082680e-01 2.139999999999999958e-01
1.895003875931471375e-04 9.207778268731064975e-01 2.439999999999999947e-01
2.293924286298304699e-04 9.337762198063169761e-01 2.750000000000000222e-01
2.395016892130193207e-04 8.342516935221359065e-01 3.079999999999999960e-01
1.771734516903601697e-04 9.501327444815860224e-01 3.420000000000000262e-01
1.182085590384162845e-04 9.996016852827476207e-01 3.780000000000000027e-01
1.523391167800283892e-04 9.985274411626030577e-01 4.169999999999999818e-01
1.496211667445832385e-04 9.989696133653174215e-01 4.570000000000000173e-01
1.762774759622976167e-04 9.850342217448244675e-01 5.000000000000000000e-01
1.641265090998224188e-04 9.939295623414045044e-01 5.430000000000000382e-01
1.306285311105763729e-04 9.590122031259054047e-01 5.879999999999999671e-01
1.505699434933708886e-04 9.236550963352191390e-01 6.360000000000000098e-01
1.497429227323077345e-04 9.501256953746599621e-01 6.879999999999999449e-01
1.627391038335898534e-04 9.591525760325464445e-01 7.419999999999999929e-01
1.566159076236945486e-04 9.981565520898613153e-01 8.000000000000000444e-01
1.446227248115274869e-04 9.535996358260088179e-01 8.619999999999999885e-01
1.719780137889624432e-04 9.216076155780337231e-01 9.290000000000000480e-01
1.300483385427721704e-04 9.989231931970650180e-01 1.000000000000000000e+00
1.413998563173452720e-04 8.254929283808026819e-01 1.086999999999999966e+00
1.735621863566688011e-04 8.667158626734298155e-01 1.181999999999999940e+00
1.221553548802035505e-04 9.995056093100509464e-01 1.286000000000000032e+00
1.408608045682981373e-04 8.269099050261856654e-01 1.399999999999999911e+00
1.323515242174228685e-04 8.349517500974544815e-01 1.526000000000000023e+00
1.470750844272237406e-04 7.429428657181460505e-01 1.667000000000000037e+00
1.358124926889693954e-04 9.041815523379205244e-01 1.824000000000000066e+00
2.282121188756352907e-04 6.794219947111612701e-01 2.000000000000000000e+00
