2.394338688682695851e-05
-4.754384283703374549e-03
-5.878360608992621097e-03
-4.459082347715923392e-03
-3.410179889803998440e-03
-3.617947999362719144e-03
-4.607477344406758768e-03
-4.816955682475501828e-03
-5.062603042947831644e-03
-4.200162666989161291e-03
-3.045230099116796266e-03
-4.938788916714704526e-03
-3.496990874864548161e-03
-5.081832662783459538e-05
-5.241565408320442024e-04
3.303276389187556270e-03
6.868539307172542505e-03
2.782878113549018626e-03
3.146224546754579961e-03
7.346468416368955034e-03
1.025343600896718929e-02
1.425964534792933773e-02
1.996947827506492801e-02
2.738882564405253559e-02
2.093500272359407124e-02
2.569474271968727810e-02
3.646566358072929337e-02
3.463884328808116558e-02
4.539061993353405572e-02
4.795756286593642198e-02
5.135948429123907144e-02
4.983272213243078452e-02
5.764335351389034828e-02
5.897781750993816297e-02
7.431296188725894369e-02
8.050579884202985204e-02
8.288019647189406869e-02
9.369352634040818695e-02
9.877322324391614450e-02
9.541677909419571391e-02
1.081293014119669577e-01
1.111063441955195269e-01
1.153619441032854437e-01
1.205680513289474481e-01
1.228088092161623013e-01
1.313055355279483249e-01
1.358698052473699958e-01
1.438375887928090291e-01
1.534731972894232688e-01
1.615168850157611691e-01
1.626234977311685481e-01
1.710939030192646093e-01
1.817424225110346181e-01
1.808002165333279232e-01
1.852711306455077922e-01
1.981125231329573244e-01
2.076484518768775822e-01
2.186862742687223915e-01
2.224437693741061484e-01
2.212177648143439368e-01
2.300206064792139626e-01
2.341443341005110534e-01
2.432624840746604733e-01
2.506551393123198079e-01
2.545431229417394192e-01
2.657181535614315249e-01
2.729227067387065553e-01
2.728024623093838197e-01
2.817327747544979277e-01
2.884958619961027759e-01
2.951140378799470554e-01
3.089572299322454474e-01
3.122672890923792743e-01
3.133164503180198568e-01
3.282622742984103170e-01
3.314537095866844085e-01
3.404000013983026762e-01
3.465992187980926897e-01
3.469372250387769974e-01
3.594230014530009343e-01
3.699011580382416953e-01
3.745166253868891237e-01
3.839106153212202277e-01
3.970158874698567764e-01
3.956415636859296758e-01
3.981601419063121594e-01
4.078678451048222131e-01
4.159067515495163403e-01
4.268824601965565124e-01
4.275489943010599148e-01
4.329663253156333380e-01
4.452279391096431449e-01
4.521649615397087540e-01
4.565548888035625974e-01
4.631899572498933693e-01
4.745910792597566319e-01
4.787047450279749428e-01
4.898031040755180254e-01
4.897384759220498318e-01
4.999138271715009019e-01
5.046488617100284291e-01
5.161076028465688692e-01
5.192195283139130479e-01
5.295004523127310181e-01
5.326783779423122089e-01
5.353847371997655369e-01
5.477091138554678329e-01
5.504479224708778151e-01
5.600713009880035065e-01
5.638813282217532974e-01
5.707347795459217776e-01
5.770196243423081350e-01
5.819514465547126481e-01
5.945051029344714522e-01
6.025713680431952213e-01
6.009309393798721866e-01
6.119829647808886497e-01
6.226884538743232556e-01
6.276031780652076009e-01
6.310413938351375762e-01
6.387556158635029346e-01
6.438947247909265759e-01
6.504130335838831378e-01
6.557987632489382657e-01
6.673978540585936425e-01
6.751717865321436030e-01
6.810666048314413246e-01
6.839044774260164550e-01
6.907387939065442461e-01
7.002555571081792163e-01
7.032209379480525158e-01
7.105899379626661183e-01
7.189509967465091966e-01
7.222129038862752370e-01
7.253223037084038927e-01
7.381104800934811250e-01
7.443266431491988300e-01
7.499368664885310842e-01
7.580925377063834070e-01
7.607109474347241163e-01
7.686479981426431740e-01
7.749755936178528426e-01
7.819101020383131262e-01
7.901737361333157628e-01
7.941687795928823457e-01
8.000683164569435402e-01
8.062763253541433972e-01
8.144039402298399732e-01
8.227464558683307283e-01
8.261398765916735387e-01
8.304240199224081076e-01
8.383270136468586875e-01
8.421826969190074896e-01
8.482661680576378815e-01
8.569392662127089944e-01
8.626005666318893317e-01
8.659038183155939317e-01
8.721070407706829064e-01
8.827279687249304230e-01
8.872094534490336804e-01
8.937093276693645061e-01
8.990435365503600673e-01
9.044060157791108390e-01
9.109852608266346685e-01
9.167282228740559757e-01
9.237845334654724017e-01
9.299953891917294158e-01
9.345229242295065575e-01
9.396397723633435062e-01
9.437324403769579151e-01
9.527998800227172049e-01
9.621126912528612518e-01
9.639428713690006978e-01
9.699937013975094002e-01
9.765675645772713409e-01
9.804963381673086342e-01
9.870535898330455860e-01
9.936576774951633162e-01
9.990644234972573257e-01
1.003417957589926246e+00
1.009409914550751575e+00
1.014559455906308028e+00
1.021132319770869934e+00
1.027016885171028848e+00
1.030738707047844427e+00
1.037679603012163110e+00
1.043694970057075899e+00
1.049467751458666998e+00
1.055543091067859152e+00
1.059659050417631532e+00
1.066499726346331611e+00
1.068307142157731038e+00
1.075473207889734883e+00
1.084190718933330411e+00
1.086175884800119062e+00
1.093571338378364066e+00
1.098540136318383320e+00
1.105949270898697989e+00
1.108953543981499257e+00
1.115897376663030238e+00
1.121097607995816148e+00
1.123933988007379758e+00
1.130673780531188388e+00
1.136713813886824020e+00
1.141040768348326351e+00
1.145656262321762764e+00
1.152263412209228566e+00
1.156361419135066182e+00
1.164015106737124494e+00
1.167740802408737455e+00
1.173310916270704940e+00
1.177910402888503016e+00
1.181748399223707002e+00
1.188730046074400137e+00
1.193753808036108754e+00
1.199382669605885576e+00
1.204890836722435576e+00
1.209416748812419451e+00
1.214279999693035572e+00
1.220604960540360384e+00
1.225982621997883326e+00
1.230981800025180206e+00
1.236249738231389506e+00
1.239514063636974583e+00
1.245643790307184862e+00
1.251298938524672222e+00
1.256057453542991142e+00
1.261285027955961313e+00
1.265454260846338164e+00
1.269735261852655173e+00
1.276000702943882015e+00
1.279819278812103889e+00
1.284083262148428606e+00
1.290745530969764632e+00
1.295710601157068709e+00
1.299960755880406049e+00
1.303052693158374131e+00
1.308084043388533901e+00
1.314564293384734572e+00
1.320256114070903930e+00
1.325060217266645690e+00
1.328242030981247046e+00
1.332978694874164205e+00
1.338315887715945340e+00
1.343738766985106636e+00
1.348967009691482977e+00
1.353636398438059496e+00
1.357371937191280020e+00
1.361481723340437267e+00
1.366923376951099556e+00
1.370719602985263741e+00
1.374533680411167635e+00
1.379510664493554861e+00
1.384991683101072901e+00
1.389921338523552929e+00
1.394844328843999115e+00
1.398695258475052050e+00
1.403068225649519940e+00
1.408899053241179367e+00
1.413373496875122148e+00
1.416948937998349312e+00
1.420694679336902855e+00
1.425284473773284599e+00
1.431056746999671780e+00
1.436686195898963625e+00
1.441442988152072724e+00
1.445730283356183588e+00
1.450164017594063992e+00
1.453536400565572650e+00
1.457879422980103090e+00
1.462796596637057966e+00
1.467493572369358512e+00
1.470894130515947973e+00
1.475527872745538538e+00
1.479741501201304654e+00
1.481466396891410131e+00
1.487547161276465246e+00
1.493849294941141048e+00
1.497939964530409007e+00
1.501262413783359229e+00
1.505591063734279977e+00
1.510895806308868439e+00
1.515385994134229364e+00
1.517562954341175940e+00
1.521435496651505570e+00
1.526770413486034927e+00
1.531295344823948357e+00
1.535126406496479579e+00
1.538458133912019354e+00
1.542514111766529750e+00
1.547735290300835453e+00
1.551558596001512136e+00
1.555802053765885207e+00
1.561642272915244156e+00
1.563954879679398058e+00
1.567411237174010319e+00
1.572695337368262836e+00
1.576855514349043030e+00
1.580866754641720329e+00
1.585166365791663923e+00
1.588659261502586517e+00
1.592845412860289800e+00
1.597167278712305238e+00
1.601234866412351243e+00
1.604945443935369198e+00
1.608715569733186301e+00
1.612872192673840743e+00
1.616358987085322108e+00
1.619768387332450654e+00
1.624012852769825210e+00
1.627640568995473158e+00
1.631953239536577449e+00
1.636335790211220109e+00
1.639675975736402336e+00
1.642902025016157008e+00
1.648356513940149704e+00
1.653546884400635353e+00
1.657850162861473686e+00
1.660811614369109401e+00
1.663167477849683218e+00
1.665378506644440648e+00
1.669978445014385082e+00
1.674902230421631888e+00
1.679059233634151660e+00
1.682154278705021433e+00
1.686100251255805649e+00
1.690548207551823667e+00
1.694468446252672233e+00
1.697379399863485849e+00
1.700424657460247957e+00
1.704087230390166186e+00
1.708156301960776391e+00
1.711837628826536006e+00
1.715078111573718145e+00
1.718290689024616347e+00
1.722356155458092619e+00
1.726685197537382477e+00
1.729800970005930916e+00
1.733146810765322066e+00
1.737177759440681424e+00
1.741013852657191441e+00
1.744332801078210649e+00
1.748501627899126554e+00
1.752037392798022175e+00
1.754723781752328460e+00
1.758187088439634449e+00
1.761675910395460454e+00
1.765142063716933940e+00
1.768758676446384959e+00
1.772773972267879250e+00
1.776552118682484416e+00
1.780250978192134514e+00
1.783502668466462104e+00
1.786316072841040992e+00
1.790017987511021369e+00
1.793552310068931899e+00
1.796451060498276853e+00
1.799578969049135502e+00
1.802945638438346210e+00
1.807366277706407010e+00
1.810939905447002118e+00
1.813995331132629785e+00
1.816400543365417120e+00
1.819891584625187742e+00
1.823991666494483077e+00
1.828198341243817859e+00
1.830360554768675652e+00
1.832885064708903444e+00
1.836208908721223665e+00
1.839771398790288393e+00
1.843031619567887747e+00
1.846323583084931830e+00
1.849715408655351778e+00
1.853362366230727032e+00
1.857342822437479501e+00
1.860386231569034710e+00
1.863622311529690379e+00
1.866582870513709302e+00
1.869515313545872193e+00
1.873143832347567317e+00
1.876351024673369894e+00
1.879390751904504997e+00
1.882401656125860301e+00
1.885800275254874592e+00
1.888987776747040437e+00
1.892161943425915815e+00
1.895098329381826430e+00
1.898194794900742943e+00
1.901092203633057087e+00
1.904127772496310378e+00
1.906711525077954272e+00
1.909562580360249839e+00
1.913396302564894125e+00
1.917361410136099398e+00
1.920395294136845177e+00
1.922771111655594334e+00
1.925921170291538198e+00
1.928647627709326962e+00
1.931156311761117461e+00
1.934343808865056191e+00
1.938123005698927592e+00
1.940850982755554455e+00
1.943437244129202934e+00
1.946222896888780918e+00
1.949254469599939865e+00
1.952403619313963334e+00
1.955023963127127118e+00
1.957967378489273269e+00
1.961624200011895747e+00
1.964931260657950762e+00
1.968092901965181163e+00
1.970654023616250861e+00
1.973907512574019307e+00
1.976489313646721646e+00
1.979156379458934190e+00
1.981973589650330325e+00
1.984933923999125716e+00
1.987639995734021836e+00
1.990390250484671553e+00
1.992858669441390118e+00
1.996122028069952314e+00
1.999610463161522800e+00
2.002548113915944228e+00
2.005176384763907471e+00
2.007742467347469972e+00
2.010611331169323890e+00
2.013336691325247951e+00
2.016122455557546989e+00
2.019564705976531815e+00
2.022167981791512581e+00
2.024750803887559236e+00
2.027159424191220083e+00
2.029923956200438084e+00
2.032730240361091401e+00
2.035492212796368161e+00
2.037814862013175965e+00
2.041155294110250651e+00
2.044137113806045569e+00
2.046669002771781098e+00
2.048932832774232882e+00
2.051085120686971575e+00
2.053797245579332298e+00
2.056805941733892862e+00
2.059616437221720275e+00
2.062168670509717305e+00
2.064366973683380291e+00
2.066626387190338754e+00
2.069391878567302889e+00
2.072894985432845782e+00
2.075770955598017942e+00
2.078212201860969000e+00
2.080710492052042948e+00
2.083684607478185402e+00
2.086044348488291789e+00
2.088537769212721606e+00
2.090853596849068463e+00
2.093625100056958122e+00
2.096305871472849525e+00
2.098628599004775719e+00
2.101335084890624039e+00
2.103703148895017083e+00
2.106261644372118713e+00
2.108772594121665289e+00
2.111360438625975444e+00
2.114166961939684342e+00
2.116891974069528004e+00
2.119047214053275674e+00
2.121278619085011918e+00
2.123720882124738640e+00
2.126307929973405564e+00
2.129149264394611940e+00
2.131682728154139284e+00
2.134128096662977647e+00
2.136273915283031233e+00
2.138481723444717986e+00
2.140652473541866829e+00
2.143248352914250088e+00
2.146259410575598103e+00
2.148957393406961014e+00
2.151165780790137205e+00
2.153234715217398065e+00
2.155394653466155219e+00
2.157954162748876747e+00
2.160248409139768899e+00
2.162644690899389044e+00
2.165001592237671968e+00
2.167293629072207573e+00
2.169684602624893266e+00
2.172057346767111596e+00
2.174521494590982762e+00
2.177041149110889418e+00
2.179655335416427420e+00
2.181906921485553319e+00
2.184074381922817665e+00
2.185913176580399853e+00
2.188443057530702784e+00
2.190841646895648420e+00
2.193317147038180259e+00
2.195718215971865561e+00
2.198008965318721142e+00
2.200260350511657137e+00
2.202165389785136984e+00
2.204388225447828198e+00
2.206849371673129223e+00
2.209234841810253425e+00
2.211871334065517392e+00
2.214118835617275849e+00
2.216217326137306376e+00
2.218232014294705401e+00
2.220635868986006400e+00
2.222904072979868584e+00
2.225138722091640986e+00
