6.201543756069242649e-05
-5.504160035336680759e-03
-6.908926850556528117e-03
-6.450702912727011157e-03
-7.062818401035302410e-03
-8.039311614685292623e-03
-1.093822709640776721e-02
-1.156035103239548903e-02
-1.133743201429562690e-02
-9.290602348820349576e-03
-6.458498580690060289e-03
-1.029486190234112607e-02
-7.909938568940899639e-03
-1.809215261611127811e-03
-3.479996621806165542e-03
3.205038047041025052e-03
9.718246735159214583e-03
2.692412002821202837e-03
3.746148054192610394e-03
1.155501893156080616e-02
1.747642972239214776e-02
2.410591747244054603e-02
3.497039387329137217e-02
4.646209286252135640e-02
3.571807640864579914e-02
4.404757422722126170e-02
6.164477434319777516e-02
6.070246579067945653e-02
7.910756207402959428e-02
8.207327274954302754e-02
8.908211340084762342e-02
8.995596579662955283e-02
1.030316840886107421e-01
1.028673289351821618e-01
1.260214841493081384e-01
1.373573340978210822e-01
1.446497283119196342e-01
1.607796060055355358e-01
1.670294222027212672e-01
1.652775207876714392e-01
1.843320621613112609e-01
1.899540012971019654e-01
1.982622387864568791e-01
2.077269032399511606e-01
2.137122934736038760e-01
2.264647860938138468e-01
2.353968893633949788e-01
2.469939298303022723e-01
2.582488286020284685e-01
2.748713450888860543e-01
2.781274453312903017e-01
2.881283715970660575e-01
3.036595776633722599e-01
3.026391915841328273e-01
3.136150770302142399e-01
3.348210577757729789e-01
3.480298600280426480e-01
3.614741335219893714e-01
3.700620528777133211e-01
3.722210179240981187e-01
3.838025417249979476e-01
3.918525115863452091e-01
4.095131052980287012e-01
4.137849628282880277e-01
4.267306482247813504e-01
4.432789369884507225e-01
4.464101113672759302e-01
4.535323807891271097e-01
4.664996359478569832e-01
4.757126813204502480e-01
4.828757769753825313e-01
5.020478560995697004e-01
5.115224963144581194e-01
5.124286166861596881e-01
5.341660173521075583e-01
5.411411246328273750e-01
5.529200319360609850e-01
5.599767456574994418e-01
5.649680814618400770e-01
5.772777445330489199e-01
5.912833372934259701e-01
6.008043908071816208e-01
6.129055396618723339e-01
6.281723652588150353e-01
6.334111233886849934e-01
6.449477523430249271e-01
6.560236378841384219e-01
6.642122578025950741e-01
6.766581455772823217e-01
6.827962097436418576e-01
6.936675982539741714e-01
7.081120661134941985e-01
7.195264968672577810e-01
7.231615622479161676e-01
7.343982406452869149e-01
7.456433578455290423e-01
7.504758946162350952e-01
7.656500556923314660e-01
7.729861043778437635e-01
7.862874883561227213e-01
7.976924804654240697e-01
8.056298964965159515e-01
8.123313542825925104e-01
8.266765354022280743e-01
8.356666800106575810e-01
8.377406561001663476e-01
8.505315880295881703e-01
8.616253181497159908e-01
8.717598592737288987e-01
8.803863047758355709e-01
8.874905858968979988e-01
8.964002971440343526e-01
9.051117884268208291e-01
9.159668495916780673e-01
9.280890409475610614e-01
9.345486901610020603e-01
9.446293561219853974e-01
9.568594152295915034e-01
9.651399817458673480e-01
9.714675285430948160e-01
9.803371576051834735e-01
9.878404624199440542e-01
9.995115824603487686e-01
1.004461080070115475e+00
1.016197229437136640e+00
1.026994642025371274e+00
1.033719021834185847e+00
1.040586621923140331e+00
1.051384634093244230e+00
1.062199485106897656e+00
1.068680521306448972e+00
1.077438630379963680e+00
1.086244947484429568e+00
1.094191672067562626e+00
1.099988341406277215e+00
1.110120092219806232e+00
1.120091165092862884e+00
1.128481699474885636e+00
1.136016120104907712e+00
1.144436654988850943e+00
1.152599916073440367e+00
1.159637516591826456e+00
1.169342354693717612e+00
1.179158446653383319e+00
1.185718454527324495e+00
1.195902274170966839e+00
1.201556357041477563e+00
1.208320893515681504e+00
1.217621290863070582e+00
1.225547611302227669e+00
1.231068237379678854e+00
1.239050522633517115e+00
1.248411778533372818e+00
1.256846915588940572e+00
1.263493560260563475e+00
1.271141916427525720e+00
1.276362600475946740e+00
1.284450858854162547e+00
1.298418491896998095e+00
1.303591738520664789e+00
1.311440027484995108e+00
1.317911311765587623e+00
1.323402217686325599e+00
1.330502875705826149e+00
1.336053091608810028e+00
1.346840131068975488e+00
1.356852614618078157e+00
1.362552964497372621e+00
1.369022727300207132e+00
1.376150571120891453e+00
1.384314381473843003e+00
1.392156007769859372e+00
1.399653149328853763e+00
1.406783778420762632e+00
1.413637606097534416e+00
1.420467798574590379e+00
1.427657345767983088e+00
1.434791877020185069e+00
1.441301512778080163e+00
1.448549841091153922e+00
1.452825127520398274e+00
1.460045791494733125e+00
1.468879532587231251e+00
1.474896488706658015e+00
1.481626014237592548e+00
1.487403350182037620e+00
1.495039447899770169e+00
1.500879573335060169e+00
1.509630404281235627e+00
1.512656126676257928e+00
1.521568442161353563e+00
1.528687947661531377e+00
1.534100397679697636e+00
1.541379246899013511e+00
1.547532409313336021e+00
1.553679470418723341e+00
1.560755763779276828e+00
1.565536254033598862e+00
1.574287519109442757e+00
1.578337086935168276e+00
1.586743692186372900e+00
1.591214186400743191e+00
1.596513650297574971e+00
1.604030316373177723e+00
1.609937951543813472e+00
1.615929646748791360e+00
1.625257404684794071e+00
1.631875826291731224e+00
1.634216957667339321e+00
1.639899399263847091e+00
1.647283335856794872e+00
1.651483084131272649e+00
1.658808375600661522e+00
1.664445565640816582e+00
1.669966055497234425e+00
1.677009233719731096e+00
1.681818978931542530e+00
1.688211670792602037e+00
1.694231892773074843e+00
1.698737502716234138e+00
1.704318403033353135e+00
1.710633738038852769e+00
1.715420049545967274e+00
1.720870499808978327e+00
1.727262924048338366e+00
1.731464625228306797e+00
1.737567170276633544e+00
1.743979170920086030e+00
1.750835720685234964e+00
1.756678748398896150e+00
1.760630659263757725e+00
1.765544941042029192e+00
1.771238030887173798e+00
1.776427627986606916e+00
1.782513333092650587e+00
1.786847982621714737e+00
1.791796977754338105e+00
1.797862120947244957e+00
1.804477413811663045e+00
1.809934378588107906e+00
1.812316927781663534e+00
1.819110486571059893e+00
1.825457516102336974e+00
1.828470562634460173e+00
1.833213981145113802e+00
1.838562391020223563e+00
1.844211374979997542e+00
1.849655009679595175e+00
1.854464305714463634e+00
1.859931311813523447e+00
1.864389756261862763e+00
1.869361933930686170e+00
1.874403288197862727e+00
1.878683367451123631e+00
1.883610582583582271e+00
1.889727949066878132e+00
1.894322939576860598e+00
1.899299721575504751e+00
1.902935331674845409e+00
1.907767441487082216e+00
1.912417298916986974e+00
1.917521089017631741e+00
1.924038697711970114e+00
1.928494129442994698e+00
1.930845896186611954e+00
1.935366151144460645e+00
1.941979889902590184e+00
1.945938665934693557e+00
1.949401669496565015e+00
1.954443813002381125e+00
1.960286875996579248e+00
1.964631241105181392e+00
1.969244862201220414e+00
1.972640305628754032e+00
1.976699683687357156e+00
1.982849375332967679e+00
1.987234489568679763e+00
1.991067359499485212e+00
1.995435289185382155e+00
2.000404575722967149e+00
2.004535386624210602e+00
2.008485020308185209e+00
2.013076134859543842e+00
2.017277883579882136e+00
2.021542195642522355e+00
2.025438835051474928e+00
2.029633643432744439e+00
2.033720543718602780e+00
2.038266226950922633e+00
2.042574871095360844e+00
2.045867312618641520e+00
2.050200335988300093e+00
2.055184727643707188e+00
2.059242978868968788e+00
2.062757434102342469e+00
2.066572407471645612e+00
2.070979568062139009e+00
2.076309537606781497e+00
2.079588239734929456e+00
2.082399013634550045e+00
2.088487598560317071e+00
2.092581193100784720e+00
2.095315081221779785e+00
2.099689797806186142e+00
2.102973611693295997e+00
2.106198504503075331e+00
2.110784202445816771e+00
2.114561222874185908e+00
2.117831092297642659e+00
2.122129781727688957e+00
2.126211831647097927e+00
2.130306896660078664e+00
2.133986156425804914e+00
2.137710472447162058e+00
2.141253034259607890e+00
2.144809606171708793e+00
2.149174368214071151e+00
2.153428197955353340e+00
2.156159061827011669e+00
2.159776402838033960e+00
2.163715391346838768e+00
2.168070727254879593e+00
2.171726602975000642e+00
2.174528579720392152e+00
2.177799170876432377e+00
2.181616877413339761e+00
2.185406715717883586e+00
2.189324991880855720e+00
2.192735486685704061e+00
2.196557890642591548e+00
2.199576984940931901e+00
2.202574430715318776e+00
2.206359524408051165e+00
2.210462823740488858e+00
2.213089597952664356e+00
2.216522610016593120e+00
2.220451927099753142e+00
2.224205293398020089e+00
2.227209543190781016e+00
2.229871231547535970e+00
2.233760152898288887e+00
2.237785376487823275e+00
2.240388887105672744e+00
2.243450453648226262e+00
2.247081990551702546e+00
2.250308196975838282e+00
2.253444846980870775e+00
2.257635022625103627e+00
2.261185712959403293e+00
2.263669262858526210e+00
2.266678343700964327e+00
2.270081611085480677e+00
2.273700269172502786e+00
2.277289901228679359e+00
2.279849969901260653e+00
2.282838202504672509e+00
2.285978697436077400e+00
2.288949254221690044e+00
2.292094652924367981e+00
2.294948812343011291e+00
2.298273248737993324e+00
2.300903482528693811e+00
2.304336183986792630e+00
2.308226129370968938e+00
2.311539135192407279e+00
2.313984419828711836e+00
2.316643725147639277e+00
2.319390563863794164e+00
2.322799270919580383e+00
2.325626643824961537e+00
2.328499623917143602e+00
2.331895303730068925e+00
2.335045787311535559e+00
2.337973211119254380e+00
2.340878331369511844e+00
2.343628349210359119e+00
2.346676859080547572e+00
2.349691718318925648e+00
2.352538418124903163e+00
2.355003662281766275e+00
2.357898489997549252e+00
2.360713581019288743e+00
2.363887195443696410e+00
2.367085040111108096e+00
2.369305078846030810e+00
2.371969959438348763e+00
2.375256909343745448e+00
2.378153228715490730e+00
2.381161456293294787e+00
2.383856351262632067e+00
2.386213699371778851e+00
2.388364505493034251e+00
2.390976623930457290e+00
2.393965100079175290e+00
2.396871197212945503e+00
2.399827490657122642e+00
2.402381217321065687e+00
2.405306141855906965e+00
2.408068555385500353e+00
2.410618863267260714e+00
2.413332413048483449e+00
2.415664888678325628e+00
2.418487720586742995e+00
2.421200365366843688e+00
2.423637202296560655e+00
2.426317154598153447e+00
2.429216657138531854e+00
2.432100133592794311e+00
2.434707527165153707e+00
2.437410603319525304e+00
2.439915339794672011e+00
2.441956482081934610e+00
2.444479084037638028e+00
2.447056125934877535e+00
2.449846472449669577e+00
2.452216358023161291e+00
2.454653787003233667e+00
2.457389457212910688e+00
2.460029699946152171e+00
2.462544101294986909e+00
2.465001773714664335e+00
2.467616675174301388e+00
2.469734985516716996e+00
2.472043721179600251e+00
2.474506569678915913e+00
2.477344855637921395e+00
2.479575688019479696e+00
2.481860109407192372e+00
2.484485949571823671e+00
2.486915298292857290e+00
2.488937120399566716e+00
2.491333782627169313e+00
2.494053271999755239e+00
2.496298194119084712e+00
2.498641015238608265e+00
2.501172784551878969e+00
2.503578065131947028e+00
2.505788650851045851e+00
2.508287269483441051e+00
2.510208688272219213e+00
2.512762444423110253e+00
2.515059331064586345e+00
2.517596878282514883e+00
2.519330031636526357e+00
2.521420693357494525e+00
2.523805014464245211e+00
2.526613463685350336e+00
2.528649793829000458e+00
2.530704196088494840e+00
2.532729740036495425e+00
2.535164642923904310e+00
2.537647060781426323e+00
2.540093298921519249e+00
2.541989628328245931e+00
2.544244952426194750e+00
2.546424235912304379e+00
2.548889420990683163e+00
2.550982290777001449e+00
2.553244629519590525e+00
2.555368500499891837e+00
2.557411884721994877e+00
2.559363949468595578e+00
2.561651984160885576e+00
2.563595804423085767e+00
2.565709922206623528e+00
2.568088482789591342e+00
2.570097522858758143e+00
2.572265817336503169e+00
2.573984488211662924e+00
2.576027812774471126e+00
2.578255975323682225e+00
2.580406255797599968e+00
2.582512936209905519e+00
2.584424680914043204e+00
2.586742923332387978e+00
2.589044790012680952e+00
2.591137146069013575e+00
2.593035196901782413e+00
2.595107930983695965e+00
2.597073171403532221e+00
2.599225315318994589e+00
2.601236894393461174e+00
2.603015460449513707e+00
2.605376406880163920e+00
2.607225906747625110e+00
2.609387165995548763e+00
2.611358480636893020e+00
2.613359117687584998e+00
2.615047503961366981e+00
2.617185531039119439e+00
2.618926024308434908e+00
2.620751586031151437e+00
2.622888844272506681e+00
2.624494092949457791e+00
2.626554870214312665e+00
2.628749248081582834e+00
2.630688223650034185e+00
2.632504050105022309e+00
2.634474778799845041e+00
2.636227201171241763e+00
2.638075921801804391e+00
2.640214240839585003e+00
2.642034317686877021e+00
2.643965325210895667e+00
2.646177437940447241e+00
2.648065937456661967e+00
2.649598374185423211e+00
2.651785899668715363e+00
2.653447918184024701e+00
2.655547983367412268e+00
2.657174330223889935e+00
2.658945070314798986e+00
