7.438494264988549265e-17
1.375186076124634899e-14
-6.802114427273409168e-15
3.157474282033945047e-16
1.815214645262130953e-16
4.063416270128072849e-17
-3.045896868059117024e-16
-4.028999356364693089e-16
-3.667621761849204746e-16
3.285080540926799375e-16
1.137673288909013459e-15
-2.764455331316640022e-16
-2.615685446016868667e-16
9.747758156208874455e-17
-1.205702204742920088e-16
4.918287999089443528e-17
-2.395861287141087724e-16
-6.617484338278245212e-16
-3.659295089164515756e-16
1.502131752317836777e-16
1.122768544803420759e-15
-1.315614284180810560e-16
-1.514344205588713584e-15
-7.804867863114850016e-17
-5.003775171985580165e-16
-6.145084441300241609e-16
-1.059263787794861896e-15
-1.241229341530925129e-16
-1.125766146969908795e-15
-1.933786464292097580e-15
-6.372680161348398779e-16
2.536859611268482853e-15
-2.391420395042587093e-16
1.835864793520159007e-15
-3.801403636316535919e-16
5.622169396701792784e-15
2.205347016115411037e-15
4.324762770124834857e-15
9.088285679581531377e-16
3.520517211086371484e-15
-5.177636097641880351e-15
1.485256362343534432e-15
5.656808355070097403e-15
-5.478284492710372566e-15
-2.532640763774907229e-15
-7.374101329560290128e-16
-3.457234498682737333e-16
-3.788080960021034029e-16
5.224931598490911445e-15
-2.370548202179634280e-15
7.476241847825804127e-16
-5.924594148609685053e-15
-2.031042001249261429e-15
-1.539213201340317113e-15
-1.892264123171116861e-15
5.333733454904177228e-15
-2.872146964705280081e-15
-1.839417507198959511e-15
-3.484323940483591324e-15
1.612154854058189901e-15
-1.694755447090301522e-15
-6.250999717849481612e-15
-2.210009952818836477e-15
-7.778000465918922461e-15
-2.771782803279165939e-15
4.502509476367322318e-15
1.540656491272329805e-15
-2.301714374652874464e-15
-4.305111822588969630e-15
-2.522426711948355534e-15
-3.235411938362631130e-15
-5.451195050909518525e-17
7.506217869490683504e-16
-3.014588578764687409e-15
5.264233493562641899e-15
3.463340725318175859e-15
1.924571613187708957e-15
2.616351579831643786e-15
-9.894085550854469502e-15
2.924771536072512523e-15
2.604361171165692036e-15
-2.851385794144789524e-15
-8.284484209752917821e-16
2.835509604892649611e-16
-2.830735645886761618e-15
-2.953637334712766372e-15
1.780686709196288739e-15
2.305045043726750060e-15
-9.109379917049409493e-16
1.179500941361766370e-15
-1.324940157587661735e-15
1.160072038430826052e-15
-4.970690525851750692e-15
2.961075828977754940e-15
-1.567634910770720948e-16
1.580346964402679144e-15
4.959199717546880676e-15
2.356781436674282474e-15
-3.557154570899001757e-16
4.163613898100493063e-15
-1.060429521970718355e-15
-3.835931572382378577e-15
-7.049916206369744130e-17
-4.729827640659323057e-15
1.209310429572951770e-15
-5.658695734211960503e-15
-2.857436509628996725e-15
-2.522981823460668199e-16
-2.448707903113245370e-15
-7.611133945317760829e-16
2.853384195589114881e-15
1.475042310516982934e-15
-3.017086580570094106e-15
4.145461751647871855e-15
-5.328182339781050972e-15
-1.022293361074844163e-15
-2.165101431472749034e-15
2.435551760271437161e-15
3.470945753036858207e-15
-3.584355035002317808e-16
-3.895050948443668037e-15
-1.910527291926200721e-15
3.808953152883987040e-15
-1.944777672235886652e-15
-1.697447737925017366e-15
5.024591853697302639e-16
-2.493227846400714125e-15
-3.033073792124696572e-15
-3.061939590764950421e-15
7.486511410803586557e-16
-4.455935620484297077e-15
6.595557433541899183e-16
3.705841189471925532e-15
3.558542349679782926e-16
-1.494498969023538816e-15
-2.665062615037072798e-15
2.757571948563963922e-15
3.141653603933036953e-16
-7.560063686185003336e-16
-1.302263852309692908e-15
-3.825981198524175038e-15
3.071182197444954805e-15
-5.087832932737512951e-15
2.369077156672006122e-16
-6.184941447884284924e-15
1.011857264643367756e-15
-2.846486935048630901e-15
-3.976624585178001218e-15
-3.097716527733496131e-15
2.842767687916136617e-15
2.686725841805070868e-15
2.907701857068900488e-15
2.870162441048762604e-15
-7.525161049848349969e-16
-1.074557109959073481e-15
-1.759439816062524724e-15
-1.706489116681808663e-15
-5.021434656971024566e-16
3.175515406184103900e-15
-3.125669861825386458e-15
-1.936412835634726681e-15
-1.293564214077669244e-15
-8.950409857710895112e-16
-2.834531329272416320e-15
6.964975471368539223e-16
-3.287196903567490930e-15
1.591555012780965316e-15
-7.788318601154031881e-16
-8.570297249654856542e-16
-3.382627511427926944e-15
-2.769822565751311957e-15
-2.894004480502587692e-15
1.382581549247419195e-15
3.353123334548513343e-15
5.796196855811785764e-16
-3.185993135979003850e-16
-1.049577091905007326e-16
3.263514458673455484e-15
-2.318131797629518865e-15
1.939393090566454570e-15
-1.262628890330574895e-15
-1.483993483653023400e-15
-1.638286728500304461e-15
3.283179283997128591e-15
4.444264400937925005e-15
6.674244490412207176e-16
-8.000405893326956301e-16
-3.636480006008469009e-15
4.624078897563776784e-17
-2.777500451855985284e-16
1.690342310567416555e-15
-3.019279271043729005e-15
9.148515278667445772e-16
1.038669150688065119e-15
6.457889778488379157e-16
-8.983924715266767309e-16
-3.509026402781501073e-15
1.726341292140887174e-15
-1.692090911831201045e-15
6.555866960411549647e-16
2.173372593006206500e-15
2.185945868760086480e-15
8.170131238216526965e-16
-6.189493362285247664e-17
-1.645322766918866460e-15
8.348877145181176711e-16
-6.023515020103787291e-16
1.238342761666899596e-15
-4.536787612252624405e-15
3.537531378938751996e-15
5.626055177287981143e-17
4.576894419017207897e-17
1.567662666346336710e-15
-5.905637090464210707e-15
4.523964536318203361e-15
6.283196185563611057e-15
-1.466021748441903655e-15
-1.129291105073093538e-15
-2.500027962426542940e-15
-3.510525203864745091e-15
-2.540079258039895797e-15
-6.841749389252526786e-16
-9.531264666406969353e-17
-1.810107619348855056e-15
-1.583344566569166983e-15
-8.100742299177454681e-16
-8.283929098240605550e-16
-2.635558438157659197e-15
2.349453964711756164e-15
1.484146139318909300e-15
2.323696790540452608e-16
-7.139844271364381767e-16
2.254918474164924314e-15
3.419431404694250701e-15
4.465317005042379874e-16
1.063649168742131299e-15
3.079203558797871503e-16
1.969258089928871492e-15
-2.187028336209096049e-15
1.877498156943602377e-15
3.507749646303181963e-15
1.409150574005480026e-15
-2.852162950262027097e-16
-1.724731468755180701e-15
-5.978550987606467734e-17
-7.687739334016896575e-16
-9.934275624345901165e-16
-1.202760113727663426e-15
2.131461673826606699e-15
4.034550471487818754e-16
2.082334304986943632e-15
8.234524173644785855e-16
2.520872399713880387e-15
5.463962615692707898e-16
6.455946888195285470e-17
-1.439959262938827956e-16
