4.973476731622689627e-04
4.221820054292893466e-04
1.066084117925859961e-03
2.377203180516048332e-03
3.838030484572379705e-03
5.011687554845892234e-03
6.099806426138111061e-03
7.004515182208214015e-03
8.423001838213832818e-03
9.716794117065349554e-03
1.093929504713395812e-02
1.228868985862929634e-02
1.444307144008399879e-02
1.536143637446769038e-02
1.756781016936791520e-02
1.842927264194382450e-02
1.905646937731383245e-02
1.997027886883424863e-02
2.071885208553896074e-02
2.159655887792915480e-02
2.162009857143761676e-02
2.336521029896511739e-02
2.464619747167156455e-02
2.709815791647155608e-02
2.730655103060315378e-02
2.786125884576868064e-02
2.783508872210228163e-02
2.811432361057394913e-02
2.761085634010909673e-02
2.745537475066388636e-02
2.814640606294644548e-02
2.910377774482826932e-02
2.984457806811654373e-02
3.111545480626944776e-02
3.191148858251861148e-02
3.210169733636321354e-02
3.326103346049154308e-02
3.280204379254877262e-02
3.307698720823840782e-02
3.318526135488310269e-02
3.430753257404521583e-02
3.384287354966623862e-02
3.479878557066963529e-02
3.517061775152561381e-02
3.592114726354430493e-02
3.758077916867619273e-02
3.828036352145264276e-02
3.819984461996179387e-02
3.909492354687760240e-02
3.973844221803016219e-02
4.021835573516390622e-02
4.160200578565954876e-02
4.233939849388012461e-02
4.286772592265173515e-02
4.305020497949306468e-02
4.474507376631316896e-02
4.537587218130418459e-02
4.592429644089759261e-02
4.710314442400544838e-02
4.789142552863517172e-02
4.879204800279324933e-02
5.035555263685648902e-02
5.071585215681183312e-02
5.147602990621709396e-02
5.196999879989335630e-02
5.235050470511703330e-02
5.413769569405544463e-02
5.544346438791926401e-02
5.546256648418929763e-02
5.655445614457180886e-02
5.745286667415294007e-02
5.786377313111923382e-02
5.936517548597242122e-02
6.171235396648551419e-02
6.110297094122569411e-02
6.145245407793249043e-02
6.299202358932029511e-02
6.368696644772250948e-02
6.482935549593582536e-02
6.544888926716331545e-02
6.474695806800613573e-02
6.719061161529180093e-02
6.761276142562083757e-02
6.819284443174623844e-02
7.016221951647604038e-02
6.911802441901931937e-02
6.942015565268008781e-02
7.149778802000134048e-02
7.186403086417264552e-02
7.315507383443800582e-02
7.427039729276976865e-02
7.456710348217372719e-02
7.605278639697091170e-02
7.495655792109634508e-02
7.755020507459892132e-02
7.703165447614759853e-02
7.842868099085877065e-02
7.808226517562925906e-02
7.910308068483330735e-02
8.026294697581377868e-02
8.173803642984336926e-02
8.117032901787632482e-02
8.348261417384292282e-02
8.217173852312245619e-02
8.221548306441316123e-02
8.398346582408112992e-02
8.433202974276386710e-02
8.539323536961392069e-02
8.640111256207592960e-02
8.675805817057913316e-02
8.578281534630266547e-02
8.766960176781803116e-02
8.793520824708066230e-02
8.817762287694377865e-02
8.729944167316119885e-02
8.986534003763417544e-02
9.005058779251452761e-02
9.052591737229137570e-02
9.062553099009601487e-02
9.084582139886385188e-02
9.173207580925653304e-02
9.283235971892031535e-02
9.210121924321539033e-02
9.297303286487762497e-02
9.369346581999270229e-02
9.398290417142650399e-02
9.456078329998460208e-02
9.499654599207475736e-02
9.497522306000580339e-02
9.556247127753533799e-02
9.581884168283739955e-02
9.623444753349433278e-02
9.639295668890558721e-02
9.690292759732478667e-02
9.703752200534054850e-02
9.670540928490105326e-02
9.762582909288178290e-02
9.797875052555941877e-02
9.895744394044971026e-02
9.912852137071619107e-02
9.888267195219842265e-02
9.911859584033312631e-02
1.004561605273368574e-01
9.935827498616019160e-02
9.938666741311617814e-02
9.936990248965925365e-02
1.003278595644779003e-01
1.000702077929320755e-01
9.999443820171381725e-02
9.956780220980104845e-02
1.006986356221827583e-01
1.005515423450915879e-01
1.009462125334088523e-01
1.022390191356510880e-01
1.018363035990378779e-01
1.016093621891602516e-01
1.024931043907171963e-01
1.015087702951397441e-01
1.010825459958469980e-01
1.019609498158342287e-01
1.027848211289154601e-01
1.016560631182207020e-01
1.018945445576105585e-01
1.027984833815843851e-01
1.023826884693575523e-01
1.026606970836889121e-01
1.015282660257547098e-01
1.027476519330076526e-01
1.032112525398439645e-01
1.029809017277929228e-01
1.024306113118177847e-01
1.035168377993395949e-01
1.022000115874981269e-01
1.024483974365554273e-01
1.021176238551777249e-01
1.022765956893435108e-01
1.029362257316359802e-01
1.018643945833484915e-01
1.027887877998131527e-01
1.021980174988144779e-01
1.024028946651784067e-01
1.021155354848198027e-01
1.028518878651498991e-01
1.027488528839069493e-01
1.019283796252988816e-01
1.022978039046329723e-01
1.020356005143544798e-01
1.024450054468391547e-01
1.018249885251525377e-01
1.022959189300666066e-01
1.026298706532997596e-01
1.015051863432748225e-01
1.025202041270735914e-01
1.025061437294084582e-01
1.013070388903711400e-01
1.023215963402270140e-01
1.020448973534191783e-01
1.020621228541935543e-01
1.008071247347315097e-01
1.016211106422248989e-01
1.011254628581017834e-01
1.014688316037937466e-01
1.017852409959837251e-01
1.015503612551307000e-01
1.006229719974405384e-01
1.009292969119240102e-01
1.004161292750975487e-01
1.008997100583848006e-01
1.008767301768136310e-01
1.005888551189677987e-01
1.000753913519910193e-01
1.007284311858945430e-01
9.974037353197720557e-02
9.953898060569442430e-02
9.975527559690938739e-02
9.974110110740114221e-02
9.948560851028906415e-02
9.922023094248146047e-02
9.945547237295744580e-02
9.918313775885613526e-02
9.954973710144399135e-02
9.873502892784542795e-02
9.892075278214877698e-02
9.894626679151753701e-02
9.851093821522854954e-02
9.884660879226074559e-02
9.833720166147108532e-02
9.822900876409450255e-02
9.787507846307579029e-02
9.758071827788417085e-02
9.730295874047847904e-02
9.754544650403393358e-02
9.697544409204408855e-02
9.718248390686239080e-02
9.734055409984457286e-02
9.735486980400863410e-02
9.697339763382538391e-02
9.637793777365366577e-02
9.626415564876772413e-02
9.619876214557321337e-02
9.632776111182245193e-02
9.540239341581158161e-02
9.564918278499873194e-02
9.596452028849555838e-02
9.509880191943492767e-02
9.547082770157605536e-02
9.502616307307935883e-02
9.475183864770311826e-02
9.439671292464373031e-02
9.483819352572210593e-02
9.435015582303857284e-02
9.449390321883341382e-02
9.461640441121561829e-02
9.385402041495580217e-02
9.457546341132873347e-02
9.298647563497357271e-02
9.379296299524751690e-02
9.348537510046389665e-02
9.345479018326821596e-02
9.300332378651318677e-02
9.306030837955979462e-02
9.304383617635690606e-02
9.303183692317805453e-02
9.293895288371553653e-02
9.281325586740690747e-02
9.265442655618671974e-02
9.228969060965924731e-02
9.196195646576847682e-02
9.206230398920287050e-02
9.213195158459390466e-02
9.204735480332723596e-02
9.169659960590657855e-02
9.150551884577853845e-02
9.175096692740469795e-02
9.158741721796138935e-02
9.137457044634761383e-02
9.115520044262485910e-02
9.089738262517889356e-02
9.096464400709015907e-02
9.088265101956341518e-02
9.058975237593024088e-02
9.071781435026299301e-02
9.094222967068354979e-02
9.052620767550877134e-02
9.000673973619709167e-02
9.063014309229978915e-02
9.009036311864136726e-02
9.017135565287218157e-02
9.003848448211487776e-02
8.962515435382512052e-02
8.999645745809733977e-02
8.945125393292102656e-02
8.935422343161499026e-02
8.928567805865120222e-02
8.958798783756873052e-02
8.935499936760715745e-02
8.940972852778790447e-02
8.882136114240886393e-02
8.912082575795508832e-02
8.931856897541361195e-02
8.907226183197726466e-02
8.932104815969253708e-02
8.938541092849149050e-02
8.898697366382987695e-02
8.887911875488048452e-02
8.858705111746849326e-02
8.889305946517360446e-02
8.868470349211166059e-02
8.881044888405820181e-02
8.864805389587492035e-02
8.834010804528344418e-02
8.835355839587186177e-02
8.854316588819584333e-02
8.829359654966988102e-02
8.835434045579630691e-02
8.826666056696533258e-02
8.847139896023829830e-02
8.824091563828148632e-02
8.811709051807539717e-02
8.822451317332101473e-02
8.810966324087975143e-02
8.807112537934089214e-02
8.847682017877862848e-02
8.833029465770535216e-02
8.856512024292725882e-02
8.837012537329894113e-02
8.827849858557033913e-02
8.842796391437898751e-02
8.792413417140218512e-02
8.832621774865256903e-02
8.805651739485809149e-02
8.819465945677390506e-02
8.847694498667055263e-02
8.835501030819589707e-02
8.837108002742531665e-02
8.836198383339353979e-02
8.827669181838798673e-02
8.817432228909068137e-02
8.856918622688338127e-02
8.844085964530642996e-02
8.869316403035971963e-02
8.843400783731519832e-02
8.836340294400249484e-02
8.850295890929166243e-02
8.867977460813118717e-02
8.874789697744123185e-02
8.862767037649160740e-02
8.852691221170357061e-02
8.880797317399595492e-02
8.888654875461185489e-02
8.863410321654154045e-02
8.877991660857699474e-02
8.905556581658642668e-02
8.884628996641724674e-02
8.885497528290611791e-02
8.903451164512990457e-02
8.923810606591503491e-02
8.933535648835047582e-02
8.948463545199593361e-02
8.913810285380516230e-02
8.976624239016751938e-02
8.954314581764746817e-02
8.960525086250699378e-02
8.957798470403235958e-02
8.976582880174982515e-02
8.984928645575579464e-02
8.992144512882319085e-02
9.014996512165134035e-02
9.022212201825327571e-02
9.041933627883202984e-02
9.017244986219626057e-02
9.036742348259015067e-02
9.032082338334081195e-02
9.028566950970133564e-02
9.047206217098133219e-02
9.072429427491539300e-02
9.069574543155244084e-02
9.077628333584412956e-02
9.094439451769821547e-02
9.112157411619015157e-02
9.116726853481180171e-02
9.148261457223563764e-02
9.149539422862094928e-02
9.166498444840355531e-02
9.164409757978812798e-02
9.195812094111063817e-02
9.178438759271537184e-02
9.194769825012603925e-02
9.210644243258936381e-02
9.226008473284813549e-02
9.217831169032254801e-02
9.261194157911534219e-02
9.260100733538151330e-02
9.289507631473813143e-02
9.298997232524830459e-02
9.335805208471308070e-02
9.327549499082392337e-02
9.333275209254193738e-02
9.363697692217978763e-02
9.355094174091591053e-02
9.388642490844242849e-02
9.393636930616232339e-02
9.376932654656454369e-02
9.412610221848737024e-02
9.436685263114442945e-02
9.448427857459194834e-02
9.463561808227970162e-02
9.491002850580000649e-02
9.513584137829379783e-02
9.529820494194939096e-02
9.511892013306579019e-02
9.541214662561216253e-02
9.552890589446481895e-02
9.565435357973696429e-02
9.633857418181503152e-02
9.626358583062036289e-02
9.625316557599754297e-02
9.628993025371840320e-02
9.650908432946188331e-02
9.656653357453220954e-02
9.707012287912135384e-02
9.721760585341673866e-02
9.727561786118650577e-02
9.731091461045045243e-02
9.752672633464841423e-02
9.774390830293855359e-02
9.812239836508243607e-02
9.805681359183436585e-02
9.831889992668026157e-02
9.837874042023871113e-02
9.843299289974159760e-02
9.872284618791606070e-02
9.893432153030072562e-02
9.913416621061899026e-02
9.949775226355443702e-02
9.945143124748623276e-02
9.971665599820149495e-02
9.974097590028699334e-02
9.984607327809454091e-02
1.000637967417279256e-01
1.002107240509989006e-01
1.006274859236268582e-01
1.006329342082793316e-01
1.009924333390246343e-01
1.010683727930462295e-01
1.011629905540287477e-01
1.014625255780926411e-01
1.015112653950968197e-01
1.017385442708334670e-01
1.020119023359600668e-01
1.022845479471663210e-01
1.024712315971905013e-01
1.025142944230361119e-01
1.028376523175603130e-01
1.028383104133817755e-01
1.031408601041516881e-01
1.033114822432164709e-01
1.034365309855359433e-01
1.039395987111644964e-01
1.039520655514240971e-01
1.039855695678615632e-01
1.042927730953014664e-01
1.044474271297052836e-01
1.046233349442917820e-01
1.048494780518757219e-01
1.050684507121105032e-01
1.052862100586221678e-01
1.054593588257206477e-01
1.055438723342355389e-01
1.058696069359415098e-01
1.062271314137878120e-01
1.062129518419329538e-01
1.065000157428143412e-01
1.065420294152208264e-01
1.070159967974819160e-01
1.070991499658530272e-01
1.072960998903923352e-01
1.073823210764017350e-01
1.077521588706581157e-01
1.078198189363813453e-01
1.079039808001626272e-01
1.082537753609385395e-01
1.083994542004790840e-01
1.085804329446923011e-01
1.089110269045888563e-01
1.089617675384331186e-01
1.094338963123910602e-01
1.095844549497448639e-01
1.096377906569711291e-01
1.099314571735093560e-01
1.102385486924354202e-01
1.100573635418856389e-01
1.104386702913201096e-01
1.107128643102705395e-01
1.108775413766439205e-01
1.110154461512627699e-01
1.112311858990883834e-01
1.114450166058219699e-01
1.115465322150813454e-01
1.118469223423149833e-01
1.121301891743971130e-01
1.123771220346711230e-01
1.124292708932724261e-01
1.125937574998709945e-01
1.128950082939582933e-01
1.129886676451594130e-01
1.134296680985246997e-01
1.134152276435591439e-01
1.138182664997659799e-01
1.140153219564129100e-01
1.140813902741058816e-01
1.141820911831676194e-01
