1.165734175856414417e-16
2.369937579516090289e-15
3.190711583833660714e-15
-1.404931726511904402e-15
4.121147867408581287e-16
2.939037901938945766e-16
-1.155187057122475359e-16
4.035938250268600416e-16
-6.185052470186746787e-16
-5.325184737614563330e-16
6.578071420904052305e-16
6.926126339124039251e-16
7.140399382876694037e-16
1.526556658859590243e-16
4.152234112098085451e-17
5.984102102729594137e-17
-1.948441408217149610e-16
-1.032507412901395575e-17
2.298161660974073923e-17
-8.375522497772180491e-16
-4.071187831300448829e-16
3.135269821541441897e-16
2.274846977456945676e-16
-1.112221426069481898e-15
9.586775817638226490e-16
-6.875611191503594029e-16
3.358202604886173627e-15
-2.333244708552228790e-15
3.097522238704187034e-17
2.809197319209033686e-15
9.620082508376980476e-16
-1.900923862763193016e-15
7.323031070427532635e-16
1.223465773136922460e-15
-2.229771922657164355e-15
-3.474998067076739853e-16
-1.644462344074781800e-15
-4.806155473602302569e-15
5.118128143521972006e-16
-2.645661467681747847e-15
-1.325606291402436854e-15
1.791233827930227600e-15
-1.499911306268586462e-15
3.173017404378697203e-15
5.808242775628969235e-15
2.956745959181717059e-15
-5.353273380137580198e-15
-3.534283976591723290e-15
6.543654507140672791e-16
5.943245895423387601e-15
-1.444400155037328635e-15
-4.209743664773668488e-15
-2.719602321121783313e-15
2.659872322396949863e-15
-2.986721980846596239e-15
1.007793848373239608e-14
6.778577699151355483e-15
-1.063504839748929971e-14
1.386224468546970529e-15
-1.057154364048074085e-15
4.518829754829311949e-15
2.625455408633570152e-15
7.416733893705895980e-15
-4.919398222114068883e-15
4.418243548798272899e-15
2.930988785010413405e-16
4.578559753554145794e-15
3.997135955557951105e-15
8.634315484812305019e-15
1.011757344571151409e-14
-6.104672323203885431e-15
7.258194045789423929e-15
3.617106614228760017e-16
-9.766631947627502749e-16
-6.869949054078005910e-15
1.211686306845649550e-14
-4.117817198334705691e-16
3.200661957691863860e-15
6.427858245672268652e-15
1.031696950093419293e-14
-1.381317282778127335e-14
3.095967926469711443e-15
-2.092104267603645117e-15
-4.511391260564323381e-15
3.542832693881337188e-15
7.246425681728396889e-16
-5.306199923893472829e-15
-8.634870596324617092e-15
4.155564781171960899e-15
6.994738122045873764e-15
-1.680655614677561960e-15
-1.737832100445757585e-15
-9.797163080804694396e-15
3.341771304121721073e-17
1.699862473003577173e-15
-1.221600598455552205e-14
3.508637824722882385e-15
-3.570921336404353661e-15
-8.686051877759836645e-15
-6.716960321284659326e-15
2.050359881877739096e-15
-1.724176357242868233e-14
5.673239655834550030e-17
-3.441691376337985374e-16
-2.039812763143800235e-15
-1.239930380592113656e-14
-8.001155293868577916e-15
-2.653988140366436836e-15
-5.096034705331931409e-15
-1.510125358095137961e-15
-1.071331912072537306e-14
1.045830089196897404e-16
5.125899704694347936e-15
-7.041922600592442602e-15
-4.413913679002234624e-15
7.197686890947352708e-15
1.250177739109403713e-14
6.019629239517598439e-16
-6.439293542825907737e-16
7.994271911115902210e-15
-1.272981720035204412e-15
-9.023004565733572854e-15
6.571521105058764356e-15
-7.744693775180166502e-15
9.464318218022071948e-15
-1.670885652060860672e-15
-5.717315509912168624e-15
-1.427857831970413978e-14
-4.531597319612501470e-15
4.274691711714240240e-15
2.485567307530800649e-15
-1.079147882165898336e-14
-4.128475339371107105e-15
9.689804514323441897e-15
1.166289287368726914e-14
1.290079154614431813e-16
-3.548938920516775517e-15
-1.049405007336190527e-14
7.468470286653428395e-16
-1.949329586636849835e-15
3.231859224683830626e-15
-7.735811990983165439e-15
3.288036509729863572e-15
-5.471734176865083631e-15
1.748601263784621551e-15
-4.631961481038615217e-15
-2.746947114218301087e-14
-8.462119893692943025e-16
-1.713118535917601571e-14
1.014843764579609409e-14
-5.763833854643962342e-15
-9.088507724186455891e-15
6.348477299411570369e-15
4.487410443232419880e-15
4.423461597014011595e-15
-9.114153876055297979e-15
2.107547469876180789e-14
5.124789481669722212e-16
-4.173106304961038511e-15
-8.371747739488456065e-15
-6.886491377144920844e-15
8.605338663869588716e-16
-1.660382942247906635e-14
1.444133701511418548e-14
-8.466227718884056786e-15
-1.217803635711334145e-15
-1.075806110861776751e-14
-4.156341937289198275e-15
-3.078259869226940130e-14
2.082778394196793548e-16
-7.164602244813522841e-15
5.522360346787991110e-15
-3.496092304544617969e-16
2.144917576885063712e-14
1.933564419687172672e-15
-3.461453346176313153e-15
1.427746809667951346e-16
1.379507619247988209e-14
-3.826272632068139349e-15
1.522781900575864634e-15
1.006195127217779322e-14
-2.025279943751456727e-14
1.250444192635313800e-15
-1.723710063572525650e-14
-2.111533170534585199e-14
1.196021059968188576e-14
-3.402389481266254822e-15
-7.725931006064001698e-15
3.826605698975526909e-15
-1.601585530863758431e-14
3.169797757607284259e-15
-6.872502567034644130e-15
7.681300040474070291e-15
-5.203393271813183907e-15
-8.961720254774263468e-15
1.155853190937250468e-14
1.042788078109424554e-14
-5.423994586806201931e-15
-1.181332809352397829e-14
1.096067681061185731e-14
-1.726818688041476101e-14
-1.454170117654030120e-15
6.756706305566240385e-15
-1.492361789701135441e-15
1.058131360309744273e-14
-7.920886169188179211e-15
-7.087774811509461990e-15
-9.422240765388777972e-15
8.862910405582624473e-15
1.401112559307193732e-14
1.565303442419008228e-15
4.111821994001729915e-15
4.095057626329889678e-15
-7.027267656667390769e-15
2.006395050102582808e-15
2.198785598039876350e-14
5.859090990156801227e-15
6.745715097622450722e-16
3.376410262490025963e-15
2.380762254006185581e-15
-1.744715483198433566e-14
-1.229916168909994733e-14
1.502842295053596947e-14
-6.568412480589813274e-15
1.904409963060515929e-14
-1.945643646195094228e-14
-1.430189300322126619e-15
-6.928346785173289517e-15
-1.866062859789963252e-14
1.366406987557411444e-14
6.855516154757879380e-15
7.075340313633660028e-15
1.437461261133421368e-14
3.788525049230884437e-15
1.757738399277286673e-14
-1.355027201555003565e-15
2.204481042156203461e-14
2.652988939644274157e-15
-1.678657213233236563e-14
1.366662338853075187e-14
-4.769629136092134849e-15
1.068367616596788065e-15
-1.822131334705545563e-14
-1.252609127533332898e-14
-2.538025345444338996e-14
3.567701689632940322e-15
5.208611320028921815e-15
-1.683420070008878507e-14
1.744460131902769823e-14
2.586619807232182203e-14
-4.393152508441744462e-15
-1.498368096264357660e-14
1.045552533440741140e-14
3.361311229355123920e-15
-2.511213459399641554e-15
2.967548429211319742e-14
-9.910294807013996875e-15
5.993205931531519961e-15
2.043254454520138088e-15
-8.856027022829948767e-15
3.104627666061787598e-15
1.413613670564473048e-14
2.412969823950561567e-14
2.186162362249888315e-14
1.864230991799331516e-14
1.249123027236009827e-14
2.114786123996736978e-14
-6.426748022647643716e-15
1.954170159024215438e-14
2.869460224985687389e-14
6.518341422179219446e-15
-5.550448989311007583e-15
-2.966116241509553078e-14
1.407440830547557207e-14
1.374345082183481232e-15
2.032263246576349016e-15
4.229061545402146155e-15
-1.287137063599175260e-14
-4.170286338478490244e-14
-1.882338729330967822e-14
-2.440381230428556617e-14
-9.401146527920900250e-15
-7.931655332527042586e-15
-2.072231275462854588e-15
2.941258347988196091e-14
1.141353678235645953e-14
-1.346311950811696085e-14
7.619460618002449818e-16
1.968536444962865245e-15
1.165700869165675611e-14
2.775102370122795072e-14
-1.249333969610688668e-15
6.820100040272336596e-15
-1.361144530420688160e-14
2.063837989396688560e-14
-5.325184737614563725e-15
-8.235412352064485883e-15
1.212352440660424669e-14
1.046496223011672572e-15
5.599298802394514218e-15
-4.952482868247897961e-15
-2.938560506038357016e-14
2.876776594717967080e-14
1.817335171239165020e-14
3.432876205522461724e-14
2.684863442681262190e-14
-1.345645816996920966e-14
2.369893170595105544e-14
3.423483718734132544e-15
-2.203226490138377039e-14
9.452216787053658334e-15
-1.731947918415244262e-16
1.177391517614978558e-15
3.063072018250068044e-14
-1.252520309691362777e-14
-5.382916334895071423e-15
-1.287436823815824064e-14
-1.462963084009061181e-14
-7.900791132442464168e-15
-3.777200774379707411e-15
9.480638496484062367e-15
-1.262989712813578137e-14
1.630240387129333597e-14
-1.178934727619207400e-14
1.648192693437522270e-14
-2.621236561139994825e-16
3.006350723921969014e-14
-8.762324199551586212e-15
2.190703174420605114e-14
-2.374245244851636112e-14
-3.256139802232382615e-14
-1.876276911616514494e-16
6.025957510757962268e-15
2.322431136292380039e-14
-3.640643342350813504e-15
8.821610109066568662e-15
-7.304157279008904588e-16
-1.856526044008433059e-14
1.361311063874381940e-14
3.701150497192884725e-15
-2.014199917965697771e-14
1.013755746015476767e-14
-7.426170789415209116e-15
2.196964832279490919e-14
-5.724865026479619448e-15
-5.641709321935195753e-15
1.906164115439423848e-14
1.063049648308833692e-14
-4.961853150575734374e-14
-1.713240660450310290e-14
3.442690577060147954e-15
1.046673858695612538e-14
-1.345690225917906026e-14
1.842115349148798507e-14
2.279265665094953895e-14
-6.884826042607983046e-15
2.228239814883181660e-14
-1.860178677759449673e-15
4.298228439836293925e-15
-3.230005152232706597e-14
1.012401273925433919e-14
-1.634603563616110470e-14
-1.184763398498489535e-14
-7.711831173651262727e-15
1.038902297523236411e-14
-1.238609215192809565e-14
2.461497672356926948e-14
-9.925393840148898919e-16
1.683797545837251285e-14
2.644107155447272700e-15
9.915401832927272132e-16
6.453393375238647694e-15
-2.453481862119133461e-15
4.440448009290776345e-15
-1.121180925878206777e-14
-1.382893799473094933e-15
-4.912070750151542572e-15
3.567668382942201566e-14
8.588241229290360328e-15
3.089617450768855754e-14
3.735789455561189344e-15
-1.605127142312312551e-14
1.140088023987573266e-15
2.765587758801757488e-14
-5.369038547087257361e-16
-4.443112544549876230e-16
-2.776390228831360092e-14
-7.590816863967120286e-15
9.562128866491548264e-15
2.424582756788140619e-14
-2.499556117641077363e-15
5.736411345935720988e-15
-2.933187026599170844e-14
-2.540712085163932081e-14
-1.554822937066546643e-14
3.079747568079938002e-14
2.256084208340780773e-15
-5.131228775212548890e-15
1.396616156057461994e-14
-1.448463571307456823e-14
-2.794020570462407825e-14
-2.704114709928262502e-14
1.125266546608827456e-14
3.143718618758839527e-14
-2.360223128050620327e-14
3.699929251865796743e-15
1.016720041491225889e-14
1.559152806862584917e-14
-1.268363192252763836e-14
8.920086891350820098e-15
-1.998223808641341846e-14
1.076227995611134274e-14
-8.363865156013616103e-15
2.072786386975167450e-15
2.981725977235782845e-14
-5.226929999935237197e-16
1.329336640765177482e-14
-7.670197810227819357e-15
-3.972266959806347971e-15
1.228317447754534447e-14
2.680733413029656766e-14
2.666089571334850844e-15
-1.313804620650671532e-14
3.600564291161844886e-15
-1.959388207239953661e-14
3.658962022257128492e-15
6.847411526678115693e-15
7.656542067024929414e-15
1.191691190172150459e-14
2.254263442580395263e-14
2.672329024733244276e-14
-1.182953734968350567e-14
1.725863896240298325e-14
-1.379396596945525794e-14
1.832578533367268314e-14
3.888933619577983245e-14
-3.325562047962193971e-15
4.077405080238349809e-15
2.037836566159967250e-14
-3.368494372324448508e-14
6.540101793461872287e-15
7.628009335292062335e-15
3.503120016290495358e-14
6.379341499496149576e-15
1.225153312134352788e-14
-8.921086092072982777e-15
-1.218058987006997927e-14
-1.674305138976705995e-14
6.070699498650355931e-15
3.016098482078177732e-14
3.133904247221152981e-14
3.683764404627254115e-14
-8.989808897297279941e-15
-1.798250437445858645e-14
5.004219261195430376e-15
-2.532862808379832138e-15
-1.229760737686547100e-14
-1.753741596388635958e-14
-4.923483842844689404e-14
-6.395106666445826344e-15
4.563460720419243355e-15
2.288169653752447567e-15
4.780287277128536756e-15
-1.554889550448024155e-14
2.226985262865355238e-14
-1.861977239059342416e-14
-2.531308496145357003e-17
3.505973289463781908e-15
-3.193889597241650411e-14
2.425859513266459650e-14
5.163203198321753032e-15
1.643629676806312861e-14
1.366684543313567756e-15
-1.543321026531430006e-14
-2.277034116815457403e-14
8.429923425978813580e-16
-4.137223896805153617e-14
1.243816161178301641e-14
6.742162383943650809e-15
-2.052868985913392018e-14
1.942290772660726338e-14
1.124744741787253665e-14
4.037437051351844237e-15
1.055122655913010089e-14
7.857825501389470560e-15
-7.879807917277047915e-15
6.858624779226829673e-15
3.091271683075547248e-14
-1.990652087613398097e-14
-7.214784325526579715e-15
3.015521166105372418e-14
-3.645195256751776292e-15
-1.546041072941761690e-14
-3.532063530542473024e-15
-1.272859595502495732e-14
3.369970968947200074e-15
4.640732242933154023e-16
-1.635414026424086918e-14
1.416755601724162255e-14
2.235878149292602684e-15
2.537570154004242717e-14
1.535005456076987636e-14
-1.063715782123608811e-14
-4.520162022458862187e-15
1.301292407163145912e-14
3.655964420090640456e-15
-3.518407787339583476e-15
4.464517644464649336e-14
2.477629212904730505e-14
5.871525488032603189e-15
-9.654388399837899113e-15
4.231170969148933769e-15
