5.906386491005833111e-17
8.523182160047326319e-15
-2.450054048530603094e-15
-8.834599718454682697e-16
1.650013459197907661e-15
5.550560011613470432e-16
5.457023721788801064e-16
-2.332661841464300955e-15
-6.354639037198239630e-16
-7.305267502033530115e-16
8.122946759669957339e-16
-9.590106486712102086e-16
2.385314168407148665e-16
-2.124966869132549534e-16
1.734168364464494577e-16
-1.221245327087672293e-16
-5.018208071305707706e-17
-7.088774012231624027e-17
-1.143529715363911174e-17
7.904787935331114193e-17
-1.350475287154040383e-15
1.310840325174922370e-15
3.078648447285559233e-16
-4.889422200449189309e-16
-1.094235813070554272e-15
9.903189379656396262e-16
2.567834833655524711e-15
-3.392841563254478443e-16
-3.233080470010918213e-15
3.923528169025303001e-16
2.416511435399115530e-15
2.489120021209600956e-16
5.609956943430915928e-16
-2.179367797339182178e-15
-4.177547197059539043e-15
4.087841176669826315e-16
-6.770140004164204434e-16
-1.025401985543794653e-15
-2.458033776520096644e-15
3.302025319840140680e-15
-5.261568958303542211e-15
-9.787726185095380865e-16
1.355138223857466020e-15
2.292610545850948098e-15
-3.916866830877552302e-16
6.701306176637444420e-16
6.004974295592546803e-15
-6.969536059386883071e-15
2.757127859354113711e-15
-1.081579270589827599e-15
-1.217026479594096571e-15
-5.908606937055082982e-15
8.326672684688674053e-16
2.685407451963328511e-15
4.183098312182664510e-15
-7.369438392856864097e-15
3.029132500387276985e-15
-1.169953023349989991e-15
-2.319033853837027168e-15
2.629008122312370558e-16
2.601918680511516862e-15
6.108447081487611633e-15
-3.877120846595971342e-15
-3.438582751869034982e-15
-1.691313755713963472e-15
-3.960165528837933569e-15
3.397726544562828988e-15
-4.206635040304718293e-16
3.155142813682232426e-15
-1.211775124687619671e-14
2.221778316879863319e-15
-8.970935105878652091e-15
9.356626584633431889e-15
4.918176976786980902e-15
1.140088023987573266e-15
6.829314891376725219e-15
-7.599143536651809275e-15
6.204370350815224848e-15
3.567479645028015808e-15
-1.032607332973611850e-14
4.264366637585225893e-15
-1.067324006953640444e-14
-8.123501871182270596e-16
3.585021168817092631e-15
6.045497435991365238e-15
-6.049938328089865769e-15
-5.433542504817978902e-15
7.310818617156655188e-15
-5.876410469340953734e-16
-3.986255769916624685e-15
1.047928410713438960e-14
3.082645250174209455e-15
1.708955199575257234e-14
7.285727576800126751e-15
1.290045847923693176e-14
-2.244870955792066399e-15
5.002886993565880137e-15
-3.098410417123887012e-15
-6.188383139260622383e-16
2.666755705149625963e-15
-5.236922007156863591e-15
2.846611835138901433e-16
7.427169990137371795e-15
5.410893955115625639e-15
-2.015387856602046523e-15
-8.631650949553204542e-15
5.066946862086752257e-15
1.955879902482138375e-15
2.332356530132528762e-15
-2.615019312202093548e-15
3.763545031176818257e-15
-1.537880933710766875e-15
3.300137940698277974e-15
-1.166733376578577046e-15
4.575007039875344895e-15
-5.058620189402063267e-15
-2.061351089821528168e-15
-8.224976255633010067e-15
2.037037205582237107e-15
-5.667355473804036264e-15
1.016076112136943182e-15
-6.548650510751485791e-15
-3.850919583214817970e-15
-1.082012257569431348e-14
7.847056338050606002e-16
-5.297873251208784628e-15
2.299826995511011758e-15
5.602185382258540195e-16
-5.462297281155770100e-16
4.920508445138694213e-16
2.155053913099891512e-15
8.403167051085346556e-15
8.199441126066631025e-15
-4.030886735506556091e-15
-5.131339797515011147e-15
1.556865747431856982e-15
1.488142942207559738e-14
-8.628098235874404433e-15
-7.939426893699419502e-15
-8.440137477805365670e-15
7.737477325520103237e-15
-1.563194018672220417e-15
-8.673950446791423032e-15
-4.561573341277381044e-15
4.670153153085720735e-15
-2.274291865944633110e-15
-2.295941214924823793e-16
3.672284698552630087e-15
-9.189315974822419849e-16
1.134314864259522496e-15
6.583289469119790410e-15
-5.410338843603312777e-15
-4.220068738902682835e-15
1.275501926301103600e-14
-1.045219466533353581e-14
-6.824762976975762430e-15
6.550315845288423243e-17
1.199218502279109148e-14
-1.027211649073933543e-14
6.031397603578625478e-15
-1.071831512433618645e-14
-3.727351760574038097e-15
-8.951728247552637864e-16
7.673417456999231907e-15
4.338529535630187057e-15
-2.899347428808596132e-15
7.501776977392181986e-15
-5.317080109534800038e-15
5.477507336593135190e-15
-5.537237335317968245e-15
-5.661582314075985494e-15
1.378008818164744348e-14
-6.413203301747216819e-15
9.335698880619247158e-15
1.881828026739640405e-16
1.508837499386572704e-14
-9.436229575499055474e-15
-8.609779555968088655e-15
2.666755705149625963e-15
-1.749500544434567804e-14
7.475797758615953917e-15
3.954170324504957497e-15
-6.916689443414725720e-16
-2.464917159272772744e-15
1.345701328148152173e-14
-4.032219003136106329e-15
-4.811040454910653706e-15
2.934430476386751356e-15
-2.408007127030487087e-14
-1.951883099593487660e-15
1.975752894622928510e-15
-7.666089985036705596e-15
1.228916968187832054e-14
7.211509167603935642e-15
9.168332759657005567e-15
4.568678768634982052e-15
-1.573163821433354398e-14
-8.200495837940025227e-15
-5.080380560684715911e-16
5.209277453843696934e-15
1.064159871333458785e-14
1.624589351933991468e-15
-3.824718319833663981e-17
3.614442078969659343e-15
1.634337110090200422e-14
4.178324353176776715e-16
7.704392679386273371e-15
2.105760010806534271e-15
-1.519218084666817943e-14
-1.350175526937391618e-14
-1.145417094505774022e-15
3.674394122299417701e-15
-7.234324250759982685e-15
1.091793322416378980e-14
8.759548641990022689e-15
8.334444245861049392e-15
1.703859275892227691e-15
9.975353876257030885e-16
9.689360425113591292e-15
-3.212485832904121831e-15
-5.942357717003687968e-15
-6.086464665600033489e-15
-2.600142323672116807e-15
1.014077710692618022e-14
9.331035943915821324e-15
1.402777893844131530e-14
-3.156253036706857362e-15
-4.274858245167934020e-15
2.821243239026216565e-15
-1.914379765821649792e-14
7.519096456576335085e-15
1.829281170984131632e-14
-4.793831998028963653e-15
1.031297269804554221e-14
-9.723999383481895911e-15
1.165889607079861843e-14
1.542488359262961265e-14
1.843314390015393721e-14
-1.354749645798847332e-14
-2.420175171380378686e-15
1.201250210414173104e-14
-9.416578627963189459e-15
-5.192180019264469927e-15
-3.206546139722377281e-15
1.077582467701176884e-15
3.036737528105959175e-14
-1.373234859158856100e-14
-3.436140261214859710e-16
2.725841774520176745e-14
3.248290525448282908e-15
9.183320770489444171e-15
-1.166478025282913145e-14
2.279332278476431406e-14
-1.264610638429530875e-14
1.629041346262738383e-14
-8.901102077629730779e-15
-2.264188836420544066e-15
4.073519299652162140e-15
2.138567101184207707e-15
-5.172196004821217141e-15
9.655942712072373865e-15
7.459477480153963497e-15
-1.090283419102888657e-14
-1.665756421687092491e-14
-2.602362769721367073e-15
1.227840051853945559e-14
-9.609868456550430753e-15
1.368438695692475399e-14
4.679479026492572403e-15
-1.228261936603303239e-14
1.144073724645977637e-14
5.483391518623648216e-16
1.615707567736990405e-15
-5.001221659028942339e-15
1.256661441573214781e-15
2.564726209186574023e-15
-3.786748692391483594e-15
1.408195782204302289e-14
7.009948177483238459e-16
-4.988787161153141167e-15
2.343336635846071530e-14
-6.424305531993468542e-15
-5.824563054090958865e-15
-1.433875240763882029e-14
1.143563022054649993e-14
9.310219262204099639e-15
-1.472610922093053788e-14
7.719380690218713552e-15
-5.328293362083514018e-15
-1.891042877844029274e-15
-1.706312868776649366e-14
3.121058966826239880e-15
-7.372880084233202738e-15
4.469313807931030194e-15
-5.174305428568004755e-15
5.643818745681983368e-15
3.166356066230946406e-15
1.175448627321884487e-14
2.371736140815983269e-14
-3.440581153313359945e-15
1.292754792103778555e-14
1.580846564763760246e-14
-8.018696817657655528e-15
-3.965605621658596779e-15
-2.113809127735066909e-14
4.521127916490285952e-14
-1.462885368397337364e-14
-4.373168493998491676e-15
2.403544030471493789e-14
1.615207967375909144e-14
-2.691291633993841932e-14
1.273536831547516998e-14
1.636024649087630829e-14
-9.911071963131235040e-15
-2.881550553723855329e-14
5.925260282424460172e-15
-7.597145135207483918e-15
1.854560949254846615e-14
-1.703781560280503913e-14
-7.149281167073695100e-15
-1.265876292677603443e-14
-1.095390445016164465e-14
-1.695532603207539095e-15
7.497669152201069803e-15
1.155742168634787895e-14
4.608535775219024578e-15
-2.157496403754066844e-14
2.717503999605241767e-14
-9.525602528981381333e-15
-1.965982932006227025e-15
-5.013989223812131861e-15
-1.754096867756516127e-14
-4.382050278195492936e-16
1.764421941885530158e-14
2.564370937818694170e-14
3.411626536831135738e-14
1.038269470399200206e-14
2.453370839816670809e-15
-1.419642181588187758e-15
-1.404676375216240620e-14
-1.310185293590393437e-14
-1.941402594241026390e-14
1.583844166930248283e-14
-2.500644136205210083e-14
-1.169286889535214872e-15
1.838695862232953105e-14
2.816036293040724410e-14
2.478683924778124549e-15
1.932787263569934901e-15
-6.220801651579676736e-15
1.319944153976848617e-14
-2.114641795003535729e-15
2.168121238099729521e-14
3.126632286409858509e-14
2.128475173890365204e-14
8.208878021775944162e-15
-1.272548733055600624e-14
1.324340637154364246e-14
-2.003008869877476084e-14
8.406164653251834593e-15
-2.484779049183316574e-14
-2.505951002262918428e-14
4.078626325565437791e-15
1.238942282100197124e-14
1.829647544582258105e-14
-4.054090396721221427e-15
-3.723354957685387382e-15
-4.203859482743155461e-15
1.691202733411501097e-14
1.223576795439384954e-14
-3.609335053056383692e-15
-1.212574485265349656e-14
9.120371124993198565e-15
-4.943934150958284458e-15
-6.176725797502058192e-15
-9.281464485866308293e-17
-2.821809452768775337e-14
4.955702515019311300e-15
7.478906383084904999e-15
2.670885734801231623e-14
1.122257842212093273e-14
-8.743894497342807389e-15
2.689470868233456816e-14
-1.939703953013349678e-14
-4.572120460011319905e-15
3.531286374425235254e-15
-3.072542220650120726e-14
-8.688938457623863213e-15
1.393196669141616434e-14
1.648237102358507409e-15
-1.684430372961287569e-15
-1.759592471728410702e-14
-6.145195463602703866e-15
-1.555167106204180507e-14
3.476552379311215197e-15
-7.181588657090288380e-15
1.642408431479225353e-14
-6.279421427279885053e-16
3.072531118419874737e-14
-1.149991213367229577e-14
1.617961320476979426e-14
4.686695476152635668e-15
1.931321769177429797e-14
2.538502741344927884e-14
-4.909850304102291912e-15
-4.303779554959419392e-15
-1.027056217850486068e-14
-1.343192224112499330e-14
7.069234086998221699e-15
3.537492521132890245e-14
2.176114843877030636e-14
-2.315136971020592642e-14
1.402966631758317761e-14
-1.068767296885653255e-14
7.148726055561383027e-15
2.021838252375118716e-14
-1.640088065357758741e-14
1.820588124701316800e-14
-2.819877664705927492e-14
1.825439799318928550e-14
3.954614413714807313e-15
1.182531850218993044e-14
-2.652966735183781548e-14
-8.361533687661903186e-15
-1.515909620053434957e-14
7.727929407508327055e-15
-1.204814026323219833e-14
-6.737943536450074989e-16
-2.239275431747955713e-14
2.237909857427666877e-14
-2.155942091519591461e-14
-1.662980864125529600e-14
-1.671573990336128322e-14
-1.701805363296671165e-14
1.319966358437341069e-14
9.283351865008171936e-15
4.805489339787527450e-15
1.559008477869383589e-14
7.719602734823638066e-15
-7.247424882450558976e-15
-7.528533352285649799e-15
3.499955880670313385e-14
-2.134969978584422142e-14
4.096778472018058842e-14
1.549604888850808420e-14
-1.797673121473053331e-14
2.267075416284569845e-15
-1.419320216911046306e-14
-1.374611535709391241e-14
-2.826960887603036206e-15
5.886957588074892398e-15
9.333644968023691067e-16
-3.213507238086776882e-14
6.307399047500439072e-15
1.830091633792108079e-14
-2.697730927536667821e-15
-7.431277815328485556e-15
1.411759598113348979e-15
-1.175259889407698256e-14
2.332722903730655157e-14
-2.722155834078421296e-14
-3.649303081942889462e-16
-1.445266128996536251e-14
-5.780709244618264835e-15
2.880229388324551079e-14
1.979527652906654021e-16
-7.495670750756744446e-15
8.777867321896336889e-15
-1.457034493057562935e-14
-3.166389372921684925e-14
1.992483955604029832e-14
2.838740353894309038e-14
8.669731599297847606e-16
1.997957355115431562e-15
-5.529576796448054375e-15
-8.904210702098680284e-15
-1.620481526742878575e-14
-5.023426119521445786e-15
-3.430256079184345993e-15
-6.364908600176022060e-16
-5.673572722741937639e-15
1.902433766076683181e-14
-7.559952663882540290e-15
2.478495186863938160e-14
8.720579813825679796e-15
-1.821920392330867038e-14
1.331157406525562716e-15
3.371414258879212964e-15
-1.112421266213914276e-14
-3.760736166924516768e-14
8.799738715481452775e-15
4.154343535844872918e-15
1.817201944476209997e-14
1.343125610731021818e-14
9.123812816369536418e-16
-1.396804893971648225e-14
-2.426281398015817015e-15
1.485678247092892113e-14
5.167533068117791307e-15
-5.541234138206618960e-15
-1.459488085941984572e-14
-1.276501127023266278e-14
6.462608226343036316e-15
9.385603405576147995e-15
-8.292588837832681508e-15
1.678723826614714075e-14
1.172884012135000436e-14
2.400879495212393628e-14
-4.878542014807862889e-15
2.321731695786866006e-14
1.848432518158915519e-14
1.965094753586527096e-16
