4.418687638008123258e-17
-1.353563788830669545e-14
-7.141731650506244276e-15
-3.089528632926885554e-15
-8.482103908136196107e-17
6.734057755863887122e-16
-2.211730798507005798e-15
-6.772915561725767759e-16
1.783920233755509318e-16
1.028066520802895007e-16
4.856948176978903236e-16
-6.217248937900877218e-17
-5.133671265866723472e-16
3.863576125695544494e-17
4.773959005888172742e-18
-3.471667398002864257e-16
-1.177946629127291026e-16
9.070522111187528363e-17
1.988409437103655281e-16
3.275157922644211622e-17
-4.987121826616203172e-16
-3.068878484668857649e-15
-1.949551631241774891e-16
5.019318294330332617e-16
1.892930256985891980e-16
8.630873793435966969e-16
2.446487457063995104e-15
1.774136393351000199e-15
-1.343036792889051815e-15
5.000222458306779661e-15
-1.044053732357497201e-15
5.875744335526178418e-15
2.742250870824136872e-16
-2.352340544575781548e-15
-1.660005466419534055e-15
-2.083666572616493871e-15
3.693045869113121038e-15
5.076383757796065393e-15
1.640465541186131282e-15
-9.180212146020494667e-15
8.333334022836425245e-16
3.190780972772699724e-15
-1.001998484184696229e-14
-4.067857162226573726e-16
3.582911745070305017e-15
2.705835555616431508e-15
7.340794638821535156e-16
-5.330846875040151449e-15
3.556710481689151644e-15
1.268762872541628986e-15
4.495737115917108870e-15
-2.713385072183882727e-15
-9.289458091643609477e-15
-2.686961764197804052e-15
-3.179678742526448198e-16
1.091793322416378980e-14
3.801403636316535919e-16
4.720224211496315352e-15
-7.791767231424273872e-15
2.802202914153895132e-16
-1.416866624026624827e-15
-1.432409746371376885e-15
-2.620348382720294501e-15
2.599476189857341688e-15
-4.514388862730811417e-15
-2.866595849582154022e-16
-1.600275467694700604e-15
-7.838174553853604742e-17
2.442934743385194600e-15
-1.421085471520200401e-16
-5.724531959572231889e-15
-2.116751218750323343e-15
3.813949156494800434e-15
-2.520206265899105366e-16
1.247202341403408286e-14
3.480660204502328169e-15
1.311828423666838783e-14
-1.104205615831688174e-14
-2.806199717042545649e-15
5.565437000143446975e-15
-3.440692175615822597e-15
-2.860711667551640798e-15
-2.953304267805378812e-15
3.442801599362610408e-16
9.204192963352397379e-15
-2.915445662665660953e-16
-6.154854403916943094e-15
6.847966638190427767e-15
-2.841282764620700479e-15
-8.529732475892614465e-15
3.513633828333695384e-15
2.053690550951614692e-15
-2.597699833017941239e-15
-6.424527576598393056e-15
-4.557798582993654842e-15
5.672129432809924749e-16
-1.510347402700062869e-15
1.057243181890044008e-14
-4.403144515663371052e-16
4.496958361244196851e-15
8.531619855034478354e-15
4.130029651605582547e-16
-1.021172035819972725e-14
-1.015965089834480728e-15
5.201394870368858550e-15
-1.151301276536287246e-15
3.907318912865776219e-15
-3.491540390143654984e-15
4.623301741446539457e-15
-8.227973857799498104e-15
-6.765144000553391632e-15
6.130318475072726730e-15
6.379896611008462438e-15
-4.011901921785465984e-15
8.902101278351893458e-15
5.329070518200751197e-16
-4.428457600624824200e-15
-8.905098880518381494e-16
-7.088774012231624274e-16
2.510214258677478875e-15
1.185496145694742245e-15
-6.237232952344129807e-16
5.913491918363434119e-15
1.090250112412149901e-14
-1.026179141661032227e-15
-1.723399201125630463e-15
5.618283616115604326e-15
8.168243859074663470e-15
-2.792543973839656101e-15
-3.903100065372200201e-15
-6.407208097414240746e-15
-2.417122058062659521e-15
-1.213917855125146081e-15
4.362787908718246595e-15
-1.887212608409072339e-15
8.048894883927460404e-15
-1.151301276536287246e-16
-5.918321388520552944e-15
-6.334932578511143669e-16
-2.564615186884111729e-17
-1.725841691779805834e-16
1.491584633583897867e-15
7.346012687037273458e-15
-6.776523786555799391e-15
-7.242983990352059234e-15
-3.446021246134023550e-15
1.313560371585253975e-15
2.844557922543344947e-15
8.770484338782580633e-15
-3.589017971705743346e-15
3.052225139299480459e-15
3.854139229986231309e-15
6.822320486321586468e-16
-7.365053011909594299e-15
-6.057432333506085071e-15
-3.101907619651455993e-15
-2.897071471608114738e-15
-1.195371579498782914e-14
-9.869938200068872221e-15
6.095235427494572295e-15
3.342659482541421372e-15
4.625355654042095549e-15
7.566780535483986050e-15
-4.085232152561957460e-15
-1.340538791083645315e-15
5.129452418373148046e-15
-5.449085627162731157e-15
3.617051103077529085e-15
-4.934330721795276753e-15
-4.461819802514810104e-15
1.021449591576129078e-14
5.639377853583483034e-16
1.082689493614452732e-15
2.539357613073889155e-15
4.712896739533789632e-16
-3.125277814319815356e-17
-1.264222060370911950e-14
8.399392292801621933e-16
6.658396056735682729e-15
5.465627950229645696e-16
-2.492117623376088795e-15
2.219224803923225494e-15
3.912814516837670163e-15
-3.958333660847301991e-15
5.247080547832183369e-15
-5.897782262564988084e-15
-6.768308136173573448e-15
-8.346823232585620619e-15
6.651734718587931537e-15
-1.057598453257924098e-15
-1.236991065134418482e-14
6.199596391809336757e-15
6.989964163039985870e-16
1.191435838876486795e-15
-1.683708727995281125e-15
-1.254329973221501864e-15
8.229250614277816819e-16
-2.020883460573941108e-16
1.196667764880032741e-14
-4.099748318608931274e-15
5.436040506623385599e-15
3.213374011323821858e-15
-2.094935336316438979e-15
-4.256428542959156775e-15
4.293981836767102146e-15
-4.336420111883398654e-15
-2.467193116473254138e-15
5.508177247648404855e-15
-3.420874694626263590e-15
6.337153024560393738e-16
-1.041777775157015610e-15
-4.614336690522691110e-15
-4.091726957256014083e-15
7.312095373634975481e-15
1.961986129117576705e-15
2.013944566670034027e-15
-2.326971948463096681e-15
1.686317752103150276e-15
-2.741584737009361457e-15
-9.261758027179212086e-16
-5.182521078950230699e-15
-1.200120558486617056e-14
-7.283007530389796329e-15
-2.882527549985525162e-15
1.529609772177309457e-16
1.062816501473662400e-15
-1.321165399303936224e-17
1.496275325862939068e-15
-5.455219609373784459e-15
-1.311784014745853723e-15
-5.212108522556491190e-15
1.134620175591294294e-15
-4.253597474246362518e-15
-4.102759798563226797e-15
-1.006456029628566217e-14
-1.756927936469310245e-16
-3.571087869858047440e-15
-2.803590692934676794e-16
-4.681491305724705247e-15
-1.043165553937797016e-14
-4.252237451041196519e-15
-2.905148344112262663e-15
-3.028952089145775324e-15
-2.378111596534892985e-15
5.537875713557127603e-15
4.421740751325841979e-16
4.528918906565593507e-15
6.797035156935749278e-15
-1.637703861412376232e-15
-1.073308109056370133e-15
-9.796594091504573258e-15
-1.112318570584136471e-15
8.998635170343049876e-16
-2.318548131263753315e-15
-1.254371606584925309e-15
5.857814233678482512e-15
-4.657899066451420828e-15
6.537964614139468911e-15
3.278488591718087390e-15
1.111749581284016162e-14
-2.995520498316750412e-15
-1.428870910480384261e-15
-2.689418132639787106e-15
4.685821175520743522e-15
3.306327434060563193e-15
2.036482094069924639e-15
-2.138338117685378661e-15
-4.172995282658576255e-15
-8.513682814292877917e-15
-4.911557272002653549e-16
1.164748852922059569e-15
-3.274526483298956180e-15
4.320557800419067114e-15
-1.414493522311488465e-15
4.498408590070113089e-15
-9.440434545204822428e-16
-7.679273883454129764e-16
-3.457997777012167444e-17
-7.531666262883263193e-15
-3.910934076589711890e-17
3.527039771356044263e-15
3.811969837008710764e-15
5.001122779790812028e-15
7.224812761941201548e-15
-6.399489878988750729e-15
2.478769793590185540e-15
2.717014981057364148e-15
1.000035557835454804e-15
-1.304527666445842752e-15
7.787114703061704441e-15
1.529460585958375380e-15
6.373720995433984902e-16
-2.167153609344829584e-15
-5.810888228929833234e-15
-6.956733800134174045e-15
-2.106179813887720740e-16
-4.103127559940133861e-15
-2.866533399537018953e-15
8.002001838924855090e-15
4.524717406306777636e-15
2.562582090970266904e-15
-4.410152798506317290e-16
8.488897085268120489e-15
1.123247328482790474e-15
-2.300937218535637088e-15
-3.313273266858374165e-15
-3.132209769329818989e-15
6.591630019592286885e-15
-1.389742487756251331e-15
-4.931083319448248441e-15
1.039918151590768468e-15
-1.427573337320353725e-15
4.452133106624956298e-16
3.824190963896967496e-15
4.544795095817733321e-15
-1.264821580804209597e-15
7.633199627932185665e-16
2.101138707466532079e-15
-1.656452752740733550e-16
3.658781611015626437e-15
-2.956968003786641968e-15
-2.657291053864696670e-15
-8.121045502740287146e-15
1.600108934241006775e-16
-1.925862247453835554e-15
6.562111964925065403e-16
1.019309636696164007e-15
1.985384079361551976e-15
2.840075397081420773e-15
-5.527800439608654320e-15
1.766364832178624072e-15
4.845818191157036343e-15
-4.257011410047084708e-16
-7.272821234138860000e-15
-6.780062622446792015e-15
-6.090114523793488369e-15
-6.573769306683629989e-16
2.223499162568032048e-16
-5.011463466431109402e-15
-4.991840274470859937e-15
-4.121147867408580794e-15
4.120453978018190702e-15
5.674224978768904483e-15
-1.553618345084828473e-16
3.603090048542867344e-15
-1.130109894553754753e-15
-4.128808406278494664e-15
-2.989525293983774734e-15
2.071454119345617212e-15
3.239547519129359864e-15
7.409350910592138146e-15
4.729550084903167020e-15
-1.836003571398237025e-15
-3.586048125114871071e-15
-4.109212969893860566e-16
-8.142653218357054286e-16
4.821310017888435741e-15
-7.119582701164972549e-16
-2.858074887868156083e-15
-3.243016966081313478e-15
-3.876871046415431067e-15
2.378236496625163517e-15
1.088268364313194158e-15
-2.869038340236329393e-15
-3.255395952805883916e-15
-1.940475558015464139e-15
-9.067746553625966517e-16
-1.085742606932171897e-15
-3.288425087788482260e-15
3.918559920990105960e-15
-8.656686478758501851e-16
2.751188166172369162e-15
1.068406474402650091e-14
-6.815742414900682560e-15
-1.254912840309430093e-15
-3.457845121346281126e-15
-2.586764136225383295e-15
6.245864936360590200e-15
4.118955176934946684e-15
-1.274619298996526646e-15
7.062961326909089392e-16
1.469963040179322847e-15
5.508815625887564213e-15
-2.475686322611636513e-15
-2.300937218535636693e-16
1.633998492067689829e-15
1.916578007410407922e-15
5.818678872060445050e-16
1.912164870887522757e-15
3.557210082050232984e-15
-6.429801135965362486e-15
-7.330913653902371808e-15
6.258882301324320194e-16
-3.263528336461263365e-15
-2.674443999595155200e-15
1.648570169265894969e-15
-2.643968377569194682e-15
3.955530347710123496e-15
-3.465894238274813685e-15
1.264127691413818913e-15
-3.126998660007984824e-15
2.281730360209621678e-15
3.782973934107758181e-15
5.267286606880361458e-15
4.356570659780345220e-15
-1.550259920435337313e-15
8.243405957841787855e-17
5.380473844240896249e-15
-3.319955421687836981e-15
-1.705302565824240383e-15
1.429467655356120371e-15
-7.168154958492323345e-16
-1.539379734794010893e-15
1.561306639530357711e-15
1.883715405881502963e-15
-8.414380303634061128e-16
3.475553178589052518e-15
-2.388200748271174149e-15
1.080879830084313645e-14
2.986944025451521147e-15
1.601774268777944622e-15
2.106093077713921831e-15
-6.479261571712413901e-16
-7.955247571800327794e-15
5.255629265121797661e-15
3.899658373995862545e-16
1.104338842594643119e-15
4.550582133333591577e-15
-6.568079413682425714e-15
-1.023414686329715521e-14
-1.003114258324444633e-14
-3.446076757285254678e-15
-4.360012351156683861e-15
2.056244063908252517e-15
-2.498556916918914684e-15
5.310585304840742626e-15
-1.885047673511053202e-15
1.071809307973126115e-15
5.974609695869048936e-15
7.881473251813986501e-16
7.038258864611180038e-16
-1.980970942838666812e-15
7.288059045151839865e-16
-8.043010701896946983e-16
-9.673928325071301294e-16
-5.456468610276488202e-15
8.863076939036319042e-15
1.668665206011610160e-16
4.174272039136894970e-15
2.132904963758619589e-15
4.973077505354695132e-15
-8.688327834960318039e-15
-5.363987032325212839e-15
-5.184186413487168694e-16
-3.387568003887508815e-15
2.221722805728632191e-15
3.281874771943194114e-15
-3.363975764614224101e-16
2.984168467889958413e-15
2.973177259946169144e-16
1.966038443157458548e-15
-7.342459973358472954e-16
2.319866521105495672e-15
-7.449374450629875241e-15
-2.636058038518740536e-15
6.847300504375652648e-15
1.709077324107965993e-15
-3.355482558475842021e-15
1.820654738082794312e-15
-4.866440583839448487e-15
-5.128342195348523110e-15
7.828571124690596839e-15
-5.669131830643437107e-15
-2.473521387713617375e-15
-2.239763929878790748e-15
4.548583731889266220e-15
7.939204849094494200e-16
-2.003341936784863644e-15
2.464362047760459881e-15
-8.110179194886768212e-16
-1.197208998604537565e-15
-1.020411533048104491e-14
-1.073419131358832587e-15
1.088906742552353516e-15
-1.324718112982736827e-15
3.535727266523736179e-15
-3.046118912664042129e-15
-9.620082508376980476e-16
5.508482558980176653e-15
-3.067879283946694970e-15
9.591327732039190462e-15
-3.830435968410483844e-15
-1.023603424243901753e-14
1.873723398659876570e-15
2.970068635477218654e-15
-7.383704758723297636e-15
3.441025242523210156e-15
4.314604229449514290e-15
1.661115689444159187e-15
1.577959984899734901e-15
2.706002089070125287e-15
4.335032333102617681e-15
3.467781617416676391e-15
-2.862099446332422165e-15
1.169009333779058638e-15
2.179090241583026142e-15
-5.310030193328429764e-15
5.169920047620734958e-15
1.280697770056349411e-15
-2.095379425526289190e-15
3.927524971913953519e-15
1.874167487869726781e-15
