5.240252676230738595e-17
-2.405114996051338471e-14
-4.993547242371220983e-15
-9.013345625419332443e-16
3.498035194837712001e-15
2.920830244335092936e-15
-2.082722883045562320e-15
7.493727860463650020e-16
1.216970968442865246e-15
4.692357613578223787e-16
3.853584118473918446e-16
-1.136424288006310307e-15
-3.741451592986777783e-17
2.076117056049042726e-17
-2.259303855112193409e-17
5.839773109528323659e-17
2.238209617644315601e-16
-6.106226635438361465e-17
8.204548151979906725e-17
-2.630118345336996085e-16
-8.559819519859957134e-17
4.419797861032748045e-16
-1.806221838762666993e-15
-1.956212969389525836e-16
1.652900039061933046e-15
-5.023759186428833740e-16
2.432831713861105555e-15
-3.383959779057477183e-15
-3.564926132071377490e-16
-3.649303081942889462e-16
3.760769473615255524e-15
5.494493748869899545e-16
2.490896378049001208e-15
-2.368771845340233831e-15
-1.953992523340275669e-15
-7.323475159637382452e-15
3.170796958329446937e-16
-2.178923708129332362e-15
-6.161737786669618602e-16
-1.850519737445210840e-15
3.832711925610965238e-15
5.185851748024106295e-15
-2.347899652477281017e-15
2.040145830051187794e-15
-2.423616862756716538e-15
1.396216475768596922e-15
-6.051159573416952962e-15
-5.240474720835663700e-15
-5.563105531791734058e-15
-5.718758799844181119e-15
3.540723270134549179e-15
2.560396339390536143e-15
-4.432232358908549613e-15
9.129363931492662674e-15
-8.974820886464839760e-15
-1.082023359799677613e-15
6.908473793032498987e-15
-1.122879567105883410e-15
1.890043677121866595e-15
4.328315483803634967e-15
-1.141131633630720965e-14
-1.052047338134798434e-15
1.143884986731791248e-14
3.028688411177427267e-16
-3.219646771412953745e-17
-8.554046360131906315e-15
5.979217121421243247e-15
4.590994251429946966e-15
-6.810219055353172855e-15
-2.974953616785569396e-15
3.463784814528026070e-15
-1.249356174071181119e-14
7.032707749488053979e-15
-3.303024520562303359e-15
1.263433802023428230e-15
-9.190426197847046362e-16
2.006173005497657900e-15
6.119327267128938053e-15
2.277289468111121146e-15
5.111577827676682874e-15
4.809375120373715908e-15
-1.072542055169378667e-14
-7.253087019876148081e-16
1.252387082928407911e-14
-4.453104551771502821e-15
8.202660772838043575e-15
1.991407039270143416e-15
-6.974643085300158721e-15
3.138489468312854841e-15
5.212386078312647227e-15
-2.913669305826260799e-15
2.869038340236329393e-15
2.673750110204764320e-15
-1.882272115949490468e-15
-7.491895992473018245e-15
-5.081490783709341438e-16
5.314526596578161818e-15
6.720179968056072468e-16
-6.146527731232254104e-15
3.631539513548886941e-16
-4.777955808776823839e-15
6.695755061514319348e-15
-6.056821710842541475e-15
1.502242774620299380e-15
-1.378885894354198150e-14
-6.087463866322196168e-15
-1.285305195608543722e-15
-6.090683513093608718e-15
8.040346166637846901e-15
1.736721877421132452e-15
1.226352353000947845e-15
-1.587407982839295012e-14
-2.655986541810761799e-15
1.022848472587156631e-15
-8.271827667272191345e-15
-1.258215753807689928e-15
4.214628646082019625e-15
6.673550601021816099e-16
-8.085310199135164289e-15
7.973288695950485956e-15
2.243538688162516160e-15
-3.981592833213198850e-15
6.800782159643858929e-15
-3.292921491038214315e-15
-5.364708677291218692e-15
-1.186450937495919785e-14
5.722089468918056715e-16
6.883382752675970748e-16
-8.168132836772202002e-15
1.873945443264801873e-15
2.202349413948923001e-15
-7.793321543658748624e-15
1.235678226407799218e-16
1.383859693504518935e-14
-9.415468404938565312e-15
-7.796874257337548734e-15
4.503064587879634983e-16
-6.808442698513772800e-15
3.127165193461678604e-15
1.182831610435641769e-15
-9.159339953157540965e-17
3.440470131010897688e-15
6.942890706795879093e-15
1.009436978449684797e-14
-3.146927163300006088e-15
4.154676602752260477e-15
1.560629403485336169e-14
-3.202216269926339006e-15
-7.631451026668400977e-15
7.627898312989600867e-15
1.686539796708075381e-15
-7.900124998627689049e-15
8.551270802570342792e-15
-9.541478718233519570e-15
-1.386513126533372949e-14
5.453748563866156202e-15
-8.398504114381922300e-15
2.668865128896413972e-15
4.376499163072367272e-16
3.935740622296180251e-15
-7.496225862269056519e-15
1.137645533333397894e-14
1.412969741210190538e-14
4.939160191952396367e-15
2.799316334289869550e-15
-4.097389094681602596e-15
9.667044942318624800e-15
6.237232952344129413e-15
3.460343123151687823e-15
1.054978326919808761e-14
-6.477041125663163635e-15
-1.190514353766047854e-14
-1.530997550958090873e-16
1.000516336446821668e-14
5.673961300800555933e-15
7.063682971875096232e-15
-2.931210829615338412e-15
3.360978162447736360e-15
-5.232703159663287573e-15
1.587807663128160084e-14
-4.780731366338386572e-15
5.648814749292796762e-15
-5.047406936853349287e-15
6.874445457327737965e-15
4.744815651491762449e-15
-5.158429239315864941e-15
1.366212698528102060e-14
-1.514910419331272278e-14
-3.757605337995073708e-15
1.112621106358346812e-14
-5.193956376103869982e-15
-7.054135053863319261e-15
-2.669198195803801531e-15
8.391787265082939585e-15
5.206779452038290237e-15
5.790423696083735586e-15
-9.282019597378621304e-16
3.237354828655725359e-15
-7.475298158254873366e-15
-1.780631198045057216e-14
1.011507544390610819e-14
-1.552358241951879017e-14
-1.436245566921456854e-14
-4.488520666257045604e-15
-9.403311462818920176e-15
8.812672813718336076e-15
-3.036570994652265553e-15
-1.080696643285250567e-14
-1.397681970161102026e-14
3.041789042868003855e-15
6.862066470603167526e-15
2.135958077076338753e-15
-1.113387160245338199e-14
-4.194533609336303793e-15
1.704181240569368985e-14
-1.434297125513239788e-15
-4.939049169649934110e-15
-1.239841562750143535e-14
-1.726174758687193394e-15
-1.591954346125135122e-14
3.996303288289482206e-15
-7.859823902833796114e-16
-7.127853862698429819e-15
7.188138972935575934e-16
6.945388708601285790e-15
1.075978195430593525e-14
-3.521849478715921723e-15
-3.558819905435939259e-15
-8.221312519651746912e-15
-1.579758546199627762e-14
-1.073696687114988821e-15
8.681555474510105379e-15
1.445854547199587554e-14
6.026623644572737387e-15
-2.815581101600628052e-15
-1.272437710753138209e-14
6.363853888302628844e-15
1.182981490543966171e-14
-1.342043143282012328e-14
1.884048472788890523e-14
-7.486788966559743186e-16
8.468004075723456052e-15
2.223110584509413558e-15
1.186051257207054713e-15
-9.788503341212617847e-15
9.467260309037328461e-15
-8.743283874679263793e-15
1.938121885203259007e-14
2.275579724653198446e-14
1.481481604059808823e-15
1.363820167910034784e-14
-1.399691473835673531e-14
6.913469796643312381e-15
-1.463534848866743184e-14
7.417788605579290181e-15
-1.459354859179029548e-14
-7.293055048762653259e-16
-5.152211990377963566e-15
4.566680367190656694e-15
-8.894385228330748065e-15
-1.080058265046091051e-14
-5.234590538805150673e-15
-2.520583741727477809e-14
1.154831785754595338e-14
1.139466299093783167e-14
-3.552586003152668900e-14
1.714495212468136712e-14
9.675260592700852321e-15
1.483924094713984194e-14
-1.927014103841884131e-15
-9.113265697635596768e-15
-1.406375016443917016e-14
-9.140688206343838122e-15
-8.260059303211164602e-17
1.932787263569934901e-15
-1.036437602408568628e-14
2.319222591751213162e-14
2.690869749244484567e-14
-3.845257445789229457e-15
-1.095767920844536928e-14
-8.666845019433821235e-15
9.560907621164461071e-15
2.867273085627175800e-14
4.301337064305244218e-15
1.564171014933890605e-14
-6.900147120347810787e-15
8.718137323171503833e-15
-1.913880165460568610e-14
-7.801426171738513100e-15
1.206534872011388839e-14
-4.677258580443321743e-15
-1.408062555441347265e-14
1.869160382028667398e-14
-1.628108758922053216e-14
2.534306098311845027e-15
-2.340350135909829798e-15
-5.656586310465172889e-15
-1.448197117781546775e-14
8.521183758603000962e-15
-7.685851954875033080e-15
2.557076772546906773e-14
-1.284528039491306149e-14
1.993982756687273693e-14
-6.547429265424397809e-15
-5.888289855704442636e-15
1.574962382733247062e-15
-2.556288514199422777e-15
-1.334388155527221925e-14
-3.483768828971278857e-15
1.309652386538573342e-14
-5.112577028398846342e-16
-1.663291726572424550e-14
2.588596004216014873e-15
-8.956835273465913120e-15
-5.648703726990333716e-15
-1.465172427828065378e-14
3.185496311175483910e-14
5.899503108253156616e-15
-1.099098589918412524e-14
2.441535862374166613e-14
5.552225346150407638e-15
-5.158429239315864941e-15
-1.251165837601320087e-14
-1.060740384417613384e-14
-5.941136471676599987e-15
-1.750377620624021803e-15
-9.731548900049346736e-15
4.837508171817716968e-14
-1.023547913092670545e-14
-2.038480495514249996e-15
1.031275065344061612e-14
1.922262349296488492e-14
1.662103787936075640e-14
1.928468496004143089e-14
7.663425449777605119e-15
2.023425871300332698e-14
-5.853206808126287412e-15
1.060851406720075799e-14
-1.880051669900240202e-15
2.262701137567546668e-14
5.257239088507503936e-15
-1.516808900703381525e-14
-1.898725621174435123e-14
-2.006506072405045460e-15
6.280087561094660764e-15
-1.030420193615100262e-14
2.913491670142320557e-14
4.597322522670310598e-15
-3.946398763332581369e-15
1.526312409794172805e-14
-3.235189893757706222e-15
-3.542721671578874536e-15
2.105249308215206785e-14
-1.059385912327570694e-14
1.439293129124052985e-15
5.252132062594228286e-15
7.459588502456427134e-16
4.090727756533851404e-15
-2.934097409479363797e-15
9.159339953157540965e-17
3.102207379868105191e-14
-8.861467115650611189e-15
6.286704490321426107e-14
2.030253742901777511e-14
-1.583344566569167101e-14
1.681565997557754478e-14
1.692379569817603702e-14
-1.937394689122129370e-14
-7.449707517537262801e-15
-1.986477649040807455e-14
1.473299260368321517e-14
-1.183186881803521859e-14
-2.430566858890870071e-14
-8.096079362474029242e-15
-3.378186619329426413e-15
-2.283417899207051927e-14
-1.442646002658420993e-14
2.388977904388411919e-14
1.431665896944878146e-14
5.085931675807842364e-15
-3.062328168823569109e-15
2.392497311376473746e-14
-1.890443357410731667e-14
2.682298827494378119e-16
5.407563286041750043e-15
1.256506010349767188e-14
1.617206368820234186e-14
-7.621903108656624795e-15
1.543987160346205204e-15
-1.176025943294689643e-14
-2.284594735613154532e-14
1.166022833842816866e-14
-1.586430986577624943e-14
-6.676770247793229240e-15
1.669997473641160329e-14
-1.939448601717685935e-14
2.417677169574971989e-14
3.145594895670455849e-15
2.356959072358222243e-14
-8.649858607157057274e-15
-2.993993941657891027e-14
-1.753264200488047070e-14
-3.653521929436465282e-15
-1.374245162111265083e-14
3.434175166461272733e-14
-3.166489292993901351e-14
9.128253708468036949e-15
2.012967570408363958e-14
-1.159083939938909638e-14
2.599731541153005431e-14
-1.037669949965902598e-14
2.467825943597290580e-14
1.839961516481025832e-14
8.865463918539261904e-15
9.322542737777439738e-16
1.485145340041072018e-14
1.828281970261968953e-14
-2.314159974758922572e-14
1.399969029591829883e-14
2.630118345336995986e-15
-2.304934021424287645e-14
4.496514272034346246e-15
-4.327205260779010031e-15
7.543632385420551448e-15
2.104483254328215556e-14
-1.375433100747613993e-14
-7.656764111629853928e-15
9.963474489893541785e-15
-4.628852856569664924e-15
2.297828594066686400e-15
4.645062112729192298e-15
4.254929741875912757e-15
2.750177863219960257e-14
-1.435984664510670116e-14
1.720346087807911456e-14
-1.538835725511944414e-14
3.431999129333007765e-14
4.446754076070647210e-14
2.224875839118567466e-14
-2.430167178602005000e-14
-2.710431878938379514e-14
1.358724244227005280e-14
2.644329200052197924e-14
-2.165323476077674021e-14
2.132605203541970627e-14
9.042100401757125218e-15
1.082645084693467711e-14
3.473887844052114720e-15
1.575062302805463330e-14
4.729150404614301791e-14
-3.202837994820128986e-14
-7.236766741414158647e-15
-3.101541246053330072e-14
1.564093299322166788e-14
1.745614763848379819e-14
-6.742162383943650809e-15
5.430211835744103306e-15
-8.109068971862144065e-15
-1.629341106479387344e-14
1.230260338047628439e-14
-2.633893103620721399e-15
-2.614908289899631291e-15
7.990275108227251692e-16
-5.734634989096320933e-15
8.815503882431131122e-15
4.585554158609283756e-15
5.582945217241786147e-14
-2.557198897079615492e-14
1.960220874508422718e-14
-9.045986182343312887e-15
3.588229713358259823e-14
-3.833489081728203403e-15
1.560096496433516073e-14
-1.903754931475987115e-14
2.056244063908252517e-15
-6.138312080850028160e-15
5.756506382681436228e-16
-1.371425195628717131e-14
-2.224220807534038493e-15
-5.339839681539615558e-15
-9.752199048307375430e-15
1.500932711451241711e-14
-4.751865567698132723e-15
4.610645198965812982e-15
4.122369112735668775e-15
1.407218785942632220e-14
-2.174826985168465300e-14
5.696443317049215416e-15
2.893774109224978292e-14
1.658562176487521204e-14
-1.848410313698423225e-14
-7.336353746723034230e-15
-1.037814278959103769e-14
-1.233024793378945184e-14
-6.887601600169545779e-15
-9.054090810423077363e-15
-1.917843661658480412e-14
-2.570510471144871255e-14
1.894151502312979725e-14
-1.732802790144205553e-14
2.509104035652853939e-15
-5.688227666666989472e-15
-2.846733959671610152e-14
1.394806492527322867e-14
5.902056621209794836e-15
-2.691613598670983187e-14
4.538480702365177175e-15
1.029643037497862728e-14
-1.298616769673799288e-14
-2.608357974054342751e-15
-1.481326172836361229e-14
-2.033828661041070546e-14
