5.139081170701398100e-04
3.772296668552325765e-04
5.591797148925948093e-04
1.508204461642216609e-03
2.515589846505850158e-03
3.135577820707863284e-03
3.653772471843639257e-03
4.068138477413323940e-03
4.698391022665352780e-03
5.396702883957027984e-03
6.100343724677606376e-03
6.984551596788251930e-03
8.398634004986509777e-03
9.140156618067173805e-03
1.061377316543792720e-02
1.118792976715735771e-02
1.155744578250854880e-02
1.200779267778170206e-02
1.240182928560653805e-02
1.298748925361096693e-02
1.307802166500898408e-02
1.438804319450746882e-02
1.544482133233296417e-02
1.709783146735908629e-02
1.716720713325124714e-02
1.769936427568877257e-02
1.747449085270796551e-02
1.766229510063210134e-02
1.740841298464984935e-02
1.731562642409027394e-02
1.757531444298265910e-02
1.861712387855515155e-02
1.906603168904459633e-02
2.038500287200753838e-02
2.113139718007134293e-02
2.089077098196432877e-02
2.192097651397758099e-02
2.129610682269234695e-02
2.165688264881360584e-02
2.110888773831346918e-02
2.211490486755462309e-02
2.224771121272380719e-02
2.292179153617809190e-02
2.296128243650376322e-02
2.394285691565018956e-02
2.518679909225899141e-02
2.593797932603419260e-02
2.517838159944209286e-02
2.632411064039178253e-02
2.679667308056053743e-02
2.691450585531573320e-02
2.790191279246065012e-02
2.890894491628857865e-02
2.951846756619577045e-02
2.983835729897912903e-02
3.080284807483794907e-02
3.116762277095906294e-02
3.247714143589171265e-02
3.268334860979987821e-02
3.395394466585596738e-02
3.376412865678873193e-02
3.514419911688892312e-02
3.643812581754462404e-02
3.710759366363170636e-02
3.730013123497136207e-02
3.806330360887625469e-02
3.902762657697964044e-02
4.071999790607287728e-02
4.113900459453361663e-02
4.126457593086711728e-02
4.208866150425479014e-02
4.348140254340840394e-02
4.418433209422526625e-02
4.577214649574555538e-02
4.551421759779736981e-02
4.679166758098058515e-02
4.679277916638834717e-02
4.823318820655964068e-02
4.878492601233874043e-02
5.028245759410264470e-02
4.948795273605074291e-02
5.199110496355032612e-02
5.324830841262623293e-02
5.381801842523997736e-02
5.454167311969180393e-02
5.497212291686863483e-02
5.580171954541632978e-02
5.738358990050508590e-02
5.803443557776987588e-02
5.937925320641048582e-02
6.134800481727632759e-02
6.141868580702303931e-02
6.229922773616992926e-02
6.181777478952822646e-02
6.340899766216911981e-02
6.423756840462759021e-02
6.513359497549874033e-02
6.656842645774582734e-02
6.785192581913977727e-02
6.787246137568150872e-02
6.956956463730773477e-02
6.966978611216502471e-02
6.965708563486444627e-02
7.158223965909803199e-02
7.184986662487267972e-02
7.296240076561334720e-02
7.297214400241566756e-02
7.550730209020733996e-02
7.538763251285195144e-02
7.590938261596918979e-02
7.724699224140978149e-02
7.837582891902911131e-02
7.855612117832569408e-02
7.908537563661151293e-02
7.923594350017669485e-02
8.118048425192471440e-02
8.203213474078670242e-02
8.248688503129024407e-02
8.372347366972451854e-02
8.372267546685945028e-02
8.467391972094708008e-02
8.517711350269278892e-02
8.724558380075544961e-02
8.666727318990512241e-02
8.781163305489014803e-02
8.876050214479198897e-02
8.782152470672649480e-02
8.925334859863059966e-02
8.940702107121500930e-02
9.041103053131271938e-02
9.153060690558584289e-02
9.273873066543840415e-02
9.332071096961613854e-02
9.384394668964596287e-02
9.403386920355137624e-02
9.493549741872141234e-02
9.512803357606552934e-02
9.587360024661581437e-02
9.641053975984553714e-02
9.673271692347085171e-02
9.799162451758153258e-02
9.750646924275847838e-02
9.941265757965357663e-02
9.940132529037290499e-02
1.001298242946751793e-01
1.004315337092862165e-01
1.007600479849522085e-01
1.011032818315164422e-01
1.015666325068740050e-01
1.022060266862518801e-01
1.027550993187037603e-01
1.037429527479537678e-01
1.049810694193791805e-01
1.050057304392094937e-01
1.049860512685836522e-01
1.058560238559881628e-01
1.049433620032173137e-01
1.061940532321008906e-01
1.066869287554967349e-01
1.076058564471846363e-01
1.077201728847228535e-01
1.084073421328634879e-01
1.090627275164130772e-01
1.089924879665546409e-01
1.091089776818618962e-01
1.098854837030680126e-01
1.103866558208284887e-01
1.104604951345559832e-01
1.109079213102786982e-01
1.118145017200006808e-01
1.127701723227799019e-01
1.122180460668745355e-01
1.127300149399038526e-01
1.140387093343375319e-01
1.140601249030130521e-01
1.140395249655452442e-01
1.146033272758278238e-01
1.150109187314506259e-01
1.151096597316259712e-01
1.152302117399338910e-01
1.162208719303001597e-01
1.161961633885690987e-01
1.160888622882007004e-01
1.169533297841255787e-01
1.170266170014059026e-01
1.169648950060235282e-01
1.179144219060687809e-01
1.176723303987146502e-01
1.186551465461965216e-01
1.189882925059100177e-01
1.191090088417904314e-01
1.196779150809923753e-01
1.203159414966854662e-01
1.203922236581669442e-01
1.203124657681276521e-01
1.201128815809982125e-01
1.207840605958411251e-01
1.202734946992565501e-01
1.210263221281495799e-01
1.212438549730544962e-01
1.215901069762531789e-01
1.215205774234335845e-01
1.220492380763421175e-01
1.216051607405481821e-01
1.226753255903801354e-01
1.229268313375930510e-01
1.232086105009106008e-01
1.236625273128716812e-01
1.224371114425121670e-01
1.231720697306370182e-01
1.234305496363186649e-01
1.234771066634614001e-01
1.241818672444501698e-01
1.243985697385983219e-01
1.244712349863892620e-01
1.249460318359452843e-01
1.249448566551982914e-01
1.243640881735351977e-01
1.246877141099598241e-01
1.257755863301934784e-01
1.255333545377288196e-01
1.253089932468612611e-01
1.250669409616276539e-01
1.250741483697426770e-01
1.257965379551650720e-01
1.254738911007846902e-01
1.257648729069158478e-01
1.261945912429651706e-01
1.264343380052821708e-01
1.263836760235183265e-01
1.268824504530620123e-01
1.263890091609678190e-01
1.265542638201843928e-01
1.260734200941920902e-01
1.266114907388403155e-01
1.265235745366955489e-01
1.268442108946594149e-01
1.265931282157690685e-01
1.269179764879618810e-01
1.271465152802910559e-01
1.269708684234799878e-01
1.267562590716165283e-01
1.267913962312017806e-01
1.265620782338770511e-01
1.265542205473940696e-01
1.272040120746478209e-01
1.269205451086454772e-01
1.269336903696947350e-01
1.268981663082782430e-01
1.273996444983467313e-01
1.272534680089019155e-01
1.271535838073576119e-01
1.274802434754684632e-01
1.272941839717831869e-01
1.267695670031525057e-01
1.268912464863662104e-01
1.276676267024782208e-01
1.272740148941350902e-01
1.275997176270329547e-01
1.279529516618737039e-01
1.274760024585804008e-01
1.274683522913818423e-01
1.281750139522566667e-01
1.275955358278149654e-01
1.271245149927562879e-01
1.276091674146417332e-01
1.273471348265453329e-01
1.275166189978765297e-01
1.271718290786050254e-01
1.272563167957223573e-01
1.269503813937574999e-01
1.266295493730282828e-01
1.267032864788031898e-01
1.268157242493145875e-01
1.266804662790609048e-01
1.272232775180999198e-01
1.274088706067000032e-01
1.270286029891303514e-01
1.268439920473045657e-01
1.267855537220488604e-01
1.268342679446936294e-01
1.268011990547626977e-01
1.262741501233605457e-01
1.262348396017097529e-01
1.265511387823279876e-01
1.263517144668496184e-01
1.263046738971168592e-01
1.261786125263924530e-01
1.258810253420788172e-01
1.263412083122932017e-01
1.257212654648239836e-01
1.257223207735744808e-01
1.261275746569410772e-01
1.258964513292033793e-01
1.254525503721306001e-01
1.252558752261967168e-01
1.254242706904961924e-01
1.255851532196846920e-01
1.255350130663519526e-01
1.251264217227714692e-01
1.251089888948391238e-01
1.249854184655894845e-01
1.243360985001793623e-01
1.245767452318768675e-01
1.245824231824817219e-01
1.240389514683641614e-01
1.240996599923002430e-01
1.244333193414340205e-01
1.240077004808835537e-01
1.239224741820594278e-01
1.241289558424581857e-01
1.239000484712464989e-01
1.237136966546012462e-01
1.236298994011387486e-01
1.231678589428632786e-01
1.231437280526345157e-01
1.225726764999022361e-01
1.229650872746927831e-01
1.228858175759452442e-01
1.227698073365653952e-01
1.226425783447065293e-01
1.224434640759130000e-01
1.223784491013085590e-01
1.222219689839367240e-01
1.218147645744580981e-01
1.222767407118507538e-01
1.221823523118630156e-01
1.215840789864917892e-01
1.219010648347998299e-01
1.218765278270495522e-01
1.214142243046058972e-01
1.210740323893813170e-01
1.212387866959573068e-01
1.210264409044227163e-01
1.203406188739351013e-01
1.204981812469815977e-01
1.200598586417681024e-01
1.199475226284498069e-01
1.200597857452805201e-01
1.202670164692661026e-01
1.196606819749546635e-01
1.198034764726353674e-01
1.196902377905653542e-01
1.195238905939914331e-01
1.190829650300945508e-01
1.187101287535028693e-01
1.191210301151357787e-01
1.187086965013021411e-01
1.189374239776301856e-01
1.185965380584464574e-01
1.180916621568329355e-01
1.181419619794273762e-01
1.179451672490643976e-01
1.181432616677671465e-01
1.175650700713652269e-01
1.174139848260071090e-01
1.170618183002197638e-01
1.167457544616498782e-01
1.166859382268913697e-01
1.170183633628415487e-01
1.170060286833734253e-01
1.166558659270772735e-01
1.162287925034846126e-01
1.165101927422833167e-01
1.159869103149068909e-01
1.154306665213796490e-01
1.155518366476551706e-01
1.154848065739505492e-01
1.148948963142245316e-01
1.153979421056131743e-01
1.146462878677254882e-01
1.147384811884313571e-01
1.145338859369708778e-01
1.143542676892795734e-01
1.139986513199912482e-01
1.140518399554670270e-01
1.140224099166198823e-01
1.136419194650809261e-01
1.136750098366728079e-01
1.137090957040928912e-01
1.129047915004800506e-01
1.127776690951867583e-01
1.128055813340038266e-01
1.130596893958201038e-01
1.126948062158787817e-01
1.123613975525624004e-01
1.121641092979757948e-01
1.125597000061517305e-01
1.118870294475549920e-01
1.120602000863200193e-01
1.113908100329903117e-01
1.112906810486382625e-01
1.111470010643030581e-01
1.112413681502282259e-01
1.108878339211218228e-01
1.104904524894208817e-01
1.102282496657205901e-01
1.103030373099502109e-01
1.103830293439699572e-01
1.099317960211311923e-01
1.097931961977859638e-01
1.097263662983813531e-01
1.095079257276896645e-01
1.095224469477207307e-01
1.092904841581622266e-01
1.092898618586871651e-01
1.090245042342046639e-01
1.085459889078744106e-01
1.086531945863558335e-01
1.084155603726964096e-01
1.079857911597207759e-01
1.083290039343574873e-01
1.080073099168841894e-01
1.076316190357297364e-01
1.072760024239346605e-01
1.073434054878031479e-01
1.072885451268354301e-01
1.070899484129933105e-01
1.069816458643021856e-01
1.068502806147094003e-01
1.064331723556300596e-01
1.063033980020971492e-01
1.061278938541376088e-01
1.061445910145662613e-01
1.058809725780539418e-01
1.056280097321943140e-01
1.056772399478801555e-01
1.057849161026840346e-01
1.053128873266581944e-01
1.047781594040468750e-01
1.050356713367607414e-01
1.046093854950725793e-01
1.044562433678565133e-01
1.044758241862088072e-01
1.042507471019679111e-01
1.040718773842373157e-01
1.039359411398043248e-01
1.036349248784869670e-01
1.035468090320169898e-01
1.032499281963882021e-01
1.034995417709140553e-01
1.030829125848659183e-01
1.030758039866817993e-01
1.030170686725694895e-01
1.025780688515170874e-01
1.025827721996127595e-01
1.020569039806308309e-01
1.020304903277896996e-01
1.022131220138843555e-01
1.019757900095271119e-01
1.016659373494589874e-01
1.016399165310369612e-01
1.012154245841455497e-01
1.013378132844208607e-01
1.010646356728770595e-01
1.011331071253224606e-01
1.011376503995050496e-01
1.010702351210554656e-01
1.007027076904890850e-01
1.006383153444949802e-01
1.001081116996090092e-01
1.000099372236902540e-01
9.998296377986644334e-02
1.000054174271415575e-01
9.965309131686066191e-02
9.962913235509940346e-02
9.965137086585976189e-02
9.926601023196304774e-02
9.928571859923113196e-02
9.901750385776506014e-02
9.867191393936534938e-02
9.860622274780851682e-02
9.827485919310050000e-02
9.832115220861292748e-02
9.846028380430399407e-02
9.831888949189862559e-02
9.831439426119020775e-02
9.790017736597148024e-02
9.786648281862278531e-02
9.753056819643438069e-02
9.731143391694187239e-02
9.712804144324661826e-02
9.739744337825724518e-02
9.692576449942932881e-02
9.689335288219354247e-02
9.704663944516840612e-02
9.657622036546487099e-02
9.659611444008628367e-02
9.633104736349669406e-02
9.629162660790729911e-02
9.598889690379193429e-02
9.613413551684224512e-02
9.554357339231321633e-02
9.555300964442900447e-02
9.581199628469129481e-02
9.546714509463453957e-02
9.553318137894591111e-02
9.528339326094648065e-02
9.482786670329451661e-02
9.500118475751845315e-02
9.484126610923274137e-02
9.474300302892948999e-02
9.465876241584890438e-02
9.436953751268553625e-02
9.433583315443515305e-02
9.430747514846320179e-02
9.412801020769445692e-02
9.395001237025162044e-02
9.370237356430106967e-02
9.374149231516924752e-02
9.358122736802462760e-02
9.329120089002494731e-02
