-9.465262160338960657e-08
-1.004909350076443520e-07
-5.517293359504604753e-08
-1.146628076314623347e-08
-4.676303567698583826e-10
6.669400074712101203e-09
6.759957561874413787e-09
-1.911756445453549548e-09
-9.173002010967767531e-09
-8.538959700668138552e-09
-2.287815200065232896e-09
-4.466312155999040248e-10
-1.998051485189277163e-09
-4.551145799868093903e-11
2.702327806465513159e-09
3.899654565951777007e-09
3.537657622416530931e-09
2.582616472755867719e-09
1.474111809371513948e-09
5.747583580363527621e-10
1.025855471729008584e-11
-3.387917348630210623e-10
-2.249892208922132991e-10
-7.573034127920958407e-11
-3.393902632118680777e-11
-1.047263044513093501e-10
-1.350018255241680031e-07
-1.107816557424988889e-07
-3.685655165879648077e-08
1.257705289149719315e-08
7.087712883227364408e-09
6.725169878030036008e-09
9.348996482059515025e-09
1.645893234896117724e-10
-6.310897266858445201e-09
-5.878772171768674180e-09
2.233533721452591366e-10
3.145110293400313842e-10
-1.579055156312677472e-09
7.498611103028491400e-10
3.753801204247118709e-09
5.069428609454484053e-09
4.040802641464080442e-09
2.769570980413173204e-09
1.372814203741024443e-09
3.066655861614920323e-10
-5.446301712069882861e-10
-4.636691040726095649e-10
-1.269346304145685947e-10
3.849505920656689045e-11
-1.410801138598534451e-10
-2.616825431561935125e-10
-1.729939260690100672e-07
-1.203077818773192396e-07
-2.537566315905264746e-08
2.728774766119801613e-08
1.038494065452765758e-08
8.563196903470486103e-09
1.529047666662181772e-08
3.392003587219790063e-09
-3.624644705413187239e-09
-4.780960805311503572e-09
2.634912394841496449e-09
1.259292347253170613e-09
-1.137940732215315460e-09
8.523610062574044571e-10
4.624291344002498823e-09
5.819827529907599904e-09
4.592445491706516376e-09
3.032010765581527567e-09
1.590352475489515102e-09
1.021949600602520735e-10
-8.548709081079090174e-10
-5.069528247338767266e-10
-6.120072591192772626e-13
1.296729404467235885e-10
-2.150234218454431853e-10
-3.697362240449655371e-10
-1.892842406644121804e-07
-1.256261318989079860e-07
-2.134480617282384917e-08
3.342437960954438441e-08
1.181108539370929949e-08
9.421908341384812671e-09
1.774468445966952025e-08
4.597282655681946318e-09
-2.781952214469352405e-09
-4.475208538473540757e-09
3.613098321236069457e-09
1.642389173308720978e-09
-1.029496584923880978e-09
9.326729916204359921e-10
5.039579518716451865e-09
6.222508610192940770e-09
4.887666739397856657e-09
3.190329467913412917e-09
1.696390486898248151e-09
1.870453739106374762e-11
-9.869500726564387251e-10
-5.343702891014294982e-10
4.903575698975543854e-11
1.650102992695616491e-10
-2.477224324248569782e-10
-4.191423246100039133e-10
-2.131153790022626744e-07
-1.306513801786077745e-07
-1.232415242629028867e-08
4.435318795854674412e-08
1.446894007728766797e-08
1.082868882556461136e-08
2.175743374056994845e-08
6.677560494564722754e-09
-1.142719682498086878e-09
-3.795455909666114978e-09
5.251892409268139473e-09
2.247818920378593479e-09
-8.096886980118723511e-10
1.034677732314896800e-09
5.626772554199764699e-09
6.746599867370145803e-09
5.262820862518125073e-09
3.369221428750213675e-09
1.832016191196539331e-09
-1.375710082307872004e-10
-1.201308149815131224e-09
-5.668535580895575119e-10
1.395245838706641687e-10
2.258660278648218073e-10
-3.001966318307761937e-10
-4.966437177928811003e-10
-3.400590824558073623e-08
-4.091271451190626614e-08
1.045220399250592107e-08
2.017160679933786902e-08
-2.473970566611188831e-08
-2.295733580460683307e-08
-6.138135258147685397e-09
-2.304506465109106164e-09
-6.830783133689842139e-10
-2.717203224366744726e-09
4.661775469012522422e-09
-6.203415816136564502e-12
-8.487758602217497545e-10
2.824432293857086123e-09
6.933169753621087644e-09
6.587862708524375870e-09
4.306698355117624917e-09
2.082588659684247964e-09
4.722636896772781500e-10
-1.208815757436570075e-09
-1.063229048058867628e-09
-1.980303477130557055e-10
-1.167480175174155060e-10
-3.147725489009809816e-10
-6.628347664874201554e-10
-4.900530343597553341e-10
-1.424186004110354873e-08
-3.018898310039490871e-08
2.633298594039486436e-08
1.947541046062572061e-08
-4.281919266051423040e-08
-3.042949956760576208e-08
-8.176581596889281427e-09
2.257157609302766145e-09
4.792711255465105454e-09
1.586876568819241269e-09
9.213078195811449827e-09
3.554435691182719396e-10
-1.352461827812372376e-09
4.831588824754995615e-09
8.758860546658265035e-09
7.591407450638586704e-09
4.498292757111381567e-09
1.748953646440195115e-09
-2.665415471066488480e-10
-2.086904430528272266e-09
-1.110439089262455804e-09
-4.746237749385405060e-11
-1.958557427229868427e-10
-6.964749489101415675e-10
-9.623995484635688468e-10
-5.918380939562286458e-10
-8.907608587239442427e-09
-2.412782894892402691e-08
3.618148728440897856e-08
2.068202221423010385e-08
-4.982842999987570386e-08
-3.220319910280611710e-08
-7.513123807537541652e-09
4.390369857567957689e-09
7.438176792366961216e-09
3.684197367873215066e-09
1.138786151436879030e-08
6.235138585035739002e-10
-1.522975055759800179e-09
5.731431866234021396e-09
9.609881492176864881e-09
8.185847618978831019e-09
4.648398016847320690e-09
1.730060310444121187e-09
-5.920133627342758948e-10
-2.431097377590256119e-09
-1.180128947140006296e-09
6.233702528781630157e-11
-2.232682711613152496e-10
-8.527113433018370177e-10
-1.110585736401396689e-09
-6.494719986077208692e-10
4.476085799454217860e-09
-1.023508360364850890e-08
5.420886733517304142e-08
2.269646510976908367e-08
-6.112527154932887474e-08
-3.489846346416261146e-08
-6.594959945532789726e-09
7.785949882868541870e-09
1.179205054309977783e-08
7.196947059066185242e-09
1.485485809348710984e-08
9.585839366863314101e-10
-1.822132667136266285e-09
7.182727469125192985e-09
1.085930932011905991e-08
8.986208628036283182e-09
4.769484522183074216e-09
1.610157996441049969e-09
-1.174978038054414502e-09
-2.995640842500724804e-09
-1.266144415780511966e-09
2.594218801022908288e-10
-2.680375607865739798e-10
-1.115665284988757500e-09
-1.347319299658093621e-09
-7.334243425382917367e-10
-4.003536571294995579e-08
-8.240447569798585724e-08
2.529797272314011014e-09
1.103020121741004071e-08
-3.393806238009388128e-08
-3.975598190464235064e-08
-3.298492369902211144e-08
8.067595246640567110e-09
1.700564017289369962e-08
1.449985023047932523e-08
5.723048823892920120e-09
-4.047972084445247718e-09
-1.579670230360930723e-09
8.200464941677850790e-09
1.039438981463391243e-08
8.560789307215926979e-09
3.440750722602442179e-09
2.585411077456321514e-11
-2.629329054636212673e-09
-2.325213649952144709e-09
-1.176465428530730242e-09
-3.270423715955680710e-10
-1.454469337992588370e-09
-1.446845630018386153e-09
-1.174984409465721364e-09
-3.953558851210905966e-10
-5.967555913701599613e-08
-9.055548412892850088e-08
3.668616011219118126e-09
2.035823308784195302e-08
-1.878135669744009846e-08
-4.243279473425358814e-08
-4.217085089855295142e-08
1.368677974368489343e-08
2.380257800068450447e-08
1.988526907625312408e-08
3.716957969016634255e-09
-6.319445107629115554e-09
-1.392147342244429208e-09
9.222777737220632336e-09
1.142962762674892247e-08
8.837388764158690730e-09
3.168712910652546084e-09
-9.504199222041929006e-10
-3.243437988800091038e-09
-2.645256856315116851e-09
-1.141803763193661344e-09
-6.426097986955796580e-10
-2.003334472728787991e-09
-1.727901592394812208e-09
-1.228951618762309667e-09
-3.199111329251794827e-10
-7.901037913001851430e-08
-8.566015974841465662e-08
1.487370785518636625e-08
4.378993155044206936e-08
1.190671945507767904e-08
-4.337615421304440362e-08
-5.598643394698710154e-08
2.536704860569489074e-08
3.592851341775789756e-08
2.944715594577584486e-08
5.894026690915895841e-12
-1.004110198000445202e-08
-9.162683125244744759e-10
1.085164889927333911e-08
1.307327481550370949e-08
9.047527992453291575e-09
2.668976024145179142e-09
-2.686440445829779921e-09
-4.262286485897245425e-09
-3.182457330423606312e-09
-9.457439733558607719e-10
-1.166370447978754099e-09
-2.954603555557697916e-09
-2.231239230778618827e-09
-1.309796920010992709e-09
-1.876698727922819533e-10
-7.208410216184190850e-08
-1.047828426638344928e-07
-6.657759568726906916e-09
4.102522369447897830e-08
9.103964433511278870e-09
-4.731687859586029568e-08
-6.032024706113721965e-08
2.155909955432440014e-08
2.996212941716766256e-08
2.283860015308999703e-08
-2.442983701378592977e-09
-9.741650451175513709e-09
-1.820220450498539155e-09
9.443682375376852875e-09
1.246338035166567223e-08
8.558460117944267944e-09
2.465722094341320180e-09
-2.451823802332277395e-09
-3.824443356226759134e-09
-3.094001504308643117e-09
-1.193704973880343478e-09
-1.633268216045109716e-09
-2.736952691472810728e-09
-1.945100604828219341e-09
-1.116067793553887960e-09
-1.457462118727420093e-10
-2.869690512307151981e-08
-1.050538361300166685e-07
-1.408344670198582695e-08
9.220718927207505306e-08
6.444645465395149507e-08
-4.376954990904101260e-08
-8.619315856583584976e-08
3.483190498621438987e-08
3.991776875235703667e-08
2.672847456302894606e-08
-1.395307936060581427e-08
-1.585562203660155604e-08
-3.150017572855890258e-09
9.687216477382682263e-09
1.347086522813575977e-08
8.038862469742170834e-09
7.027288094765946278e-10
-4.465082410771743211e-09
-5.440442716849055221e-09
-3.421606789336731539e-09
-1.580244440059487152e-09
-3.412885593693558086e-09
-3.976345950783922144e-09
-2.207474012095526326e-09
-8.885727098553085735e-10
2.018072871022672762e-10
-1.842646583002202926e-08
-3.653719372282686369e-07
-1.319287877738490736e-07
8.722215963997406859e-08
2.324917134814461482e-07
-4.701878680516100870e-08
-1.827118134127847897e-07
-3.663810823125776403e-08
2.830523772002190905e-08
7.214162201403169337e-09
-5.106176729590031207e-08
-3.718075750571863806e-08
-1.871829378095629418e-08
3.843281594592970642e-09
1.112798821576563068e-08
5.747866284346595371e-09
-3.719414306262980024e-09
-7.864161808600681989e-09
-9.054733501239176215e-09
-4.536963023218607561e-09
-6.779741504351717444e-09
-7.314811006093316589e-09
-4.486168351291259045e-09
-1.004918653066687401e-09
3.305878489459970854e-10
1.086676114034344986e-09
-2.378839950121517427e-07
-1.132255805162580012e-07
-3.861652162994356826e-08
-2.726821137027877949e-08
-4.047437299415909780e-08
-3.722962133383630924e-08
-3.434335520459603314e-08
-2.839488704353464885e-08
-1.753284696183445871e-08
-5.934072624471605267e-09
-3.399527869780185405e-10
-2.547023972205568188e-09
-3.681386070013024280e-09
-1.274183776369732101e-09
-9.457954783820714360e-10
-1.917215462140797361e-09
-2.597444883617705740e-09
-2.273466223265123541e-09
-1.515946508871640741e-09
-5.968673506572314036e-10
7.056402439948126382e-11
4.959080032759749697e-10
7.117071255915932976e-10
5.881654434295674381e-10
3.484467408058593356e-10
1.569523538118016895e-10
-1.986456541441734843e-07
-7.397215276454226576e-08
-1.721899484355804581e-08
-3.225224359604898316e-08
-5.891321450175424171e-08
-4.597190133661793538e-08
-3.443156501249958300e-08
-2.827794447316757516e-08
-1.625357618011104277e-08
-5.685465549294788452e-09
-6.056504609855787247e-11
-3.134529845840730206e-09
-2.919942352689482713e-09
-4.097160306662845781e-10
-1.657089021900785196e-10
-1.640336130287375439e-09
-2.696209317606324191e-09
-2.198417708763875228e-09
-1.268044796197451114e-09
-3.300287451577334062e-10
3.809547406646352113e-10
1.054948518696071965e-09
9.827048707570302263e-10
5.956992057808686265e-10
2.228467807416225952e-10
1.565792587851173558e-10
-1.551734106416675469e-07
-3.833518496786875961e-08
-1.357007396892073627e-09
-3.787272079265713894e-08
-7.335324692810032737e-08
-5.170884724885704661e-08
-3.603852428502873389e-08
-3.157355675948129855e-08
-1.759179481015079692e-08
-6.630386336940302470e-09
9.608756362131722333e-10
-3.596659773155294793e-09
-2.636288594811779032e-09
2.323602939407046317e-10
7.917437315835390217e-10
-1.365117879516314619e-09
-2.582094619165044332e-09
-2.177228170360469857e-09
-1.062159503926114164e-09
-3.354987119519513637e-10
6.740296798349557742e-10
1.433705118651490234e-09
1.214063495157596312e-09
5.921083455529304369e-10
1.617629648747662686e-10
1.778763593047013965e-10
-1.412720956624449034e-07
-2.533978853930599912e-08
5.117909242822932600e-09
-4.008398180635986181e-08
-7.962865809575275486e-08
-5.438981941184067158e-08
-3.701549496703522458e-08
-3.316978406461829979e-08
-1.824501342763713979e-08
-6.948294991242275043e-09
1.429134970778793047e-09
-3.808274885074195070e-09
-2.583926392563283863e-09
5.072260382503306671e-10
1.156831137503887724e-09
-1.284579449070394735e-09
-2.595519243043028391e-09
-2.207730876038546410e-09
-1.011517210669113240e-09
-3.382847239825499080e-10
8.012367493646411385e-10
1.606219413735685496e-09
1.323592673692917735e-09
6.005855123022079920e-10
1.413284320097724065e-10
1.894188588331040305e-10
-1.096819836599444593e-07
6.719158770997518906e-11
1.686413391230763622e-08
-4.321981796890628816e-08
-8.897725004718096292e-08
-5.773720003228647431e-08
-3.758255277212199784e-08
-3.493007432198772260e-08
-1.873753455413230495e-08
-7.208268651359416278e-09
2.332735998195357757e-09
-4.007738182602185940e-09
-2.339065760983146760e-09
1.023012584399628386e-09
1.806204236457748431e-09
-1.088423515445300166e-09
-2.531686356393628900e-09
-2.191417422599076295e-09
-8.834576004990766593e-10
-3.339955446314465152e-10
1.006715709813774276e-09
1.869874674620256391e-09
1.480231583320065136e-09
5.937544786569099860e-10
9.665452870178584799e-11
2.031633338169346148e-10
-8.519622714258850089e-08
-1.519133565037017206e-08
2.535911559827160223e-08
-6.344781219878250739e-09
-2.861397642986790348e-08
4.485709962406241559e-09
1.076522079947146966e-08
3.001744476584721093e-09
-2.188179000914618854e-09
-3.141647216517422203e-09
-7.555216585770382546e-12
-5.489734043906264107e-09
-2.385920847268178775e-09
8.616122975415170570e-10
1.041880999804018613e-10
-2.777270215137400999e-09
-3.290730495806490035e-09
-2.170672928965988185e-09
-5.252448204797982600e-10
3.047209286531549705e-10
1.710948733422663787e-09
1.755794814968053290e-09
8.232378295021403520e-10
2.925269345305519624e-10
2.048362297093679159e-10
3.644412363062360663e-10
2.242440645562781017e-08
5.481079672330889745e-08
7.563080258459295113e-08
1.702181480668557713e-08
-9.333957770832446121e-09
3.208595815545751862e-08
2.825991308532156425e-08
1.424682321712942157e-08
2.067900882458953246e-10
-2.934995907772619825e-09
-1.453932288766004961e-09
-6.955838103949942165e-09
-2.046435572010383619e-09
3.209985581904509073e-09
4.414284810819534263e-10
-2.833828699196985390e-09
-3.421849043632449500e-09
-1.818034102704613673e-09
-1.418636347724622589e-10
1.076049957682066266e-09
2.563503339102536413e-09
2.114244122635818137e-09
6.650093409136507842e-10
1.714703296169730093e-10
3.300240353838575554e-10
5.244394363627326683e-10
7.212214669265066007e-08
8.523166385135668013e-08
9.427294005074573782e-08
2.247454544602062195e-08
-4.008651181977411331e-09
4.247395383503884353e-08
3.463958172263289090e-08
1.767130841631137195e-08
1.078309947480960159e-09
-2.713752412874392911e-09
-2.044033422105900052e-09
-7.610141201966804213e-09
-1.713380633887523313e-09
4.324427402541375249e-09
7.090740338148996773e-10
-2.774847430922900004e-09
-3.486909956875858907e-09
-1.642929012344474460e-09
-2.676408102248110516e-12
1.444059241791865320e-09
2.944417564952862143e-09
2.337039639546404009e-09
6.000617736355983992e-10
1.284327807516257980e-10
3.832562513775659870e-10
6.089290421642824516e-10
1.608095084545904702e-07
1.380485314092453849e-07
1.256613423959701673e-07
3.240293067208875408e-08
6.657391610050752741e-09
6.099498723735545707e-08
4.609341354465492086e-08
2.428374945439402441e-08
3.144748002665857640e-09
-1.924611785504427172e-09
-2.856401704558213408e-09
-8.479245463430196091e-09
-1.016026591918799456e-09
6.216873028915762995e-09
1.139588181516352292e-09
-2.631330277820251139e-09
-3.516281659129528200e-09
-1.300710329472868578e-09
2.516006719269314296e-10
2.056026404933136090e-09
3.547026663568376836e-09
2.658348995235084106e-09
4.554838986206051033e-10
3.932544866205676756e-11
4.678639505678907096e-10
7.423470966135091633e-10
-1.193836920772690023e-08
7.175209851189181932e-08
1.178364766550606225e-07
4.759836083329426085e-08
6.728809336008284451e-09
2.080856812286949341e-08
2.575262643874940061e-08
3.148365530710521364e-08
-4.638833455390398624e-10
-9.138977224835071515e-09
-1.483733954013983239e-08
-8.573979859323229356e-09
1.838260946998737183e-09
5.185954785601892162e-09
-5.996002721844759894e-10
-3.912688032802368152e-09
-4.312506580996956637e-09
-1.704997846583208825e-09
7.711599929701406848e-10
2.860946920227679045e-09
2.900515965182389132e-09
1.868632678780364719e-09
1.509472771000125254e-10
5.377380637494590540e-10
6.636535917415426964e-10
5.613791109597309753e-10
-1.574627665278260963e-08
6.893239722815311101e-08
1.095802845666845007e-07
3.974087306977613321e-08
-5.464842222897850554e-09
1.240280290298831436e-09
1.949133933248074189e-08
3.823103824469224651e-08
-2.322744204893637602e-09
-1.314438240272258847e-08
-1.949970270029531218e-08
-8.202642415396733835e-09
4.155430653333927255e-09
6.206089946892370952e-09
-4.084759960278285368e-10
-4.461460704102153095e-09
-4.469893811462306816e-09
-1.783955526659480160e-09
1.456090332428192727e-09
3.314094805600187653e-09
3.204408973111648596e-09
1.685270583047785236e-09
8.684315166205946224e-11
7.205295234874920259e-10
7.964641108218683192e-10
5.359979788754900474e-10
-2.498595216579483513e-08
4.327760920699534730e-08
6.978090924201215802e-08
1.107376252160726537e-08
-3.690061002836140479e-08
-3.674071609770840041e-08
5.771590333751058051e-09
4.950782308871160899e-08
-5.896695337189617100e-09
-1.942388154203812212e-08
-2.699422635897963970e-08
-6.503225858386007105e-09
8.835872339643937306e-09
8.165249679234485212e-09
1.735627191023802919e-10
-5.170533204116012385e-09
-4.463097933289168837e-09
-1.764065626021508025e-09
2.689890297166757712e-09
4.136896929817809156e-09
3.716518821465954731e-09
1.282958703791197134e-09
-5.763003404495700057e-11
1.040617814153173803e-09
1.044318532153708070e-09
4.963444462034517501e-10
-5.821733986775729243e-08
3.068210486161553574e-08
8.458095695704221884e-08
3.398225240329726158e-08
-2.876203168540584557e-08
-3.361219605495600692e-08
8.425278184849856551e-09
4.940722703775872688e-08
-4.319520326896221898e-09
-1.976796148711363914e-08
-2.401909358586365698e-08
-5.517276810879416504e-09
6.745223971741119342e-09
6.936930824576464714e-09
-5.430764050230006481e-10
-5.603858104099065749e-09
-5.093639717487176460e-09
-1.899546135078923339e-09
2.042824921729371390e-09
3.646648884495877580e-09
3.173840274358180592e-09
1.243832671812982970e-09
2.614933260173669290e-10
1.001550197799599670e-09
8.367156904683925860e-10
3.308516603624643424e-10
-1.952569045521603521e-07
-1.281386990982998677e-07
-1.365266274060430929e-08
-4.964939738749483343e-09
-8.771971819457460193e-08
-1.022442074521159277e-07
-1.701773047592186329e-08
6.347272305918064656e-08
-5.490513558165456125e-09
-2.892439940675438603e-08
-2.957423393992715197e-08
7.965750420910773139e-10
1.215457006214567300e-08
9.292512437767117247e-09
-7.624119698744546047e-10
-6.918142180027161767e-09
-6.342962332254919188e-09
-1.606702601608225067e-09
2.417588435617077854e-09
4.649901103825540120e-09
2.697416925145813567e-09
5.975606578667196006e-10
5.895852915752864145e-10
1.506828531182449850e-09
8.106020661901105208e-10
-5.030985451481138812e-11
-2.875921613224493498e-07
-1.021735018838297413e-07
2.174573457659706175e-07
1.801561697203293845e-07
2.648768594548329971e-08
-2.118497555070820368e-07
-5.150561474037460566e-08
1.038338881946003727e-07
5.627622251943487345e-08
-2.616079444781544905e-08
-3.230761107830067749e-08
9.915362885109158789e-09
1.447581276186797955e-08
9.529955322410351652e-09
-5.825865181365689148e-09
-1.471553617271667696e-08
-1.274138981914443345e-08
-5.932416024525258348e-09
1.370329239161270383e-10
3.241706499832523727e-09
-6.157297357488071736e-10
1.025921389542398203e-09
1.711232677504500151e-09
1.042070637456385555e-09
-8.772125647576213610e-10
-1.842180153793710011e-09
