-4.288742999522023369e-07
-1.866279543998594925e-07
-8.050049805535064457e-08
-3.895747739567971442e-08
-2.261374865544085987e-08
-1.522491508064973754e-08
-1.072724346220067553e-08
-7.875977429749046076e-09
-6.078620254266072259e-09
-4.850732501981801321e-09
-3.936094794639517336e-09
-3.214090249335797636e-09
-2.658049574236272626e-09
-2.206870739256984021e-09
-1.841264748357164888e-09
-1.546296010442957013e-09
-1.272402782606956116e-09
-1.041287447039453631e-09
-8.313144611156219163e-10
-6.404930692878348753e-10
-4.781714429682032299e-10
-3.397506667182270702e-10
-2.250369470898844513e-10
-1.355102589398808039e-10
-6.981083544493865473e-11
-2.394298818012892097e-11
-2.621779839162274109e-07
-1.233422882132767347e-07
-6.731327176859616671e-08
-4.514666304543119014e-08
-3.342815087585084260e-08
-2.536466364255162104e-08
-1.930607164222311404e-08
-1.480827021898376802e-08
-1.144034096058803148e-08
-8.917521427880888996e-09
-7.009311264347923404e-09
-5.536573936670810015e-09
-4.444987008882113472e-09
-3.581711376256118898e-09
-2.895293152217435071e-09
-2.358040287554520038e-09
-1.871239160313224991e-09
-1.479204182876509029e-09
-1.139783484882450482e-09
-8.461508388203629376e-10
-6.109656976741218540e-10
-4.215276715340642999e-10
-2.702630613707156565e-10
-1.569627329670350053e-10
-7.753787768509894618e-11
-2.390627281703034834e-11
-3.147577756230737530e-07
-1.507572404338309014e-07
-8.722751187189833222e-08
-6.183750125491802375e-08
-4.658537363830960272e-08
-3.524488455038695943e-08
-2.667885578141562455e-08
-2.019425411335837328e-08
-1.532801004067820462e-08
-1.171337401462961608e-08
-9.015461616414820128e-09
-6.961617877725706468e-09
-5.466076539397696401e-09
-4.301442368942969053e-09
-3.393823656548699674e-09
-2.707380359528339302e-09
-2.101953985933752943e-09
-1.633891539876491869e-09
-1.241879971184111867e-09
-9.110216043366558856e-10
-6.508109383993569171e-10
-4.435943006841342439e-10
-2.798419345165029789e-10
-1.595709534258085899e-10
-7.669371360995927439e-11
-2.152518087716338090e-11
-3.627084620648581361e-07
-1.823532663020727316e-07
-1.106731842042314956e-07
-8.001887366185289630e-08
-6.030761659061128166e-08
-4.533300142775960908e-08
-3.400186687464174725e-08
-2.542261326123971895e-08
-1.901194101823535161e-08
-1.429068455207837061e-08
-1.080820792140251087e-08
-8.187953569594904032e-09
-6.308461456965946015e-09
-4.869506476155235670e-09
-3.771794065493998955e-09
-2.967051328722815697e-09
-2.274498709872809603e-09
-1.753403543380237400e-09
-1.325007676596437738e-09
-9.645819332478441363e-10
-6.795394825952428506e-10
-4.560736701552816732e-10
-2.832807023106535027e-10
-1.586479980407379834e-10
-7.367554590749558950e-11
-1.781370016022861132e-11
-4.218475966600853611e-07
-2.238726514272023510e-07
-1.427455277187983046e-07
-1.056280483618609984e-07
-8.010529517209898926e-08
-6.024289276068751787e-08
-4.512202521845679506e-08
-3.356919983656231798e-08
-2.488704565084490405e-08
-1.847527938042613869e-08
-1.374509034684484017e-08
-1.020370866789726406e-08
-7.678831046955811944e-09
-5.784059743985552296e-09
-4.376056886841609235e-09
-3.375705041017367581e-09
-2.551369020125594790e-09
-1.945487227208172308e-09
-1.447953384368508641e-09
-1.029307556447404773e-09
-7.069321054872588327e-10
-4.643865564547902476e-10
-2.825835166386508049e-10
-1.538410600186456591e-10
-6.708131890802931108e-11
-1.108749032070181629e-11
-4.598139415126551389e-07
-2.152666050113035631e-07
-1.385159492652001871e-07
-1.035101594532382240e-07
-7.565883637574997299e-08
-5.531065022608680401e-08
-4.085814087316567982e-08
-3.025404606264468626e-08
-2.270753289497360615e-08
-1.720048938589309871e-08
-1.316263630871031278e-08
-1.009850017671788940e-08
-7.892577851269320429e-09
-6.151536329667044941e-09
-4.775652104792432172e-09
-3.744602092517010182e-09
-2.829467802449261397e-09
-2.135837179374826188e-09
-1.574336753780424637e-09
-1.118754976498061336e-09
-7.763625327974564808e-10
-5.198143654906715377e-10
-3.182259553558095889e-10
-1.723284626777565274e-10
-7.600254417490746097e-11
-1.501133159325128676e-11
-2.702787320769846160e-07
-1.696481886500504642e-07
-1.345459439870785930e-07
-1.071091576360552217e-07
-8.116651101608944487e-08
-6.161183969758553218e-08
-4.652805497267354497e-08
-3.498368706773664273e-08
-2.643863748583002681e-08
-2.005401938043851359e-08
-1.533446216063637580e-08
-1.172553365137549182e-08
-9.120155689880035754e-09
-7.058315708000010248e-09
-5.425689255044487631e-09
-4.208203075357735921e-09
-3.143899462757674520e-09
-2.347084034770574849e-09
-1.714895038068411233e-09
-1.210754901710462364e-09
-8.327591364698744094e-10
-5.510019415433076969e-10
-3.308768236737757612e-10
-1.737171871090398599e-10
-7.157607751348867982e-11
-8.666997254898666333e-12
-2.744223965529692082e-07
-1.824511963386854820e-07
-1.505053649797988041e-07
-1.206938632131575763e-07
-9.127837768677690393e-08
-6.914485951348771058e-08
-5.190517173932458062e-08
-3.873562148535550214e-08
-2.904756142356277139e-08
-2.185600744556274233e-08
-1.657457287409694404e-08
-1.255608138162183139e-08
-9.677062531538897543e-09
-7.416489438933156094e-09
-5.645708468308701796e-09
-4.350151721739408758e-09
-3.234346971229707842e-09
-2.411674470174129444e-09
-1.766163452211669503e-09
-1.250952021011262637e-09
-8.599359805931945961e-10
-5.683721699375714609e-10
-3.400231284814651561e-10
-1.763459826065069045e-10
-6.958460679335773046e-11
-4.596244321588094730e-12
-2.567150152727607632e-07
-1.865570318371121541e-07
-1.644191770977448674e-07
-1.338491975375429600e-07
-1.009378739734146201e-07
-7.615274217338507428e-08
-5.648930759330693350e-08
-4.142187427717009624e-08
-3.042934327219548105e-08
-2.235686010382605082e-08
-1.652235615683099070e-08
-1.218165930754530175e-08
-9.168763566728157053e-09
-6.885995364105401204e-09
-5.168056809838536096e-09
-3.979068685372875883e-09
-2.980163411932738796e-09
-2.269227487199670423e-09
-1.710269379710212015e-09
-1.250695560400639247e-09
-8.872484440037080109e-10
-6.019092395931431181e-10
-3.665136295647801078e-10
-1.919959408015284669e-10
-7.546369850073889482e-11
-4.537599884973327450e-12
-1.772676111189749505e-07
-2.174818142383521879e-07
-1.954154531748437025e-07
-1.404609329911102814e-07
-9.660346577072422635e-08
-6.764387874123003625e-08
-4.669915631436775865e-08
-3.336304274654164580e-08
-2.449495191815255285e-08
-1.805627419094996026e-08
-1.351224320370189489e-08
-1.009394535940297317e-08
-7.735787502211676490e-09
-5.914179350433135903e-09
-4.522143628112766441e-09
-3.564393215525511445e-09
-2.719177726542462932e-09
-2.107221282915872874e-09
-1.610713132965508462e-09
-1.189524225568263926e-09
-8.500054452508825562e-10
-5.838776358664336050e-10
-3.620750411830473457e-10
-1.941259384678913017e-10
-7.974901957818384681e-11
-9.736710871686714040e-12
-1.597102045313173949e-07
-2.025762663051782540e-07
-1.771854874067028707e-07
-1.315239533316356023e-07
-9.517762343172508574e-08
-6.799648755460010485e-08
-4.750066869932146862e-08
-3.343923687080928945e-08
-2.358352427746506582e-08
-1.650403470088363029e-08
-1.162497308341394799e-08
-8.105004221981257846e-09
-5.858357347587182815e-09
-4.267240935131494802e-09
-3.175655472869637254e-09
-2.557588083918957766e-09
-2.032737431256714495e-09
-1.694017973149778209e-09
-1.403244481141556298e-09
-1.117147926419454105e-09
-8.548531896493453620e-10
-6.259316933435579308e-10
-4.087118689697207334e-10
-2.274426395142542805e-10
-9.657601954214926963e-11
-1.604058626336343669e-11
-9.441340099172971445e-08
-2.080515658361165713e-07
-1.843314064928810357e-07
-1.311298283044703819e-07
-9.092292870292225876e-08
-5.953640740046368309e-08
-3.643566148873945048e-08
-2.135851942281235275e-08
-1.142880112573970049e-08
-4.836859446601062352e-09
-9.183560372233044654e-10
1.355188031669762774e-09
2.145801685670999124e-09
2.196279822377796652e-09
1.761794402054928947e-09
9.556132236425854124e-10
2.612587266420008124e-10
-3.645705360739481504e-10
-7.709259903138557626e-10
-9.341559921119862140e-10
-9.102159203531391284e-10
-7.671559570419283660e-10
-5.456752039924404160e-10
-3.239494680129624693e-10
-1.505617726149478424e-10
-4.215062334137201901e-11
-8.624811251202596558e-08
-2.618396746930488188e-07
-2.159270429605178577e-07
-1.390596835954267773e-07
-8.513038517218726852e-08
-4.673894837630070231e-08
-2.199493270244508250e-08
-8.404857716748277371e-09
-6.750490161883226189e-10
3.927385159645862854e-09
6.065097947966919758e-09
6.853064065342848707e-09
6.370000312798075797e-09
5.326493867320992729e-09
3.963793393353792651e-09
2.397538924505667398e-09
1.137181592964585378e-09
1.354455312662419032e-10
-4.870616233565945467e-10
-7.772682133081810949e-10
-8.560015729230744138e-10
-7.837010109481386586e-10
-5.816305900092054122e-10
-3.507289121295636053e-10
-1.652983664654986175e-10
-5.117089763272430933e-11
-1.145929587900219313e-07
-2.212423928165110507e-07
-1.631379825676031859e-07
-1.006404627250865286e-07
-5.256487311898871060e-08
-1.520195545757641120e-08
9.846489827024147694e-09
2.425196314744183647e-08
3.211573832850271374e-08
3.547198314891040992e-08
3.524950964617311972e-08
3.278803280603297170e-08
2.836389894339105698e-08
2.303111013372599645e-08
1.736866374004369290e-08
1.181306687859576639e-08
7.174655815628571845e-09
3.565237459010314216e-09
1.098499147072509811e-09
-3.846841523799566538e-10
-1.103735531620665917e-09
-1.235142056545548191e-09
-9.777586847637677399e-10
-6.108281710756373012e-10
-3.076818136309568766e-10
-1.231259543625658216e-10
-3.461513233701811854e-07
-2.880551013217975211e-07
-1.250775700279373224e-07
-4.239579872294412898e-09
8.654023870252353714e-08
1.460840857096863864e-07
1.749200024792749995e-07
1.817338131641555026e-07
1.781340746779901346e-07
1.671553848514756419e-07
1.506949425435746739e-07
1.307798889250326126e-07
1.080747115926586735e-07
8.455880099173272263e-08
6.190908619035701929e-08
4.161272889664549615e-08
2.525697322164753220e-08
1.312166238867920603e-08
4.851408277539072010e-09
-2.397896609347497554e-10
-2.610013649602035230e-09
-2.940033804233630111e-09
-2.227128442987000911e-09
-1.353753023500170937e-09
-7.022948427947646475e-10
-3.255101284782450873e-10
2.015684702058096631e-07
4.214073031102851291e-08
-2.332446903401774137e-08
-3.986858598618729302e-08
-3.703073090358679189e-08
-3.000611179814555046e-08
-2.388240228035321231e-08
-1.973554881587877471e-08
-1.662912794465759757e-08
-1.400086924176118145e-08
-1.158861025820562282e-08
-9.375747306479525334e-09
-7.495530005241210403e-09
-5.807437437827401981e-09
-4.467112780485823306e-09
-3.397299085732325125e-09
-2.516006713796784970e-09
-1.898676673396873182e-09
-1.409707276756935803e-09
-1.053604116352761651e-09
-8.000031671402464593e-10
-6.124592838214439118e-10
-4.719856792027083479e-10
-3.737094907052812780e-10
-2.974744568034765582e-10
-2.376306596076977853e-10
1.208757246537234665e-07
9.411056643099080029e-09
-3.158399209257827010e-08
-3.849660478979810056e-08
-3.405184766989909492e-08
-2.878695804969552704e-08
-2.487501498375876284e-08
-2.196920962944548942e-08
-1.929799933487093024e-08
-1.666981018983058738e-08
-1.400682219982066280e-08
-1.143375322900510216e-08
-9.201574089391964679e-09
-7.168515544079879733e-09
-5.549219918315958757e-09
-4.257037897542338212e-09
-3.189349301215543293e-09
-2.430788407103863440e-09
-1.826202780622570186e-09
-1.376854237282771166e-09
-1.049339514903072039e-09
-8.041350484058628488e-10
-6.182242343787582090e-10
-4.862225955800679341e-10
-3.837242196287945064e-10
-3.034042397948280584e-10
1.713764048199036154e-07
2.073001411125015317e-08
-3.430965879517140061e-08
-4.360626164781923596e-08
-3.827296713759793544e-08
-3.236223571355420756e-08
-2.813710959588247784e-08
-2.488351143365195669e-08
-2.182676819519089407e-08
-1.875740572456666773e-08
-1.563975847862222897e-08
-1.265593284384860709e-08
-1.009949524754510646e-08
-7.813501099263651567e-09
-6.018891824451380573e-09
-4.605694063588844618e-09
-3.450722359592482873e-09
-2.630309097647623564e-09
-1.978544119399453459e-09
-1.491791430952392840e-09
-1.135236560621678632e-09
-8.717757408542489702e-10
-6.737882397462007471e-10
-5.308572542432114637e-10
-4.182852661206708702e-10
-3.300002969800616462e-10
1.934658966812316080e-07
2.570453090163943416e-08
-3.632492208866677792e-08
-4.754163464531435269e-08
-4.222465022592703025e-08
-3.604176051657108539e-08
-3.150846450022196645e-08
-2.786469738552334123e-08
-2.436721410798655406e-08
-2.082816359702913004e-08
-1.724562283555970697e-08
-1.384702961496927184e-08
-1.096089953452530189e-08
-8.421823207872377943e-09
-6.452158299234567236e-09
-4.921460732385790539e-09
-3.689083443637455879e-09
-2.817860177505013998e-09
-2.129330353806728849e-09
-1.614211785990878148e-09
-1.239502644255177838e-09
-9.630291243933216088e-10
-7.506047856359447147e-10
-5.913296917759771740e-10
-4.632521080242272203e-10
-3.626130712217745387e-10
2.282964110438597931e-07
3.461875981089860091e-08
-3.865806279304997023e-08
-5.308289739334109348e-08
-4.778488418330873953e-08
-4.117281555846654174e-08
-3.620627372287983194e-08
-3.201913387739663303e-08
-2.791319641204664777e-08
-2.371370276472146918e-08
-1.946033691992177163e-08
-1.545077918824764246e-08
-1.206461126340609319e-08
-9.138928772257026096e-09
-6.900460519308650522e-09
-5.198217252551074038e-09
-3.870915553282701764e-09
-2.954732178872764566e-09
-2.249256278657490952e-09
-1.734652628476932121e-09
-1.364076719259383401e-09
-1.084780963819670454e-09
-8.616972975436336108e-10
-6.832341453360655797e-10
-5.318924451662869237e-10
-4.109246115341072843e-10
7.999581376116285842e-08
-1.145354371441041634e-07
-1.331698211708636779e-07
-9.764201870401824434e-08
-6.465568943301224586e-08
-4.704401647301240655e-08
-3.760379085562078566e-08
-3.171818362040523429e-08
-2.720748327806891103e-08
-2.303605011706863341e-08
-1.906430981839949850e-08
-1.539840145874403334e-08
-1.234980112983892680e-08
-9.650271848882366684e-09
-7.555070371263146406e-09
-5.914348095286628262e-09
-4.560038640450937556e-09
-3.582905859386236691e-09
-2.786981263951941460e-09
-2.163752420472308678e-09
-1.681053104835197682e-09
-1.298614030575618743e-09
-9.940812873012348484e-10
-7.720069610495414514e-10
-5.997893739537038559e-10
-4.628873980304923598e-10
6.117057942850898550e-10
-1.012451515342287053e-07
-9.648074949178706933e-08
-6.845816155447056480e-08
-4.933964468524076985e-08
-4.090027795962412803e-08
-3.596102173346164169e-08
-3.236220257144351232e-08
-2.872907521988937868e-08
-2.475271551643961282e-08
-2.064469080821846086e-08
-1.669912174468245068e-08
-1.338561205504925882e-08
-1.044445387891707848e-08
-8.174149103853492505e-09
-6.412391768718014235e-09
-4.967116898505458291e-09
-3.922491953180678167e-09
-3.067884414782181299e-09
-2.387300132101468246e-09
-1.853178014562659015e-09
-1.432544424966545158e-09
-1.099361898109141016e-09
-8.536796934469962954e-10
-6.614773113559319193e-10
-5.090766030960100767e-10
-5.098294971259527851e-09
-1.157941664463390529e-07
-1.071626761051488907e-07
-7.487324430289069345e-08
-5.424238412423455422e-08
-4.558608765240855243e-08
-4.035274969031094104e-08
-3.641147084859404076e-08
-3.224313251712738056e-08
-2.759616080777613573e-08
-2.280259822328072048e-08
-1.823244486663426903e-08
-1.443026150271655360e-08
-1.110866832751937475e-08
-8.576337047722731314e-09
-6.642852839171503245e-09
-5.088821884141849571e-09
-3.983578021674983954e-09
-3.096606360993432375e-09
-2.399500959299880505e-09
-1.864919138232674547e-09
-1.451067819811725465e-09
-1.118202886011106553e-09
-8.685973172513173223e-10
-6.730976330063828402e-10
-5.197106048124337602e-10
-1.927163368612082864e-08
-1.399381669806047876e-07
-1.234085395043331962e-07
-8.375918390360551471e-08
-6.076835181731837764e-08
-5.201651789706263403e-08
-4.651308594836474774e-08
-4.216479407132690531e-08
-3.723197825180832202e-08
-3.155781359983667209e-08
-2.567843815524713411e-08
-2.009284640345736747e-08
-1.545121513931641524e-08
-1.145572579237408835e-08
-8.435404078356788369e-09
-6.181868057442996457e-09
-4.456546100474932241e-09
-3.307276966229403599e-09
-2.465975077888639479e-09
-1.863600603831465691e-09
-1.444322476468263574e-09
-1.146475390127015334e-09
-9.096108392407033542e-10
-7.290525817187061528e-10
-5.818417143762865009e-10
-4.647247473409712470e-10
-3.420336002368645405e-07
-2.820408893479603921e-07
-1.529400637340979735e-07
-7.989068809942328836e-08
-5.691738240524754995e-08
-4.991440897451644550e-08
-4.542795069743461253e-08
-4.181960208982673773e-08
-3.660838584410552160e-08
-3.054391325074946042e-08
-2.466555611399598175e-08
-1.929471080643637724e-08
-1.502020526626621714e-08
-1.141549086811601157e-08
-8.736357437198569616e-09
-6.726150816897076689e-09
-5.122554128453926075e-09
-3.981329768256062509e-09
-3.065486881887275110e-09
-2.341651946358265260e-09
-1.788015113581292242e-09
-1.369662863067266078e-09
-1.048701475961070095e-09
-8.169625644794364122e-10
-6.382374874227200162e-10
-4.989575560969457871e-10
-2.503157334449421328e-07
-1.714946399501807042e-07
-9.016633916974609124e-08
-5.530729369602281256e-08
-4.829846651832155914e-08
-4.696180692826674700e-08
-4.567333553904751824e-08
-4.332938569670949134e-08
-3.857491197537221735e-08
-3.256315475465782493e-08
-2.636464261005592889e-08
-2.050623820654267269e-08
-1.574981415993655498e-08
-1.169210427512025500e-08
-8.647325663337056551e-09
-6.368074463859859583e-09
-4.584823527615824457e-09
-3.349204292375808569e-09
-2.411972702969363258e-09
-1.726401253878943065e-09
-1.258674212293688392e-09
-9.419471435442084843e-10
-7.133833622022535552e-10
-5.663423126159595999e-10
-4.645107284381065314e-10
-3.904561996524434108e-10
-3.378059817087318542e-07
-1.748376799387578743e-07
-6.749568120362647426e-08
-4.044320828564856076e-08
-4.458519757391033503e-08
-4.919747627335101176e-08
-5.146737304728332134e-08
-5.037756862758255688e-08
-4.505983983885249441e-08
-3.766206320545026359e-08
-2.987306594733883679e-08
-2.244390198471626409e-08
-1.632970683998603041e-08
-1.111967995365056248e-08
-7.163060797488636359e-09
-4.218962596382162718e-09
-2.029855868451610398e-09
-6.570762454979858814e-10
1.784043233791109822e-10
5.910030942272215678e-10
6.871509411455663593e-10
6.057452167883027423e-10
4.534101023200318447e-10
2.602905598285381256e-10
8.378400705961604416e-11
-5.273877247100968726e-11
-5.544453202482435545e-07
-2.356179813749598829e-07
-6.474218725752198603e-08
-3.226918480530440683e-08
-4.193547723464283149e-08
-5.072401745548035401e-08
-5.495139071757794270e-08
-5.407718895474960650e-08
-4.771243075187840625e-08
-3.919990620118353019e-08
-3.072276455439911866e-08
-2.292172001051427470e-08
-1.670926974846312164e-08
-1.153626112073083398e-08
-7.667579465005230368e-09
-4.793589217062940580e-09
-2.613850210066251718e-09
-1.182940337145871939e-09
-2.480154824382882162e-10
2.618885509394056180e-10
4.478721724263426012e-10
4.565871338909589160e-10
3.828530227617564950e-10
2.381710460743341329e-10
8.049163676211644575e-11
-5.247529378396995061e-11
-3.358372085414753456e-07
-6.153724550813320464e-08
1.462329791072932530e-08
-4.980905912686665773e-09
-3.141592210842296000e-08
-4.845545234842250095e-08
-5.731569081754763338e-08
-5.850640973829242840e-08
-5.260755011617222222e-08
-4.358758012208740957e-08
-3.380385684198009453e-08
-2.433124464102094852e-08
-1.636000374295083560e-08
-9.437989869734867558e-09
-3.971898739811814008e-09
2.236230367609393885e-10
3.322678188795440928e-09
5.157474119333072113e-09
5.949148317209057704e-09
5.884942308947947753e-09
5.272582816489433232e-09
4.384814467578475220e-09
3.371505436655348161e-09
2.335755233443124262e-09
1.441279190369632192e-09
7.685141118386187810e-10
2.303544195209742420e-07
7.315650168643689108e-07
4.804315884401268009e-07
2.248488257331726653e-07
6.955488741015209714e-08
-1.529279356356413372e-08
-5.794470491892197551e-08
-7.146777355649344546e-08
-6.610721235164232573e-08
-5.392999380581242795e-08
-3.976887307878812568e-08
-2.586041866810134214e-08
-1.376237426934922403e-08
-2.942079084158981272e-09
6.093549689350068868e-09
1.331313809741231519e-08
1.854795026402206787e-08
2.127057222580940986e-08
2.159940207734066876e-08
2.010188577712960445e-08
1.755324557147597752e-08
1.435429114581940274e-08
1.080791783061037791e-08
7.387858412896984940e-09
4.601189863445525826e-09
2.617115443769390200e-09
