1.569186602601745228e+01
2.515272709639428506e+00
1.296967604396702889e+00
6.011697802735675999e-01
2.422789441404705202e-01
1.124009111367966635e-01
1.059977872504338087e-01
5.900910219173376853e-02
5.039769046430797594e-02
3.555412475951007234e-02
2.974647097984844946e-02
2.092042135716999998e-02
1.578284834924066626e-02
1.513397929373272791e-02
1.461303142776358872e-02
9.922405115615703236e-03
7.635025387408394572e-03
6.729763066972548752e-03
5.809004554372759928e-03
4.911960086096393840e-03
4.434067034220568089e-03
3.598186421583056838e-03
2.965507118108218990e-03
2.639595159652736132e-03
2.337093532467479119e-03
1.676028404420083773e-03
1.659696580212702104e-03
1.579597504137262827e-03
1.512918286369155851e-03
8.085857426547796980e-04
