7.468376397871664847e-06
-4.585019523747866331e-03
-5.566115221845858475e-03
-3.871061809628023771e-03
-2.249925034209559940e-03
-2.164080691469713602e-03
-2.541415291257312966e-03
-2.617286620506364524e-03
-3.049583527096161664e-03
-2.618618342555300172e-03
-2.057334329173092502e-03
-3.348293338102470082e-03
-2.212940941783031381e-03
3.716545905544446637e-04
3.374199390997810553e-04
3.171189103430667715e-03
5.696617026202960982e-03
2.736258123694332647e-03
2.762303929888963380e-03
5.510534196825758908e-03
7.336531966624973942e-03
1.021190386967281774e-02
1.420503453748046992e-02
1.979180508610170475e-02
1.535909171648668081e-02
1.884239123182457690e-02
2.661291812652923430e-02
2.494891131612943236e-02
3.241251780334087479e-02
3.433209372426169331e-02
3.645772128237354665e-02
3.491352527280474488e-02
4.047214290745740350e-02
4.210073415468494618e-02
5.346333863591594404e-02
5.784598892813812981e-02
5.908687155212386660e-02
6.708434293343495947e-02
7.108155244279136531e-02
6.792593619239845060e-02
7.729923439662760021e-02
7.933568380795165409e-02
8.206230560222813053e-02
8.562218605144349126e-02
8.695676382281654349e-02
9.391062828284997555e-02
9.749943558712670377e-02
1.029885693592893919e-01
1.104531180765025433e-01
1.156786730351967718e-01
1.161701805293087753e-01
1.229856524323258982e-01
1.310206030009995748e-01
1.304318109108582868e-01
1.331343965338423752e-01
1.414263846454383022e-01
1.490557337828262996e-01
1.591385093373794690e-01
1.607786708619468319e-01
1.584815056056607108e-01
1.661756846303800161e-01
1.683572926458665464e-01
1.746629225774649630e-01
1.812551749163771875e-01
1.833749910026934715e-01
1.896999766032841650e-01
1.991031079478918220e-01
1.977679012993019403e-01
2.050709015818208414e-01
2.088926887627308160e-01
2.149132522693518454e-01
2.258963394693573046e-01
2.267708456564652697e-01
2.279846765180133794e-01
2.393932111695062648e-01
2.407734704293449379e-01
2.485986932033276975e-01
2.530223609406426766e-01
2.535729659967583260e-01
2.650060624338783644e-01
2.732010512359366317e-01
2.740557550856123625e-01
2.820330844816043570e-01
2.935308839494084054e-01
2.898730554452244035e-01
2.902073357981114765e-01
2.976734412353357340e-01
3.042087949724978091e-01
3.135805743984629301e-01
3.127128549009812741e-01
3.166380042946709272e-01
3.274929929349384983e-01
3.326492264623724382e-01
3.367798987331663274e-01
3.421263970443599312e-01
3.513510893405957791e-01
3.529637768053899283e-01
3.623793511173879489e-01
3.612283769529527899e-01
3.686075895446366824e-01
3.736997806327037597e-01
3.830472558965089536e-01
3.842962570744098971e-01
3.909534149457576935e-01
3.931778537009086860e-01
3.988439434054606436e-01
4.068254685258663739e-01
4.082762086232414322e-01
4.173615855653391438e-01
4.186615074145559334e-01
4.237705091922133738e-01
4.281407289154809948e-01
4.320667326965848543e-01
4.426565064857711507e-01
4.489082919618590517e-01
4.468881975211481672e-01
4.563817392888719349e-01
4.639722682791749819e-01
4.668728075513189357e-01
4.704624121306379414e-01
4.779624013073980326e-01
4.805422130966620631e-01
4.867106029970967862e-01
4.925116509323128056e-01
5.003730894268657581e-01
5.049072002563427253e-01
5.112056481444121614e-01
5.135802950150456514e-01
5.188336878110276773e-01
5.258156473134033559e-01
5.282533506648370292e-01
5.349809594650021261e-01
5.396840179700328477e-01
5.424270650098929059e-01
5.458475702051999168e-01
5.566808483407090780e-01
5.590889756352003248e-01
5.648098721196646022e-01
5.746910717742756969e-01
5.748140784524420344e-01
5.798262173469129754e-01
5.870662073096479805e-01
5.914897856417608013e-01
5.980184506584964588e-01
6.006530762292218162e-01
6.046304902712260620e-01
6.112018559751500879e-01
6.180009236643989601e-01
6.258084604778018090e-01
6.267020639179252672e-01
6.304257311171480582e-01
6.351667907556988180e-01
6.397479169175975811e-01
6.447850834049174695e-01
6.488189350317919990e-01
6.557282393037653367e-01
6.589601769167291456e-01
6.639091273039881003e-01
6.700367344690530969e-01
6.759336349063771454e-01
6.786921764514284305e-01
6.844097255140556557e-01
6.890792172663683379e-01
6.951585351156741588e-01
7.017833036524776524e-01
7.057202455989927126e-01
7.087605259868696717e-01
7.136584567739713281e-01
7.185808956634279765e-01
7.214507288457190359e-01
7.290798487245991888e-01
7.366564311416324839e-01
7.368784000535640866e-01
7.411183920652846258e-01
7.480880727682750475e-01
7.513981352812966197e-01
7.567609895388578423e-01
7.631807136135995151e-01
7.664094022535863360e-01
7.697475883470394908e-01
7.762649038134257218e-01
7.792207087927061071e-01
7.848824633636887205e-01
7.905117897807020233e-01
7.928934775459894890e-01
7.980657077828490209e-01
8.032603797372979137e-01
8.073498420477761561e-01
8.126218010967238836e-01
8.182784563953870993e-01
8.240633180837529936e-01
8.236578112655500439e-01
8.307086245405020941e-01
8.368448073254883823e-01
8.389017821067933367e-01
8.443195580372168108e-01
8.504024793283312400e-01
8.551058508275147796e-01
8.584234069623150054e-01
8.625795279850358988e-01
8.687757569188135909e-01
8.714528009363546879e-01
8.758823302158675883e-01
8.810897373405827127e-01
8.848922158662163584e-01
8.882749267943752525e-01
8.937449829953816316e-01
8.969063867210732566e-01
9.044660745422241632e-01
9.068857810506925077e-01
9.112557201984365918e-01
9.185113982461216020e-01
9.206157315294535293e-01
9.243986841916707053e-01
9.309751142430288118e-01
9.359686270985386747e-01
9.393349276221613087e-01
9.428777240428479756e-01
9.475736329163764182e-01
9.528245644507790102e-01
9.557526749330892413e-01
9.600630816920228128e-01
9.667832821186458370e-01
9.686517606532798474e-01
9.716767145343158107e-01
9.784189909041474120e-01
9.818145844578429760e-01
9.862516942238838125e-01
9.905410629822523072e-01
9.951021720078678801e-01
9.999300639009515157e-01
1.002400184885034795e+00
1.007064957773868841e+00
1.012978155971520744e+00
1.016445966731448269e+00
1.021265199517059852e+00
1.024222993079305644e+00
1.027694547334153663e+00
1.032757630742529908e+00
1.038409698173016649e+00
1.042549375585330784e+00
1.044019729693892229e+00
1.049204210232558054e+00
1.054465301247535125e+00
1.058371550741992628e+00
1.062909259979393672e+00
1.067297456022209490e+00
1.069932137552770168e+00
1.073418757986685179e+00
1.077881658181460089e+00
1.080615689639077059e+00
1.084257438226118531e+00
1.089735702574943677e+00
1.093887343849861749e+00
1.097925656359725721e+00
1.102888267608626682e+00
