3.195390213541266151e-04
4.180648401092793985e-04
8.510835356757232711e-04
2.017484830855772147e-03
3.464528989224731782e-03
4.565229214802585082e-03
5.506271011296173280e-03
6.407255672190888610e-03
7.635885004895286675e-03
8.963125770951896679e-03
1.013347709813254734e-02
1.136973685225932743e-02
1.333225926862053635e-02
1.442446933183685193e-02
1.626249336778706756e-02
1.733802491086139722e-02
1.824184288279025179e-02
1.891461266916386053e-02
1.971230250621264918e-02
2.068654383691547610e-02
2.077499022331156728e-02
2.238700076301543621e-02
2.356177063515170131e-02
2.598728188471121150e-02
2.592601783644811475e-02
2.636180535043994647e-02
2.653304809661027538e-02
2.649914454350018808e-02
2.646369641587860422e-02
2.682838365833779479e-02
2.729823207688051451e-02
2.856948859884726744e-02
2.920903401359092183e-02
2.978159902785587620e-02
3.044729075504039317e-02
3.042424634882755566e-02
3.133738777727150537e-02
3.106330939135331509e-02
3.103225205166013773e-02
3.166522828382512672e-02
3.296265888999323768e-02
3.271170423055251575e-02
3.347678020799032400e-02
3.379286420195327240e-02
3.406338237385295176e-02
3.536090189465969369e-02
3.609371800777634587e-02
3.576155107300970498e-02
3.633051413094588733e-02
3.748661187597848027e-02
3.809102303719032190e-02
3.919200534780815232e-02
3.981868718802327595e-02
4.016121684286964172e-02
4.045785332837761178e-02
4.163358776737907663e-02
4.211552726488060339e-02
4.241264856848336179e-02
4.356381029358329104e-02
4.438709908163992329e-02
4.524581948018167876e-02
4.657503901821912623e-02
4.746545091170440572e-02
4.791535282522173950e-02
4.863823793318416966e-02
4.863935203406655194e-02
4.997596515335411133e-02
5.137133404061454411e-02
5.146013327684786226e-02
5.230757449118066116e-02
5.283586747867034805e-02
5.350646007428434825e-02
5.501127374804827552e-02
5.647644226316133470e-02
5.663852449469423261e-02
5.713659890471067121e-02
5.824177064990714719e-02
5.865237590634051618e-02
6.016400486055077657e-02
6.018357360296925501e-02
6.010366067679597663e-02
6.180661707866578342e-02
6.202653178871488093e-02
6.276362715859229446e-02
6.474367667921999969e-02
6.442870945222722856e-02
6.470820848911271184e-02
6.615110221698793092e-02
6.636700914467040524e-02
6.755902903542523874e-02
6.872505792225734600e-02
6.897301687568610506e-02
7.022764980011453329e-02
6.975034317088069091e-02
7.182016084469293460e-02
7.115864166392214807e-02
7.256432509479165960e-02
7.220068622448604090e-02
7.319161685313038679e-02
7.438930096131497749e-02
7.597064062261127404e-02
7.534772032859268776e-02
7.752006817315480747e-02
7.622056833031093381e-02
7.667030160744441047e-02
7.800788762589996872e-02
7.842504410952723382e-02
7.954099846986111000e-02
8.053150047121755695e-02
8.118169582832684972e-02
8.003512137184323749e-02
8.151579055712929178e-02
8.217851691240021794e-02
8.249837750625317601e-02
8.152192446755346378e-02
8.388998961982932490e-02
8.435461582675858605e-02
8.444730201403910508e-02
8.440819678532493486e-02
8.511342243009586972e-02
8.563124021440429723e-02
8.657220593125035391e-02
8.694270331366200921e-02
8.755634410563564729e-02
8.791385504703583265e-02
8.796253179414245671e-02
8.858425844641282243e-02
8.943428960871037392e-02
8.932823648016101348e-02
8.950584990736339119e-02
9.042653664532442070e-02
9.067007506356100643e-02
9.047010461098399514e-02
9.116594955167817149e-02
9.171339679291190539e-02
9.161707183191630799e-02
9.179855888361071470e-02
9.250399433846508146e-02
9.316767279362579701e-02
9.358512618040931708e-02
9.345915105550357815e-02
9.391125159663073207e-02
9.479234249402790358e-02
9.417607770296204661e-02
9.413388282646840965e-02
9.425223480881349258e-02
9.521528372600321366e-02
9.492030766597293889e-02
9.496035915493705737e-02
9.464994609045332408e-02
9.557701695778232642e-02
9.542085349891096802e-02
9.622637815423382146e-02
9.710285097146736932e-02
9.697510698719401245e-02
9.666203950610928464e-02
9.773077739430238720e-02
9.691090419437220493e-02
9.640553422519607119e-02
9.722276459840804852e-02
9.784265318482711360e-02
9.735901568622372382e-02
9.738672905831079196e-02
9.824090453188939753e-02
9.796438144287655803e-02
9.790203293166885312e-02
9.723723714699689102e-02
9.837229211242100313e-02
9.905942379316312607e-02
9.881445848683428901e-02
9.799028470015729020e-02
9.863759630779832255e-02
9.808467192465768203e-02
9.822937496337502683e-02
9.807741311004870843e-02
9.826403330971480998e-02
9.863384917066182755e-02
9.811272152218149245e-02
9.906458033902501570e-02
9.867015301266462979e-02
9.909648187878836167e-02
9.865443720315042464e-02
9.901065105034331792e-02
9.936913201234302828e-02
9.876073398707690965e-02
9.907164853651437286e-02
9.883312788684223138e-02
9.906980532281300933e-02
9.843267132290603461e-02
9.913242568437240221e-02
9.942943959671085574e-02
9.871808599855221023e-02
9.901445532246158643e-02
9.931658836632366316e-02
9.854026969630594324e-02
9.921083563738813949e-02
9.929246344783557165e-02
9.929121702652318748e-02
9.842298101415841716e-02
9.853186549232326175e-02
9.838968114065203829e-02
9.916888849989879962e-02
9.921634181748825720e-02
9.883044895554780884e-02
9.824517829992161777e-02
9.858358147557683138e-02
9.815279506473288673e-02
9.863204889314931834e-02
9.896250934481048978e-02
9.855177833851552771e-02
9.794555497804105504e-02
9.866452730099919965e-02
9.801249157755020924e-02
9.744303374582233279e-02
9.794889984615964829e-02
9.803060811415970077e-02
9.765139614359245879e-02
9.757095921026909258e-02
9.784835526862387112e-02
9.742823223341565142e-02
9.756915956187840744e-02
9.730075801602192098e-02
9.730148470640699598e-02
9.718169986352546974e-02
9.694045497496714403e-02
9.740549783457251587e-02
9.670172362301800162e-02
9.678832281817809080e-02
9.654667772994343644e-02
9.629270550184916566e-02
9.621782495407095459e-02
9.645532880822034472e-02
9.599645307510386305e-02
9.617598783746757196e-02
9.633994686578548072e-02
9.634777557450846519e-02
9.580321775551230157e-02
9.558892572347334193e-02
9.552016373755040091e-02
9.557992540278767435e-02
9.551887275603195004e-02
9.475594891217950511e-02
9.521075928821869094e-02
9.518695664449730587e-02
9.449533371369969736e-02
9.480847677116260863e-02
9.450459981347841820e-02
9.427746873781626957e-02
9.407767126143376513e-02
9.438833219781878059e-02
9.416140239622992902e-02
9.429691976176239609e-02
9.422519377204928437e-02
9.378550611674971171e-02
9.405459039869046300e-02
9.325003550708912958e-02
9.350862953953026357e-02
9.330160916089505485e-02
9.337605358854481064e-02
9.291579429038762661e-02
9.322113062489996438e-02
9.292092617689427791e-02
9.277970935849513823e-02
9.289537101925972318e-02
9.250597246778557992e-02
9.240025929872144883e-02
9.246731524588730489e-02
9.193132898225286898e-02
9.220586514773904119e-02
9.214733549511738842e-02
9.217149640864578941e-02
9.186208595443444425e-02
9.180072017743341750e-02
9.188906445894801100e-02
9.184344843954279913e-02
9.149717156465732304e-02
9.131661103432149595e-02
9.121915870776677038e-02
9.120760023762239377e-02
9.090111104820938759e-02
9.072892563302965840e-02
9.100456660646288887e-02
9.100790678056364102e-02
9.066248818844775681e-02
9.043019324109875801e-02
9.069272230861290252e-02
9.036061027442690574e-02
9.060179071384431848e-02
9.035647446634879898e-02
8.987825218174587405e-02
9.019405129951578448e-02
8.996366398620271598e-02
8.972909102005519055e-02
8.956212822071311919e-02
8.972744262958229355e-02
8.959890852465032807e-02
8.963845204268926226e-02
8.909672680312351323e-02
8.916033251464328124e-02
8.956659765359473169e-02
8.917249517213395038e-02
8.917925584310115728e-02
8.922248079867090009e-02
8.900354999330468975e-02
8.918340287479396833e-02
8.897400486941303699e-02
8.892066369141400639e-02
8.878590439368137799e-02
8.895899239975804673e-02
8.883334905255418912e-02
8.851417250251934765e-02
8.854744744063226813e-02
8.855898832138832388e-02
8.831454796280872876e-02
8.828944300071216167e-02
8.836770821499935480e-02
8.846876415541549132e-02
8.816679366969694398e-02
8.804310865846835810e-02
8.807556228364003814e-02
8.781988432376174047e-02
8.788515182913708701e-02
8.824193389339692051e-02
8.818091628997765108e-02
8.813734160079994551e-02
8.799827576578260480e-02
8.812273050965864496e-02
8.801653018950918173e-02
8.753645269928415906e-02
8.765384345808011068e-02
8.759043842632253940e-02
8.778180823331668825e-02
8.783662140694724341e-02
8.776300405935945348e-02
8.788295012677947715e-02
8.771596081694965630e-02
8.750502235297542841e-02
8.748758566515160706e-02
8.769417381073543738e-02
8.767319879963704488e-02
8.775765847058118740e-02
8.757841414162838289e-02
8.741764357403876418e-02
8.744987724250967431e-02
8.779750838996196183e-02
8.776028954556346073e-02
8.750327873850635707e-02
8.751729291763389595e-02
8.763663879128240353e-02
8.757852929423581845e-02
8.740379546942425582e-02
8.746395749549112919e-02
8.756686446523977152e-02
8.733467259095337165e-02
8.743316510076780401e-02
8.753751518020379263e-02
8.754362104860127780e-02
8.766685353297269667e-02
8.779343039738891907e-02
8.751221281447206513e-02
8.785555683295548368e-02
8.766312987134418366e-02
8.762387895132499327e-02
8.759402478489763944e-02
8.782418402174231586e-02
8.793376739513665552e-02
8.787498690761839926e-02
8.785701146667716788e-02
8.790478766224998908e-02
8.802823225635725279e-02
8.790297204153658950e-02
8.792179122622960363e-02
8.775923127288122461e-02
8.761093060206406880e-02
8.784104489869115628e-02
8.813104951064511250e-02
8.806731574266751794e-02
8.805319374351197603e-02
8.803877625744840896e-02
8.833375468667886699e-02
8.844097846209167391e-02
8.852819339184002378e-02
8.843186528811802782e-02
8.839573250546539640e-02
8.847362855419478589e-02
8.868945419766681437e-02
8.863840598956797268e-02
8.852359145843892441e-02
8.858876028624690369e-02
8.868997288460217510e-02
8.869250868526054599e-02
8.898455701587267008e-02
8.877106177074993443e-02
8.895189610088793941e-02
8.902013853529103238e-02
8.935537829366795026e-02
8.928371790132141883e-02
8.930595841439718796e-02
8.942311284591709930e-02
8.939800705576993189e-02
8.950809903901768561e-02
8.944943807131934543e-02
8.939007047177237320e-02
8.963103790640142288e-02
8.979017031684877193e-02
8.986580518511834426e-02
8.987627776098146282e-02
9.004392218815018833e-02
9.026720187777409476e-02
9.031357982566495801e-02
9.019249025942192854e-02
9.029282076295473691e-02
9.031286443842545530e-02
9.037369278130455430e-02
9.077033956032391770e-02
9.080151315551088231e-02
9.074765044031668504e-02
9.077669896576301412e-02
9.095599712939916870e-02
9.093254009114730418e-02
9.121686119639296764e-02
9.140644078726659072e-02
9.133076115856997301e-02
9.132619671701974751e-02
9.144091453046415685e-02
9.151394779294655391e-02
9.186585281384045121e-02
9.180603200562596766e-02
9.188905371048849968e-02
9.187977686123663390e-02
9.191961484382354941e-02
9.207423379934097374e-02
9.221550088414953716e-02
9.235775591952374852e-02
9.258880905632779768e-02
9.260274894926866229e-02
9.265489422479383785e-02
9.256580570839816058e-02
9.272832850659186443e-02
9.283894317751754943e-02
9.304756327337863897e-02
9.324125716902990912e-02
9.315795867719517398e-02
9.337910653446888920e-02
9.344195129462168348e-02
9.350166518964121709e-02
9.364265172520218339e-02
9.364174626440559257e-02
9.381333844984603154e-02
9.391106968905860164e-02
9.412377324115851762e-02
9.427553593686151256e-02
9.430697559724378343e-02
9.444013692498039181e-02
9.451008494840369700e-02
9.470831226186925134e-02
9.476582277481408745e-02
9.481215979931292837e-02
9.510905531239945143e-02
9.506313321467085853e-02
9.514422344257049413e-02
9.532247815121007439e-02
9.540470213114966846e-02
9.551164784170972089e-02
9.563820566753639119e-02
9.578830560480523781e-02
9.601556349950846059e-02
9.606427296672163940e-02
9.607035080079864842e-02
9.624981191889596388e-02
9.655511154467588675e-02
9.655750104637013387e-02
9.662336578739540160e-02
9.665762311425243891e-02
9.691054419057514024e-02
9.701213444257396346e-02
9.709184376025462027e-02
9.721581941773037305e-02
9.738253080691998409e-02
9.759722997273202749e-02
9.750309817019087166e-02
9.775204539102236301e-02
9.775604275560415002e-02
9.778670782419729424e-02
9.812963438547876727e-02
9.820717446110230342e-02
9.848734519841988166e-02
9.853674962365741030e-02
9.872364605452134401e-02
9.885903110198099308e-02
9.897562846518376256e-02
9.887287874706994495e-02
9.912255707030188934e-02
9.934038660959729206e-02
9.931444079795992419e-02
9.944743735996598721e-02
9.951838298670608041e-02
9.963908679819348524e-02
9.978022113366534496e-02
9.995440764843845083e-02
1.002195496149389242e-01
1.002719241495678149e-01
1.002720972973270147e-01
1.003757295509710296e-01
1.005630442397500296e-01
1.006798907225269352e-01
1.010155328035318156e-01
1.009945440608817635e-01
1.012135994005053247e-01
1.012212940152336788e-01
1.013340427578476588e-01
1.013900138732201500e-01
