5.918513400612584042e-05
-5.722243884024452720e-03
-7.144045401439414605e-03
-6.891029364761516035e-03
-7.793355426679239757e-03
-8.883142427894815188e-03
-1.216625202914127513e-02
-1.283347570619254238e-02
-1.254527479242165469e-02
-1.024672192164283700e-02
-7.094752683227322117e-03
-1.129581270802311813e-02
-8.684745782750958459e-03
-1.915417552039594146e-03
-3.708332521995228240e-03
3.646775020795415406e-03
1.080906316196436970e-02
3.206100873356943111e-03
4.345393163802916889e-03
1.268659353245958285e-02
1.910477936296884477e-02
2.625762023799649986e-02
3.822828911920637951e-02
5.055991496549495923e-02
3.936508782917084309e-02
4.856673474930246759e-02
6.728723252519352993e-02
6.660065503603650183e-02
8.607672826971130009e-02
8.878847025336826515e-02
9.634427807825936274e-02
9.808266927518691225e-02
1.120607414863655088e-01
1.118417799615303576e-01
1.362360363015665543e-01
1.487694848782412926e-01
1.572921182692924857e-01
1.740853346756460196e-01
1.803219922322044366e-01
1.789097796268210583e-01
1.986117664071872235e-01
2.045707620713404506e-01
2.136299255170311662e-01
2.239984244187931128e-01
2.309086526834554787e-01
2.449202884225483989e-01
2.553529028773059428e-01
2.669629396106203978e-01
2.782353562262741553e-01
2.962720936952268902e-01
2.997538733724474103e-01
3.096949714551381905e-01
3.257834574026414187e-01
3.250973780746149733e-01
3.373924806986164926e-01
3.595511505439959454e-01
3.736103779629509347e-01
3.876826765650898676e-01
3.970934044604297330e-01
4.000409322231168741e-01
4.119820185942311142e-01
4.204781072647404416e-01
4.391845584122681667e-01
4.432420338577350294e-01
4.573073300121165419e-01
4.739681723071617059e-01
4.777450640304746199e-01
4.865253940443649561e-01
5.000540617793720610e-01
5.094564910916989930e-01
5.165603510726934910e-01
5.364829760257241453e-01
5.467840353956362476e-01
5.477996362194217372e-01
5.702148287156152406e-01
5.778321746024477346e-01
5.900261983768556595e-01
5.974301828889091448e-01
6.038556363011317041e-01
6.158246725393596854e-01
6.301263344600193106e-01
6.404243739363126853e-01
6.524935282388659719e-01
6.681420055283037174e-01
6.745640520483555669e-01
6.871542806595384301e-01
6.983348008668938123e-01
7.067183138872951131e-01
7.191946253060039762e-01
7.264369204610241493e-01
7.381512137480313873e-01
7.528590841281070922e-01
7.647344068339053669e-01
7.685673998025680520e-01
7.803998849309997654e-01
7.911668166420545711e-01
7.970197553212552410e-01
8.118127649115893796e-01
8.198815503832036500e-01
8.341682887836117111e-01
8.472434585715903355e-01
8.542119164329045056e-01
8.617727703452966459e-01
8.758087530987712643e-01
8.856153071567246515e-01
8.878947817891370553e-01
9.007084194945551570e-01
9.132248245644374318e-01
9.237207436423239271e-01
9.331335697014868646e-01
9.393312884007843921e-01
9.489212335520174069e-01
9.580288067543262231e-01
9.692833591694134387e-01
9.804427518270524278e-01
9.887943623307799967e-01
9.997185775573371735e-01
1.011093405194700479e+00
1.019566075529940496e+00
1.026534788736090720e+00
1.035410729438232869e+00
1.043468706693193138e+00
1.057026753174753031e+00
1.061519042935104906e+00
1.072988100678445633e+00
1.083663633878098054e+00
1.090328428064386790e+00
1.098442686433081406e+00
1.109091483290725710e+00
1.119700291002886594e+00
1.127713708532139592e+00
1.136600791289775980e+00
1.144622636056029430e+00
1.153631832382809863e+00
1.159984495397663240e+00
1.170095211415766334e+00
1.179319732314334734e+00
1.188679536687984761e+00
1.196562813043453577e+00
1.205251446948388372e+00
1.213079369791282724e+00
1.220837280208089570e+00
1.230914153742250550e+00
1.241033063581371332e+00
1.247233940681859998e+00
1.257401598303057977e+00
1.263684498289037172e+00
1.270376275420502798e+00
1.279751880871542902e+00
1.287522501076975079e+00
1.293832668594807611e+00
1.302332240151282239e+00
1.311985530645693343e+00
1.320506382373829446e+00
1.327211077188078514e+00
1.334771606320161563e+00
1.340586560673347805e+00
1.348762093985273136e+00
1.361764499872509582e+00
1.367814794237027565e+00
1.375659806693458442e+00
1.382630143773087017e+00
1.388214477494853272e+00
1.394976608788442762e+00
1.400738478178374047e+00
1.411489967758649211e+00
1.421572913606402144e+00
1.427846815025181959e+00
1.435252315043862970e+00
1.441724614069742616e+00
1.449557985238584923e+00
1.457132013728631215e+00
1.464813246989147277e+00
1.472497053381439436e+00
1.479323043990174780e+00
1.486294849694834275e+00
1.493470395287524788e+00
1.501199783924510589e+00
1.507998904878121493e+00
1.515414457681678817e+00
1.520232432362006891e+00
1.527002028274152323e+00
1.535188813192340129e+00
1.541910416983106824e+00
1.548715280436317343e+00
1.554338594267256290e+00
1.562281168748091975e+00
1.568261485316200465e+00
1.576373589026628164e+00
1.579832020992611996e+00
1.589022574165954937e+00
1.596145194073733231e+00
1.601251907200615721e+00
1.609295245083692150e+00
1.615579324147689455e+00
1.621372550367805365e+00
1.628553831376847283e+00
1.633465556150430986e+00
1.641997238645553248e+00
1.645734248499927777e+00
1.654612705880881940e+00
1.659600774660615619e+00
1.664302391326815567e+00
1.671857914105546072e+00
1.677941485781041742e+00
1.684143969352435377e+00
1.693046721175944569e+00
1.700371633858654530e+00
1.702901047083620334e+00
1.708441077493754845e+00
1.715418633289644168e+00
1.719991720145171099e+00
1.727460960832750470e+00
1.732466960259146704e+00
1.738419497431143768e+00
1.745824818732362393e+00
1.750442366943200767e+00
1.756711205570077095e+00
1.762626079056601736e+00
1.767102389794417583e+00
1.772643575365763002e+00
1.779104776920934938e+00
1.784003751564077422e+00
1.789471696271441203e+00
1.795188725781230232e+00
1.800059684128559212e+00
1.804906507809118432e+00
1.812049840113855614e+00
1.818964773201848573e+00
1.824749133132576029e+00
1.829497455868935196e+00
1.834482061764561855e+00
1.839986895174041903e+00
1.844456788627178323e+00
1.850807552273856516e+00
1.855683370840374602e+00
1.860102395238066419e+00
1.865952688875823107e+00
1.872654484937788189e+00
1.878269001926458293e+00
1.880815365213075685e+00
1.887151820958295145e+00
1.894094502290342819e+00
1.896461015210081369e+00
1.901212711038425596e+00
1.907127443513845666e+00
1.912381258296329323e+00
1.917557437230208661e+00
1.922238325729982877e+00
1.927746308489128202e+00
1.932556900487726548e+00
1.937463106363786602e+00
1.942475800871541924e+00
1.946785443060399912e+00
1.951323896671533387e+00
1.957480658256704142e+00
1.961925157336871006e+00
1.966723211780029956e+00
1.970518520102487292e+00
1.975767917363656423e+00
1.980222151718335155e+00
1.984963501736451530e+00
1.991253328995077565e+00
1.995984344168858060e+00
1.998261325397869603e+00
2.002741905386716592e+00
2.009588642245987877e+00
2.013124408023650780e+00
2.016876315330592195e+00
2.021802056156924543e+00
2.026954130848459990e+00
2.031648795097932059e+00
2.036027885118328218e+00
2.039704752308990177e+00
2.044159680568775617e+00
2.049747868339979462e+00
2.053844282197907045e+00
2.057604755782653783e+00
2.062140484367619209e+00
2.066756075479751598e+00
2.071252501123908019e+00
2.074900256900634954e+00
2.078797567898568843e+00
2.083655927423647913e+00
2.088022330821607930e+00
2.091754031724699203e+00
2.095536452155151164e+00
2.099916094849765713e+00
2.104185511839420375e+00
2.108399163186452263e+00
2.111910213482325549e+00
2.116439329139570003e+00
2.121171163498823731e+00
2.124944232041103387e+00
2.128274141095153116e+00
2.132048855963759149e+00
2.136598424797372608e+00
2.141246017198896290e+00
2.144779634714727212e+00
2.147873876452520037e+00
2.153666422274882031e+00
2.157335314293505224e+00
2.159913760799280436e+00
2.164502582868105929e+00
2.167502192849550813e+00
2.170997877475228766e+00
2.175619176109481856e+00
2.179684664360856061e+00
2.182581472035174830e+00
2.186675857571635628e+00
2.190832864274152136e+00
2.194564059527826405e+00
2.198276096772028065e+00
2.202141079787465650e+00
2.205596702163737710e+00
2.208791735022367586e+00
2.212832795389549023e+00
2.217276988187744102e+00
2.219927074778323295e+00
2.223308148196637468e+00
2.227449130077059358e+00
2.231434468958828354e+00
2.234926674693975990e+00
2.237986124947788369e+00
2.241241927789946242e+00
2.244948382133916898e+00
2.248146823866552513e+00
2.252017944098154256e+00
2.255984840303889349e+00
2.259277749558988635e+00
2.262271211478023680e+00
2.265302662022157243e+00
2.269161968368631488e+00
2.272961290982858262e+00
2.275435449853561387e+00
2.279100111652521576e+00
2.283089362991843618e+00
2.286458667157114100e+00
2.289322901111874309e+00
2.292081822443214012e+00
2.295668077031073118e+00
2.299411589945348222e+00
2.302115214776907504e+00
2.305183062363622692e+00
2.308827938806481406e+00
2.311722202490647415e+00
2.314575986287536580e+00
2.318488460441580745e+00
2.322300039434774810e+00
2.324683412338715449e+00
2.327704862395795882e+00
2.330952154425316003e+00
2.334364150056633225e+00
2.337759374813149549e+00
2.340682202078306684e+00
2.343744312698310406e+00
2.346693078995902404e+00
2.349336031878062059e+00
2.352062424339712354e+00
2.355410852846174130e+00
2.358767017572638736e+00
2.361012833004778599e+00
2.364023966415389477e+00
2.367894415437294953e+00
2.371087600357348446e+00
2.373790391843288550e+00
2.376362155835737511e+00
2.378988061214699190e+00
2.382256755170687246e+00
2.385005484053831282e+00
2.387684783202510541e+00
2.390820146075173458e+00
2.394061151109190710e+00
2.396971880703457458e+00
2.399824134607552839e+00
2.402530413728966252e+00
2.405492076645621591e+00
2.408454388889142539e+00
2.411335382007581352e+00
2.413798635315925978e+00
2.416279720990397895e+00
2.419199332451917428e+00
2.422110199298989297e+00
2.424968160389274541e+00
2.427484352947822277e+00
2.430287388145426775e+00
2.433228800051318252e+00
2.435954655373627098e+00
2.438943180324500748e+00
2.441384635534548320e+00
2.443656089976998125e+00
2.445886693720580318e+00
2.448486004327496524e+00
2.451483539341480888e+00
2.454255174426934971e+00
2.456958250824306855e+00
2.459346052740140287e+00
2.462044273445106679e+00
2.464765340652418590e+00
2.467462168700484959e+00
2.469782451028857295e+00
2.472203550956229012e+00
2.474799655247840402e+00
2.477526608045036216e+00
2.480077794203304542e+00
2.482550752706203845e+00
2.485278695915980496e+00
2.487919352170164800e+00
2.490602572423339378e+00
2.493114339661459233e+00
2.495493757493545850e+00
2.497652869001992126e+00
2.499991446225869662e+00
2.502442851210530783e+00
2.505259424681899993e+00
2.507461051753308023e+00
2.509863258288547616e+00
2.512405382277520527e+00
2.515164260247425343e+00
2.517668271047230455e+00
2.519918234277670255e+00
2.522424295386953119e+00
2.524422375911153260e+00
2.526700927837400190e+00
2.529226041346082532e+00
2.531688320195776054e+00
2.533903881025005411e+00
2.536169494238023070e+00
2.538640727981236633e+00
2.541045005269353396e+00
2.543061262670130773e+00
2.545203292774887327e+00
2.547746732990002538e+00
2.550084756131481001e+00
2.552289094164485128e+00
2.554734255667762799e+00
2.556974634378843980e+00
2.558980213946859372e+00
2.561414496342267810e+00
2.563523835607215862e+00
2.565936562112409725e+00
2.568071759356849171e+00
2.570433513278583160e+00
2.572396612479455058e+00
2.574401611532386891e+00
2.576766215955166750e+00
2.579044694937985938e+00
2.581123593948602135e+00
2.583220703354780934e+00
2.585338480624127300e+00
2.587619967027079859e+00
2.589852422959593170e+00
2.592064622127414619e+00
2.594136368435382867e+00
2.596051239767716456e+00
2.598251969242692638e+00
2.600732812384077608e+00
2.602846956616511331e+00
2.604649232495769962e+00
2.606676405457383883e+00
2.608593903231783973e+00
2.610693661034423130e+00
2.612837281955990854e+00
2.615022562122632177e+00
2.617132603465807339e+00
2.619291539104822153e+00
2.621203424161788753e+00
2.623147230251824169e+00
2.624958839002124567e+00
2.626946216677099155e+00
2.628851258114742517e+00
2.630955888020823696e+00
2.632883158969429260e+00
2.634855086094804122e+00
2.637016624125044562e+00
2.639147170469191561e+00
2.641201421822606310e+00
2.643144101882023200e+00
2.644862590378091571e+00
2.646758422650546727e+00
2.649128264669669885e+00
2.650988585026120781e+00
2.652741232195970689e+00
2.655055635847036744e+00
2.656948849041250504e+00
2.658695317881877962e+00
2.660561087585977535e+00
2.662506540484527839e+00
2.664271284039421150e+00
2.666249123660035192e+00
2.668008312897875989e+00
2.669660562915924018e+00
2.671636275136181737e+00
2.673419202479998980e+00
2.675457681623050643e+00
2.677426672225601045e+00
2.679243929000482360e+00
2.681072888849420188e+00
2.682767632729689211e+00
2.684673525415485873e+00
2.686477698204876585e+00
2.688335458401053923e+00
2.690196646337355446e+00
2.692075897810439322e+00
2.694035771850380456e+00
2.695719624414399274e+00
2.697540981504042978e+00
2.699353496749306025e+00
2.700987751196080033e+00
2.702983903527214959e+00
2.704567763704325500e+00
2.706378505985941541e+00
