8.638715776178937519e-05
-6.392062119147549903e-03
-8.069778016962075515e-03
-8.586079747137357124e-03
-1.086987309102873007e-02
-1.256614505566559098e-02
-1.740600171652206818e-02
-1.843103386634488070e-02
-1.778643446648635329e-02
-1.449765977317781993e-02
-1.008088869638633193e-02
-1.586668228198675340e-02
-1.246202399131573872e-02
-3.626484567174027059e-03
-6.179077085884493795e-03
3.151234974226427114e-03
1.249331376629903012e-02
3.385859394447248913e-03
5.010632505779840859e-03
1.567631623925051440e-02
2.449164475891821985e-02
3.304286708311995197e-02
4.897780687606679423e-02
6.312231160158997267e-02
5.024820562636366644e-02
6.194778251855687784e-02
8.429246752650659813e-02
8.558976598657147550e-02
1.091349139401874835e-01
1.117023310377502771e-01
1.218121116181200281e-01
1.271206179877589493e-01
1.438889747372329164e-01
1.430238617917397870e-01
1.697353811977855564e-01
1.859923917923251568e-01
1.992388517478748122e-01
2.176885166584242304e-01
2.246130782829200423e-01
2.257610697769454333e-01
2.474941228011910965e-01
2.557339649372766255e-01
2.677700415504242204e-01
2.800253039670063115e-01
2.894026607894631953e-01
3.084037356668830054e-01
3.235622673305711405e-01
3.347325474960576308e-01
3.455114974829726071e-01
3.688684754557690626e-01
3.741885808184228224e-01
3.841977178620419875e-01
4.031235105636825633e-01
4.034222482803799248e-01
4.199895139682582323e-01
4.431330952888785091e-01
4.596559444883919210e-01
4.750496543444769904e-01
4.877119798610357049e-01
4.942431862835817702e-01
5.077512404611330687e-01
5.186752115528432405e-01
5.390612507463143910e-01
5.454558555673432174e-01
5.614332940752772005e-01
5.766797427744549953e-01
5.847557305218866741e-01
5.987245168103477733e-01
6.121219374655698653e-01
6.231802295042961903e-01
6.301381752741679332e-01
6.532275389279124100e-01
6.669001401287906194e-01
6.673997099159209023e-01
6.924756438041385076e-01
7.015081096263772187e-01
7.144340141354714735e-01
7.239573672465755561e-01
7.359926684801836316e-01
7.452011585575128993e-01
7.610720759261881962e-01
7.737733898995778903e-01
7.838624284430798506e-01
8.011539950489541262e-01
8.127429545275361988e-01
8.279492689866957411e-01
8.397390180554193950e-01
8.496557306273111454e-01
8.619838570405023992e-01
8.712636382259659751e-01
8.854786193955800355e-01
9.003151584475418412e-01
9.117599371081521742e-01
9.187586993500098664e-01
9.325688582171097751e-01
9.412999933981305301e-01
9.514184473413478393e-01
9.649649679969277694e-01
9.729728705120115340e-01
9.905507807332166736e-01
1.007608173960909514e+00
1.013468519294277170e+00
1.025608533220540908e+00
1.035474285207879097e+00
1.047433359881366988e+00
1.051428607410589855e+00
1.065382511922535747e+00
1.079143290122837495e+00
1.092538030050023146e+00
1.103993687476925389e+00
1.108502601122123954e+00
1.119151146842130462e+00
1.129339158782306285e+00
1.141690571139174715e+00
1.149580960859541090e+00
1.161274516816469093e+00
1.176304337645182052e+00
1.184789887658004526e+00
1.193392326071986753e+00
1.203139898339764535e+00
1.212684021859054662e+00
1.221505712987717818e+00
1.239897975054069290e+00
1.244267666063306965e+00
1.252711669513905113e+00
1.263895898989232602e+00
1.271541752610155118e+00
1.282459424734125442e+00
1.293850562531415171e+00
1.302116710433613544e+00
1.313755213509175457e+00
1.323413265075841672e+00
1.328742456096571711e+00
1.340454730579553555e+00
1.348563930978787573e+00
1.360488004186458211e+00
1.368040617407272119e+00
1.377926106039056187e+00
1.387248126449796448e+00
1.395420992852297370e+00
1.403601219352174523e+00
1.413509405222355353e+00
1.423025894643805689e+00
1.434498133636071593e+00
1.439920413588956283e+00
1.449856332857080821e+00
1.457780361307430272e+00
1.464704926614105895e+00
1.472598360225840786e+00
1.482824190505033446e+00
1.490498028085470938e+00
1.498430291352431665e+00
1.510018974291322813e+00
1.517050309101769523e+00
1.524580489348893675e+00
1.532990213355509113e+00
1.540810410232039684e+00
1.548762987369088018e+00
1.558185051315044589e+00
1.566413304810467144e+00
1.574917097808324229e+00
1.582606158138295305e+00
1.588425308652337220e+00
1.595560466364250640e+00
1.602055569637201193e+00
1.610704007986111908e+00
1.620583012060127670e+00
1.629213450614543035e+00
1.638302710522693717e+00
1.643985995719725590e+00
1.650189713734038444e+00
1.657650888715968662e+00
1.666068271827832348e+00
1.673459166751256610e+00
1.680595141535977666e+00
1.688226754508479477e+00
1.694335364522678411e+00
1.702321362204872068e+00
1.710570630995851493e+00
1.718329819254027946e+00
1.723732095563178079e+00
1.730520126201512854e+00
1.737523673041991401e+00
1.745410422840424580e+00
1.751631722364957344e+00
1.758272537000956870e+00
1.764998696940506484e+00
1.772735237947421716e+00
1.779704767879365379e+00
1.785333523513296328e+00
1.793662375281083188e+00
1.799981271573765973e+00
1.805821861474278478e+00
1.814701954079940061e+00
1.820055785260344505e+00
1.825804587628294673e+00
1.832817268629416407e+00
1.838571214369426610e+00
1.844820965721956529e+00
1.850175926940815785e+00
1.857846337022005745e+00
1.864754388752839498e+00
1.869226299958939075e+00
1.876324372603479063e+00
1.881829061338955666e+00
1.889627442499016485e+00
1.895438157677894475e+00
1.904005584355653813e+00
1.909193608872813641e+00
1.914346374051577371e+00
1.918875858505339593e+00
1.924454575209737728e+00
1.931808560976330691e+00
1.936751313700121324e+00
1.942720225657933675e+00
1.948842156696423134e+00
1.954858742234658608e+00
1.961025109602402727e+00
1.966613017998600998e+00
1.971156801398003866e+00
1.975725860185408189e+00
1.983317794125859734e+00
1.988866392597283816e+00
1.992462619090976217e+00
1.999177610102768732e+00
2.005329834387846510e+00
2.007959762366528622e+00
2.014902276508552692e+00
2.021229671104532333e+00
2.026083328180710907e+00
2.032034196193016395e+00
2.036748951774305372e+00
2.042005599669987959e+00
2.047353474928518491e+00
2.053216256455422162e+00
2.058017179202829450e+00
2.061207911843557561e+00
2.067224337987068061e+00
2.074021243445256957e+00
2.078645892159053599e+00
2.082171540771161844e+00
2.086928843629506147e+00
2.094052149574889832e+00
2.098398402251651085e+00
2.102651709407727942e+00
2.108204299042919505e+00
2.113241649607244810e+00
2.116646286982719172e+00
2.122542639299449085e+00
2.127386046146769072e+00
2.132299322487690496e+00
2.137743031838273744e+00
2.142565162872639206e+00
2.146157220246843522e+00
2.150774938192100194e+00
2.155796750276120388e+00
2.160396807696414179e+00
2.164870475265541661e+00
2.169382672378632027e+00
2.174801899032014596e+00
2.179124036354572080e+00
2.183315874526018163e+00
2.188443262283142232e+00
2.193195151850477309e+00
2.196144964404092903e+00
2.200269523392459181e+00
2.206258904268076915e+00
2.209825886256267413e+00
2.214748011302809072e+00
2.219008087293612874e+00
2.222678724562359154e+00
2.227572040382619356e+00
2.231685272934332165e+00
2.236225665314668376e+00
2.240783446213841401e+00
2.244848771360857587e+00
2.248947824102195625e+00
2.253137158306683929e+00
2.257497620690043671e+00
2.260647890284893879e+00
2.264938251724400775e+00
2.269159485826975686e+00
2.272932763167819559e+00
2.277055156655075852e+00
2.281163302213252919e+00
2.285158862086105191e+00
2.289723518680299996e+00
2.293788012195412396e+00
2.297436687142547562e+00
2.300839101205672144e+00
2.304907832824413472e+00
2.309076227817332239e+00
2.313018414213401819e+00
2.316751138325274351e+00
2.320536821404744376e+00
2.324539140990676600e+00
2.328040278163078458e+00
2.331945507291968145e+00
2.335344293011381911e+00
2.338754948068604289e+00
2.344274516833540822e+00
2.347049731555602481e+00
2.349572330659325470e+00
2.354738917767081219e+00
2.359016837691695567e+00
2.362139060418754877e+00
2.365557283675030487e+00
2.369025353874263384e+00
2.372875812416794350e+00
2.376340243003988828e+00
2.379701754233053190e+00
2.383207116438352813e+00
2.386939036335221420e+00
2.390004120006365085e+00
2.393291150151834579e+00
2.396717238059018040e+00
2.400510801124263072e+00
2.403943687059381329e+00
2.407159710152372512e+00
2.410290199579270265e+00
2.413987209713692739e+00
2.417623602140004824e+00
2.421199346828948773e+00
2.424386782398900042e+00
2.427566258914162667e+00
2.430965227208389479e+00
2.434396898712459567e+00
2.437816859159800842e+00
2.440821580930061074e+00
2.443719792241447308e+00
2.447029862683666401e+00
2.450547751061102897e+00
2.453994777572695352e+00
2.457192935432322756e+00
2.459928170525458313e+00
2.463172772159201163e+00
2.466622024873007302e+00
2.469800472097487098e+00
2.472784181974322593e+00
2.475843073465451738e+00
2.479173185551605929e+00
2.482148673755866231e+00
2.484315991897004583e+00
2.487580737795030750e+00
2.491256475087439082e+00
2.494226411747911154e+00
2.496718905948331901e+00
2.499817401223768165e+00
2.503087944242396112e+00
2.506075089601134120e+00
2.508592397427664267e+00
2.511325309045799870e+00
2.514573561296391091e+00
2.517572087934389025e+00
2.520772067891835277e+00
2.524212562339151145e+00
2.527431239397488483e+00
2.529873176416419955e+00
2.531849047780851514e+00
2.534609845548489560e+00
2.538186385120295707e+00
2.540518832938019056e+00
2.543101733048607205e+00
2.546321730060298716e+00
2.549335297258580990e+00
2.552004351661182113e+00
2.554476273215909643e+00
2.557160570812337053e+00
2.559817700012090302e+00
2.562832402503161688e+00
2.565596043956694494e+00
2.568102002183783927e+00
2.570292042538232735e+00
2.573528415548379744e+00
2.576741237173708399e+00
2.579006828243452176e+00
2.581451703156393496e+00
2.584007041172736052e+00
2.586624673112745576e+00
2.589262411290681687e+00
2.592079454473113831e+00
2.595012190203894953e+00
2.597608176193176188e+00
2.599844435200915793e+00
2.602966866694897519e+00
2.605799292950638169e+00
2.607900863904703659e+00
2.610111716012069483e+00
2.612702603559633463e+00
2.615689153386644428e+00
2.618106872443113353e+00
2.620043789751620000e+00
2.622662030912404685e+00
2.625003396767999764e+00
2.627816747301078504e+00
2.630507373613379052e+00
2.632423524018015382e+00
2.634485084587389725e+00
2.637334882008903314e+00
2.639891056659188884e+00
2.642268202106579977e+00
2.644714949620896149e+00
2.646824071805839562e+00
2.649226262237625473e+00
2.651786946657534116e+00
2.654131732627762030e+00
2.656349326829259283e+00
2.658746461578935349e+00
2.661577659871235735e+00
2.664087252784562043e+00
2.666391722970708589e+00
2.668172634763214646e+00
2.670261436840147606e+00
2.672624185886002035e+00
2.675121482655271166e+00
2.677745161102552007e+00
2.680193712196624833e+00
2.682308312143554918e+00
2.684797531774949064e+00
2.686971880281033176e+00
2.689135353194965106e+00
2.691319406074827114e+00
2.693470649721028121e+00
2.695887214191118542e+00
2.698054083350136967e+00
2.700193088373547212e+00
2.702142887949103844e+00
2.704352949413785900e+00
2.706388060968381915e+00
2.708761826949130924e+00
2.710968044219415951e+00
2.713189030789880718e+00
2.715173900925199391e+00
2.717258540953149115e+00
2.719408265375268474e+00
2.721720409126791473e+00
2.723747863987077800e+00
2.725786934287973029e+00
2.727755130450869814e+00
2.730148677040141969e+00
2.732361604770426666e+00
2.734516962389139216e+00
2.736504352264306217e+00
2.738532554589582002e+00
2.740684735947589878e+00
2.742523136495825131e+00
2.744737881796318835e+00
2.746558140259710346e+00
2.748769458059379556e+00
2.750813950611895375e+00
2.753016508467270196e+00
2.754921695818087102e+00
2.756568345636766448e+00
2.758672982653231465e+00
2.761169591826428960e+00
2.763408278961276388e+00
2.765138654628072956e+00
2.766994578977456598e+00
2.768813752863682698e+00
2.770668222880046994e+00
2.772577016741560652e+00
2.774781464556962174e+00
2.777016568516915918e+00
2.778652520660536585e+00
2.780390003916430874e+00
2.782457411232466704e+00
2.784520399933195556e+00
2.786450699694575928e+00
2.788410973435966334e+00
2.790084172135664176e+00
2.791983222953614785e+00
2.793774931889935864e+00
2.795289932615514950e+00
2.797231391804756218e+00
2.799322494176902154e+00
2.801419221876260135e+00
2.803403620049719436e+00
2.805243997749084173e+00
2.807038596532294150e+00
2.808891181279016713e+00
2.810426612253371204e+00
2.812316401905476493e+00
2.814062168391292307e+00
2.816003764192316794e+00
2.817956834720574122e+00
2.819898150356522581e+00
2.821481127096620689e+00
2.823109240118160557e+00
2.824922655354900503e+00
2.826806944900547069e+00
2.828643801547809922e+00
2.830349703077725376e+00
2.832257017657403342e+00
2.834047843596528615e+00
2.835897315756715109e+00
2.837713079396919635e+00
2.839273369677903780e+00
2.841156763281128761e+00
2.842854618088513252e+00
2.844574806070333306e+00
2.846218279975119447e+00
2.848008810905103161e+00
2.849694580393054455e+00
2.851468888014526470e+00
2.853237197782693801e+00
2.855089059452384781e+00
2.856760989119452976e+00
2.858365453477980545e+00
2.859936657653765479e+00
2.861592059881447714e+00
2.863324350329849999e+00
2.864716486413820373e+00
