2.916933178030767292e-05
-5.024213987343036786e-03
-6.181585694131991326e-03
-5.057455157456334192e-03
-4.442095604950194176e-03
-4.845877261943159174e-03
-6.387968482740897548e-03
-6.681837196642815245e-03
-6.803869432846652333e-03
-5.591207531937746403e-03
-3.931078620074684483e-03
-6.366387020452194019e-03
-4.612168852364146102e-03
-2.689827854794908245e-04
-1.042721907785687909e-03
3.778661176803856710e-03
8.305837680103726750e-03
3.174480651282956308e-03
3.730653739713578158e-03
9.000453195633155781e-03
1.273455482831637418e-02
1.769393953792185170e-02
2.500816916560799977e-02
3.404317214345896347e-02
2.616962796958140561e-02
3.218023033722079013e-02
4.529200726763289026e-02
4.342819294185368273e-02
5.660388167612052934e-02
5.929619099273652355e-02
6.364312949058512081e-02
6.259878061868127952e-02
7.224830313474080168e-02
7.335360970261213531e-02
9.179151174491315124e-02
9.969698856035966172e-02
1.033824442197195936e-01
1.161727462368659369e-01
1.216337432240289923e-01
1.182365241948449552e-01
1.332431785451505257e-01
1.368879524090066135e-01
1.424122627065378677e-01
1.492363974688191708e-01
1.526326575849126510e-01
1.624543966235666437e-01
1.683816794598602673e-01
1.778347504010148739e-01
1.885922436367026278e-01
1.991037348701413523e-01
2.005710184320761147e-01
2.096656840245672282e-01
2.220025012695365230e-01
2.210172330679824049e-01
2.274292768131640774e-01
2.437517725447924388e-01
2.547425852513647282e-01
2.666161964663102957e-01
2.718988787523413109e-01
2.717940106678279344e-01
2.812164579099369344e-01
2.866311066077418812e-01
2.984037216341401955e-01
3.050898919857090719e-01
3.115397594916596291e-01
3.257209249852823785e-01
3.309539847460000184e-01
3.328639612983922413e-01
3.431884328664610018e-01
3.515711734414351253e-01
3.583394675388106299e-01
3.740854164874634624e-01
3.794527520325204351e-01
3.802559012512721770e-01
3.976288079021862432e-01
4.023961694601850825e-01
4.119792491701307902e-01
4.189707674353659872e-01
4.201051586344791144e-01
4.331181192978622030e-01
4.449419156494353045e-01
4.518938007408332957e-01
4.623821624567423516e-01
4.762025791219990367e-01
4.768112726383646471e-01
4.823241786772774486e-01
4.930345832362684755e-01
5.013079248932587051e-01
5.132533659220570588e-01
5.154574939776247477e-01
5.226589247928097315e-01
5.359078541416905095e-01
5.442072446805303887e-01
5.481005344758985709e-01
5.563386304020010442e-01
5.686320310708767867e-01
5.726950112411770544e-01
5.861775332485154033e-01
5.883358106124377818e-01
5.996223985546209612e-01
6.055250420405605682e-01
6.165344695683941945e-01
6.210163996398575526e-01
6.337083608367275467e-01
6.385952948604238788e-01
6.402235930073594261e-01
6.537010256512179041e-01
6.585974265839543706e-01
6.684186059597946317e-01
6.737392822977050777e-01
6.819884657426831254e-01
6.889309367710070298e-01
6.951716328799181221e-01
7.069964413131196723e-01
7.179084951688705640e-01
7.179098829289690675e-01
7.282006083440160094e-01
7.407573640599156573e-01
7.473204185191528737e-01
7.511532480500276998e-01
7.596402152671615227e-01
7.657491594851891792e-01
7.725313076375089905e-01
7.778765150974201736e-01
7.906827854486704332e-01
8.005411078465936026e-01
8.064180157020905959e-01
8.099691586241782870e-01
8.188114881307871906e-01
8.292261837199325081e-01
8.322473258406891672e-01
8.404461208536186945e-01
8.503399486103409011e-01
8.548990236810187771e-01
8.584071641535231389e-01
8.705409628410331058e-01
8.801052394298604087e-01
8.854727510175471883e-01
8.925035182529970079e-01
8.976524163289256730e-01
9.068186464507556055e-01
9.124123529394195797e-01
9.208259820528710282e-01
9.296245884231066903e-01
9.354148290804770172e-01
9.431759120491698400e-01
9.482826447249559365e-01
9.565153853309534826e-01
9.653288313048614677e-01
9.710378589814794292e-01
9.752127121092537543e-01
9.832847654078600286e-01
9.887720543048101884e-01
9.959712954827933951e-01
1.004501968760292518e+00
1.011365917302175399e+00
1.014641971728039049e+00
1.022131757726165935e+00
1.035268126007125478e+00
1.039026657961024114e+00
1.047367787714738929e+00
1.052048244532496568e+00
1.057797968498582764e+00
1.064920813134943689e+00
1.070507264385257562e+00
1.079205019465910409e+00
1.087189595889168414e+00
1.091759928723805340e+00
1.097078593020628157e+00
1.103158864694616659e+00
1.112214848427467651e+00
1.121446602540340898e+00
1.125912921826027091e+00
1.132407125185265429e+00
1.138776799593172129e+00
1.144287336943068389e+00
1.150885887383175765e+00
1.156124430237859269e+00
1.162580930761949238e+00
1.168805396825812082e+00
1.173090625474603854e+00
1.179466641662402449e+00
1.188565260867826101e+00
1.193967023040727993e+00
1.199161943820299392e+00
1.205932284613723260e+00
1.212601394695907997e+00
1.218859676282526339e+00
1.225585057157011493e+00
1.229288668154831843e+00
1.237244439534440410e+00
1.241030375297212052e+00
1.247791577518610584e+00
1.255803173206191170e+00
1.259139232336024206e+00
1.267124082331295254e+00
1.272215090305918839e+00
1.279099348767612998e+00
1.284675054727148380e+00
1.291198904394994074e+00
1.296660436935477945e+00
1.300196677184686456e+00
1.307139287900972002e+00
1.314143508614190603e+00
1.318487311139393992e+00
1.323996626211900507e+00
1.331650147067259926e+00
1.336553818412294037e+00
1.342029689809941972e+00
1.347446483332187084e+00
1.354520853838793615e+00
1.357440234974215620e+00
1.362382895308395403e+00
1.370658047506429389e+00
1.375044112441961675e+00
1.380906465830028962e+00
1.386693680049723154e+00
1.392006705049405824e+00
1.397327155510431185e+00
1.403528720839307242e+00
1.409717046903189219e+00
1.414741392063161518e+00
1.419781894351063611e+00
1.424909960603734094e+00
1.432552660956196933e+00
1.436245673841316073e+00
1.442532635865401591e+00
1.447593657212592477e+00
1.452754419841336908e+00
1.457920983703026030e+00
1.462825949240155854e+00
1.467697106116536920e+00
1.472111848563264269e+00
1.479193622844160005e+00
1.485049077926152927e+00
1.487663087331529965e+00
1.492524023548775780e+00
1.498687484844646089e+00
1.504920919118690970e+00
1.510534748328310028e+00
1.514539821005780773e+00
1.519245098861585097e+00
1.524028685563664443e+00
1.529529430088040209e+00
1.534850217097242897e+00
1.540023927645518986e+00
1.545415373797397240e+00
1.550206433208318746e+00
1.554859545770120866e+00
1.560055759884259929e+00
1.564273783667171625e+00
1.568769210298244454e+00
1.573862491894378657e+00
1.578593827029689312e+00
1.584120155675559971e+00
1.589398460568872240e+00
1.594325862773773972e+00
1.598781946185807934e+00
1.603179668642420896e+00
1.608152997343984092e+00
1.612278066694606382e+00
1.617012951636317863e+00
1.622446512389440487e+00
1.627090145538265809e+00
1.631656771453078747e+00
1.636833558526952670e+00
1.641985134543414437e+00
1.646353581597984839e+00
1.650382513391298600e+00
1.654961352270142960e+00
1.660112019733601230e+00
1.665645787949701750e+00
1.669907892049201648e+00
1.673659446235000292e+00
1.676993643116487798e+00
1.681077228737277274e+00
1.686729240546833264e+00
1.692859039649684538e+00
1.697399857596801231e+00
1.699895403331772137e+00
1.704125690612761534e+00
1.710377891678230178e+00
1.716069360005768596e+00
1.717485736220212278e+00
1.720681642498018693e+00
1.726683077116408782e+00
1.731849247039521700e+00
1.735683750506389345e+00
1.739827781998341427e+00
1.743818572177002979e+00
1.748229173426619987e+00
1.752325775824358223e+00
1.757252121637154829e+00
1.762839099374784002e+00
1.765253964513977536e+00
1.768347040906240064e+00
1.773665465502434646e+00
1.778623977128237055e+00
1.782365026402974673e+00
1.786240310347020799e+00
1.791254797478321281e+00
1.795681966237206773e+00
1.799423793039805597e+00
1.803774808335496305e+00
1.807686707511911850e+00
1.811398444651809880e+00
1.814830518710594864e+00
1.818246721207223748e+00
1.822414097114858356e+00
1.826436220599157556e+00
1.830513251447146938e+00
1.834766453666131003e+00
1.838903792614395183e+00
1.842573407348103487e+00
1.846582600971765853e+00
1.851112599300894557e+00
1.856296229535458808e+00
1.860297329404164035e+00
1.863587777559403857e+00
1.866572147166756679e+00
1.870653215891863397e+00
1.875025144702760382e+00
1.879240607218180648e+00
1.882806339512087757e+00
1.886246352028702722e+00
1.890173646768391391e+00
1.894553774760027176e+00
1.898301509759718009e+00
1.901397736359860202e+00
1.904860737997120523e+00
1.909083685702813948e+00
1.912824924429440854e+00
1.916136751734131893e+00
1.919406690855778308e+00
1.923831623458282847e+00
1.927734180033887634e+00
1.930874966914540192e+00
1.934169363029316413e+00
1.937613355312095775e+00
1.941347383196707188e+00
1.945287959387123067e+00
1.949035555315648427e+00
1.952643402781279125e+00
1.956100679868321146e+00
1.959353633387076910e+00
1.962970810073054961e+00
1.966516068672061079e+00
1.970284771050777373e+00
1.973512810375647408e+00
1.977266858798036209e+00
1.980615553163194820e+00
1.984152549911813557e+00
1.987951739486335967e+00
1.991419243400279093e+00
1.994689690910592894e+00
1.997650952156989845e+00
2.000961769374435928e+00
2.004356409230972247e+00
2.007479339383825057e+00
2.010761363773020616e+00
2.014371829271853098e+00
2.018135218427547617e+00
2.021492575732662722e+00
2.024976288958111326e+00
2.028561897769734834e+00
2.032208380328655473e+00
2.034607344574577148e+00
2.037438319490170624e+00
2.041001956587152666e+00
2.044345293609365566e+00
2.047802045542149063e+00
2.050991957815063049e+00
2.054470788344809673e+00
2.057743181388503650e+00
2.060973015712815215e+00
2.064141998005521117e+00
2.067193724243557629e+00
2.070155764808250254e+00
2.073236598910797479e+00
2.076462745320937664e+00
2.079939858209243209e+00
2.083118229435020563e+00
2.086370735167816903e+00
2.089489187838366124e+00
2.092361683866381217e+00
2.095458050132392724e+00
2.098622626353760179e+00
2.102120721561462346e+00
2.105586898152858932e+00
2.108146764242760263e+00
2.110752269252135882e+00
2.113323165966608297e+00
2.117004725603747417e+00
2.120793323933213959e+00
2.123324798822069592e+00
2.125825657820259895e+00
2.129257535050442574e+00
2.132034872149625393e+00
2.134679413567144746e+00
2.137610582151848515e+00
2.140914066877984023e+00
2.143872139128027765e+00
2.146517332221884455e+00
2.149355215169795219e+00
2.152545230008283017e+00
2.155209538684897286e+00
2.157763631193948761e+00
2.160858229397260466e+00
2.164131989642092524e+00
2.167533391325723535e+00
2.170280317033409734e+00
2.172830359551412016e+00
2.175675027419860630e+00
2.178706147889584610e+00
2.181243207405699547e+00
2.183851001896748301e+00
2.187089171174136926e+00
2.189954034531270022e+00
2.192180503867222185e+00
2.194577634405336042e+00
2.197991810594514206e+00
2.201075521182399797e+00
2.204052788992377554e+00
2.206603460521488369e+00
2.209294157361865185e+00
2.211869502673091681e+00
2.214358482767792236e+00
2.216919657062884408e+00
2.220232500238163098e+00
2.223152213002736133e+00
2.225496494042196183e+00
2.228015825229395119e+00
2.230999275198375820e+00
2.233874717944089205e+00
2.236431800704658635e+00
2.238746359049383461e+00
2.241474348167052266e+00
2.244471418303261245e+00
2.246942076811213607e+00
2.249336488411951773e+00
2.251440551646011645e+00
2.254156686671670684e+00
2.256823556162953270e+00
2.259359691691618099e+00
2.262078236311954704e+00
2.264507547418616706e+00
2.267060836175943450e+00
2.269432089971958888e+00
2.272000975844133741e+00
2.274609194359833886e+00
2.277333778989967694e+00
2.280016042808727939e+00
2.282731280998357537e+00
2.285389310703924703e+00
2.287665396175724730e+00
2.289737949969542274e+00
2.292191473578253369e+00
2.294532049179578870e+00
2.297333765953052609e+00
2.299768405432601526e+00
2.302440253397668446e+00
2.305080980243701116e+00
2.307275886293690181e+00
2.309356715866867749e+00
2.311751166256044154e+00
2.313930353961849651e+00
2.316365756618835370e+00
2.319084506602416162e+00
2.321452510700194427e+00
2.323842164699452262e+00
2.326017745378363255e+00
2.328493289272215883e+00
2.331287921892182258e+00
2.333653339067064181e+00
2.335632871498630081e+00
2.337456399154085762e+00
2.339851058234256875e+00
2.342769495829883475e+00
2.345299945147397036e+00
2.347644409305813973e+00
2.349704589474958194e+00
2.351945562062441653e+00
2.354053341474823480e+00
2.356595314027428500e+00
2.358824085375914148e+00
2.360873213267622450e+00
2.363261813567282932e+00
2.365281880487045463e+00
2.367597903007215177e+00
2.369752157423663519e+00
2.372394784964088732e+00
2.374771407176195392e+00
2.377348167084122998e+00
2.379277303666825993e+00
2.381193034212125248e+00
2.383102283602845262e+00
2.385216627278049284e+00
2.387747020588609548e+00
2.390237488736688842e+00
2.392266949827929423e+00
2.394299585184467283e+00
2.396256076152427195e+00
2.398389528906945234e+00
2.400946587550341071e+00
2.403254294002873603e+00
2.405486399626859839e+00
2.407613248026540642e+00
2.409600496643219625e+00
2.411749889143417036e+00
2.413763574316602156e+00
2.415849588869931619e+00
2.417867723873119878e+00
