8.021361352916756350e-17
-8.810313589791008187e-15
1.668665206011610406e-14
1.603717159071038654e-15
1.864064458345637737e-15
-5.123679258645097671e-16
2.313149671806513747e-15
-1.495470414170085931e-15
-3.608224830031758880e-17
-2.786659791809142680e-16
2.486899575160350887e-16
-7.915890165577366015e-16
3.314015728506092135e-16
8.826273045769994940e-17
6.106226635438361003e-18
-1.831867990631508378e-17
-5.651035195342046633e-16
2.053912595556539575e-17
3.219646771412953745e-17
-2.076117056049042849e-16
-5.795364188543316865e-16
-3.719247132494274632e-17
-1.110223024625156602e-17
1.000866056699578684e-15
1.493249968120835517e-16
4.579669976578770729e-16
-5.070943664975402380e-16
5.884182030513329960e-17
1.357525203360410065e-15
2.678968158420502622e-15
-2.086941730539137944e-15
-2.995659276194828825e-15
4.066191827689635928e-16
-1.931232951335459755e-15
3.558264793923626791e-16
2.869926518656029618e-16
-5.042216644213226352e-15
-2.456645997739315277e-15
8.234385395766708034e-16
5.119238366546596745e-15
-1.097524848781006226e-15
-1.640805546987422782e-15
-1.005723282432313665e-15
2.543729116233350677e-15
7.693845560652334510e-16
-2.210384653089647679e-15
-7.532446888447452441e-15
3.045480534424882377e-15
-5.974526429142201652e-15
-3.984312879623530653e-16
9.080236562653000002e-16
2.113309527373985490e-15
3.957667527032526872e-15
-6.064593272014917996e-16
4.676536935477315890e-15
-3.133604487004504099e-16
-3.166911177743259071e-16
6.870615187892781030e-15
-2.416955524608965741e-15
5.640765632364263809e-15
3.524958103184872016e-15
-1.573463581650003044e-15
-5.243860901060770819e-15
-4.407030296249558919e-15
1.444400155037328635e-15
1.716404796070492106e-15
-1.911804048404519436e-15
3.954614413714807313e-15
1.925681836212333893e-15
-6.176725797502058192e-15
-1.006417171822704349e-15
7.032707749488053979e-15
6.443179323412095604e-15
-1.663669202400797013e-15
-3.874678355941796168e-15
1.295130669376476375e-14
7.503997423441433435e-15
-2.438049762076843857e-15
1.595390486386349862e-15
6.717959522006822005e-15
6.979972155818358886e-15
3.097522238704186787e-16
-1.134092819654597390e-15
-5.201949981881170623e-15
5.062616992290713390e-16
1.820765760385256618e-16
-9.486855745421962559e-16
5.390687896067447550e-15
4.617417559416026430e-15
2.354783035229957117e-15
1.753042155883122083e-15
-7.193690088058701993e-15
-5.563327576396659361e-15
-2.923772335350349844e-15
-2.992051051364796699e-16
-1.983968545005154848e-15
8.739120538336920087e-15
1.402211680101572797e-15
4.716782520119977499e-15
-1.281141859266199346e-14
-6.523670492697419611e-15
-2.262079412673756451e-15
-3.255173908200959008e-15
1.065869614791381486e-14
8.319456235028610788e-15
-1.124378368189127349e-14
1.460109810835774473e-14
7.256972800462335158e-15
2.373101715136272105e-15
6.332157020949579950e-15
1.139255356719104327e-14
7.243095012654520702e-15
-7.405187574249794046e-16
-3.111400026512001047e-15
-5.909162048567395844e-15
-1.305622276959184068e-15
3.523292768647934218e-15
-4.631850458736152960e-15
7.932543510946743008e-16
-8.944511797892573415e-15
4.035105583000131320e-15
-6.905032101656161135e-15
8.779643678735737732e-15
-1.349587108734340316e-14
-8.210654378615345005e-15
-3.760880495917717781e-15
-4.415356968934247908e-15
-3.351208199831034875e-15
-7.106537580625627583e-15
1.122435477896033199e-14
2.150501998698928329e-15
9.378053889008697171e-15
-4.598543767997398580e-15
-5.513922651800839863e-15
-5.362932320451818637e-15
1.159405904616051051e-14
-2.720046410331633721e-16
3.761990718942342716e-15
-1.972866314758903125e-15
-5.591638263524601137e-15
-2.994826608926359926e-15
3.481104293712178380e-15
-9.091616348655406973e-15
-4.235500838944972044e-15
-3.469446951953614189e-15
-2.972067036921544011e-15
-2.857158953872840294e-15
4.852229729124246471e-15
-9.453549054683208573e-15
6.022959908591474035e-16
-1.977307206857403656e-15
-8.281708652191355087e-15
3.227418332585330095e-15
-1.236510893676268097e-14
-6.714628852932946409e-15
6.434297539215094541e-15
-4.939382236557321669e-15
8.009148899645879346e-15
1.341149413747189109e-15
4.002354003773689309e-16
6.215028491851625966e-15
4.714006962558414765e-15
1.872391131030326332e-15
-5.478950626525147685e-15
1.141808869675742231e-14
5.407896352949137603e-15
-2.575717417130362996e-16
1.254052417465345551e-14
8.876233081878126856e-15
5.007660952571768228e-15
1.793565296281940517e-15
2.853828284798964698e-15
-1.776911950912562933e-15
1.697919582710483180e-14
-6.877276526040532221e-15
1.024069717914244336e-14
-5.289102489314245822e-15
-1.436462060411258689e-14
-9.820477764321821989e-15
-2.755018435607326097e-15
2.246536290329004196e-15
7.778222510523846975e-15
2.462141601711209773e-14
-4.400924069614120589e-15
1.039834884863921578e-14
7.835398996292042600e-15
-1.218469769526109303e-14
-8.399947404313934006e-15
1.745048550105821126e-14
2.881583860414593611e-15
-5.720424134381118917e-15
4.428124533717436641e-15
-3.187450303698824522e-15
-1.421085471520200401e-16
5.639932965095794910e-15
7.172595850590824271e-15
3.037570195374428231e-15
1.166844398881039461e-14
-1.522115766761089712e-15
-3.240741008880832083e-15
-1.610989119882333284e-14
1.239397473540293561e-14
-1.030175944549682823e-14
-1.280753281207580579e-14
-3.053668429231492954e-15
-3.280709037767337656e-16
-9.708900350346993078e-16
1.680544592375099506e-14
2.201017146319372763e-15
9.097722575290844513e-15
1.292299600663682276e-15
-5.307976280732873672e-15
6.441513988875158595e-15
-4.163336342344337027e-16
3.016475957906550510e-15
6.154521337009555534e-15
7.316369732279781444e-16
-2.456368441983158846e-15
-6.535882945968296269e-15
-2.225775119768513719e-14
-5.452305273934143707e-15
1.815214645262130944e-14
4.419242749520435578e-15
1.341760036410732981e-14
7.225331444260518576e-15
-6.934453011808727846e-15
9.506839759865214951e-15
4.642952688982404684e-15
1.086519763049409391e-14
1.886379941140603440e-14
-6.931122342734852250e-15
1.308952946033059624e-14
-1.387001624664208142e-14
-1.001587701665585011e-14
-8.202882817442969667e-15
7.914779942552741671e-15
-1.805444682645429617e-14
-1.197375532058231266e-14
-4.270472864220665011e-15
8.770761894538737064e-16
-9.025002967177898211e-15
-1.264099935838203231e-14
-1.543487559985123865e-15
-2.370326157574708977e-16
2.020411615788475362e-14
7.037703753098867373e-15
2.771782803279165781e-14
-1.026734253173344813e-14
6.734612867376199196e-15
1.180305853054619547e-14
-3.264333248154116502e-15
-3.023414851810457738e-15
-2.400024623483432277e-14
-3.301803275235215378e-15
-5.825895321720508512e-16
7.746858710078186429e-15
-1.631639268140361347e-14
-1.717792574851273473e-15
1.228184220991579423e-15
1.908556646057490967e-14
2.817468480742491152e-15
-5.661582314075985494e-15
1.730587895210078361e-14
1.708078123385803314e-15
2.156608225334366659e-15
-5.941358516281525289e-15
-7.808198532188725759e-15
6.642464356332311392e-15
-5.298539385023559550e-16
-9.510170428939090547e-15
-1.355554557491700469e-14
1.464856014266047118e-14
-7.552847236524940071e-15
1.369598878753208706e-14
-2.022826350867035090e-15
-1.763311718860904749e-14
-2.583766534058895653e-15
2.997602166487922856e-17
-9.751921492551219393e-15
-2.898514761540127627e-15
-1.218469769526109264e-15
1.633720936311533516e-14
-1.417144179782781022e-14
-6.761258219967203173e-15
-1.089517365215897428e-14
-1.049604847480623063e-14
-2.487676731277588184e-14
-1.054323295335279946e-14
-8.856804178947186932e-15
5.336842079373127521e-15
-6.183942247162122246e-16
6.411537967210279021e-15
-9.156564395595977936e-15
-1.660033221995149777e-14
-3.577138585342254247e-15
1.866007348638731966e-15
-1.751598865951109587e-14
-8.795741912592803046e-16
2.761124662242764190e-14
6.254718964981975502e-15
1.810634975285552236e-14
-7.899236820207989022e-16
-1.887323630711534911e-14
6.030731469763850359e-15
1.369432345299514926e-14
8.680556273787942700e-15
1.356498247062631940e-14
-1.865119170219031781e-14
-1.768862833984030571e-15
-1.594391285664187459e-14
-3.940459070150836820e-15
-2.671612930882360944e-14
-4.288791544126980000e-15
1.158489970620735183e-14
-1.462441279187487390e-15
2.716077363018598728e-14
-1.198374732780393944e-14
7.271405699782463266e-15
-2.928213227448850573e-16
-5.341838082983940915e-15
7.858713679809170193e-15
1.903477375719830841e-15
-1.299155227840742536e-14
1.260658244461865299e-15
-5.962730309505559837e-15
-1.738637012138610683e-14
1.279615302607339724e-14
-2.618211203397890889e-14
-1.180236464115580538e-14
-1.984620801032121929e-14
-2.126049336581559171e-14
-4.186512247983387390e-15
-1.331268428828025170e-14
1.397465476671300192e-14
-3.063063691577383553e-14
-1.255329173943664425e-14
-2.467193116473254138e-15
4.509587148149307565e-15
-8.915368443496162741e-15
-1.178224184883447379e-14
-1.539837701791668590e-14
-8.223560721276613334e-15
-1.551078709915998489e-14
1.256258985726788094e-14
-1.550010120254796643e-15
1.209199407270489315e-14
-5.778155731661627404e-15
1.203190325149705599e-14
-7.853301342564122744e-15
-4.063138714371916270e-15
-3.159417172327039178e-15
-5.149214388211476318e-15
-5.086209231563998204e-16
-1.085229128783282716e-14
1.583178033115473164e-14
5.431349814344344003e-15
2.667865928174251293e-15
8.746753321631217407e-15
9.785228183289974168e-16
-2.059186154923509030e-14
1.221411860541365974e-14
-4.568567746332519006e-15
2.191358206005133929e-14
4.996142388691282450e-15
-5.620365284286776968e-15
9.246353682712537850e-15
5.657765922428836834e-15
1.333100296818656747e-15
-2.355338146742269585e-15
1.058847454160627447e-14
-1.232743074286446428e-14
-4.960476474025199391e-15
2.421507439009929082e-14
-1.848673991666771460e-14
1.236864777265367359e-14
-3.109179580462750781e-15
-1.227726253993921489e-14
-9.393874567109605462e-15
-9.540632173177243973e-15
8.169923071399410332e-15
-5.671574321297612281e-15
-1.241846903088372793e-14
1.290634266126744577e-16
1.392184978410426702e-15
1.146492623060879611e-14
5.289969851052234225e-15
-1.228114832052540414e-14
4.809104503511463614e-15
-1.471860827662041642e-14
1.083862166684212974e-14
-9.675073242565446523e-15
1.662402854263334070e-14
-2.904048529428493342e-15
2.344457961100942928e-14
4.135771586311065783e-15
7.437869764537197738e-15
-1.012277067724554077e-14
-7.409298868887859284e-15
1.085787276061678210e-14
-2.228169905527099751e-14
2.384415147965723960e-14
2.177669936737069894e-15
-9.534872891236999901e-15
-9.418724480902972908e-15
-1.070326986762903999e-14
4.434768524630427686e-15
-6.327091628399728336e-15
-1.076878169969930310e-14
2.448352284800670172e-14
5.319251983326722918e-15
1.276034833352923695e-14
-1.047620323824105507e-14
-1.371982388809200801e-14
1.701635360396025514e-14
-1.101785329638005294e-14
-1.293045531758352177e-14
-9.496223252192236686e-16
-1.469126903463902156e-14
-4.351657922896379110e-15
-2.050679070997318932e-14
-1.078172273683009015e-14
1.854794096090017749e-14
9.519746102526483279e-15
-1.721421616363016887e-14
-6.711992073249462286e-16
-2.698397061351442940e-15
2.291153378131127801e-14
2.079551808531476682e-14
6.983580380648391307e-15
3.252328961700356871e-15
1.084410339302621619e-14
3.126797432084771067e-14
-1.245517577963539692e-14
-2.937310117356872525e-14
-2.890958306078772744e-14
2.944651467107206322e-14
-7.143660663011530624e-15
1.637481816807451284e-14
2.401884247049679301e-14
1.757607948071893146e-14
-1.037364638634130642e-15
-2.806088694740082998e-16
-9.308387394213468850e-15
2.249117558861257862e-14
-2.616462602134106280e-14
-3.978900542378482612e-15
-3.219660649200762085e-14
-2.478670046990316589e-14
9.621886620791997870e-15
-1.770347757279466906e-14
1.018671258457004531e-14
1.936784066458585459e-14
-1.197791865692465794e-14
-5.488665077990617252e-16
-6.609435221349713048e-15
1.273564587123132641e-15
2.121636200058674086e-15
1.383143599653635603e-14
-9.152262281375556212e-15
3.510344792623243115e-14
-2.395555975809315985e-14
-1.532371451951064576e-14
1.877928368365644549e-14
2.673139487541220723e-15
-7.019385073192551990e-16
-2.663286258197672349e-15
-7.452372052796363672e-16
-2.597630444078902151e-14
-1.791566894837615160e-14
2.899888662533101271e-14
1.910374636260314585e-14
-3.631817069305043333e-14
1.672578742173413995e-14
1.432701179915340921e-14
-1.255870407668169327e-14
-2.964850587261480352e-15
9.803269307440132331e-16
-1.745367739225400884e-14
-3.437361506541947316e-14
4.539840725570343175e-15
3.149785987588415790e-14
9.050676874622353694e-15
-2.919969821491008512e-14
1.056627008111377102e-14
-1.311423192262850560e-14
3.422193084468005711e-14
8.474332346963819684e-15
4.555217314461401808e-14
-2.226496764734520045e-14
-1.446343045330422667e-15
-2.589872760694333983e-15
2.321198788735045911e-14
3.225225642111695354e-14
-1.104921709682571349e-14
-1.438432706279968443e-14
-1.085603829054093682e-14
3.596845044029350997e-15
2.235323037780290216e-14
3.661793090969922749e-15
-4.884981308350688778e-15
-2.514655150775979406e-15
-7.779332733548471121e-15
2.221001160762625549e-15
1.980637875931279252e-15
2.954719802161775862e-14
4.926448138320438526e-14
-1.922767500772692983e-14
-4.037603584805538017e-15
3.712863350102680044e-15
1.946554029075287101e-14
-3.115979696488580228e-14
-2.650935027048717671e-15
