1.074095206462062434e-04
-6.919142677714470134e-03
-8.801228068103768634e-03
-9.892465768553815667e-03
-1.324057340320366170e-02
-1.539119811325661245e-02
-2.140496668309584127e-02
-2.269764913775520684e-02
-2.177138360426560809e-02
-1.770180448528562919e-02
-1.235602642735476354e-02
-1.932284966499564147e-02
-1.525775553224944028e-02
-4.897060777625676480e-03
-7.897277227334156130e-03
2.804398487292860623e-03
1.373137000426888354e-02
3.919567702554198514e-03
5.960944455230880908e-03
1.815849249164046622e-02
2.880272430217655638e-02
3.818859793648805845e-02
5.709837082563553462e-02
7.214868013326344864e-02
5.864179629609252153e-02
7.204220446571467373e-02
9.657228920305169217e-02
9.981057792797862205e-02
1.256592806569903076e-01
1.283043006567807787e-01
1.400798880630688970e-01
1.484101003980861089e-01
1.668146037928339431e-01
1.661373261382937394e-01
1.933492615960965555e-01
2.122629624289294747e-01
2.290325607230365712e-01
2.478751276176125173e-01
2.556973195592622816e-01
2.588378410927444362e-01
2.813638267247125513e-01
2.914798434416132622e-01
3.057560613893376966e-01
3.189560442670043017e-01
3.296527264068180307e-01
3.527499842359053672e-01
3.712343647186264750e-01
3.816957385961218252e-01
3.927006970667871188e-01
4.189082331616549859e-01
4.255225727478790798e-01
4.354214406260810688e-01
4.564294089752480299e-01
4.578049302213456628e-01
4.768670374071816154e-01
4.997008447085166671e-01
5.181218422934587009e-01
5.341113133691099968e-01
5.488181800988521930e-01
5.584230781489657458e-01
5.724265255832829968e-01
5.858178776876368232e-01
6.052200821049599222e-01
6.159620228465402247e-01
6.310817976583962263e-01
6.451610982844068198e-01
6.575976601250669296e-01
6.742664987826446632e-01
6.862202098116330085e-01
6.995197830627343238e-01
7.061148965301436986e-01
7.313862764330585353e-01
7.478571048704278912e-01
7.480619174206019073e-01
7.736877680507608934e-01
7.839870103947190749e-01
7.967078624919655683e-01
8.085958245026438895e-01
8.237114145164425860e-01
8.315445866960712307e-01
8.486658194783460729e-01
8.629160185284416862e-01
8.717184964100082034e-01
8.893649331261664903e-01
9.035810025498955955e-01
9.200799876599278226e-01
9.331242870053765293e-01
9.444814765486799768e-01
9.576858025828075549e-01
9.678322018908038782e-01
9.830528746807224438e-01
9.972413731893676747e-01
1.007584289600180538e+00
1.017229436954480315e+00
1.032579504815600124e+00
1.041333147150946603e+00
1.053042017633404104e+00
1.066870618916297531e+00
1.074115891699167769e+00
1.092216116211517374e+00
1.110112673791172178e+00
1.117526051309011059e+00
1.131957048967995094e+00
1.139850863171050888e+00
1.151626963285723670e+00
1.158887129433909369e+00
1.173178618098318360e+00
1.186145927590445792e+00
1.201326471741774871e+00
1.213877963547356886e+00
1.219225139666582747e+00
1.230015120699311515e+00
1.240205922003934091e+00
1.253004195004183474e+00
1.260506642966808144e+00
1.272209561973887126e+00
1.288855506489183123e+00
1.297174357651392107e+00
1.305594320553804755e+00
1.317020604148143592e+00
1.328473793734000985e+00
1.336332341274330648e+00
1.355154754230730507e+00
1.361188437854802036e+00
1.367283756147614104e+00
1.379086709049006876e+00
1.387628169096468689e+00
1.399166199019474366e+00
1.412239197787475531e+00
1.420361690086930695e+00
1.431582370153570150e+00
1.441611864593139725e+00
1.447964138925866173e+00
1.459768692037157090e+00
1.468451510421526773e+00
1.480970102936597810e+00
1.489763944570146492e+00
1.498566136112052138e+00
1.508433734753521938e+00
1.515893080771492762e+00
1.525418263992081691e+00
1.535003427875948789e+00
1.544743072757241320e+00
1.556401760998985973e+00
1.562062597007144671e+00
1.571957442868680221e+00
1.580034945680710123e+00
1.586839462158688985e+00
1.594286574143568558e+00
1.606786322932160394e+00
1.615321958482420106e+00
1.621863421426753771e+00
1.633595852461065423e+00
1.641341129716734182e+00
1.649160851436516806e+00
1.657889664023658449e+00
1.666149718403097335e+00
1.673903126070056979e+00
1.682541560001230341e+00
1.691389930475585945e+00
1.700196334762387851e+00
1.707969631303137836e+00
1.714158542557785214e+00
1.721698861159385752e+00
1.729312108762255606e+00
1.737031440187789544e+00
1.745713527708385060e+00
1.755573191917325193e+00
1.765216649463393406e+00
1.770753279738712216e+00
1.776474413757603399e+00
1.784069221341441080e+00
1.792887589543325388e+00
1.799423799724493955e+00
1.806873016394815235e+00
1.814557512672298811e+00
1.821016541862610083e+00
1.828806944622139552e+00
1.837214380289480031e+00
1.845994245311629811e+00
1.850756616378102404e+00
1.858050952109807863e+00
1.864581143863918156e+00
1.872080360757327977e+00
1.878006193552719916e+00
1.886317504329714234e+00
1.891610035029581471e+00
1.900565101056837625e+00
1.907058378929106235e+00
1.914200589167919908e+00
1.921668491845282878e+00
1.927162394131101575e+00
1.933372452644305906e+00
1.942171969103742457e+00
1.946445024765859122e+00
1.953777644948379688e+00
1.960371365044552006e+00
1.966408330587440467e+00
1.971812654270884924e+00
1.979869574435878965e+00
1.985650545084657992e+00
1.992132271901464913e+00
1.997372635351889469e+00
2.004152115185343419e+00
2.009858575453917773e+00
2.017670909349597697e+00
2.022842984190949434e+00
2.031444012551617551e+00
2.037323016309936285e+00
2.042386978781954188e+00
2.046692545631784377e+00
2.051836970259324655e+00
2.059026310865310183e+00
2.065030093135289402e+00
2.070676221408004114e+00
2.076062273633861643e+00
2.082918946132327864e+00
2.089123793397929862e+00
2.093451522490263894e+00
2.098975121615260342e+00
2.104297678048195230e+00
2.111744002962582023e+00
2.117350048519972106e+00
2.121088829360403327e+00
2.127968788561589442e+00
2.134051289494633519e+00
2.137656079904241668e+00
2.143439900361249428e+00
2.148583062991361814e+00
2.153816558498681921e+00
2.159136648935765734e+00
2.164962813369382122e+00
2.169142328284459076e+00
2.176193365249176281e+00
2.181110684461656124e+00
2.185898811331443259e+00
2.189250419616814991e+00
2.194960449005141978e+00
2.201068361904789494e+00
2.205274770461578715e+00
2.209019857192861203e+00
2.213772178374780797e+00
2.220346113863639115e+00
2.226622918851752342e+00
2.229061426016885505e+00
2.234221335639445805e+00
2.240328622634631284e+00
2.244676510601768982e+00
2.249670642612377591e+00
2.253914416840875123e+00
2.259211064698856131e+00
2.264790601763049249e+00
2.269683313642135047e+00
2.273738447679770402e+00
2.277423242955188609e+00
2.281913513502850321e+00
2.286433733473521190e+00
2.290902097009952509e+00
2.295931474808670103e+00
2.300904016921686335e+00
2.306458744715642606e+00
2.310242016891132621e+00
2.313566134792193196e+00
2.318619964517719900e+00
2.321990904855872895e+00
2.326149471012953551e+00
2.331792150915466433e+00
2.335602754372511747e+00
2.340469537208192286e+00
2.344903299015737463e+00
2.348761619354208907e+00
2.352526071735225877e+00
2.356856152210185407e+00
2.361835443187300321e+00
2.366086718785744836e+00
2.370363905944217642e+00
2.374493372535812608e+00
2.378338581079897374e+00
2.382517893722919666e+00
2.385658778916200262e+00
2.389740740540836850e+00
2.394024219907188833e+00
2.397975706462085910e+00
2.401335091167362101e+00
2.405874962594973354e+00
2.410147730150559831e+00
2.414893606592032782e+00
2.418357605622309947e+00
2.422343552537091771e+00
2.426215241732587291e+00
2.429784049189106732e+00
2.433142627736743613e+00
2.437296293081667731e+00
2.440927521728867067e+00
2.444855843949014673e+00
2.449089459615783060e+00
2.452460409997886170e+00
2.456112598404656566e+00
2.459423906999946841e+00
2.463109873064767807e+00
2.467912509886172945e+00
2.471042720883382948e+00
2.473882160347124604e+00
2.478200799216392358e+00
2.482362956307256674e+00
2.485771475768431493e+00
2.489243017771008759e+00
2.492699563097133808e+00
2.496054888277153605e+00
2.500031232878807241e+00
2.503927687758216614e+00
2.506918874958975252e+00
2.510207282069461421e+00
2.513639544408306836e+00
2.516899276426853849e+00
2.520088534445731998e+00
2.523773761374434432e+00
2.527242875768811903e+00
2.530385071131249219e+00
2.533550985545837353e+00
2.536990542987792363e+00
2.540342680614012583e+00
2.544360119307231827e+00
2.548030948084774927e+00
2.551073004918357867e+00
2.553991495096439301e+00
2.557820189885603224e+00
2.560922625017534315e+00
2.563425942715037653e+00
2.566301887874338661e+00
2.569885283914401963e+00
2.573193455004655572e+00
2.576970608244984806e+00
2.579534432200864646e+00
2.582203656653275559e+00
2.585391996653246149e+00
2.589360617537231679e+00
2.592250252507295460e+00
2.595204604390677794e+00
2.598503625295590869e+00
2.601904669431415407e+00
2.604657401825649643e+00
2.607219998813888662e+00
2.610115707077676817e+00
2.613516513876322556e+00
2.616402830865703688e+00
2.619072388411649577e+00
2.622092795844020330e+00
2.625307893768180190e+00
2.628503164794076863e+00
2.630614361135247492e+00
2.633297124371559494e+00
2.636606040692806019e+00
2.639827366308237000e+00
2.642928293279170671e+00
2.646082391256911581e+00
2.648953747714305695e+00
2.651444488693902812e+00
2.653770357001540958e+00
2.656360210680066558e+00
2.659593950164262921e+00
2.662548287014592674e+00
2.665344539101429877e+00
2.668147731996181715e+00
2.670862246018794739e+00
2.673592690968653596e+00
2.676272182285578172e+00
2.679191125887862679e+00
2.681495570129174499e+00
2.684393292912986340e+00
2.687259968861223314e+00
2.689788086475925599e+00
2.692523306389368543e+00
2.695309131560719162e+00
2.698097973924349802e+00
2.700470384380251332e+00
2.703000383275732776e+00
2.705576824232661437e+00
2.708266613450744931e+00
2.710932215063041717e+00
2.713840712686728995e+00
2.716875741666146205e+00
2.719235544217273315e+00
2.721426339781079839e+00
2.724118782922035464e+00
2.726990883762506535e+00
2.729241360629782065e+00
2.731544346516071364e+00
2.734197161822345290e+00
2.737062917403737750e+00
2.739287106316065756e+00
2.741496822194642746e+00
2.743796690501710156e+00
2.746472474539273012e+00
2.749089397565206205e+00
2.751485846625041365e+00
2.753895877171004258e+00
2.756130120300478215e+00
2.758832965527262093e+00
2.761137145556911143e+00
2.763851035994015604e+00
2.766044685402310410e+00
2.767979707960540381e+00
2.770295178247048185e+00
2.772401541210079312e+00
2.775108670276191347e+00
2.777799900008517398e+00
2.780324069032678924e+00
2.782781224663890551e+00
2.785154472355801492e+00
2.787081642708025608e+00
2.789465029986010869e+00
2.791731766104275092e+00
2.793822934736585939e+00
2.796516755745575900e+00
2.798846581808330569e+00
2.801086726666459636e+00
2.803178365207420253e+00
2.805488490270537927e+00
2.807661591451928729e+00
2.810081878176785342e+00
2.812278456737196564e+00
2.814785689667457014e+00
2.817167824374380292e+00
2.819107363015783907e+00
2.821146275464200492e+00
2.823111760692240679e+00
2.825300807683725157e+00
2.827821655792590150e+00
2.830094242814716665e+00
2.832135320010858326e+00
2.834074091181746802e+00
2.836345369666608107e+00
2.838633437329923570e+00
2.841029639642662197e+00
2.842940900357948664e+00
2.844888675470723438e+00
2.846996881203259111e+00
2.848962147889988472e+00
2.851025521502272397e+00
2.853356731403378976e+00
2.855548819278015404e+00
2.857446736094507500e+00
2.859578614382554562e+00
2.861756243026747359e+00
2.863777498614307415e+00
2.865781061779629546e+00
2.867810506001555293e+00
2.869735477741526708e+00
2.871697747918533494e+00
2.873806714583058142e+00
2.875907567034114098e+00
2.877939953610134438e+00
2.879937180543367337e+00
2.882143333214549408e+00
2.884222411793472940e+00
2.886241506843774118e+00
2.887945079158736217e+00
2.889897640077345287e+00
2.891764667395156696e+00
2.893704551347228371e+00
2.895933958998788249e+00
2.897769601661671857e+00
2.899486415877869927e+00
2.901528390821324521e+00
2.903464653208072566e+00
2.905661553946358389e+00
2.907658025097973553e+00
2.909390566726269611e+00
2.911397711277700306e+00
2.913332639176622774e+00
2.915068948131652959e+00
2.916678565313519211e+00
2.918313924982082863e+00
2.920471162680159161e+00
2.922658837151129951e+00
2.924774617161974621e+00
2.926603421793144921e+00
2.928382006835823947e+00
2.930012858822669930e+00
2.931661434642319541e+00
2.933693173790927311e+00
2.935630679996468206e+00
2.937468286987229948e+00
2.939321215945188470e+00
2.941009079365842549e+00
2.942755321754062514e+00
2.944478271398184077e+00
2.946255443315389133e+00
2.948133189472663673e+00
2.949914114017389455e+00
2.951823389414015786e+00
2.953452977997175655e+00
2.955495003009532162e+00
2.957292623351222893e+00
2.959205666351617747e+00
2.960918162069058557e+00
2.962693058278095926e+00
2.964332845069900468e+00
2.966204750783377087e+00
2.967888239583956089e+00
2.969513562381933092e+00
2.971302174298678267e+00
2.973105503879471812e+00
2.974957189071281594e+00
2.976809447360277083e+00
2.978193918328758905e+00
2.979875847422863711e+00
2.981595789251208828e+00
2.983215582275181355e+00
2.984960162769385583e+00
2.986712880357523581e+00
