1.029457221102012628e-04
-6.792259990224023582e-03
-8.625755203119991887e-03
-9.583327052168372912e-03
-1.268133752994828230e-02
-1.472687197708106785e-02
-2.046756066022034290e-02
-2.169797997952856161e-02
-2.083860135139312120e-02
-1.695117339649615529e-02
-1.181656432003117679e-02
-1.850513537084576277e-02
-1.460073028286658359e-02
-4.601606035017048561e-03
-7.513797922090928796e-03
2.865675017483909973e-03
1.342044912144365991e-02
3.741128879724005696e-03
5.682605763364620942e-03
1.754600758162426152e-02
2.776850743226764312e-02
3.697482879655270699e-02
5.518350980054929217e-02
7.004277612513856721e-02
5.662933333302703348e-02
6.963976864396920208e-02
9.368575424029897125e-02
9.643631404529257045e-02
1.218019234158014136e-01
1.244158447181607507e-01
1.358263013887699433e-01
1.434310629787191316e-01
1.614801469345895357e-01
1.607026087152181038e-01
1.878691130414523736e-01
2.061636388697584421e-01
2.221121849093818934e-01
2.409173746909686609e-01
2.484926173980769315e-01
2.511750323906430937e-01
2.735534302930266448e-01
2.832209688775210177e-01
2.969733065586407372e-01
3.099671933435729221e-01
3.203887226025066148e-01
3.425287105107809316e-01
3.602689401727357521e-01
3.708925767296000209e-01
3.817807382069993150e-01
4.074031183454907556e-01
4.137176041495500001e-01
4.236467315921443877e-01
4.441842163300216972e-01
4.452855353111402903e-01
4.638041267641306309e-01
4.867434631127396383e-01
5.047146333036186538e-01
5.205818193896187829e-01
5.348607618692695631e-01
5.437401979226834658e-01
5.576714432874403382e-01
5.704226301561344803e-01
5.901690200006974862e-01
5.997739367852469305e-01
6.151888905962246135e-01
6.295118675678371689e-01
6.408971992653954564e-01
6.570416143971752332e-01
6.693542810111670072e-01
6.821190388517295311e-01
6.887876104490642248e-01
7.135879770962390012e-01
7.293938769513155229e-01
7.296128799129872888e-01
7.552276226152346839e-01
7.651987222825451518e-01
7.779612030077375229e-01
7.892956484993624011e-01
8.038066493089353060e-01
8.118550725392921219e-01
8.286753694585846652e-01
8.426202385278165341e-01
8.516116062458323199e-01
8.692555084877143790e-01
8.830139757726104266e-01
8.992066841979525771e-01
9.119107885943787961e-01
9.229535064147182943e-01
9.358738355922692209e-01
9.457998341361808503e-01
9.608360340032406910e-01
9.751861122893435985e-01
9.857713576943532008e-01
9.948534498287523453e-01
1.009864728543780954e+00
1.018472715957860819e+00
1.029916173769043208e+00
1.043607742049215581e+00
1.051013507707740935e+00
1.069147512045817150e+00
1.086921898865134573e+00
1.093914139876502434e+00
1.107934096410269520e+00
1.116064178454174050e+00
1.128019028811870328e+00
1.134378661720974124e+00
1.148717903935585927e+00
1.161853187310851965e+00
1.176702558039203650e+00
1.189046583882366503e+00
1.194091982536897856e+00
1.204807386165749561e+00
1.215041308960083777e+00
1.227734777535057553e+00
1.235183847157456327e+00
1.246950484309448104e+00
1.263415887117399272e+00
1.271541786248634898e+00
1.280070267591464139e+00
1.291133844642421646e+00
1.302126099195078268e+00
1.310235343522258233e+00
1.329204217298948221e+00
1.334731425901953816e+00
1.341232853920685031e+00
1.352931619942526753e+00
1.361290146973843873e+00
1.372741583296154921e+00
1.385403930354431656e+00
1.393408726100463513e+00
1.404871331897272757e+00
1.414862968252531328e+00
1.420789188686568227e+00
1.432626904772092535e+00
1.441191288317273500e+00
1.453743908424092179e+00
1.462087320996967366e+00
1.471091491741922441e+00
1.480900037998303276e+00
1.488457333191197218e+00
1.497624678151534550e+00
1.507454405357776972e+00
1.517043394882265694e+00
1.528759501133009957e+00
1.534263896789169079e+00
1.544147127358875826e+00
1.552219219399859851e+00
1.559126161584607040e+00
1.566551033743180277e+00
1.578674528198733107e+00
1.586939807217537801e+00
1.593803152499823073e+00
1.605634133061008884e+00
1.612990078501643998e+00
1.620798511214350368e+00
1.629520195043248298e+00
1.637721127834732560e+00
1.645578161394447569e+00
1.654175764774846069e+00
1.662948852796109156e+00
1.671743517598677009e+00
1.679492706106128219e+00
1.685626638484398754e+00
1.693005279635335647e+00
1.700314997402112116e+00
1.708203973217996774e+00
1.717234955134261165e+00
1.726799899804053018e+00
1.736349672844816672e+00
1.741921643464065639e+00
1.747716892091612628e+00
1.755253933708597724e+00
1.764030561467349045e+00
1.770707596892358904e+00
1.778177390939128522e+00
1.785791277266854493e+00
1.792103020411647041e+00
1.799958324180918501e+00
1.808382404591938331e+00
1.816829595077872117e+00
1.821675439782752370e+00
1.828950700716052147e+00
1.835591735123461188e+00
1.843109146154060962e+00
1.849224707376288634e+00
1.857049149849585579e+00
1.862591969429590710e+00
1.871399368939375085e+00
1.877984138135443848e+00
1.884965151243659376e+00
1.892504067388241840e+00
1.898165283022415606e+00
1.904346446639710644e+00
1.913206832337915886e+00
1.917616355178166643e+00
1.924621460806914763e+00
1.931262338162133885e+00
1.937291767698009926e+00
1.942792428895608658e+00
1.950275096175573930e+00
1.956452159026682791e+00
1.963056657524570703e+00
1.968080317456995632e+00
1.974908363733323347e+00
1.980583321986628897e+00
1.988527699345082667e+00
1.993619839123328186e+00
2.002276689457750614e+00
2.008151630692441181e+00
2.013102403735105739e+00
2.017404407767140473e+00
2.022710802578991274e+00
2.029914992676195684e+00
2.035633769487860345e+00
2.041415182383938376e+00
2.046832802417656083e+00
2.053548932088509194e+00
2.059817286272977555e+00
2.064393116989019727e+00
2.069703892566005621e+00
2.074758623015448222e+00
2.082349202846987879e+00
2.087928332478149684e+00
2.091534398044347487e+00
2.098496357126504286e+00
2.104647123192705305e+00
2.107889230836253791e+00
2.113911878691817403e+00
2.119234686666402467e+00
2.124362280069089337e+00
2.129976156322869851e+00
2.135367241720545817e+00
2.139857701806873180e+00
2.146677730494552794e+00
2.151679292583250191e+00
2.156479903083976524e+00
2.159624638446449474e+00
2.165465503319076390e+00
2.171799036480286382e+00
2.175968138661328766e+00
2.179715952961866599e+00
2.184391797019211268e+00
2.191131487679948808e+00
2.197092042190834871e+00
2.199923154893915989e+00
2.205200007917825999e+00
2.210981799010455440e+00
2.215005132844026114e+00
2.220338161227318530e+00
2.224631667672522184e+00
2.229846654575707632e+00
2.235395969118197268e+00
2.240273124631471546e+00
2.244220109546916309e+00
2.248107536159250408e+00
2.252633170289046305e+00
2.257170946674307288e+00
2.261577757450545345e+00
2.266549998497451313e+00
2.271701990298601981e+00
2.276998795082174176e+00
2.280842220524556652e+00
2.284446134645254922e+00
2.289416583079483036e+00
2.292684632567185243e+00
2.296971716669524266e+00
2.302642769770801845e+00
2.306347515947458238e+00
2.311196489788788444e+00
2.315567560244304879e+00
2.319494430002562169e+00
2.323299262982695623e+00
2.327669889918857482e+00
2.332584813501874965e+00
2.336805185633132442e+00
2.341104850672903304e+00
2.345263528906885053e+00
2.349145066702256202e+00
2.353408280737300462e+00
2.356418840207588516e+00
2.360558208482587794e+00
2.364933623270289775e+00
2.368800165803111479e+00
2.372296952959505489e+00
2.376745463722307772e+00
2.380895315909048460e+00
2.385651112352420444e+00
2.389240068197736822e+00
2.393205259516747230e+00
2.396865555164734651e+00
2.400617914503937911e+00
2.404061645516375023e+00
2.408132706813286283e+00
2.411710200542715121e+00
2.415738619597061376e+00
2.420011246662413740e+00
2.423252417435195483e+00
2.426891628076966345e+00
2.430247498192590339e+00
2.433879471093031377e+00
2.438969811696897860e+00
2.441912783613169324e+00
2.444606995898604751e+00
2.449148180364102423e+00
2.453536356968513577e+00
2.456784438350156918e+00
2.460113482004198548e+00
2.463594704242942246e+00
2.467130825312748854e+00
2.471030632404517480e+00
2.474787418345111067e+00
2.477770502943501096e+00
2.481140225658263532e+00
2.484489118459126900e+00
2.487815438962758030e+00
2.490927247157741942e+00
2.494712462158720889e+00
2.498130490325439990e+00
2.501304175936603258e+00
2.504482721136291445e+00
2.507887246593780262e+00
2.511291543792765868e+00
2.515264093511470289e+00
2.518796180911083038e+00
2.521900258076630763e+00
2.524875463738667225e+00
2.528735330373411472e+00
2.531836312540846734e+00
2.534421451816550874e+00
2.537213554489736289e+00
2.540816742672726392e+00
2.544117038253548735e+00
2.547959705899464300e+00
2.550578497082016671e+00
2.553227042592923102e+00
2.556332605517074974e+00
2.560255733916105392e+00
2.563181114778734671e+00
2.566113995165959949e+00
2.569374574216300111e+00
2.572692799362854554e+00
2.575561456903414648e+00
2.578024092509153320e+00
2.580965475388135033e+00
2.584480830693264952e+00
2.587282822546924432e+00
2.589907971305004608e+00
2.592990066184587938e+00
2.596067562238067783e+00
2.599314094143272857e+00
2.601515546619089125e+00
2.604132591703325339e+00
2.607462137119965551e+00
2.610564181002011264e+00
2.613764936131045769e+00
2.617023414058916142e+00
2.619949373233025458e+00
2.622403898184515914e+00
2.624568421170914601e+00
2.627229842922659930e+00
2.630607572494227941e+00
2.633498526762403813e+00
2.636086520392638466e+00
2.638918383355115083e+00
2.641719057640045776e+00
2.644566326677355583e+00
2.647164349138552808e+00
2.649975461861997506e+00
2.652271699755920142e+00
2.655219653604040886e+00
2.658154517298469077e+00
2.660563230685189851e+00
2.663165400526199988e+00
2.666109820628767668e+00
2.668989356221094233e+00
2.671346437484310776e+00
2.673746774397481651e+00
2.676310607803623398e+00
2.678991894108444072e+00
2.681661463187972050e+00
2.684487309314214976e+00
2.687554136414308292e+00
2.689982357494088205e+00
2.692170986079468697e+00
2.694919079381435267e+00
2.697820714474152837e+00
2.699920036844501325e+00
2.702269114921709736e+00
2.704891649135199749e+00
2.707720783387343122e+00
2.710077167158780664e+00
2.712135662749008080e+00
2.714461993843193532e+00
2.717222589862989146e+00
2.719808657393378404e+00
2.722275819905965566e+00
2.724614808715364322e+00
2.726700850311506219e+00
2.729397571212741180e+00
2.731731174083948943e+00
2.734425437927646918e+00
2.736615444265213526e+00
2.738635512990979848e+00
2.740981636031926794e+00
2.743153375518124548e+00
2.745745764319800664e+00
2.748380802317014204e+00
2.750867451053729429e+00
2.753441886049129206e+00
2.755861914993504858e+00
2.757716156869161495e+00
2.759986542186545044e+00
2.762220476427263982e+00
2.764282050554315973e+00
2.767145918555545592e+00
2.769441040875121107e+00
2.771766342669142347e+00
2.773797218201334402e+00
2.776128424334694866e+00
2.778268653875857197e+00
2.780733969914070514e+00
2.782900376976310319e+00
2.785340314930414340e+00
2.787592265990251228e+00
2.789633326771346233e+00
2.791748447014809287e+00
2.793667981929246924e+00
2.795790958736878995e+00
2.798244285822141908e+00
2.800522085196687438e+00
2.802597947343055118e+00
2.804607924555059473e+00
2.806808217527098304e+00
2.809013665745312860e+00
2.811385758458164297e+00
2.813324445351988334e+00
2.815353407519458173e+00
2.817384181409921862e+00
2.819335903974176105e+00
2.821391441243441545e+00
2.823794331364851029e+00
2.825847465787018287e+00
2.827806219528891329e+00
2.829917786578746597e+00
2.832123209050651180e+00
2.834078196660550386e+00
2.836124688490252232e+00
2.838131673427520152e+00
2.840132077368477503e+00
2.842049152860092409e+00
2.844176940792435104e+00
2.846269029838001785e+00
2.848281356640566031e+00
2.850262191922341426e+00
2.852480973382375495e+00
2.854568434300489344e+00
2.856604418198224860e+00
2.858234750634903953e+00
2.860169202364702290e+00
2.861935823885463748e+00
2.863962839946602390e+00
2.866153824092736002e+00
2.868068962174696868e+00
2.869739634323591915e+00
2.871652095103356839e+00
2.873726141257741507e+00
2.875913574781121085e+00
2.877871439736193970e+00
2.879674587272655906e+00
2.881657664985659117e+00
2.883463486848159008e+00
2.885232736938292408e+00
2.886789396431375998e+00
2.888458146217543376e+00
2.890671323235517232e+00
2.892765284260215175e+00
2.894941988165763203e+00
2.896752069543483632e+00
2.898587285298042993e+00
2.900175071934294024e+00
2.901761316092454468e+00
2.903716929216515030e+00
2.905680823431504134e+00
2.907560432361442349e+00
2.909386532750293242e+00
2.911094663527821425e+00
2.912785112675196686e+00
2.914504012901699692e+00
2.916274511281270687e+00
2.918132364196285522e+00
2.920006848814886258e+00
2.921885460020466230e+00
2.923475350814351170e+00
2.925526479326963525e+00
2.927214306954284861e+00
2.929192089362496532e+00
2.930748659968711589e+00
2.932630469496686043e+00
2.934225998033324956e+00
2.936125454440972504e+00
2.937855579004434947e+00
2.939425844739447680e+00
2.941174906202090877e+00
2.943013436233525848e+00
2.944815451316708632e+00
2.946691374745841419e+00
2.948098480277647759e+00
2.949761446975116996e+00
2.951386285926261621e+00
2.953046791277426308e+00
2.954758032581603189e+00
2.956512101930635961e+00
