3.512036459926610207e-04
5.659720872089714708e-04
1.792530250873753870e-04
7.734744626718540773e-04
1.591686138064706945e-03
1.808132469379612490e-03
1.924096099452540527e-03
1.989902203752011347e-03
2.007045931917301410e-03
2.165382616069318807e-03
2.438414598397151134e-03
2.880004854030898329e-03
3.662371521158252173e-03
4.256272160195763953e-03
4.919612808587794234e-03
5.280114198039155202e-03
5.428807910474632223e-03
5.363810434755453965e-03
5.421237146420381653e-03
5.694081437521052516e-03
5.789026490796089601e-03
6.625586845358264441e-03
7.323718181062554601e-03
8.277005393468914174e-03
8.125043518431612072e-03
8.353226259137997572e-03
8.226465247255608862e-03
8.098830141670221999e-03
8.204504259845330633e-03
8.257298285347412087e-03
8.386554224183896331e-03
9.195424147655329589e-03
9.574348706726106342e-03
1.032736008881551121e-02
1.092274407909400204e-02
1.063164706861905937e-02
1.095090385640645585e-02
1.074040192704913896e-02
1.102485017495065042e-02
1.053812320790924878e-02
1.153834651112575597e-02
1.219232166950957874e-02
1.243045945533861364e-02
1.266623545029244187e-02
1.314013407453709474e-02
1.379765421241807566e-02
1.422327912912762019e-02
1.383554364766180142e-02
1.468533209760782346e-02
1.531299435737592911e-02
1.545631976331026530e-02
1.609081326198220571e-02
1.704036134728401444e-02
1.734008950932358975e-02
1.775219841911821264e-02
1.838953170425739955e-02
1.878559533401275364e-02
1.963604769799427371e-02
2.000749900577904541e-02
2.067870619315081634e-02
2.103324839755208592e-02
2.164360976515681406e-02
2.252977906177444298e-02
2.333189036615030201e-02
2.360966496114864227e-02
2.476364305228245799e-02
2.522290935130526782e-02
2.573971440663262375e-02
2.648613534009141082e-02
2.700700324449576209e-02
2.739121504036575935e-02
2.909987480140457244e-02
2.961023450848615166e-02
2.952441355211692792e-02
3.048963155360305197e-02
3.185961974537029201e-02
3.223772204954830634e-02
3.272821788072362292e-02
3.343295267637753226e-02
3.444414714459775179e-02
3.525903308343489306e-02
3.603315182441956671e-02
3.697356726431903079e-02
3.804574846265973420e-02
3.868376396693536112e-02
3.939778852465816023e-02
4.062140098143490752e-02
4.117538374728015038e-02
4.230139366707315329e-02
4.316005310700628955e-02
4.395977864814215597e-02
4.447457502673959895e-02
4.500453013639978128e-02
4.592979129593018073e-02
4.689140730100756910e-02
4.775648808407820939e-02
4.895143763980475821e-02
4.964741452951183104e-02
4.985110148576189781e-02
5.135418694199601203e-02
5.137038018527786271e-02
5.284957044652060371e-02
5.296467138154573734e-02
5.448149008066369842e-02
5.548991369830625492e-02
5.567083586419321883e-02
5.674598557762247641e-02
5.707220070258706146e-02
5.800302271976643526e-02
5.991592281838400980e-02
5.976518756589715986e-02
6.042511255585106961e-02
6.186979481426921335e-02
6.295517440805634135e-02
6.373999444496000755e-02
6.391553097856458865e-02
6.576638866056633281e-02
6.660387792359917514e-02
6.686025781821203218e-02
6.782470325454272031e-02
6.823385742560232614e-02
6.899650205612796461e-02
7.060836670915980606e-02
7.089479809706301927e-02
7.216037203791370036e-02
7.337428389535009809e-02
7.348725409640484429e-02
7.389046188304970730e-02
7.483812149562965588e-02
7.690703618815956932e-02
7.678708724309041278e-02
7.739700105601769742e-02
7.874595027505580658e-02
7.917351021012804246e-02
7.985021667511302268e-02
8.085246891798079927e-02
8.189591191464885844e-02
8.319435274179491635e-02
8.348437764717517307e-02
8.379298737068888170e-02
8.484354936473469111e-02
8.546620600482411623e-02
8.631623973717668374e-02
8.802126788818205594e-02
8.887953598087941498e-02
8.987346182888986124e-02
9.001747943658429396e-02
9.141278456679660658e-02
9.141883073195451737e-02
9.284313432435076230e-02
9.272798393871166389e-02
9.500692835615556775e-02
9.515349103905650086e-02
9.531843738413678380e-02
9.729024819270123969e-02
9.711174709989310594e-02
9.806775103870371546e-02
9.904048933536600818e-02
9.997237279373563656e-02
1.008397598725301880e-01
1.013772270208794790e-01
1.026413990280959088e-01
1.028025266837112595e-01
1.034811830479024364e-01
1.039908454003725807e-01
1.051888858779288921e-01
1.065950611529130759e-01
1.070310575131984132e-01
1.074993952429926514e-01
1.079643279235607545e-01
1.092938010261381154e-01
1.102148054664013332e-01
1.109001963666475243e-01
1.110413386659395013e-01
1.127395846229397453e-01
1.130896749949043129e-01
1.133775163815990278e-01
1.147740913813824065e-01
1.156060586077070906e-01
1.162485653815216458e-01
1.167312996159062533e-01
1.177339626986242116e-01
1.179280081408084213e-01
1.185679998575802641e-01
1.198278573726634516e-01
1.204978095960185652e-01
1.215442428815177167e-01
1.225661211337605166e-01
1.231222302285538278e-01
1.239767420116322238e-01
1.241878645713462431e-01
1.246542723579159850e-01
1.251170342883487774e-01
1.262703705167385615e-01
1.271788225434107023e-01
1.277297027730225631e-01
1.286283375391207295e-01
1.295148014719389451e-01
1.301478629809064702e-01
1.309666556413364158e-01
1.314646225079221797e-01
1.320363311011668039e-01
1.328212026947176161e-01
1.334424787975626303e-01
1.347813016944036102e-01
1.350711133950847909e-01
1.354584848415378295e-01
1.365577667812483686e-01
1.376895318548095881e-01
1.375202289631460573e-01
1.384900917630521866e-01
1.392031046511494341e-01
1.394790772227579023e-01
1.403539653923300545e-01
1.409629152813941522e-01
1.418209769357101357e-01
1.422021731945413980e-01
1.437942467225789556e-01
1.442555911482033548e-01
1.445398817538292302e-01
1.454305550709954487e-01
1.461902773025694213e-01
1.465157216210232760e-01
1.472363843211209888e-01
1.482229547749013832e-01
1.482364125568301216e-01
1.489321603112386261e-01
1.501036338835186335e-01
1.506505547627383368e-01
1.515183999644668655e-01
1.517165268486161678e-01
1.523645038020993714e-01
1.530257745180517159e-01
1.538963787996805721e-01
1.539362892354775303e-01
1.552345757484867028e-01
1.557762097878746532e-01
1.565174816304919503e-01
1.566582040347474225e-01
1.575753021683295729e-01
1.592872346641183157e-01
1.586301782591730547e-01
1.595092726906379432e-01
1.601051938121509921e-01
1.610565440977983487e-01
1.619747036827613729e-01
1.618808134989112579e-01
1.620571813267781269e-01
1.631257441524302521e-01
1.642016500727875028e-01
1.641502702965599858e-01
1.649685948753641940e-01
1.658298428105780542e-01
1.663374698292626463e-01
1.668171537055711806e-01
1.673996157279589170e-01
