7.173016646443135670e-05
-6.026779340225938905e-03
-7.564605564685803613e-03
-7.666364630978601130e-03
-9.201408205336967377e-03
-1.057146552349072857e-02
-1.457031647471841197e-02
-1.540109517253396287e-02
-1.494969664434139464e-02
-1.220062118356044813e-02
-8.461666543824264766e-03
-1.339484038933809809e-02
-1.042699422848252129e-02
-2.696388882065060399e-03
-4.859739601025060522e-03
3.433038073756816428e-03
1.161318838524839393e-02
3.235946851426753715e-03
4.596530679059866210e-03
1.405037173868547810e-02
2.156755847413157137e-02
2.941477836807950344e-02
4.322534352744508007e-02
5.649532919565880551e-02
4.439947337246823167e-02
5.478617115625487866e-02
7.529864098130244210e-02
7.543634014786368414e-02
9.694255356264759593e-02
9.956757196467982962e-02
1.083461934698761869e-01
1.116487467067537875e-01
1.270118559624388022e-01
1.263873904951585136e-01
1.521264583114897984e-01
1.664115165474180091e-01
1.771040706167886225e-01
1.948418592463564969e-01
2.013444288270583304e-01
2.010721940375488626e-01
2.218926291104271198e-01
2.288724169780661233e-01
2.393031253625926003e-01
2.506705779680460933e-01
2.588232256241584928e-01
2.750146050483482929e-01
2.876168248468476407e-01
2.991778765219195169e-01
3.101745665758955939e-01
3.308777203649302945e-01
3.352228374845795944e-01
3.452332160376814785e-01
3.626301067804843514e-01
3.623257689366132239e-01
3.767397649198357956e-01
3.996643029064335106e-01
4.148578205552312936e-01
4.296358682388217165e-01
4.405949979849609899e-01
4.450610174173499911e-01
4.578626864804625773e-01
4.674027376884000717e-01
4.874200651527632600e-01
4.919292757133607030e-01
5.074616298845807671e-01
5.236061899965801514e-01
5.289869957270559864e-01
5.403455161709284083e-01
5.541941677678571265e-01
5.640839361853212663e-01
5.711994121120951284e-01
5.925767647827563378e-01
6.044146401800821744e-01
6.052833015564682562e-01
6.291510190855479356e-01
6.374322388922657456e-01
6.502140312632445074e-01
6.583323335537457632e-01
6.674641067621486235e-01
6.781661162852271607e-01
6.932187306127760573e-01
7.045836933657027013e-01
7.159627658364557945e-01
7.324588904798147171e-01
7.413379185442049435e-01
7.554003546429340910e-01
7.667135787694021598e-01
7.756440770608783453e-01
7.879333348659703917e-01
7.963905918191546141e-01
8.094403182651151996e-01
8.244000679625710371e-01
8.364049710372091218e-01
8.414678702960218803e-01
8.541995821908022757e-01
8.638384613126018907e-01
8.718514409894095873e-01
8.858506499456895167e-01
8.942551570310428577e-01
9.103290214337423913e-01
9.257595123888289201e-01
9.316136147367006792e-01
9.413094047002070752e-01
9.535930665502694303e-01
9.646936366909293348e-01
9.674439884207889362e-01
9.806777727185592708e-01
9.944340620652761809e-01
1.006160436252719892e+00
1.016663528383876303e+00
1.021558670551524495e+00
1.031924287336613899e+00
1.041672358310580249e+00
1.053592045466356764e+00
1.062937474437156471e+00
1.073521499897210019e+00
1.086340657239378338e+00
1.096206826970874681e+00
1.104708784173368041e+00
1.113032262147019003e+00
1.121877786272942767e+00
1.130677027543528057e+00
1.147007218084547420e+00
1.151155480744722404e+00
1.161473874561188557e+00
1.172192162647996305e+00
1.179199795160144060e+00
1.188985007237495228e+00
1.199685535091708832e+00
1.209142311231650169e+00
1.219449194633930533e+00
1.228639241681021010e+00
1.235000809261038501e+00
1.245660833534908640e+00
1.253029578991990078e+00
1.263774013072053393e+00
1.271783290436038660e+00
1.282072333493787131e+00
1.290547205596688451e+00
1.299248122837764363e+00
1.306987888271856857e+00
1.315925819114649675e+00
1.325891728208230314e+00
1.336633856327664072e+00
1.342356796868910962e+00
1.352373193878819491e+00
1.359749507619504527e+00
1.366416824009568876e+00
1.375262752677483435e+00
1.383625618086510300e+00
1.390841451562487396e+00
1.399374441531657354e+00
1.409996125696050706e+00
1.417887752321377981e+00
1.424981232600502912e+00
1.432752307194176788e+00
1.439635537941437837e+00
1.447660948100078393e+00
1.458955700074735518e+00
1.466206816081553788e+00
1.474229846276644773e+00
1.481704290983410388e+00
1.487356644317817445e+00
1.494249119898710676e+00
1.500348009567166629e+00
1.510162448689224002e+00
1.520202673553674222e+00
1.527778883644203889e+00
1.536232055965564447e+00
1.542006894768893188e+00
1.548962308898031548e+00
1.556408515480322663e+00
1.564388014236203439e+00
1.572266065988397354e+00
1.579078927409307775e+00
1.586583628798654111e+00
1.593105626635438199e+00
1.601070044173074969e+00
1.608762192298843319e+00
1.616359699856356746e+00
1.621877085751187053e+00
1.628149640041651525e+00
1.635708967796646540e+00
1.643371495834830442e+00
1.649859751998203450e+00
1.655795013231241564e+00
1.663439384391050879e+00
1.670050038550047411e+00
1.677360590338750290e+00
1.681552920185774402e+00
1.690876716988367168e+00
1.697586156585912498e+00
1.702839945069428484e+00
1.711510294858637149e+00
1.717753977489308470e+00
1.723018462779357884e+00
1.730323838020525029e+00
1.735641630520383227e+00
1.743117916363109643e+00
1.747097845401215155e+00
1.755827670123745854e+00
1.762158406441181935e+00
1.766368916185705018e+00
1.773822538240971358e+00
1.779600610832676066e+00
1.786423622308291659e+00
1.793956461598706253e+00
1.802043743416523069e+00
1.805859260625051199e+00
1.811281405041264891e+00
1.816895127353290951e+00
1.822108627732922592e+00
1.829619177134465202e+00
1.834213154553287373e+00
1.840221258212646038e+00
1.847404305632011301e+00
1.852548053968418706e+00
1.858525772623699668e+00
1.864592503359313591e+00
1.868753350565499627e+00
1.873849049790252685e+00
1.880955205825277643e+00
1.886146600818603414e+00
1.890840311409489827e+00
1.896630492401195633e+00
1.902240796309156323e+00
1.905487136132007375e+00
1.912937383285805648e+00
1.919969528266636472e+00
1.925304444176139329e+00
1.930787422205886728e+00
1.935676462401543008e+00
1.941032146036621109e+00
1.945487946970235305e+00
1.951880446856941731e+00
1.956728034780025327e+00
1.960660014089164349e+00
1.966507690373721973e+00
1.973267480177580691e+00
1.978735239510235333e+00
1.981774672025062634e+00
1.987135900922419651e+00
1.994488508088872125e+00
1.997246277313290852e+00
2.001737243582596193e+00
2.007695957620250660e+00
2.012859722324456424e+00
2.016861027195842926e+00
2.022240794783021656e+00
2.027585969832484292e+00
2.032603804269072612e+00
2.037726820906651248e+00
2.042481068400441746e+00
2.046483799404585913e+00
2.050964875113229002e+00
2.056830073050177621e+00
2.061399125787742204e+00
2.065839049497992796e+00
2.070069352002750662e+00
2.075491463690174676e+00
2.079563065106160735e+00
2.083888873801218011e+00
2.089946328815275756e+00
2.094888563860098252e+00
2.097442780184399336e+00
2.101494954801701009e+00
2.108037996755176557e+00
2.111175923790723274e+00
2.115861592915777578e+00
2.120390904820463440e+00
2.124528697177778369e+00
2.129693872483539252e+00
2.133854694376691175e+00
2.138003473136551591e+00
2.142865206726158434e+00
2.147303385758871475e+00
2.151108636156759069e+00
2.155331487571489735e+00
2.159931275537903428e+00
2.163574158539987025e+00
2.168053185764214685e+00
2.171973998653792925e+00
2.175787913181623789e+00
2.180384024456489822e+00
2.184602986629625487e+00
2.188341056536914131e+00
2.192448287738366641e+00
2.196932846832289510e+00
2.200523113807387077e+00
2.204485201478634249e+00
2.208363283119007203e+00
2.212955182362278617e+00
2.217246687736734057e+00
2.221033087468920808e+00
2.224423619354017223e+00
2.228063505183550230e+00
2.232284519969542025e+00
2.236490200769563952e+00
2.239907312814306994e+00
2.243341234267898887e+00
2.248690293723710099e+00
2.252008269648259731e+00
2.254508222439015608e+00
2.259542840187032997e+00
2.262717985784927333e+00
2.266337035290679758e+00
2.270716939275309709e+00
2.274401405398929210e+00
2.277756918341190318e+00
2.281141018454339697e+00
2.284934956580210397e+00
2.288637919148795774e+00
2.292522448610047281e+00
2.295940520011870767e+00
2.299234858839933171e+00
2.302532558267122109e+00
2.306421011859473680e+00
2.310360792532318186e+00
2.313153639567931297e+00
2.316245491168257065e+00
2.320291771939242409e+00
2.324286385156995927e+00
2.327496908031399858e+00
2.330771494021051549e+00
2.333857954180294847e+00
2.337380203880084828e+00
2.340695039201000860e+00
2.344115076241330087e+00
2.347887777526653785e+00
2.351176003051127950e+00
2.354195472238854059e+00
2.357291974964107695e+00
2.360847572078181855e+00
2.364392438633073912e+00
2.367366829922742610e+00
2.370720155238142279e+00
2.374373207407725062e+00
2.377703536549315988e+00
2.380586642329157510e+00
2.383323771980994099e+00
2.386751730317765219e+00
2.390094530362262937e+00
2.392411962288357952e+00
2.395467313512146035e+00
2.399226741695009046e+00
2.402287635497735163e+00
2.404899208132540878e+00
2.408377709206844575e+00
2.412053450438779834e+00
2.414632267573963986e+00
2.417441554451555952e+00
2.420537348142748790e+00
2.423446697666366223e+00
2.426643554946573467e+00
2.430049406874649431e+00
2.433114500184434537e+00
2.436204556364025997e+00
2.438733541499806812e+00
2.441012427445623967e+00
2.444274518036422705e+00
2.447448752542289441e+00
2.449765547394553433e+00
2.452395148392181312e+00
2.456081986677930651e+00
2.459302056848113871e+00
2.461837175230975561e+00
2.464334958448995305e+00
2.467074230996178841e+00
2.469866740272672612e+00
2.472664805716188852e+00
2.475481309656176077e+00
2.478119834610762240e+00
2.480995064714409892e+00
2.483989472672364140e+00
2.487146885752321346e+00
2.489567025069986617e+00
2.492221197418287737e+00
2.495012945907250757e+00
2.497916028259279386e+00
2.500387426184450312e+00
2.502801483942203919e+00
2.505733350034711648e+00
2.508556912778106884e+00
2.510849382682522002e+00
2.513856651680592247e+00
2.516771181093320209e+00
2.519353596018321539e+00
2.521570869092062850e+00
2.524413501361927548e+00
2.527039349341235308e+00
2.529590198032495962e+00
2.531591596884014361e+00
2.533945535737188948e+00
2.536628340950841665e+00
2.539328266791749389e+00
2.542244991535417498e+00
2.544658244754236964e+00
2.546920128221004553e+00
2.549385020874986196e+00
2.552034999956938055e+00
2.554036858642669383e+00
2.556630576201676774e+00
2.559181776366368233e+00
2.561777244855758529e+00
2.564468061003000177e+00
2.566734442270076855e+00
2.568924094218974830e+00
2.571493336761246251e+00
2.574315486937009290e+00
2.577055743810279687e+00
2.579248899828555874e+00
2.581106935033346872e+00
2.583415594091877487e+00
2.585685002774200214e+00
2.588176261864962413e+00
2.590871237484930756e+00
2.593088709292366012e+00
2.595502007518771581e+00
2.598172751353772014e+00
2.600473884307812789e+00
2.602732266371406755e+00
2.604705339427198396e+00
2.607191583629018261e+00
2.609329096941412018e+00
2.611692314776389967e+00
2.613861321500784207e+00
2.616094125946786697e+00
2.618070005580244164e+00
2.620587548973115410e+00
2.622877168395985947e+00
2.625104281336763101e+00
2.627130656028732414e+00
2.629237006252713726e+00
2.631448116527943526e+00
2.633632836706512492e+00
2.635921154154383217e+00
2.638006021337294449e+00
2.640117205276010459e+00
2.642248945176172814e+00
2.644696034053523714e+00
2.646963468163201938e+00
2.649001345667590712e+00
2.651009145309298543e+00
2.653066990382420443e+00
2.654992310791159049e+00
2.657184547505752725e+00
2.659396858927429275e+00
2.661592335574428869e+00
2.663506155669949749e+00
2.665602670463099955e+00
2.667933475514794317e+00
2.669978190206371949e+00
2.671636407589825346e+00
2.673771161336233604e+00
2.675869374673488288e+00
2.678084903482093715e+00
2.680461462524571736e+00
2.682530351771751143e+00
2.684068748442407504e+00
2.685959098406923484e+00
2.687835285896577719e+00
2.690119072861720362e+00
2.692284245114306973e+00
2.694223150620846496e+00
2.696293608761872296e+00
2.698062320777870227e+00
2.700011202752706119e+00
2.701953556339434570e+00
2.703709678118362714e+00
2.705658992968330345e+00
2.707631687560396294e+00
2.709588018189554859e+00
2.711361231813952166e+00
2.713220619175555459e+00
2.715446524040998177e+00
2.717313963913605690e+00
2.719037058521058814e+00
2.721307704276668016e+00
2.722880001093944902e+00
2.724877647255322888e+00
2.726817565727726489e+00
2.728538598140624494e+00
2.730317934521959700e+00
2.732316222370891889e+00
2.734556259838332615e+00
2.736343573973266885e+00
2.738058295342894244e+00
2.739719897087149469e+00
2.741575289387390590e+00
2.743461839151818626e+00
2.745094701768403755e+00
2.746760855240475863e+00
2.748606664990309145e+00
2.750500738913501664e+00
2.752516530688152052e+00
2.754354551879619972e+00
2.756098377440043823e+00
2.757799483882837244e+00
2.759551548605640114e+00
2.761458620299065636e+00
2.763316181693716178e+00
2.764778363696639651e+00
2.766600442334974819e+00
2.768332403784407703e+00
2.770263333923221438e+00
2.771911422366646338e+00
2.773806933069600689e+00
2.775273459731448344e+00
2.777113338262856779e+00
2.778775618979033801e+00
2.780364161871816453e+00
2.782016854179166110e+00
