5.595076751228676259e-05
-5.649591178397809360e-03
-7.044040416886426965e-03
-6.705382326899724486e-03
-7.454672254526327826e-03
-8.477891319473795928e-03
-1.158725120468279829e-02
-1.221591010807402365e-02
-1.196724811435499747e-02
-9.776225361971835684e-03
-6.767797371330117571e-03
-1.079079822063738758e-02
-8.264661524804565659e-03
-1.731042784663397536e-03
-3.429888473791734439e-03
3.689523989354851624e-03
1.060060793971190525e-02
3.205457200978298338e-03
4.290790557083520862e-03
1.235215409040773225e-02
1.850473872358844238e-02
2.547518963761529961e-02
3.699545686629791136e-02
4.906901715243509182e-02
3.812805100416299942e-02
4.703361539576172284e-02
6.528238091959001621e-02
6.442104998219773393e-02
8.336204025912614946e-02
8.609490556810243944e-02
9.334302349559923939e-02
9.473190886864431282e-02
1.083459298094962414e-01
1.082453153776902766e-01
1.322311527729539138e-01
1.443300132693877691e-01
1.523364838275231281e-01
1.688476864756156826e-01
1.750251816533201221e-01
1.733546887318159202e-01
1.927278149222852177e-01
1.984466662478593380e-01
2.071717292190988213e-01
2.172593210761510352e-01
2.238434379378343719e-01
2.373672101601540796e-01
2.472929942160878580e-01
2.588514113502459191e-01
2.701787093892300540e-01
2.875236203957505787e-01
2.907945794635999337e-01
3.007066583251264413e-01
3.164744453381256317e-01
3.157142461389044197e-01
3.274600503881392455e-01
3.493194401047034492e-01
3.631001649458170943e-01
3.769778776011823984e-01
3.860034465496663958e-01
3.886235337573259452e-01
4.003255390348495202e-01
4.085703897270453466e-01
4.268078944747552561e-01
4.309273803999180141e-01
4.444666652431525922e-01
4.611743663674270355e-01
4.647144793411764341e-01
4.728330864947339895e-01
4.861762808408473524e-01
4.955251042868932254e-01
5.026099386711559980e-01
5.221789248046045939e-01
5.320878780864929380e-01
5.331044347550498719e-01
5.551215044233687168e-01
5.625542485443627561e-01
5.745363419085263157e-01
5.818460542650163436e-01
5.876239965393935671e-01
5.998557651498512833e-01
6.139589038561757972e-01
6.240107096267730746e-01
6.361368241768912135e-01
6.515810504075894016e-01
6.574214397091117101e-01
6.695483940759574537e-01
6.807204316487566187e-01
6.890291989601984302e-01
7.015463359238871544e-01
7.083985223462968550e-01
7.197461328495085020e-01
7.343556879056513109e-01
7.460739220572182306e-01
7.497039987961214846e-01
7.613023040802633368e-01
7.723487736085938860e-01
7.777179146325097214e-01
7.927119008038421288e-01
8.005256236764146660e-01
8.143768355611815668e-01
8.267639965040456396e-01
8.341253025989253667e-01
8.412368733075160643e-01
8.555468952485471013e-01
8.649820900814074731e-01
8.671775604257337955e-01
8.799605308039819551e-01
8.919548943514571393e-01
9.022353232523738775e-01
9.113133908019238616e-01
9.179440436856964869e-01
9.272642923024778661e-01
9.361762494929081191e-01
9.472568819823946606e-01
9.588484787869926418e-01
9.664784028499711077e-01
9.770215478563953893e-01
9.887598819316235632e-01
9.972173772279806503e-01
1.003846936308097071e+00
1.012772850760079724e+00
1.020588482774439809e+00
1.033372290187782205e+00
1.037986723651589616e+00
1.049664193715716953e+00
1.060396509657951292e+00
1.066998586148310224e+00
1.074625197524331055e+00
1.085296461905495669e+00
1.096103389674460971e+00
1.103467631868814580e+00
1.112307147114516503e+00
1.120734139445490607e+00
1.129293173570807829e+00
1.135358797410039200e+00
1.145448586215189080e+00
1.155023110673947029e+00
1.163950586972727796e+00
1.171733491291508722e+00
1.180330796000866433e+00
1.188256112957915667e+00
1.195704941912284491e+00
1.205731218098314628e+00
1.215715534159029332e+00
1.222054167023665983e+00
1.232230254317118856e+00
1.238188821033165521e+00
1.244960469891980503e+00
1.254364613449372223e+00
1.262148948598080578e+00
1.268153512528947591e+00
1.276557256577969257e+00
1.286013885283747049e+00
1.294551426206862477e+00
1.301192749797859038e+00
1.308792131683112592e+00
1.314328510856213716e+00
1.322538172131592971e+00
1.335905382769159822e+00
1.341631129712985260e+00
1.349496033503239101e+00
1.356247773306967330e+00
1.361809475042245587e+00
1.368627322096271470e+00
1.374312851858503048e+00
1.385187695145606801e+00
1.395256273266614722e+00
1.401211658970984431e+00
1.408276305512418336e+00
1.415004075615766022e+00
1.423042222222290043e+00
1.430706982473046729e+00
1.438309245661132607e+00
1.445851265155623455e+00
1.452692436773854290e+00
1.459531113203638597e+00
1.466808911833083373e+00
1.474358692486813061e+00
1.480949944824272002e+00
1.488307947808583886e+00
1.492910881600747031e+00
1.499882941420036087e+00
1.508282696061414851e+00
1.514729100411832396e+00
1.521548664270347961e+00
1.527159733294033428e+00
1.535072474335705595e+00
1.540967606450178051e+00
1.549342685381176921e+00
1.552673931703300481e+00
1.561717724324960255e+00
1.568866973090104366e+00
1.574091437522946224e+00
1.581867525553659837e+00
1.588071981771086882e+00
1.594056993023026614e+00
1.601161978202209513e+00
1.605997894476715038e+00
1.614698382983466685e+00
1.618535062926623080e+00
1.627273625993002515e+00
1.631971308480466343e+00
1.636909112886823170e+00
1.644434678491427881e+00
1.650533979726675149e+00
1.656667231685744035e+00
1.665773060292915719e+00
1.672827347995455405e+00
1.675157094427410343e+00
1.680786750095191406e+00
1.688034700005471178e+00
1.692406438721695272e+00
1.699820384361564241e+00
1.705076820055269504e+00
1.710913067532390253e+00
1.718217038967621013e+00
1.722818390818663170e+00
1.729181948789496381e+00
1.735049484003653886e+00
1.739655316250656725e+00
1.745244665234529480e+00
1.751578034476105827e+00
1.756426192253399465e+00
1.761962210065586509e+00
1.767873088726768849e+00
1.772495673207489464e+00
1.777863517814371130e+00
1.784763325169744563e+00
1.791625579096602694e+00
1.797481083304889093e+00
1.801951030905480255e+00
1.806924079690607199e+00
1.812497754085161672e+00
1.817117842409809336e+00
1.823457871583322953e+00
1.828180898929568254e+00
1.832742514673558976e+00
1.838640886654048456e+00
1.845360263755552177e+00
1.850920777094828606e+00
1.853362667693889687e+00
1.859962453959212780e+00
1.866641075307484465e+00
1.869144114026499937e+00
1.874010164293280711e+00
1.879784438971398686e+00
1.885059041638558641e+00
1.890485233805515364e+00
1.895068671704610797e+00
1.900571502172551330e+00
1.905299056325942209e+00
1.910187549675878227e+00
1.915250553721077775e+00
1.919548759573474150e+00
1.924247684592835128e+00
1.930357704992131884e+00
1.934864226933298958e+00
1.939759124720807471e+00
1.943527540619825800e+00
1.948661364277522567e+00
1.953158523701472582e+00
1.958040956179174064e+00
1.964479335517093750e+00
1.969004881885090485e+00
1.971341002591560088e+00
1.975886028894288771e+00
1.982695665054927225e+00
1.986408855959981956e+00
1.989914290804837282e+00
1.994968968244591911e+00
2.000408297371526256e+00
2.004903107102465665e+00
2.009388688463058514e+00
2.012967787280378396e+00
2.017211614430505229e+00
2.023007766181599720e+00
2.027314918467352012e+00
2.031042758610130505e+00
2.035517389102445840e+00
2.040355480500275931e+00
2.044728620154952381e+00
2.048423869201470904e+00
2.052440359774722722e+00
2.057218999895055855e+00
2.061543336422113626e+00
2.065368069459557532e+00
2.069256805111913344e+00
2.073466719925004753e+00
2.077865958446361461e+00
2.082161265841212305e+00
2.085569304135015845e+00
2.090047903571677690e+00
2.094866656280711226e+00
2.098745236041337225e+00
2.102132478877347666e+00
2.105918059457215108e+00
2.110455382345906905e+00
2.115325408551143482e+00
2.118795968059828283e+00
2.121803192135303995e+00
2.127709546963214127e+00
2.131489016370160972e+00
2.134114150953857703e+00
2.138629492763803430e+00
2.141697258683960214e+00
2.145093822505410586e+00
2.149709773815133840e+00
2.153703312598581388e+00
2.156713371661723944e+00
2.160917423541964588e+00
2.165091541092107441e+00
2.168929069331907211e+00
2.172581983286831164e+00
2.176445728366633414e+00
2.180009862053792435e+00
2.183231418599994367e+00
2.187366190237362229e+00
2.191842536777055095e+00
2.194498994893444799e+00
2.197960326687765864e+00
2.202080433489120637e+00
2.206111815911263818e+00
2.209658401812153894e+00
2.212586789853213887e+00
2.215954723847298968e+00
2.219710420303508513e+00
2.222996004150515681e+00
2.226958017857467720e+00
2.230814125595232067e+00
2.234166005135812316e+00
2.237227667538070452e+00
2.240227586181734232e+00
2.244108310581610422e+00
2.248009330517320326e+00
2.250453763439725030e+00
2.254057229064200030e+00
2.258026498385191427e+00
2.261535947106606770e+00
2.264387130973176898e+00
2.267242137935533197e+00
2.270893393053593723e+00
2.274693493545566270e+00
2.277470387067046520e+00
2.280585967049359120e+00
2.284122799961269656e+00
2.287031607924084664e+00
2.290085639545854423e+00
2.293974618356015238e+00
2.297776992989006395e+00
2.300192132938477574e+00
2.303230461202461665e+00
2.306480802012563558e+00
2.310082321434361319e+00
2.313561349626891417e+00
2.316284036718539774e+00
2.319345923754561500e+00
2.322360604151895380e+00
2.325080520133114614e+00
2.327905571435798571e+00
2.331188352865025681e+00
2.334533867518567174e+00
2.336933935631882786e+00
2.340056428331585447e+00
2.343897789094612438e+00
2.347106921452640993e+00
2.349709259646184378e+00
2.352388229121233465e+00
2.355022037002637347e+00
2.358319690797278767e+00
2.361111163629137977e+00
2.363868123845735525e+00
2.367127877851092244e+00
2.370366311210004184e+00
2.373264326958318460e+00
2.376049336211866425e+00
2.378834036129809260e+00
2.381829939648861139e+00
2.384822117566499866e+00
2.387694509062356474e+00
2.390120779324712785e+00
2.392721067857886297e+00
2.395595475667859020e+00
2.398645122071553004e+00
2.401622711913191655e+00
2.404047431895828257e+00
2.406770310167822391e+00
2.409868849232246202e+00
2.412672307097532443e+00
2.415651095037739005e+00
2.418169815905724995e+00
2.420376296654899395e+00
2.422617404120699813e+00
2.425299704249150423e+00
2.428334120060589019e+00
2.431112058417839172e+00
2.433745410559799538e+00
2.436271153651230481e+00
2.439025653632065804e+00
2.441828119265989194e+00
2.444449532031914174e+00
2.446883583489523506e+00
2.449336648677008732e+00
2.451945774146453427e+00
2.454704014385564292e+00
2.457161721801953025e+00
2.459797976292881660e+00
2.462573965128827869e+00
2.465231580748023177e+00
2.467925783502083803e+00
2.470404829586668516e+00
2.472874993957632217e+00
2.475079258798472015e+00
2.477450932797875094e+00
2.479950643227514462e+00
2.482769789964659246e+00
2.485021045824606034e+00
2.487425986757120455e+00
2.490013500686842463e+00
2.492723494251282368e+00
2.495203414560790645e+00
2.497538934106819042e+00
2.500127066975539769e+00
2.502119419268812095e+00
2.504447180185303434e+00
2.506940905832655719e+00
2.509477139751802088e+00
2.511735237267517018e+00
2.514052942386995504e+00
2.516522614028241733e+00
2.518961472123155687e+00
2.520953798302254079e+00
2.523146787040879691e+00
2.525822130996949966e+00
2.528162102556148927e+00
2.530367937668437595e+00
2.532819451073402117e+00
2.535125084156300890e+00
2.537155060989864985e+00
2.539618183161423293e+00
2.541583869042015831e+00
2.544094914306437971e+00
2.546371220299112004e+00
2.548729055301603097e+00
2.550679910003972761e+00
2.552616969509038825e+00
2.555023924430019022e+00
2.557418027305645936e+00
2.559508338773361924e+00
2.561560948939067384e+00
2.563735489765059938e+00
2.566027499493383157e+00
2.568290593989215331e+00
2.570649706431691328e+00
2.572679941793952096e+00
2.574647435877150947e+00
2.576810918555141772e+00
2.579250271884486079e+00
2.581403592184159823e+00
2.583404498632978274e+00
2.585411810006157829e+00
2.587376148830619726e+00
2.589377135276434316e+00
2.591625057040894298e+00
2.593728325968118753e+00
2.595873204914730614e+00
2.598095345743027362e+00
2.600023021801721956e+00
2.602036140960882094e+00
2.603847203967317725e+00
2.605807806839308238e+00
2.607760028196709712e+00
2.609861225763837833e+00
2.611887671631598185e+00
2.613848999058780542e+00
2.616040027784557243e+00
2.618256947515189559e+00
2.620340337047393664e+00
2.622254123982739493e+00
2.624081939891587112e+00
2.625961461796729068e+00
2.628284323874605199e+00
2.630157649431521971e+00
2.631938666224061141e+00
2.634247224004744758e+00
2.636120832932957292e+00
2.638028471388174534e+00
2.639909527825670565e+00
2.641849222073874071e+00
2.643629138980303050e+00
2.645601513573616170e+00
2.647406208370446379e+00
2.649165223946259307e+00
2.651099859296452976e+00
2.652818656817998555e+00
2.654893229281614531e+00
2.656878405833785983e+00
2.658736648608134079e+00
2.660590070025813603e+00
2.662314267354014774e+00
2.664187514043495852e+00
2.666005832577630574e+00
2.667929970652497929e+00
2.669819042907083162e+00
2.671741288177772677e+00
2.673708699365361152e+00
2.675501403197230843e+00
2.677174613320128849e+00
2.679169679806389759e+00
2.680843955228969122e+00
2.682855859707629076e+00
2.684379144323306043e+00
2.686200871834211412e+00
