-3.524958103184872065e-17
1.031341678725539124e-14
-9.575673587391975161e-16
4.474198789239381134e-16
-1.036948304999896193e-15
-1.409983241273948727e-15
1.475486399726832948e-15
-1.176281294590353426e-15
6.733502644351574852e-16
5.856426454897701145e-16
8.071321389024887576e-16
3.275157922644211991e-16
8.476552793013069949e-16
7.216449660063517759e-17
1.237898672457049533e-16
1.204591981718294807e-16
4.440892098500626162e-16
1.521005543736464579e-16
6.106226635438361003e-18
8.126832540256146191e-16
-1.381672554146007346e-15
-2.275957200481570772e-17
3.269606807521085834e-16
8.676392937445598797e-16
6.167288901792744267e-16
1.180167075176541489e-15
1.175448627321884527e-15
1.102173907696624179e-15
2.292055434338635630e-15
-3.419486915845482223e-16
-3.198552533945075851e-15
5.864753127582389149e-16
4.515832152662823913e-15
8.604228440844963188e-16
-1.998401444325281773e-15
6.346312364513550640e-16
-1.027788965046738699e-15
-4.298783551348605998e-15
-7.854827899222982721e-16
4.295175326518574637e-17
1.776911950912562933e-15
-1.259131687803005717e-15
5.869540964376085318e-15
-1.832984718869168282e-15
-5.016195792073574246e-15
-1.251429515569668598e-15
5.102862576933375591e-15
2.117334085838251572e-15
-2.700478729522615187e-15
-7.807504642798335668e-15
-8.773537452100299403e-16
-8.160139230994900424e-17
3.194666753358887787e-15
-7.159550730051478713e-16
1.068173327567478721e-15
6.487865800153258533e-15
-2.004230115204563671e-15
-5.982991879704968659e-15
1.745548150466902386e-15
-1.171007735223383798e-15
-4.898026428890034336e-15
6.819544928760023734e-15
-3.410050020136168298e-15
5.217770659982079703e-15
1.943722960362492845e-15
2.041145030773350473e-15
4.329037128769641609e-15
-2.984834601704733532e-15
1.176753139375819122e-14
6.943612351761884946e-15
-1.115774139748282205e-16
-4.655997809521750241e-15
1.931232951335459755e-15
2.261524301161443983e-15
-5.290490268095027583e-15
-1.169148111657136774e-14
-4.966582700660637720e-15
1.096206458939263908e-14
-3.091693567824904692e-15
-3.532174552844935675e-15
1.866201637668041270e-14
2.459976666813190478e-15
-6.588063428125679290e-15
5.063449659559182881e-15
-1.720290576656679973e-15
2.193245585146996635e-15
2.129962872743362681e-15
-2.383648833870210966e-15
-2.903510765150940627e-15
4.724554081292353626e-15
-3.302913498259840806e-16
-2.722544412137040221e-15
1.296740492762182808e-15
-5.656031198952860027e-15
2.693123501984473509e-15
6.699918397856663054e-15
-4.500289030318071658e-15
6.125655538369300896e-15
5.611622277967853923e-15
1.894595591522829778e-15
-3.871902798380233238e-16
2.320366121466577012e-15
2.375322161185522371e-15
4.826694599557868217e-15
1.197902887994928209e-14
7.503997423441433435e-15
-4.837241718291807078e-15
-1.675409810886208094e-14
-8.398837181289309662e-16
8.804068585277491050e-15
-4.257705299437475293e-16
-1.367961299791886669e-14
1.166178265066264499e-14
-6.427913756823500175e-15
9.408029910673575956e-15
-1.525168880078808876e-15
6.130373986223958253e-15
-3.267108805715679236e-15
-9.371947662373259630e-15
4.715949852851508600e-15
5.473399511402021429e-15
1.485644940402153199e-14
5.101752353908750655e-15
1.740829702612245424e-15
5.051514762044462431e-17
-1.348587908012177637e-14
-1.726951914804430967e-15
-2.575162305618050627e-15
1.135758154191535188e-15
-5.320743845516062404e-15
4.999889391399392101e-15
1.039807129288305974e-14
4.034550471487819247e-15
-1.372929547827084144e-14
-1.761646384323967109e-15
2.686739719592878749e-16
-9.775513731824503023e-16
8.554823516249144480e-15
-1.704497654131387245e-14
9.928169397710463230e-16
-3.970157536059559568e-15
9.601486272714510240e-15
1.753930334302822189e-14
1.435240815084171181e-14
-8.376632720796806019e-16
-1.676797589666989539e-14
1.134231597532675488e-14
-8.570921750106208216e-16
2.097488849273076805e-15
-7.187861417179420489e-15
2.749189764728043804e-15
2.658678832645477958e-14
-1.837419105754634153e-15
1.529332216421153134e-14
8.569811527081583083e-15
1.212280276163824005e-14
-8.426315201148781158e-15
1.874972399562579919e-14
-1.934841176165491387e-15
-1.294797602469088776e-15
1.487004963607319041e-14
-1.129818461009790560e-14
-1.651234704524995209e-14
4.130862318874051545e-15
-9.487688412690431064e-15
8.053280264874728624e-15
-8.732181644433012858e-15
1.180722186688853918e-14
-8.648359806073812467e-15
-2.696537437785195759e-14
-1.662558979376171978e-16
2.464028980853072401e-14
-2.427502643342904602e-15
2.078337502098292917e-15
-8.806011475570584885e-15
8.674172491396347545e-15
1.764477453036761365e-14
1.190270104700630258e-14
2.412070543300614999e-14
1.649236303080670088e-15
2.135513987866488542e-14
9.550971125094065807e-15
-1.046940312221522586e-14
2.680911048713596851e-15
7.238654120556020959e-15
-9.424683256042953935e-15
-3.156697125916707415e-14
-6.991907053333079508e-15
-8.483214131160820747e-15
5.475064845938959227e-15
-8.601452883283399666e-15
2.549183086841822084e-14
-1.074029754022376380e-14
-2.111741337351702542e-14
6.347700143294332204e-15
-2.098460294419624116e-15
-7.997907891521548815e-15
-1.185884723753360933e-14
3.997358000162876408e-15
1.974947982930075372e-15
1.272440486310699707e-14
-2.139038945969673364e-14
-7.989581218836861403e-15
8.255757188990741990e-15
-2.951389133087900345e-15
4.142935994266849397e-15
-1.625227730173151023e-15
8.311129562343921799e-15
2.543423804901578958e-14
-1.756095269200841445e-15
8.609085666577698564e-15
6.414729858406076598e-15
1.652289416398389253e-15
-2.090466688642322765e-14
1.005626137917658974e-14
3.370498324883897175e-15
-8.980177712558657264e-15
5.806743974545725216e-15
5.191402863147231762e-15
-3.479577737053318600e-15
1.271496796739768393e-14
1.496025525682398399e-15
-2.197152182414896402e-14
1.905739455132504670e-14
2.593064651890131067e-16
5.726738527833674274e-15
1.615561850965008249e-14
8.809064588888304444e-15
3.899658373995862422e-17
-2.298140844292362178e-14
-1.540059746396593735e-14
-1.789471348878635032e-15
1.560689077972909937e-14
1.036858099379145402e-14
2.531676257522264134e-14
5.954681192577026884e-15
1.178272757140774685e-14
-6.488108661439895065e-15
-2.076269711714928551e-14
-1.816180886238249975e-14
-3.357539940518350379e-15
-1.192353507595278441e-14
-8.572101362069871964e-15
3.022616879011508344e-15
-1.432002953716260319e-14
6.377214294833732732e-15
-1.965835046829900166e-14
-9.261732006327073049e-16
9.393054910267206673e-15
2.260140859189352495e-14
1.202062754890320674e-14
-5.582530965275722899e-15
8.409314911084209711e-15
1.766312790474344815e-15
-1.271899252586194962e-14
-4.601423408967519827e-15
1.381249281617868917e-14
-4.427604116674644072e-15
9.877446083272900586e-15
-2.724417913491095046e-15
6.084473203049611874e-15
3.119969560483326884e-14
1.979735819723771344e-15
-3.026467965128176903e-15
-9.043252258145173402e-15
9.415107582455561202e-15
-1.194287724270992675e-14
-2.183905833952337717e-14
-9.447304050169691436e-15
7.906869603502286934e-16
-1.231389989975184487e-14
6.016714904077957292e-16
-7.404077351225168716e-15
-7.385411726623657893e-15
-3.615371890752783012e-15
-9.393180677719215370e-16
3.177687279976026781e-14
2.012279232133096230e-16
-2.418093503209206675e-14
-1.769667745676883985e-14
-2.777500451855985186e-15
-6.917799666439350656e-15
-3.099187573241124388e-15
-4.925782004505663249e-15
-1.115940673201976103e-14
2.780040087024815446e-14
-9.203471318386390737e-15
-9.880013474017345504e-15
2.063405002417084575e-14
1.011982164733638052e-14
-4.930222896604163781e-15
-2.074396210360873725e-14
1.207020594584662376e-14
-8.586603650329039081e-15
-1.039654473622419996e-14
-1.230446300404253173e-14
1.870115173829844859e-14
-9.770656506091767647e-15
-1.470948363113677803e-14
2.163269563482117456e-15
-3.946842852542431186e-15
-5.379446887943117809e-15
-3.296252160112089911e-15
2.073813343272945417e-14
1.095151747065870021e-14
8.744394097703888925e-16
6.929318230319836434e-15
5.725281360113854292e-15
-4.369143935534225199e-15
-1.639882674098203211e-14
5.153655280309976850e-15
1.514760539222948034e-15
1.258354531685768064e-14
-1.122810178166844322e-14
-3.385208779960180531e-15
1.493971613086841873e-14
5.845046668895292991e-15
7.934486401239837631e-15
7.139289159852069891e-15
-5.706823902329461286e-15
1.095207258217101229e-14
6.790956685875925922e-15
-1.227296042571879317e-14
8.212042157396126767e-15
4.138633880046427672e-15
-6.359079929296740753e-15
-1.708577723746884771e-14
-3.749778265671466058e-15
1.021571716108837797e-14
3.574363027780691513e-15
4.072020498568918122e-15
2.089772799251932042e-14
2.538524945805420256e-15
-3.277100812937305629e-15
-5.095368571517156289e-15
-4.876654635666000183e-16
-2.365496687417589758e-14
7.526201883933936882e-15
2.240818641752184792e-14
1.284694572944999929e-14
5.824785098695884168e-15
2.718658631550852157e-15
3.240741008880831689e-14
1.139033312114179340e-14
-4.140854326095677544e-15
2.735311976920229348e-15
-8.832656828161589651e-15
2.109423746787797328e-16
-1.413508199377133628e-14
8.896494652077534890e-15
-9.408307466429733570e-15
3.250455460346302045e-15
1.555422457499844250e-14
-8.560374631372269947e-15
-1.202205002215350722e-14
-3.101408019290374654e-15
-5.794253965518691732e-15
-2.411904009846921377e-14
-1.723232667671936762e-14
7.760458942129844454e-16
-1.237010494037349436e-14
6.017686349224504801e-15
1.549871342376718467e-14
2.418065747633591071e-15
6.353251258417458460e-15
-2.234046281301971106e-15
-1.251498904508707805e-15
-3.816391647148975608e-15
1.352778999930137578e-14
-1.005834304734776159e-14
-1.405764393780373262e-14
-1.557670659124710356e-14
-2.221167694216319407e-14
-2.375460939063600626e-14
-2.674471755170770962e-14
7.026879078608771686e-15
1.030397989154607810e-14
9.767187059139814033e-16
4.465039449286223443e-15
-6.920852779757069426e-15
2.382455344118739062e-14
-6.483147352298601965e-15
1.611738520423955530e-14
9.159062397401385422e-15
-3.129163594906003567e-15
-3.162414774493527450e-14
2.541966637181758503e-14
-4.867217739956686652e-15
-2.004230115204563671e-15
6.097344851241359909e-15
1.120048498393089233e-14
6.988298828503047875e-15
1.006333905095857498e-14
-7.032985305244210016e-15
-4.320432900328796582e-15
-2.275957200481570711e-16
-4.419797861032748440e-15
-5.631051180898793847e-15
1.232430824060770571e-14
-3.401445791695323272e-15
-1.519562253804451807e-14
-1.334599097901900608e-14
7.163436510637665594e-15
-2.033928581113286814e-15
7.198963647425671423e-15
1.832478613295052204e-14
5.348221865375535281e-15
-1.501049284868827120e-14
8.833211939673901725e-15
-1.011746242340905105e-14
1.944278071874805391e-14
-3.303718409952693845e-14
1.500188862024742696e-15
1.416755601724162255e-14
-5.515865542093933698e-15
1.675187766281282949e-14
-8.576195309473178238e-15
2.545186283953171448e-15
-9.640066522820234051e-15
-6.466494006929223986e-15
-1.463690280090190817e-14
-1.475514155302448709e-14
-3.056999098305368550e-15
-1.122768544803420759e-14
-2.199518345236128981e-14
-3.227640377190255397e-14
7.871758800348516539e-15
-2.794153797225362770e-15
-3.497757639081555570e-15
-3.900213485508175210e-15
1.219857548306890749e-14
7.156775172489915980e-15
-1.971006691192656023e-14
-3.562705686022127717e-15
1.403321903126197930e-15
6.679934383413410267e-15
-2.550626376773834737e-14
3.600730824615538666e-15
-4.063693825884229132e-15
-1.385364045702885947e-14
2.038175184182478119e-14
1.254663040128889463e-14
-1.106142955009659014e-14
-1.771638391545593423e-14
4.488631688559507861e-15
-1.485922496158309552e-14
-6.972755706158295621e-15
-1.593863929727490358e-14
1.671413007997557694e-14
4.109768081406173034e-15
-1.226047041669176047e-14
-1.036143393307042977e-14
-9.640899190088703739e-15
-3.547495630584762391e-14
-2.598893322769413380e-14
1.982136677014523192e-14
-1.302569163641464943e-14
1.116134962231285486e-14
9.191536420871671692e-15
-3.748945598402997159e-15
-5.165867733580853509e-15
9.131306821785756508e-15
8.232581283351692415e-15
-3.546885007921219031e-15
-8.175959909095808863e-15
-1.640076963127512594e-15
2.236821838863534234e-15
-4.279354648417666074e-15
-1.089711654245206811e-14
-1.275812788747998708e-14
-1.291050599760978849e-14
-3.036598750227881156e-14
-2.213979000131871430e-14
-4.627964678149965291e-15
9.645617637943359518e-15
-1.391664561367633660e-14
-5.632438959679575608e-15
9.514056209525278216e-15
2.917943664471067551e-15
1.297212337547648543e-14
2.697841949839130472e-15
-1.918853964610889395e-14
2.198075055304116328e-14
-8.951173136040324607e-16
1.136146732250153876e-14
1.713351682752772705e-14
-1.999511667349907103e-15
1.123351411891349067e-14
5.895284260759581387e-15
5.426215032855452591e-15
-7.546463454133344916e-15
2.272348975651539275e-15
-4.015399124313034570e-15
5.438982597638642112e-15
2.616795669041493840e-14
5.977163208825686367e-15
-5.792866186737910760e-15
1.111888359162094338e-15
1.390554338343008606e-15
2.809696919570115025e-15
2.750855099264981602e-15
4.596323321948147722e-16
-2.155498002309741329e-15
-9.921508059562710856e-15
1.706440544424481080e-14
-1.040278974073771710e-14
2.072619853521473513e-14
4.862221736345873258e-15
-3.987088437185093584e-15
-6.455114220926816226e-15
-8.759104552780172084e-15
1.435240815084171141e-15
