2.872269746467972064e-04
4.611197185812338645e-04
1.314185219644325563e-03
2.826049348033512348e-03
4.697984148915811640e-03
6.273956708342958745e-03
7.724043204020743757e-03
9.050809836014332352e-03
1.095581618212199473e-02
1.279133426642773200e-02
1.439884115166807817e-02
1.597210527647932934e-02
1.847581020813393246e-02
1.969604234472861759e-02
2.193752147341124226e-02
2.327847711147734353e-02
2.438976899238330664e-02
2.537569160672481158e-02
2.643917198324288037e-02
2.755473020848324406e-02
2.754158615223258055e-02
2.940675747867196183e-02
3.044645898347510260e-02
3.328237399999809526e-02
3.339206664950484377e-02
3.376032297131969367e-02
3.379545618369046711e-02
3.396592053975831804e-02
3.359185797846356986e-02
3.414353108002437381e-02
3.457847529294733741e-02
3.575771248565829535e-02
3.640205319242182519e-02
3.661711230577201215e-02
3.721423357870544402e-02
3.717859974157127628e-02
3.794866460824957571e-02
3.799416860001123691e-02
3.802601333061259026e-02
3.894488203841095508e-02
3.995346678482339375e-02
3.980909980804268888e-02
4.027405084256824308e-02
4.059166010733446239e-02
4.075160449451738220e-02
4.200758800340868848e-02
4.250993589009247065e-02
4.261554151380711475e-02
4.310684676662228376e-02
4.431305503907276983e-02
4.503172390988541274e-02
4.614875577778052018e-02
4.662406555214679976e-02
4.701044205396739950e-02
4.719341892250336623e-02
4.801245202510023846e-02
4.904630889815141115e-02
4.860990482469780549e-02
5.029747916332113350e-02
5.111096181171760622e-02
5.199172089073799546e-02
5.357316348425853608e-02
5.341226046205322514e-02
5.488199807154212073e-02
5.520907169132741737e-02
5.520511101450555763e-02
5.672418841818449575e-02
5.723121330605617646e-02
5.713230768993797504e-02
5.896918198208637302e-02
5.904603035300815678e-02
5.968837728699787071e-02
6.193127265201656129e-02
6.246847613849777076e-02
6.280862815815911604e-02
6.307173586375612595e-02
6.470778071732465053e-02
6.441507494075636442e-02
6.637671385068016905e-02
6.611090570889475992e-02
6.663373047647150327e-02
6.753351338719106034e-02
6.699585318336120920e-02
6.790775650348958303e-02
6.986595727507788345e-02
7.000730757240004876e-02
7.004906105745514755e-02
7.197916220547752320e-02
7.187396615029587044e-02
7.260944207000959161e-02
7.296453912725121838e-02
7.348160792964096577e-02
7.337173706435051734e-02
7.472685841892504066e-02
7.575133318032734042e-02
7.587853432725435998e-02
7.618238309548962250e-02
7.694457216543405809e-02
7.717117662905820241e-02
7.702432840247006030e-02
7.762109651766631313e-02
7.887355203887023991e-02
8.020766403722366655e-02
7.840149007594225672e-02
7.918157834320366240e-02
8.094301454105017057e-02
8.106174585134331978e-02
8.053006243901554562e-02
8.185027385488846674e-02
8.211389048431375071e-02
8.245156630070854531e-02
8.298191037695863692e-02
8.326559718599366167e-02
8.322790664168495944e-02
8.343901816087385959e-02
8.366543231847871354e-02
8.389466768152130383e-02
8.449122891448333783e-02
8.417455505082889478e-02
8.540909507067463713e-02
8.577810493841900308e-02
8.600269091845896829e-02
8.472108657885307759e-02
8.663960911892293337e-02
8.574360481081767793e-02
8.604487612994637935e-02
8.695197950993387159e-02
8.675920819177439236e-02
8.794488137221370683e-02
8.845148114887360635e-02
8.721023417068532457e-02
8.741190516582575398e-02
8.830503250868138032e-02
8.789996862369554853e-02
8.860639348536064608e-02
8.873078933795561229e-02
8.863932600666839245e-02
8.929356408734610839e-02
8.939474733523362915e-02
8.876061077243539710e-02
8.940550721658806210e-02
8.939590612671137471e-02
8.974622644731060361e-02
8.932547245953872950e-02
8.966740320589086655e-02
9.030003033184554051e-02
9.051191999082625061e-02
8.937887315451552295e-02
8.995713545349624807e-02
9.038226600006027400e-02
9.087413193833941694e-02
8.927839329903149157e-02
9.002585731248953504e-02
9.039722799814849108e-02
9.094044594345108978e-02
9.056853408780243808e-02
9.063312169961065812e-02
9.116438664151928217e-02
9.112799953501794781e-02
9.070262565814569966e-02
9.093205710900943706e-02
9.083471900353012884e-02
9.055130604102484826e-02
9.090725575832507566e-02
9.124158026611722816e-02
9.100975786378427690e-02
9.108396224733182611e-02
9.136710832734601384e-02
9.086499553600872747e-02
9.119974886920749479e-02
9.103654426175668279e-02
9.094311510572124224e-02
9.062258030948591725e-02
9.055895660604321162e-02
9.041982527014799653e-02
9.097837007253983810e-02
9.085819610602959007e-02
9.064435200491879896e-02
9.055680566043308732e-02
9.105558136589297913e-02
9.067227604909113003e-02
9.099024349510416443e-02
9.070190410291600891e-02
9.068861375218416343e-02
9.023541844980965954e-02
9.086118071625627624e-02
9.034350798915030678e-02
9.060229218818155461e-02
9.056572833834267144e-02
9.123854262628040834e-02
9.096654860868011450e-02
9.058522497184844091e-02
9.033077067811438876e-02
9.051778957028297490e-02
9.000387727458239451e-02
9.069884145288677202e-02
9.084399664941052166e-02
9.029207484750452484e-02
9.008188337510333876e-02
9.108179068946196943e-02
9.054713213874109046e-02
9.008268411029585199e-02
9.022585555206541486e-02
9.033829980924813763e-02
9.036907994576970360e-02
9.034605722887625867e-02
9.044731264905019053e-02
8.998927572899700911e-02
9.015000894329712466e-02
9.027273234553788439e-02
9.048741541549712442e-02
9.007638049492752708e-02
9.054839104651281334e-02
9.046856542364489773e-02
9.036398446512731997e-02
9.033181230283643393e-02
9.022056428638809689e-02
9.034947535266324437e-02
9.016080215499944206e-02
9.046847225219176170e-02
9.003417615389773532e-02
9.012300829345533393e-02
9.065918521945387498e-02
9.032005582937761845e-02
9.086668804007841382e-02
9.038494006549691040e-02
9.088030402587524148e-02
9.038929901945749745e-02
9.040868874729124371e-02
9.020996782976624384e-02
9.000089646992584513e-02
9.030106015448270684e-02
9.002541509721363744e-02
9.057140742562021229e-02
9.062063691939759025e-02
9.040688600157091581e-02
9.062281432969046535e-02
9.081439534286274429e-02
9.066904746787983471e-02
9.082591100668520323e-02
9.051991960371859325e-02
9.074127601901517404e-02
9.062463129947806451e-02
9.083558672315752980e-02
9.036311306638675211e-02
9.008040231596724234e-02
9.109920580863434258e-02
9.120062746494445038e-02
9.093273078382418939e-02
9.088880588555359186e-02
9.122586875741199586e-02
9.128852788992443401e-02
9.121867781431784727e-02
9.093686216443233605e-02
9.127245219395094256e-02
9.138454554265409979e-02
9.152764276615536765e-02
9.134786441024407566e-02
9.158393825732501214e-02
9.127417043737624802e-02
9.161033174353278019e-02
9.215222658973376557e-02
9.156727403700849754e-02
9.173168103265903761e-02
9.206192909923069378e-02
9.196309679394168435e-02
9.184936876420604634e-02
9.236927337813151395e-02
9.229379036316799623e-02
9.242941823121089695e-02
9.252555581428133225e-02
9.275801277856315918e-02
9.270203648103358951e-02
9.281813289393019140e-02
9.305733540391863956e-02
9.309044881223740853e-02
9.330801659785614710e-02
9.316087504191306046e-02
9.323536309695977520e-02
9.350733188570929666e-02
9.359060406028792134e-02
9.409588895776364870e-02
9.394533146254513412e-02
9.373884857546339877e-02
9.377919184837302247e-02
9.432014862484829065e-02
9.437493857551434995e-02
9.448755592778468326e-02
9.453792215119304065e-02
9.496658309865120551e-02
9.496041933909836474e-02
9.475296588671310027e-02
9.503237537139475055e-02
9.507089698798126820e-02
9.558920503242078481e-02
9.548798958562607075e-02
9.585478469959674008e-02
9.575469355927070103e-02
9.591563024479193844e-02
9.630963989766438971e-02
9.615077427697926726e-02
9.642969734851762620e-02
9.628929064096704293e-02
9.653489232302533973e-02
9.675476016292734738e-02
9.682530882165062136e-02
9.702450907377263567e-02
9.703001977335218298e-02
9.722463112113083339e-02
9.759042172663197345e-02
9.778153174372450351e-02
9.797756503467859590e-02
9.800009204189794043e-02
9.804307784907649592e-02
9.813575020855330733e-02
9.856579057703954150e-02
9.869947597522620020e-02
9.882421966496292287e-02
9.885939216362782389e-02
9.917642069561083407e-02
9.947894422391254099e-02
9.938560418461096779e-02
9.958650918321165779e-02
1.000741233631059213e-01
9.997459841994639496e-02
9.991644586987530330e-02
1.003638555548719558e-01
1.004306030987402315e-01
1.003601938208081440e-01
1.008439377506185203e-01
1.010832203107478178e-01
1.010118890889571408e-01
1.011869647758489865e-01
1.013685967786595865e-01
1.017338196591263677e-01
1.017269346708166294e-01
1.018440435695281421e-01
1.023140172360634537e-01
1.024219117421960867e-01
1.025154850223505831e-01
1.026779095195009261e-01
1.028422332006107554e-01
1.028286670534268726e-01
1.030802285575159877e-01
1.035191780723236504e-01
1.037850667886517642e-01
1.039984323663958182e-01
1.041136681766385574e-01
1.043673533069712916e-01
1.043613282603716580e-01
1.043515006136549184e-01
1.044749821553925956e-01
1.047880289674359838e-01
1.050280767820176431e-01
1.051360620986631633e-01
1.054575656006241785e-01
1.057534388977030837e-01
1.058109521337741998e-01
1.057817262793996627e-01
1.060435906196576378e-01
1.063873978462788472e-01
1.065334459985729093e-01
1.065678347517575175e-01
1.068916875220904117e-01
1.072095540141403403e-01
1.076074643706967787e-01
1.076425309468173469e-01
1.077544848868028510e-01
1.078914109599247856e-01
1.080114233857095152e-01
1.081888379038932202e-01
1.082969876056421032e-01
1.086700082675621098e-01
1.088044735074007729e-01
1.088558891312776805e-01
1.090828456364314747e-01
1.093158931466612083e-01
1.094403267661984286e-01
1.096015746284010883e-01
1.096168147312411856e-01
1.099646936248966506e-01
1.101418747534454595e-01
1.102946080489751735e-01
1.107463839778131676e-01
1.106263404474386869e-01
1.108133018579581797e-01
1.109917865546746901e-01
1.111899998281939556e-01
1.115612603586349644e-01
1.116088313092889889e-01
1.119294788861885659e-01
1.119850652858557782e-01
1.120003026947984093e-01
1.124307513714210421e-01
1.124593262768028568e-01
1.128133386063384092e-01
1.129913896844776944e-01
1.130990250897071780e-01
1.133767206119003085e-01
1.135206687802587655e-01
1.137399951789737629e-01
1.139214696778971664e-01
1.139279516632106387e-01
1.141075009244390120e-01
1.143693745336015477e-01
1.146412693673671268e-01
1.147687364942265309e-01
1.149535674545922315e-01
1.153249270062248893e-01
1.155711981180799208e-01
1.153529022947244742e-01
1.156015657709281719e-01
1.158379892847165998e-01
1.159499032936164575e-01
1.161728900561105338e-01
1.162135738483366515e-01
1.163834995957292728e-01
1.164001069196965721e-01
1.169013273893766830e-01
1.169911843305682514e-01
1.172840921336896491e-01
1.174338440929589972e-01
1.174543864476002286e-01
1.176528826474070866e-01
1.178416136291595001e-01
1.180458669876319894e-01
1.182562510821411894e-01
1.183350460467705728e-01
1.184866162416170488e-01
1.185137774635380004e-01
1.187326294572638025e-01
1.189709183158404043e-01
1.191759871263663173e-01
1.192949030542398842e-01
1.194340202000921947e-01
1.195414685736710531e-01
1.198233979636004476e-01
1.199628710525427466e-01
1.200808321018610042e-01
1.202086174824762016e-01
1.205343955779410170e-01
1.208233505897982618e-01
1.208599388480321862e-01
1.211218431411806573e-01
1.210912195158745236e-01
1.213689272186097845e-01
1.215279072809513500e-01
1.217126840838275575e-01
1.217829161877030664e-01
1.219396244978083466e-01
1.221470634532983573e-01
1.223695776794773010e-01
1.224764899078933378e-01
1.227581606309180728e-01
1.226770797014353487e-01
1.228987739827853004e-01
1.230928179920152410e-01
1.233626005025297845e-01
1.234571314440589540e-01
1.237389601402074518e-01
1.238605928527027888e-01
1.240504116306328508e-01
1.241451194266912916e-01
1.243692187599099719e-01
1.244832913298963700e-01
1.243817231075347585e-01
1.246599058517913750e-01
1.247860690152128721e-01
1.250237310368445265e-01
1.254015587557065770e-01
1.253659167297513644e-01
1.254049676011128323e-01
1.254119069834611633e-01
1.255897676727307510e-01
1.257997030100061475e-01
1.260170649866420578e-01
1.261898491862962213e-01
1.264019259789856964e-01
1.266670786694795992e-01
1.267171720557545289e-01
1.268047994511256882e-01
1.269913081663508470e-01
1.270230075637352463e-01
1.271932597155104316e-01
1.272721889987103450e-01
1.274011062978080699e-01
1.277557686936975356e-01
1.281220040306240704e-01
1.281378274826361630e-01
1.281108636589657346e-01
1.282633213038030517e-01
1.284418466843239015e-01
1.285604255860627043e-01
1.288546450252637532e-01
1.288762905259574487e-01
1.290088248677104532e-01
1.291927983375220357e-01
1.293555708050939113e-01
1.294609637389755596e-01
1.294930337543309939e-01
1.296942593082255901e-01
1.299662136662319556e-01
1.299733756372303539e-01
1.300973188937430136e-01
1.302139165351052230e-01
1.303721748410112125e-01
1.305361506540341776e-01
1.305926478830159443e-01
1.306467681869875330e-01
1.307426994289493105e-01
1.309585116400850680e-01
1.310984424616600807e-01
