3.164135620181695869e-17
-8.497647030480948855e-15
1.086131184990790625e-14
-9.231504449758176081e-16
-8.637535131583718161e-16
1.665334536937734749e-17
5.456746166032644436e-16
1.905142710256768639e-15
4.030109579389318123e-16
3.874678355941796563e-16
4.818367926873179228e-16
6.056266599330229007e-16
4.363176486776865381e-16
-4.218847493575594903e-17
-6.938893903907228378e-17
-9.436895709313830347e-17
7.294165271787278786e-16
3.497202527569243004e-16
1.038058528024521424e-16
2.126077092157174814e-16
-1.326716514427062135e-16
8.337774914934925382e-16
-4.357625371653739224e-16
-1.581512698578535405e-15
-1.253441794801801639e-15
1.434408147815702242e-15
-1.550148898132874859e-15
-8.634759574022154835e-16
1.180167075176541489e-15
-3.505529200253931993e-16
1.329769627744781152e-15
-5.084821452783217034e-16
-2.772920781879406636e-15
-1.771915947301749933e-15
-6.980527267330672093e-17
-4.434508316109031796e-15
3.073513665796667722e-15
-8.738287871068450399e-15
-1.272072724933792563e-15
-2.255574199638843425e-15
1.114212888619903266e-16
1.073481581403967853e-15
6.180680967027285659e-15
1.153244166829381425e-16
1.611211164487258350e-16
5.503930644579213076e-16
2.707278845548444397e-15
-1.334765631355594545e-15
-1.492694856608523000e-15
1.548483563595937061e-15
4.036770917537069118e-15
-4.635181127810028359e-17
2.326749903858171772e-15
1.462718834943643821e-15
1.844913111170853849e-15
3.096967127191874122e-15
3.114175584073564175e-15
1.921796055626145829e-15
7.664979762012081449e-15
-4.652389584691718609e-15
1.851296893562448610e-15
-5.067612995901527376e-15
-1.242339564555550114e-15
3.545497229140437270e-15
2.882694083439218941e-15
-2.392530618067212423e-15
5.982436768192655797e-15
4.735101200026292290e-16
4.742872761198668614e-15
-2.922662112325724514e-15
4.635181127810028556e-15
9.244272014541365997e-15
-9.856560012622139892e-15
3.139155602127629960e-15
-2.813305144400146658e-15
-1.831867990631508193e-16
-1.068034549689400505e-15
3.467226505904363923e-15
3.724243136105087804e-15
-7.734923812563465806e-15
5.050404539019837323e-15
1.881272915227327789e-15
3.794742298168785024e-15
4.196087921570779334e-15
-8.715250743307478448e-16
-9.913181386878023444e-15
5.845324224651449028e-15
-1.593170040337099695e-16
5.934142066621461432e-16
4.080069615497450089e-16
-3.413935800722356362e-15
3.921307722976052932e-15
-1.620925615952728510e-15
-7.021605519241802256e-15
5.359046539865630968e-15
-1.111333247649781673e-15
-5.162537064506978184e-17
-5.460631946618832697e-15
4.198308367620029205e-15
1.937894289483210552e-15
-5.802025526691067859e-15
1.119715431485701673e-14
-2.823852263134085519e-15
3.325117958752343957e-16
-4.221623051137157587e-15
-2.186029135486933370e-15
-1.645905634006794492e-15
-4.626299343613027493e-15
-4.813927034774678696e-15
1.817990202823693835e-15
-7.822076319996540216e-15
-1.147471007101330587e-14
1.560973572622970151e-15
7.291944825738028915e-15
9.681144774731365742e-16
-1.608713162681851851e-15
-5.280775816629556832e-15
-3.164135620181696140e-15
-6.584732759051803694e-15
1.313393838131560195e-15
1.422750806057138051e-15
-6.432632204678156743e-15
4.057865155004946840e-15
6.359357485052896790e-15
1.829647544582258026e-15
-6.000200336586658712e-15
5.715428130770305523e-15
4.443112544549876822e-15
-7.939204849094494989e-15
-4.822253707459367686e-15
9.615641616278480734e-15
-9.180989302137731254e-15
5.082045895221653906e-15
-3.042566198985241625e-15
5.453415496958768643e-15
5.008216064084081091e-15
-5.985767437266531393e-15
2.092770401418420236e-15
-9.150458168960540395e-15
-6.205036484629999968e-15
4.414246745909622184e-15
2.454703107446221048e-15
-1.062927523776124815e-14
2.275957200481570772e-17
7.888689701474050555e-15
2.789990460883018276e-15
2.031708135064036548e-15
-1.172950625516477830e-15
-1.816324868286756037e-15
-2.977063040532357405e-15
-7.260858581048523814e-16
4.689026944504348585e-15
8.705813847598165706e-15
-9.244827126053678070e-15
2.316480340880388948e-15
-6.206701819166937765e-15
2.221001160762625549e-15
-1.041444708249628168e-14
-2.573496971081112829e-15
-1.461109011557937151e-14
7.195355422595639791e-15
-1.451061493185079630e-15
-8.015810237793629946e-16
3.540501225529624271e-15
1.561584195286513945e-14
-6.032951915813101019e-15
4.796163466380676570e-15
1.275313188386917368e-14
2.746691762922637107e-15
-3.811395643538162214e-15
9.188760863310108170e-15
1.698641227676489536e-16
5.578870698741412010e-16
-3.234634782245393754e-15
-3.119171587684377174e-15
3.657629754627578254e-15
8.177347687876590625e-15
3.136380044566067227e-15
8.588130206987898860e-15
-4.553024623987766751e-15
1.514899317101026052e-15
-2.537969834293107788e-15
-2.616795669041493997e-15
-7.567280135845066601e-15
3.955169525227120175e-15
5.838107774991385762e-15
-2.286504319215509769e-15
5.533351554731780576e-15
-2.386979502944086463e-16
8.072431612049512511e-15
-5.489497745259086546e-15
-4.553024623987766751e-15
-1.676991878696299002e-15
-2.643996133144810443e-15
4.464206782017754544e-15
-4.474198789239381134e-16
2.893241202173157802e-15
5.402345237826011347e-15
5.467293284766583099e-15
9.114375920660222492e-15
4.669042930061095799e-15
-1.141031713558504698e-14
-4.996558722325517294e-15
-2.887690087050032335e-15
-5.589972928987663339e-15
-6.729061752253073728e-15
3.895772593409674679e-15
-3.012035065808049584e-15
-7.061018436615995952e-16
-3.421152250382420021e-15
6.655787032627813578e-16
4.515832152662823913e-15
-4.320432900328796582e-15
1.297850715786807941e-15
5.569988914544410553e-15
-9.126033262418787472e-16
-1.036837282697433699e-14
-7.184253192349387279e-15
4.720668300706165957e-15
6.183387135649809383e-15
7.654987754790453873e-16
1.051492226622485690e-14
-5.817568649035820114e-15
9.530709554894656195e-15
9.237055564881302732e-16
-1.746935929247683753e-15
-8.778533455711112008e-15
-3.040900864448303827e-15
1.475486399726832948e-15
-1.651456749129920354e-15
-4.156675004196585835e-15
-1.521560655248777165e-14
-1.056377207930836511e-14
7.658318423864330258e-15
2.736699755701010714e-15
-9.907075160242584325e-15
-1.603162047558725989e-15
2.424727085781341869e-15
1.262101534393878031e-14
-7.371880883511040060e-15
-4.714006962558414765e-15
-4.132250097654832517e-15
9.125478150906473427e-15
-6.200595592531499239e-16
-1.148969808184574447e-14
-7.951417302365371647e-15
-1.229571999772360790e-15
6.837863608666339511e-15
7.732148255001902284e-15
-7.754352715494405730e-15
3.519406988061746154e-15
-1.693645224065676389e-15
5.644928968706608304e-15
-1.715294573045866776e-15
2.972067036921544011e-15
-5.776490397124689606e-15
-7.407408020299044311e-15
1.195155086008981079e-14
6.385447726131587905e-15
2.276512311993883376e-15
8.100742299177455076e-15
2.277067423506196238e-15
-2.692290834716004413e-16
5.017097848281082154e-15
6.208367153703875563e-15
3.919087276926802371e-16
2.752242878045762969e-15
5.322409180053000202e-15
1.268263272180547568e-14
5.876965580853266399e-15
4.996003610813204432e-16
6.180056466575933788e-15
4.490852134608758127e-16
1.606492716632601585e-15
-6.811218256075335533e-15
-1.319278020162073498e-14
3.499978085130805836e-15
-4.797828800917614368e-15
-3.111400026512001047e-15
-1.116828851621676209e-14
1.256994508480602222e-14
7.122080702970379246e-16
1.147970607462411847e-15
-4.292677324713167669e-15
6.593059431736491894e-15
3.308464613382966569e-15
6.383782391594649614e-17
7.044920202758930638e-15
4.661826480401032534e-15
1.134647931166910016e-14
4.452549440259189958e-15
-4.862776847858185332e-15
-1.325162202192586840e-14
6.644129690869249190e-15
-9.033329639862585623e-15
-1.754152378907747413e-15
3.770317391627031706e-15
-9.880984919163893604e-16
-1.095845636456260744e-14
-2.891020756123907537e-15
2.813305144400146658e-15
-1.602440402592719781e-14
-1.739386412680232613e-14
3.407829574086918032e-15
2.682853939006690685e-15
-1.213751321671452419e-14
-5.551670234638095564e-15
5.099809463615656821e-15
-3.519406988061746154e-15
-1.541267113935873441e-14
4.374278717023116710e-16
-1.264710558501747142e-14
-1.103839242233561859e-14
-2.604028104258304476e-15
-1.238786850876749649e-14
-4.392597396929431600e-15
-3.049782648645304890e-15
-4.528599717446013434e-15
-7.360778653264787745e-16
-9.044986981621150209e-15
-7.308043059595093243e-15
1.202260513366582087e-14
-9.690026558928366411e-15
3.885780586188047645e-17
-5.412892356559950997e-15
-4.503619699391947254e-15
3.178568519501823065e-15
-6.963318810448981695e-15
6.461498003318411381e-16
6.708522626297508080e-15
1.861844012296387471e-15
-2.218225603201062815e-15
-1.413313910347824323e-15
3.113620472561251707e-15
7.874811913666236099e-15
3.367861545200412460e-15
1.538325022920616928e-14
8.138489882014710777e-15
1.936339977248735484e-14
1.685152017927293817e-14
7.855383010735294597e-15
-8.959499808725013597e-15
-2.681188604469753085e-16
8.619216451677403370e-15
-1.483813072411521740e-15
4.305444889496357190e-15
1.180666675537622710e-14
6.322720125240266813e-15
-4.396483177515619861e-16
-4.709566070459914234e-15
-3.781419621873283429e-15
2.486066907891881909e-14
3.466116282879738593e-15
1.055322496057442625e-14
-3.027578188152801838e-15
3.139155602127629960e-15
-6.900036098045347741e-16
1.550481965040262379e-14
-1.582067810090848070e-15
5.445643935786393107e-16
-5.447309270323330313e-15
-9.767742170652127684e-15
1.028621632315207598e-15
6.246114736541130476e-15
3.932409953222304656e-15
-4.279909759929978444e-16
1.125599613516215015e-14
-1.325051179890124268e-14
1.412925332289205477e-14
2.386979502944086562e-15
-6.609712777105869085e-15
-7.215894548551205439e-15
4.363176486776865381e-16
-3.758104938356155047e-15
-2.727817971504009651e-15
5.173639294753229636e-16
1.349975686792959083e-14
3.243516566442394817e-15
5.712652573208742789e-15
6.550315845288423983e-16
-2.643441021632497581e-15
-5.723754803454994513e-15
-8.252842853551100449e-15
9.416356583358264945e-15
1.196265309033606172e-14
4.840572387365682871e-16
1.330047183500937583e-15
1.019739848118206219e-14
-2.259303855112193718e-16
-6.872280522429719419e-16
-7.640554855470326554e-15
-1.423916540232994470e-14
-1.120215031846782934e-15
-1.149191852789499592e-14
2.096656182004608063e-14
4.409805853811121652e-15
-1.331990073794031496e-14
1.980970942838666891e-14
-1.948441408217149610e-16
-1.343480882098901986e-14
-9.103828801926283089e-17
9.968692538109281271e-15
1.349531597583109108e-14
-2.188249581536183636e-15
-3.932409953222304656e-15
1.610211963765095751e-14
-1.010136418955198672e-14
1.942446203884173971e-14
7.832623438730479077e-15
-5.258016244624741312e-15
-8.643086246706843036e-15
1.003586103109910211e-14
3.705924456198772816e-15
-6.307732114407826632e-15
8.912315330178443970e-16
6.813993813636898464e-16
-7.951972413877683326e-16
1.162098195450766973e-14
9.931222511028181606e-15
-7.658040868108174221e-15
-5.203337760661952384e-15
-1.518202230599285965e-14
-5.134503933135192963e-15
-4.410360965323434515e-15
-2.081945726928324944e-15
-1.440347840997446989e-14
1.583261299842319975e-14
6.656064588383969812e-15
1.137284710850394731e-14
1.215305633905927645e-14
5.087874566100936199e-15
-5.206945985491984608e-16
2.990663272584015431e-15
-3.465006059855113657e-15
-4.539979503448421194e-15
-5.339617636934690255e-15
1.653122083666858152e-15
1.278144257099711388e-15
1.399352855813162977e-14
9.341971640708379268e-15
-1.027233853534426152e-14
-1.099897950496142509e-14
-1.442651553773543987e-14
4.075628723398949755e-15
1.069838662104416440e-14
-2.851607838749714432e-15
1.270067384595563384e-14
1.291466933395213377e-14
7.064904217202183424e-15
-4.434785871865187832e-15
-1.258909643198080611e-14
1.057126608472458441e-14
-1.894595591522829778e-15
-2.221861583606710130e-14
5.986600104535000292e-15
-8.759659664292484749e-16
-4.573008638431019538e-15
-6.493416915276384000e-15
-3.208544541166702244e-15
3.576028362317629311e-15
5.521416657217059954e-15
3.441691376337985275e-15
1.645350522494482024e-15
9.826306435201103493e-15
-2.204070259637091927e-15
-8.492373471113979424e-15
1.155325835000553525e-14
4.053424262906446308e-15
1.262323578998802900e-15
-9.204581541411016461e-15
8.176792576364278157e-16
1.333100296818656747e-15
-7.547573677157970640e-15
-8.229250614277816819e-15
1.387001624664208142e-14
2.768757445537062141e-14
4.862776847858185332e-15
-1.596806020742746872e-14
-2.561395540112698743e-14
4.372335826730022777e-15
6.947220576591917367e-16
-1.776911950912562933e-15
-6.478151348687788571e-15
-7.871758800348516539e-15
-1.632305401955136467e-14
-1.696420781627239320e-14
-1.473848820765510911e-14
-5.107581024788032948e-15
-2.021438572086253724e-15
-2.110311925207497691e-14
-2.996491943463297329e-15
-9.036105197424149146e-15
-1.355027201555003565e-15
-7.812639424287227080e-15
-1.616345945976149841e-14
2.921274333544943147e-15
9.289791158550997036e-16
-1.627031842588166839e-15
-2.064654003319788002e-14
1.385724868185889111e-14
7.895351039621800169e-15
1.955657857877213072e-15
1.812994199212880441e-15
-1.165734175856414324e-17
6.807610031245303901e-15
3.387568003887508815e-15
1.000421967489728552e-14
4.994060720520110597e-15
4.759248550811889768e-15
-6.006029007465940216e-15
3.403388681988417501e-15
1.621702772069966083e-14
