3.472149902450454538e-04
4.958764411794013005e-04
4.081434712731181035e-04
1.225083915852529740e-03
2.269374621778097543e-03
2.849174680789138062e-03
3.285051322082143711e-03
3.693742978793275022e-03
4.193915762999365394e-03
4.856800555846880335e-03
5.510488029723350535e-03
6.291579340066362491e-03
7.570480448888089985e-03
8.406944408207358069e-03
9.617108705420466044e-03
1.030227534620953636e-02
1.082407705939255650e-02
1.106049596533103911e-02
1.144912589933887864e-02
1.209214671848476280e-02
1.221116349830889472e-02
1.345426480596133290e-02
1.445584104327160210e-02
1.612814725519553724e-02
1.594035994879577228e-02
1.633307670739512704e-02
1.638348397098035591e-02
1.628617479389877359e-02
1.643770718921346713e-02
1.659935294862203981e-02
1.692612532941126235e-02
1.806132761274233806e-02
1.859188940331914577e-02
1.941427305531218117e-02
2.015243770184589611e-02
1.994534097508614615e-02
2.066859110905579222e-02
2.028124070038126586e-02
2.042708417019390571e-02
2.037057933910123991e-02
2.172562273641641395e-02
2.188841707669390846e-02
2.257342357150040127e-02
2.287636665936392324e-02
2.341221922495956287e-02
2.432580671568087757e-02
2.495956344733247373e-02
2.435148527643268834e-02
2.529026055547426918e-02
2.621193309877811739e-02
2.658243634310928846e-02
2.744345569348949354e-02
2.841336545307395281e-02
2.886586473135617850e-02
2.924715525493723836e-02
3.030941901577140565e-02
3.062859118809661482e-02
3.155803562168919829e-02
3.192721433056819325e-02
3.301343840522461687e-02
3.308971826674963340e-02
3.439549558065910922e-02
3.600344885465555506e-02
3.632033671044020834e-02
3.693709285659845659e-02
3.786798382213263370e-02
3.804342943924306220e-02
3.952421458781802538e-02
4.001238144076568748e-02
4.034245602159351740e-02
4.097744507099579381e-02
4.237850130148113764e-02
4.334845884479966716e-02
4.449379177486836867e-02
4.478556631034053687e-02
4.597093073841215100e-02
4.608399705866386697e-02
4.708057670943352480e-02
4.767220444149123521e-02
4.879231001340936236e-02
4.850356348633844822e-02
5.063016521481106952e-02
5.179496498200682197e-02
5.241977677992738782e-02
5.343535928239267346e-02
5.431427966968657012e-02
5.502037173376591456e-02
5.623442290909540925e-02
5.686640573386758657e-02
5.813247459120898797e-02
5.989967613684939879e-02
6.011593542052178635e-02
6.101079612807980279e-02
6.066542132377530927e-02
6.219212711222707468e-02
6.287220811435551004e-02
6.349654214339044145e-02
6.512356585448647595e-02
6.652971313884439852e-02
6.662021976816909219e-02
6.806749208990893474e-02
6.821473792553614524e-02
6.831551859291642992e-02
7.031728441982131039e-02
7.082746629705495567e-02
7.151985789720652353e-02
7.175040156874212816e-02
7.395893690751458027e-02
7.396049626355576112e-02
7.462139014470250964e-02
7.600547933492958486e-02
7.687062195017473065e-02
7.735581449024195311e-02
7.753157061434630404e-02
7.824439873426976277e-02
7.994231488643821493e-02
8.042632098999652479e-02
8.120900071360767636e-02
8.230002776565173428e-02
8.250006155162377397e-02
8.341988846366639454e-02
8.388570577927184635e-02
8.554835079184081037e-02
8.523331333538655685e-02
8.605494204519555101e-02
8.724068522345765353e-02
8.670860597488387611e-02
8.786477126606881405e-02
8.844795502532522280e-02
8.913486858579833250e-02
9.005032835204876407e-02
9.127536460953843134e-02
9.200858887290018495e-02
9.262634230456721907e-02
9.279469448169121171e-02
9.357297822584534353e-02
9.413954756336385954e-02
9.465621016574643498e-02
9.507640208813736282e-02
9.560192596952993282e-02
9.682727833506336867e-02
9.642466201747415533e-02
9.818976493570660824e-02
9.808527057905647162e-02
9.900653107185246327e-02
9.958705396508517327e-02
9.986862758634040826e-02
9.987323784525981019e-02
1.004158891191797021e-01
1.015081437734983716e-01
1.017264280752714634e-01
1.024407974473064975e-01
1.039252724994893795e-01
1.039455596689278366e-01
1.038869998048078946e-01
1.050611818883580850e-01
1.041813096190988136e-01
1.054580579252738376e-01
1.066658571110404713e-01
1.068944452427072478e-01
1.071990025116318079e-01
1.078558360451730841e-01
1.083616898529165540e-01
1.086740739773498637e-01
1.087174313507417028e-01
1.092998519653231443e-01
1.101944998399183306e-01
1.103527652257983577e-01
1.106371075778651014e-01
1.117713906623912790e-01
1.126408128284852178e-01
1.121587508788047804e-01
1.129250811903041857e-01
1.141109580574369009e-01
1.141439241753685330e-01
1.143914449436243264e-01
1.146950411191283714e-01
1.147945085403518917e-01
1.150130652282110172e-01
1.155114055119740440e-01
1.161627050110393411e-01
1.164125109813609893e-01
1.167716205705494475e-01
1.172236000757819752e-01
1.175036600386283048e-01
1.176085954817443352e-01
1.182871714785434930e-01
1.183532179908403092e-01
1.193954948375236386e-01
1.195423328722102774e-01
1.198076616433483704e-01
1.203115184959783202e-01
1.211603553368626462e-01
1.210441663015566494e-01
1.212286605869787454e-01
1.211218336172209531e-01
1.215616592369950233e-01
1.211905692647370081e-01
1.221964907312291515e-01
1.222755223028623162e-01
1.228363923943457114e-01
1.228062438951376401e-01
1.233185679005437546e-01
1.231700384164183676e-01
1.239341513023857616e-01
1.244536121834099174e-01
1.247703838394925574e-01
1.252251522125701344e-01
1.238205962043897879e-01
1.247292303627644539e-01
1.252288528502117915e-01
1.248086601533131279e-01
1.258306609530233655e-01
1.263939619886587096e-01
1.263299265053996756e-01
1.265527059547754130e-01
1.267628144533537449e-01
1.264072171489482865e-01
1.265814233023177526e-01
1.275403484431375800e-01
1.275369674477705162e-01
1.272660811477648868e-01
1.268586597923079540e-01
1.272529303298263470e-01
1.281608222972815403e-01
1.274499452007785694e-01
1.280496958509426408e-01
1.285144222482924869e-01
1.289703327367521246e-01
1.291592319593459770e-01
1.291431789269898434e-01
1.286888167286590612e-01
1.291612998585243421e-01
1.288999952248119640e-01
1.296639368361503231e-01
1.290225947763926906e-01
1.297433469032829023e-01
1.297065817786219044e-01
1.300549707156648804e-01
1.301345134707073969e-01
1.297763352939864945e-01
1.298781192410018714e-01
1.298405654356039329e-01
1.298757833703829689e-01
1.298179647967969419e-01
1.302017376587893127e-01
1.302892977783489115e-01
1.305386772411428475e-01
1.305738819934355588e-01
1.310199814324760348e-01
1.309216958971253786e-01
1.309257159989491437e-01
1.311149530289549836e-01
1.308455641759473098e-01
1.304910501870493733e-01
1.309809256092990815e-01
1.318516125496725921e-01
1.315229965184264715e-01
1.314963576793083122e-01
1.318519283059617908e-01
1.315550300446209908e-01
1.318320386725166937e-01
1.325338209834718561e-01
1.317456535148309460e-01
1.312480360103508159e-01
1.316217036232402160e-01
1.315099040371336125e-01
1.317394545788985738e-01
1.315489349821482856e-01
1.316187842643781469e-01
1.314704743979178692e-01
1.314028135011482135e-01
1.316798980598655466e-01
1.315252242778401914e-01
1.312714900448772593e-01
1.323377446442491334e-01
1.324705915752098784e-01
1.320690944104938591e-01
1.319449261137378149e-01
1.315108581852674208e-01
1.316392965948223470e-01
1.319371937954872953e-01
1.316701667161141731e-01
1.315109565439441519e-01
1.316933397124369076e-01
1.316253898217798757e-01
1.314307565137147471e-01
1.315725090366813288e-01
1.315788479399857824e-01
1.319805034160390633e-01
1.315146068893344178e-01
1.313358138905026118e-01
1.316186881617101290e-01
1.316110481428101331e-01
1.311996016706886425e-01
1.309389191193346957e-01
1.310698762027289188e-01
1.313626818644842986e-01
1.312089865101876696e-01
1.308326542532932679e-01
1.312856483599991464e-01
1.311696243084273239e-01
1.303753853211482572e-01
1.309202328342116139e-01
1.311290761749238643e-01
1.305319292471575354e-01
1.301384025713607506e-01
1.304372406905049409e-01
1.303267873097684881e-01
1.303173678207434627e-01
1.305134942433512635e-01
1.305046623685914564e-01
1.301711291762021883e-01
1.300948972908373691e-01
1.298042388019595983e-01
1.296162738466622999e-01
1.291343067038525638e-01
1.294890405977793535e-01
1.294748046830172805e-01
1.295318845891816062e-01
1.296105299093085472e-01
1.295524938172932239e-01
1.294682885265344419e-01
1.292791050819329102e-01
1.288460510206479170e-01
1.292109738181389245e-01
1.292953076080560204e-01
1.288619486888271382e-01
1.289132204387291036e-01
1.290567862350660844e-01
1.287457262206675723e-01
1.282714660104864457e-01
1.283593626492326167e-01
1.283439559632138793e-01
1.279068795555378668e-01
1.279470688449701188e-01
1.276278777519313790e-01
1.275077232419266071e-01
1.276906675834769134e-01
1.277872631962495564e-01
1.274112490194332925e-01
1.273817597526356871e-01
1.274094765725044542e-01
1.272161527870528663e-01
1.266869858124973491e-01
1.264509486226448043e-01
1.269378271165748084e-01
1.268461654195889021e-01
1.269531047202234475e-01
1.264757627479575763e-01
1.259957260032652515e-01
1.260462718870732912e-01
1.259905158895195665e-01
1.261284269228126753e-01
1.255511041809067585e-01
1.254456121146483583e-01
1.251923768816211313e-01
1.250863676541018321e-01
1.249494282572222031e-01
1.250401037244961988e-01
1.248685642007186236e-01
1.247309509619405760e-01
1.244100915205621355e-01
1.247992469648130792e-01
1.243896777675409793e-01
1.239239563839728137e-01
1.238510310501511752e-01
1.239638715620222514e-01
1.234994761129249718e-01
1.238973005661688498e-01
1.233414429766229170e-01
1.233897642251807758e-01
1.232788443167737169e-01
1.229685489359997191e-01
1.225881067297383692e-01
1.224931991075993848e-01
1.225011719951630551e-01
1.221774476262163373e-01
1.222181789252347328e-01
1.222044285201351610e-01
1.216729775022676735e-01
1.215358693404544471e-01
1.215487913662930547e-01
1.217425782838515852e-01
1.214114729313825608e-01
1.210317301464178125e-01
1.209213865372440466e-01
1.211104764863430716e-01
1.208371660231135347e-01
1.210183839782044968e-01
1.204133975286252323e-01
1.201152890720788013e-01
1.201678120976781283e-01
1.201725421980278652e-01
1.197745573017040960e-01
1.193257818030708239e-01
1.192557687855336501e-01
1.194617566837827133e-01
1.194740890434752428e-01
1.191176788976133216e-01
1.188166098727484465e-01
1.187422205176644485e-01
1.186765853475944404e-01
1.185930832853003131e-01
1.183874415452154105e-01
1.183828155940937210e-01
1.181621025319627288e-01
1.177540625315587342e-01
1.176800073502003025e-01
1.174502089224234852e-01
1.173093164034917091e-01
1.173548965484990797e-01
1.171201676420986076e-01
1.167766327644131630e-01
1.164597150600395481e-01
1.165367355898504903e-01
1.164284155812279342e-01
1.162760228557271347e-01
1.161600162105729667e-01
1.159171823540503243e-01
1.156182653818751960e-01
1.155778809943689839e-01
1.153337430034448302e-01
1.152060038723152491e-01
1.149744090478059533e-01
1.147921174870612238e-01
1.148473727016790236e-01
1.148884184256856039e-01
1.145443313665780866e-01
1.140720467671218208e-01
1.141269663924998623e-01
1.138433887649582116e-01
1.137828251216355668e-01
1.136622907629099705e-01
1.135465953443283715e-01
1.134888465155191178e-01
1.132941418120918947e-01
1.130723082378634753e-01
1.128031058927790597e-01
1.125959707898332024e-01
1.124831761987489520e-01
1.123255830374649961e-01
1.123011074961451916e-01
1.121876080755818267e-01
1.117457099298823364e-01
1.117143709753225383e-01
1.113933386682226245e-01
1.112887838582373445e-01
1.113171921143720211e-01
1.111250652192250360e-01
1.107899417305326095e-01
1.107116133454600637e-01
1.104776627086967444e-01
1.104982681710934694e-01
1.102866979388434643e-01
1.101960274215505464e-01
1.101618252772340184e-01
1.100420204063746604e-01
1.097744031341620491e-01
1.097355303425529838e-01
1.093115161872567492e-01
1.090966225185483196e-01
1.089801900240348759e-01
1.088381042221467088e-01
1.086416135766807289e-01
1.085190265890125377e-01
1.084289807144145634e-01
1.081219121495577001e-01
1.081233597686345471e-01
1.078126855210665008e-01
1.075402448031839014e-01
1.074672447152040800e-01
1.072212645123861580e-01
1.071630135259396127e-01
1.071567680425647567e-01
1.070086599920804377e-01
1.068745275583343479e-01
1.067072657512672940e-01
1.066248014223313972e-01
1.063245114704707700e-01
1.060375626579907887e-01
1.058038582096481883e-01
1.060284532450271044e-01
1.056738511141401410e-01
1.056426780436791057e-01
1.056681331995094342e-01
1.052591570775214813e-01
1.052048756433850707e-01
1.049039680616680736e-01
1.047744841893571005e-01
1.045977257523032500e-01
1.044606001287878699e-01
1.041162128950859078e-01
1.041368441205434009e-01
1.041492115162523102e-01
1.039230334150198221e-01
1.039368925179166708e-01
1.036396139806138733e-01
1.032413229790783843e-01
1.032651652531903080e-01
1.029686988563380395e-01
1.029357217336235863e-01
1.028633018263901411e-01
1.025522432364667641e-01
1.024471812504404306e-01
1.023559570794770890e-01
1.021732127297894921e-01
1.020255518480089330e-01
1.018344866905121354e-01
1.017702188001421426e-01
1.015241586435691873e-01
1.012529225250548975e-01
