2.944713532781070516e-04
4.389612409998541612e-04
1.204146746382503668e-03
2.635202059105780283e-03
4.405550451103654695e-03
5.872189138979209098e-03
7.200907918653439224e-03
8.432727225518611702e-03
1.018321549899058737e-02
1.191165275419947198e-02
1.342131383560873394e-02
1.492460031790979018e-02
1.731334884967726181e-02
1.851257940538370353e-02
2.067499893480611098e-02
2.196244658465352703e-02
2.303714961662071958e-02
2.395907256517540093e-02
2.497566365088500773e-02
2.606752740425410941e-02
2.608331718143467454e-02
2.789469442123082565e-02
2.899154132200621251e-02
3.174991525731083591e-02
3.182287925028126629e-02
3.220557705602020149e-02
3.229596813285617180e-02
3.241127232821029019e-02
3.211718235376168767e-02
3.263411126126171402e-02
3.308164317625369999e-02
3.430090974823522820e-02
3.493991232714286493e-02
3.524834679189996212e-02
3.585181315508736283e-02
3.583363541798927077e-02
3.665589974853682848e-02
3.661871617033456844e-02
3.662068954246928965e-02
3.750271231989452808e-02
3.858138921568594198e-02
3.839053913787499051e-02
3.894040342180951630e-02
3.924651862336751146e-02
3.941050565734065259e-02
4.071822502805553384e-02
4.128015117242280624e-02
4.128817222416077126e-02
4.178230840230300752e-02
4.298476522766894736e-02
4.368344282774382775e-02
4.480706599794932743e-02
4.530295729181912923e-02
4.567251064002448430e-02
4.586281295895524440e-02
4.678122188143241100e-02
4.768854935846968124e-02
4.737796308728275951e-02
4.899643338846870061e-02
4.980000684231793151e-02
5.072440548578110997e-02
5.224321138702962830e-02
5.226437103065021544e-02
5.350585044840481391e-02
5.391884208068145612e-02
5.385926285548867792e-02
5.539095107206751245e-02
5.614844686208835672e-02
5.599170149071223263e-02
5.770443722553090377e-02
5.786320268051034499e-02
5.851614068994544227e-02
6.060440331274125764e-02
6.130451621855619038e-02
6.165178396211323103e-02
6.188592534203735812e-02
6.346548024407204502e-02
6.330231804774510973e-02
6.522634792971314377e-02
6.495259093589433874e-02
6.536945864328963518e-02
6.644647614896206922e-02
6.593841947670746328e-02
6.687832655900918799e-02
6.900875424999723673e-02
6.894193521900612853e-02
6.898786643470528057e-02
7.086956296448751469e-02
7.081361004204764220e-02
7.159566941154917041e-02
7.207645425805081496e-02
7.256595997987072555e-02
7.266988722124967381e-02
7.367709479708525744e-02
7.501389465194401029e-02
7.488505295799274819e-02
7.547234166249543186e-02
7.586370182623312919e-02
7.617143474141220560e-02
7.648907529898500701e-02
7.725975641278728934e-02
7.810857830321418782e-02
7.979239777749436158e-02
7.776615339100274860e-02
7.857845051226701460e-02
8.031700571364173979e-02
8.058656661848098701e-02
8.011888516855071585e-02
8.153206507766340427e-02
8.202374766421852148e-02
8.183569454450094482e-02
8.257163163887319690e-02
8.291892891320358505e-02
8.292473012226041218e-02
8.290096261553089874e-02
8.349947730399751022e-02
8.389278043058934209e-02
8.442306726469267497e-02
8.388264544146765977e-02
8.515677183084263691e-02
8.557725144662452210e-02
8.595380063337307308e-02
8.495501950458406171e-02
8.665279522457176864e-02
8.587702240237428397e-02
8.618576474614929317e-02
8.720172459715690161e-02
8.709115480282778043e-02
8.812974934544778871e-02
8.848024182839604734e-02
8.750706638043806440e-02
8.779874588825255233e-02
8.843439424002912108e-02
8.830954935330846689e-02
8.892023320733015435e-02
8.897541618182054635e-02
8.901891649859673683e-02
8.965587258848409236e-02
8.988980241726383935e-02
8.929318702757842174e-02
8.976352043930663216e-02
8.991611664758057676e-02
9.053961856722478330e-02
8.993215662924754217e-02
9.016692828241096302e-02
9.087140018719594425e-02
9.109815580774326127e-02
8.996648265746866324e-02
9.066953667301462516e-02
9.098330815163037377e-02
9.130669138701119625e-02
9.005277204009479175e-02
9.090170451053754264e-02
9.124553324173018121e-02
9.159395123105042169e-02
9.129339245671269643e-02
9.166405775936184441e-02
9.208979856332352720e-02
9.184652286454358938e-02
9.150901722255098958e-02
9.189585102930225569e-02
9.169904708680554073e-02
9.119043357311244768e-02
9.182052355658977538e-02
9.201386818702204928e-02
9.177201826901630610e-02
9.175973207363391504e-02
9.225360540074527271e-02
9.192701274236605991e-02
9.214316803338407080e-02
9.171792742678273880e-02
9.179952645180122772e-02
9.149069676136896423e-02
9.134554387248754181e-02
9.117942351664641565e-02
9.179852709365221575e-02
9.167888524785727800e-02
9.130325871608108157e-02
9.143980390460634822e-02
9.171954170808337137e-02
9.141867321707795868e-02
9.169937106270482918e-02
9.153914013383572523e-02
9.145275301821398362e-02
9.102828382900007842e-02
9.159766253785843471e-02
9.101621627123077096e-02
9.138083951628112045e-02
9.116917665347268329e-02
9.206412892213378107e-02
9.184002945486849367e-02
9.109167592651687406e-02
9.119377381183631226e-02
9.123396574209509391e-02
9.054817934972976545e-02
9.144235691309411662e-02
9.144720340567380479e-02
9.090039704028514411e-02
9.063833419519388979e-02
9.146130324876512729e-02
9.097185877601933479e-02
9.054351919148875827e-02
9.081915689843050865e-02
9.091339029102199487e-02
9.076085777934123078e-02
9.085942871073364457e-02
9.070431439615773972e-02
9.037053053933596924e-02
9.057569793592286367e-02
9.059604479853554382e-02
9.077624389606658850e-02
9.043112623438243070e-02
9.074035419012660419e-02
9.049760843297698087e-02
9.053235791738155347e-02
9.053238631442311890e-02
9.022066723790858611e-02
9.043844867663064502e-02
9.021697209581062971e-02
9.045259429710836296e-02
9.000199074847349545e-02
9.001050246941047495e-02
9.064074792717551066e-02
9.008774901222217635e-02
9.056790819062242315e-02
9.023452201541802553e-02
9.062655839623014187e-02
9.005806561778761932e-02
8.997939041776895075e-02
8.984366512322453091e-02
8.954198279459262000e-02
8.975816013664932036e-02
8.946041126602038984e-02
9.010990233367302538e-02
9.014222743597198606e-02
8.981622334317217182e-02
8.984276409639918581e-02
9.010474472440085925e-02
8.996173164306622838e-02
8.999638917486328660e-02
8.964898853755315367e-02
8.962876768060232258e-02
8.964892212520966797e-02
9.000150158396170996e-02
8.945111992945246893e-02
8.912681118242914147e-02
8.987571737834074148e-02
9.001942853881431117e-02
8.973458306799214634e-02
8.967153115374960903e-02
8.990617203325386442e-02
8.995416987497660555e-02
8.993606812212553980e-02
8.963176302021608199e-02
8.986807678186140014e-02
8.988223788475721565e-02
8.994877064989388604e-02
8.978623250514913834e-02
8.992334327922082982e-02
8.959502016436177163e-02
9.004180669513445201e-02
9.050414966674238948e-02
8.988098854353809841e-02
9.000694588663292472e-02
9.014759193156528239e-02
9.004207742577777229e-02
8.997578940973717521e-02
9.037137705414040323e-02
9.024966044208328209e-02
9.033612463969785400e-02
9.047311640081585893e-02
9.058660004821621203e-02
9.046192414983618424e-02
9.060533912797562317e-02
9.087446714135308246e-02
9.076062243347896019e-02
9.093721023155407202e-02
9.081009354430605307e-02
9.076665242496641250e-02
9.093117514853690797e-02
9.096048041581392130e-02
9.145475195382508915e-02
9.133303962828361044e-02
9.103042236980289637e-02
9.096200178427249483e-02
9.151356562699432262e-02
9.153449509833559705e-02
9.173484364529314872e-02
9.172108399414276303e-02
9.199364159019179921e-02
9.197917174809763785e-02
9.179432930668850188e-02
9.192059498271479279e-02
9.189527303341542275e-02
9.241028632067900539e-02
9.230255970690216805e-02
9.265722678994729733e-02
9.236742403890854658e-02
9.261714798411711802e-02
9.292638900959117321e-02
9.276653649431061688e-02
9.302162076534675750e-02
9.286066427687468539e-02
9.304784519842987378e-02
9.329350583682056997e-02
9.331835962353093872e-02
9.343941912025131857e-02
9.345842416788943674e-02
9.359109150278142886e-02
9.405201547394961836e-02
9.402599934088043399e-02
9.415155814161736691e-02
9.417633267619088255e-02
9.419356845626702945e-02
9.428343854549965652e-02
9.466849362437272652e-02
9.472536887896683411e-02
9.483464969635330144e-02
9.479538562180724048e-02
9.513505218907612748e-02
9.535848269578404979e-02
9.523274576915699563e-02
9.560787090996801518e-02
9.603628663726949954e-02
9.583653712945393310e-02
9.577882915388148677e-02
9.615472058592884619e-02
9.628855480529208144e-02
9.609912183835311872e-02
9.652899550074826862e-02
9.667691920451351728e-02
9.674949946386854349e-02
9.687912161027299740e-02
9.696123527921945984e-02
9.733366427803455401e-02
9.730032378394266879e-02
9.727370861301896932e-02
9.774033016665198415e-02
9.794333342101230189e-02
9.793927299534437025e-02
9.807076852723270455e-02
9.822404924495083123e-02
9.826985994059321550e-02
9.850597431430707651e-02
9.889302465853691548e-02
9.910498666486539099e-02
9.926342822299040469e-02
9.937000372047335994e-02
9.966358581567084929e-02
9.960957197364750382e-02
9.959965827475684985e-02
9.960494101982073079e-02
9.999958624044286148e-02
1.001625374464414492e-01
1.001547543887098268e-01
1.005346699055264942e-01
1.008383872680863186e-01
1.009330694240367921e-01
1.008496711032851184e-01
1.010321119964371350e-01
1.015152742053818669e-01
1.015290908742073478e-01
1.016107677175074192e-01
1.018644808853963329e-01
1.021033653869957147e-01
1.025050946729233609e-01
1.025051957892584992e-01
1.025058450093597473e-01
1.027221746273620367e-01
1.028717118468885222e-01
1.029840647981375562e-01
1.031534351527450544e-01
1.034120947257698847e-01
1.035246345427168480e-01
1.035866950821569127e-01
1.038592438271862817e-01
1.040085635678890952e-01
1.040380451391838268e-01
1.042309930281827141e-01
1.042807360843214792e-01
1.046736028442545735e-01
1.047917839279847163e-01
1.049184018114494160e-01
1.054297320477215472e-01
1.053162029315607012e-01
1.054563945552637882e-01
1.055513642680577235e-01
1.057040754087049672e-01
1.061398818314307491e-01
1.061954807830248343e-01
1.064452385358273107e-01
1.064530952046839202e-01
1.064790573765925785e-01
1.069355144591201262e-01
1.069401066824694352e-01
1.072562319705744616e-01
1.074188635049042884e-01
1.075956721628784640e-01
1.077523025975628962e-01
1.079025026201152343e-01
1.081447986768842295e-01
1.083299598032427535e-01
1.082484205888362555e-01
1.084820487048948484e-01
1.087324816411091855e-01
1.090026123194830637e-01
1.091630575517811563e-01
1.093189832995521693e-01
1.095767981569770455e-01
1.098301058338811836e-01
1.096861363079545543e-01
1.099478070896050680e-01
1.100761534340603115e-01
1.101121581486738388e-01
1.104306888319168262e-01
1.105090705357991837e-01
1.107314695258591053e-01
1.106922250143147352e-01
1.111792364775904401e-01
1.111612425419127859e-01
1.114760700278382421e-01
1.116986538542341645e-01
1.116667060087684765e-01
1.118600139958871448e-01
1.121205067393042515e-01
1.122418008532633932e-01
1.125138048151450854e-01
1.126445307927174122e-01
1.127425450469726337e-01
1.127732516209200425e-01
1.128797689743567673e-01
1.131124220390561236e-01
1.133334076075998287e-01
1.135524232004315459e-01
1.137190801724434902e-01
1.137586359526846919e-01
1.140085317838521184e-01
1.141649176069064742e-01
1.143051237889465416e-01
1.144140968252113089e-01
1.146266236411001560e-01
1.149847033695497595e-01
1.149858343520771681e-01
1.152641027785149264e-01
1.153050122157467661e-01
1.155736488507685539e-01
1.156673958884559539e-01
1.158219153742330726e-01
1.158401475407050685e-01
1.160802320221522438e-01
1.162917358081119318e-01
1.165357007358086699e-01
1.166333032785912965e-01
1.169060116255411369e-01
1.168361575446676959e-01
1.170840577264649768e-01
1.172145271245134679e-01
1.174435982936829354e-01
1.175822541116995357e-01
1.178178035455515610e-01
1.179285768769114257e-01
1.182029040212562443e-01
1.182833330845560194e-01
1.184711188870699178e-01
1.185474064373203268e-01
1.185845765174279587e-01
1.188180878132548829e-01
1.189019139418390492e-01
1.190854507322856859e-01
1.194783183094194207e-01
1.194563015596771666e-01
1.195396506005465403e-01
1.195390427605412947e-01
1.196712784080012498e-01
1.199677622721476711e-01
1.201823620263388348e-01
1.204193656027786191e-01
1.204896623265167832e-01
1.207692741675830822e-01
1.208379940401996949e-01
1.209178742731618073e-01
1.211387988546233502e-01
1.212047605680510592e-01
1.213492043237267420e-01
1.214644035138464362e-01
1.215794257313095178e-01
1.219443420278377571e-01
1.222332145967214290e-01
1.222428888786563222e-01
1.222454177831610173e-01
1.223924588432075133e-01
1.225505819027611631e-01
1.227472390451031514e-01
1.229971213438394162e-01
1.230288703488131991e-01
1.231015160246013013e-01
1.233237610181029398e-01
1.234714486951802304e-01
1.236206822355000179e-01
1.236438861692533975e-01
1.239138220271878837e-01
1.241185471975308763e-01
1.241638232112667051e-01
1.242204968536838178e-01
1.243209402994137763e-01
1.244923710499093172e-01
1.247657090608513125e-01
1.247916067937692858e-01
1.248894056365529859e-01
1.249639231127560868e-01
1.251359374689786919e-01
1.252977626214056006e-01
