6.716849298982196872e-17
6.367129046225273114e-16
1.167566043847045945e-14
6.805667140952209474e-16
-1.776356839400250502e-17
-1.837419105754634104e-16
-1.831867990631508193e-16
5.062616992290713390e-16
-1.275091143781992224e-15
-1.745270594710746153e-15
-5.662137425588298455e-17
4.785061236134424255e-16
2.092770401418420089e-16
5.384581669432009073e-17
2.775557561562891505e-18
6.550315845288423243e-17
2.137179322403426390e-16
7.382983113757291388e-17
-6.622480341889058606e-16
-3.497202527569243127e-17
-1.132427485117659691e-16
-1.889599587912016384e-15
4.282685317491541276e-16
4.937716902020383477e-16
-5.351274978693254840e-16
-1.233457780358548853e-15
1.767475055203249204e-15
-2.675637489346627420e-16
2.488842465453444722e-15
4.500011474561915621e-15
5.753730825119873889e-16
9.142686607788163479e-16
-1.414701689128605690e-15
3.826106098614445570e-15
2.494393580576570583e-15
-3.969810591364364522e-15
4.429581701437257411e-15
-1.139429262747570972e-15
3.444397544960509000e-15
-5.108032052891786508e-15
-7.871273077775241897e-15
5.215272658176673006e-15
4.802686026650348955e-15
4.000966224992907646e-16
2.352007477668393989e-15
-1.873501354054951662e-15
-8.551492847175267898e-16
5.180855744413292901e-15
1.977307206857403656e-15
6.415978859308779552e-15
6.188105583504465952e-15
-2.667310816661938431e-15
-4.888311977424564374e-15
-3.952949079177869515e-15
3.080313781822496932e-15
2.446931546273844920e-15
-3.819722316222851204e-15
-1.012356865004449017e-14
4.100053629940703072e-15
5.878630915390203803e-16
9.592882044273665214e-15
8.673617379884035472e-15
-1.085798118083403026e-15
6.198930257994561638e-15
-7.263634138610086350e-15
1.348920974919565285e-16
1.869615573468763598e-15
-3.370081991249662726e-15
3.546607452165062600e-15
2.702282841937631004e-15
5.963007865261715873e-15
3.674838211509268208e-16
2.197131365733184699e-15
3.683164884193956507e-15
-4.679590048795034660e-16
3.163580508669383672e-15
6.523115381185107537e-15
-1.410538352786261392e-15
1.438849039914202971e-15
3.321787289678468558e-15
2.626787676263120390e-15
5.235256672619925793e-15
8.670841822322472147e-16
6.854516954035716701e-15
-9.428569036629141604e-15
9.886536034287018282e-16
-1.197097976302075071e-14
5.016542736768770080e-15
-4.397593400540244994e-15
-2.477462679451036962e-15
1.293853912898157502e-14
-6.520894935135856877e-15
-6.440958877362845732e-15
-2.548516953027046649e-15
-3.728684028203588336e-15
2.616795669041493997e-15
-4.912736883966317494e-16
-5.057065877167587726e-16
-6.271094754595196655e-15
-7.132072710192005048e-15
4.157785227221211362e-16
-4.879985304739875384e-15
2.400302179239588551e-15
3.091971123581061123e-16
1.665334536937734811e-16
1.571520691356909012e-15
-3.308464613382966569e-15
-2.887690087050032335e-15
2.259858966624506185e-15
-2.302602553072574491e-15
-9.294232050649498357e-15
-6.349365477831270002e-15
1.496580637194711064e-15
3.680389326632393774e-15
-1.494915302657773266e-15
-4.035660694512443788e-16
2.529643161608419193e-15
1.050826092807710650e-15
3.103628465339624919e-15
5.628830734849543975e-15
-2.742250870824136576e-15
1.606492716632601585e-15
1.105782132526656009e-15
-5.673239655834550277e-16
-2.359779038840770116e-15
2.620126338115369593e-15
6.997180612700048938e-15
-1.313948949643872860e-15
4.857225732735059864e-16
2.947642130379790398e-16
-9.026113190202522358e-15
7.919775946163553487e-15
8.110179194886768212e-16
-1.609823385706476984e-15
-3.881339694089547360e-15
-3.974598428158060099e-15
6.479816683224726369e-15
-4.303779554959419392e-15
-4.075628723398949755e-15
2.417510636121278209e-15
6.494804694057165367e-16
2.858824288409778092e-15
-1.507127755928649925e-15
3.719247132494274410e-15
2.269295862333820111e-15
-3.271827253570336198e-15
-7.349676423018536416e-16
-2.281508315604696868e-16
6.956657472301230504e-15
-3.919642388439115134e-15
1.054212273032817374e-14
-3.917421942389864474e-15
-1.851852005074761078e-15
1.449396158648141832e-15
3.576028362317629311e-15
-3.572142581731440853e-15
6.905587213168473405e-16
-1.227351553723110524e-15
1.387778780781445676e-15
-3.060329767379244146e-15
-7.288059045151839668e-15
-2.963740364236855416e-15
-5.526690216584029384e-15
-5.883626919001016802e-15
3.705924456198772816e-15
8.436029652614251909e-15
2.123301534595611884e-15
-7.233658116945207565e-15
-5.136446823428286797e-15
-2.460254222569346909e-15
5.513922651800839863e-15
2.131073095767988011e-15
-3.665401315799954381e-15
-1.065814103640150239e-15
-3.165800954718633938e-15
3.534950110406498409e-15
-3.341216192609408482e-15
-5.889733145636455131e-16
1.365574320288942624e-15
-2.471911564327911100e-15
-4.545808174327703486e-15
6.369904603786835651e-15
2.792210906932268837e-16
-2.199351811782434965e-15
2.656763697927999570e-15
3.006483950684923722e-15
5.251354906476990910e-16
-3.191336084285012586e-15
-1.385558334732195410e-15
-1.103561686477405546e-15
-9.381384558082572471e-17
1.343924971308752040e-15
3.725908470642025602e-15
1.274536032269679756e-15
-5.162537064506978307e-16
3.398947789889916575e-15
-4.933831121434195413e-15
-3.052558206206868018e-15
2.136069099378801010e-15
-3.519406988061746154e-15
-7.004397062360112992e-15
2.314815006343451347e-16
1.512123759539463121e-15
1.192657084203574382e-14
-4.629630012686902695e-16
2.472466675840223568e-15
-6.883382752675970501e-17
-1.080802114472589829e-15
8.210099267103032932e-15
-1.179223385605610057e-14
-2.878253191340718410e-15
-7.303602167496591923e-15
-3.552713678800501003e-17
-2.274846977456945578e-15
1.459943277382080791e-16
3.670952430923079848e-15
-7.299716386910404451e-16
-2.358113704303832318e-15
9.214295992876487212e-15
5.738187702775121832e-15
6.404876629062527829e-15
-7.371880883511039073e-16
2.814415367424771988e-16
-2.900457651833221462e-15
-3.244071677954707285e-15
-3.037015083862115764e-15
-7.819300762434978272e-15
1.651456749129920354e-15
-2.383093722357898498e-15
-3.499978085130805836e-15
2.259858966624506185e-15
3.397282455352979171e-15
5.632161403923418782e-15
-6.399880625451715224e-15
-1.387778780781445676e-15
-6.271094754595196655e-15
-1.397770788003072069e-15
-4.696243394164411850e-15
-6.090683513093608718e-15
3.037570195374428231e-15
-6.556977183436174780e-15
-8.049116928532384918e-16
1.993960552226781241e-15
-1.451616604697392098e-15
3.170796958329446937e-15
-1.366684543313567756e-15
1.619260281415790909e-15
-5.279110482092619231e-16
-2.119970865521736288e-15
4.647393581080905215e-15
-8.965050923848138275e-16
4.940492459581946679e-17
-1.796895965355815719e-15
-2.565170298396424234e-15
-2.011724120620783762e-15
-7.188694084447888205e-16
5.082601006733966768e-15
2.343680804983705394e-15
3.937405956833118049e-15
-8.021361352916755610e-16
9.615641616278480734e-15
4.013456234019941130e-16
6.795675133730583279e-15
3.016475957906550510e-15
2.550737399076297309e-15
-2.566280521421049170e-15
7.677747326795270182e-15
-1.315614284180810560e-16
-8.361644709964366232e-15
-8.846812171725560145e-15
-2.786104680296830212e-15
-3.729239139715901198e-15
-1.985078768029779784e-15
2.361999484890020382e-15
5.717648576819556331e-17
-3.593236819199319364e-15
-8.115730310009893877e-16
7.419065362057608897e-15
3.684830218730894305e-15
-3.895772593409674679e-15
2.797762022055394502e-16
-5.451750162421830845e-15
-3.695932448977146028e-15
-2.369215934550084041e-15
3.559375016948252121e-15
2.624012118701557657e-15
-1.051825293529873250e-14
2.347011474057580990e-15
-1.177946629127291026e-15
-2.772226892489015755e-15
2.436384427539906060e-15
2.686184608080566281e-15
-9.936496070395151234e-17
3.874678355941796563e-16
6.158407117595743204e-15
-8.576472865229333880e-16
2.096101070492295438e-15
-3.200772979994326117e-15
-1.013633621482768008e-15
-1.382782777170632479e-15
-9.457989946781708315e-15
-2.503552920529728078e-15
6.122879980807737965e-16
-2.925992781399600110e-15
7.695510895189272308e-15
1.346700528870314970e-15
5.943023850818463087e-15
2.496891582381976886e-15
4.918287999089443159e-15
-1.612598943268039914e-15
1.438849039914202971e-15
2.498001805406602216e-15
1.058153564770236724e-14
-1.038946706444221472e-14
2.013944566670034027e-15
3.266276138447210731e-15
4.207745263329343130e-15
-2.036704138674849547e-15
-2.470801341303285770e-15
-8.570921750106208216e-16
-3.816946758661288470e-15
-9.436340597801518520e-15
2.511324481702104205e-15
-1.186828413324292286e-15
-8.072986723561826162e-15
-4.884981308350688803e-17
-3.079758670310184070e-15
-1.882938249764265587e-15
7.996381334862690613e-15
5.312972284343686277e-15
-1.006361660671473102e-14
9.305889392408061365e-15
-1.822986206434507229e-15
6.605826996519681613e-16
4.224953720211033183e-15
3.124722702807503036e-15
5.373479439185757498e-16
5.968003868872529267e-15
1.570965579844596544e-15
-1.518951631140907896e-14
-2.431388423929092666e-15
-8.809064588888304444e-15
4.630185124199215163e-15
-4.894973315572315565e-15
-1.852962228099386408e-15
-2.055022818581164930e-15
-1.537658889105841818e-16
-2.615685446016868667e-15
-9.875433804040766954e-16
9.536815781530094524e-16
-2.975397705995419607e-15
3.692601779903270433e-15
-2.363664819426958180e-15
-4.211075932403218726e-15
3.526068326209497346e-15
6.235012506294878752e-15
6.535327834455984196e-15
-3.142486271201505556e-15
-1.987854325591342912e-15
-9.092726571680031514e-16
4.575784195992583060e-15
-8.828493491819244368e-15
6.700195953612819879e-16
1.320610287791623658e-15
1.827982210045320228e-15
-3.714806240395773879e-15
-1.242339564555550114e-15
-1.804667526528191846e-15
4.869993297518249385e-15
8.992806499463768569e-17
-2.416400413096653273e-15
-3.885225474675735029e-15
3.534950110406498409e-15
-7.390199563417354259e-15
1.033062524413708129e-15
3.667066650336892179e-15
-1.894595591522829778e-15
2.609024107869117870e-15
4.768407890765047262e-16
8.478773239062321004e-15
5.250244683452365185e-15
2.371436380599334307e-15
-1.692535001041051059e-15
5.210276654565859613e-15
-5.619393839140230050e-15
6.367684157737584991e-15
4.545808174327703486e-15
1.012079309248292664e-14
-6.439293542825907491e-17
-5.975775430044905394e-15
2.129407761231050213e-15
9.414691248821327936e-16
-3.140820936664567758e-15
5.899725152858081919e-15
-9.126588373931099151e-15
1.743050148661495690e-15
-1.618705169903478244e-15
-2.267630527796882313e-15
-6.200040481019186574e-15
-6.440958877362845732e-15
-2.302047441560262023e-15
-7.405187574249794046e-16
-6.703526622686695475e-15
-4.464761893530067406e-15
9.351408536417693982e-15
1.030953100666920357e-14
5.241362899255364122e-15
-2.375877272697835135e-16
8.725797862041417703e-15
-2.922107000813412046e-15
3.845812557301542319e-15
-6.148970221886429278e-15
-2.217670491688750347e-15
-4.072298054325074159e-15
3.197442310920450915e-15
1.501576640805524260e-15
1.547650896327468162e-15
5.124234370157410139e-15
-3.250177904590145614e-15
-6.453171330633722391e-15
-1.283972927978993484e-15
4.212186155427843662e-15
1.006417171822704349e-15
-5.040967643310523398e-15
1.062538945717506048e-14
7.320255512865969902e-15
-6.483702463810914038e-15
-1.026956297778269849e-16
-4.056754931980321904e-15
-3.387290448131352778e-15
-5.012656956182581622e-15
-7.623346398588638079e-15
1.096345236817342084e-15
8.149037000748649638e-15
-2.486899575160350493e-15
1.010136418955198672e-14
-3.263500580885647603e-15
-1.180722186688853957e-15
8.876233081878126659e-16
-2.083333505709106311e-15
2.605693438795242274e-15
4.279354648417666074e-15
-3.968492201522621770e-15
6.779576899873518162e-15
3.224642775023767361e-15
-4.020117572167691928e-15
7.224221221235892851e-15
1.996180998276031507e-15
3.845812557301542319e-15
8.631984016460592496e-16
1.477151734263770745e-15
6.219469383950127287e-15
7.630562848248701344e-15
-4.070632719788136361e-15
-1.598721155460225458e-15
2.558508960248673437e-15
4.315436896717983189e-15
1.582622921603160735e-15
-4.795053243356050846e-15
-6.060707491428729933e-15
4.204414594255467535e-15
-1.154909501366319154e-14
-8.882339308513564397e-15
2.787770014833768010e-15
1.398881011027697201e-15
7.070455332325309680e-15
-2.474132010377161366e-15
5.085376564295529502e-15
-2.443600877199969719e-15
5.287992266289620886e-15
1.559863349598344969e-16
-2.023381462379347953e-15
5.765388166878437883e-15
-5.717648576819556331e-17
-4.556910404573955209e-15
-6.550315845288423243e-17
-1.915689828990707500e-15
-1.597610932435600325e-15
-9.098277686803158164e-16
7.450151606747113406e-15
-4.107825191113079150e-17
-5.309086503757498608e-15
-6.250555628639631204e-16
4.260480856999038224e-15
4.343192472333612102e-15
-1.028677143466438805e-14
-8.378298055333744211e-15
-1.091238210904066433e-14
8.059108935754011706e-15
-2.386424391431774094e-15
1.124100812432970997e-14
-6.804556917927584342e-15
7.671641100159831852e-16
6.061817714453354868e-15
5.691003224228552205e-15
5.189737528610293964e-15
3.916311719365239539e-15
4.241607065580410373e-15
1.639799407371356163e-15
4.036770917537069118e-15
-2.414179967047403008e-15
-2.220446049250313081e-15
-9.477418849712648239e-15
3.230193890146892828e-15
-7.199241203181827460e-15
-3.383404667545164715e-15
-3.719247132494274410e-15
-2.808309140789333658e-15
-8.748557434046233420e-16
8.931744233109384289e-16
3.796962744218035289e-16
-3.363420653101911929e-15
