-1.276756478318930077e-17
-7.385481115562696902e-15
1.472211241804188717e-14
-6.761258219967203173e-16
-5.184741524999480965e-16
1.125766146969908795e-15
-1.720845688168992625e-17
-1.242894676067862779e-15
-1.060262988517024452e-16
6.761258219967203173e-16
-2.720046410331633475e-17
2.009503674571533397e-16
2.048361480433413787e-16
5.773159728050814207e-17
1.498801083243961428e-17
-1.637578961322105996e-16
3.325117958752343957e-16
1.154631945610162841e-16
-7.438494264988549265e-17
-1.196820420545918680e-15
8.326672684688673745e-18
9.131584377541912151e-16
2.695066392277567344e-15
4.307665335545607259e-16
-1.101341240428155280e-15
1.275646255294304889e-15
-2.616240557529181530e-15
-1.062483434566274841e-15
-1.744715483198433487e-15
-3.511080315377057658e-16
1.544875338765905231e-15
4.171663015029025523e-16
-4.834188604974087519e-15
5.452305273934143707e-15
-1.138672489631176137e-15
2.419939248987645897e-15
-2.045724700749929023e-15
-2.815230687458480740e-15
-1.787736625402658225e-15
6.409456299039107168e-15
6.124267759588519924e-15
8.640449467023359110e-15
-7.270573032513993973e-16
-7.915057498308897708e-15
-6.062927937477979804e-15
3.930467062929210821e-15
-8.736622536531512601e-15
-3.866074127500951142e-15
-3.352040867099503774e-15
-2.356170814010738484e-15
-2.582101199521957855e-15
4.700129174750600309e-15
-5.012934511938738448e-15
8.998357614586894233e-16
-4.727329638853916360e-15
-1.723066134218242903e-15
-1.229016888260048322e-15
-1.323940956865499253e-15
6.314948564067890686e-15
5.149214388211476318e-15
1.407762795224698462e-15
-6.493139359520227964e-15
2.933764342571976237e-15
2.468580895254035505e-15
3.652078639504452787e-15
-2.050581926482664004e-15
-6.164513344231181533e-15
2.248201624865941896e-16
-5.484501741648273744e-16
-6.995515278163111140e-15
3.725353359129712740e-15
2.766120665853577426e-15
2.434163981490655794e-15
5.306866057708247948e-15
6.022404797079161370e-15
-8.720801858430604309e-15
-1.419420136983262653e-15
-2.431388423929092666e-15
5.534461777756405709e-16
1.036948304999896193e-15
-4.616862447903713568e-15
4.906630657330879362e-15
5.855316231873075815e-15
1.926236947724646706e-16
-1.992295217689843443e-15
1.304512053934558935e-15
3.254618796688646540e-15
-4.031774913926255724e-15
-2.183253577925370242e-15
-1.272315586220429490e-15
-3.392841563254478246e-15
2.406963517387339348e-15
6.078471059822731664e-16
-4.934386232946508275e-15
-8.204548151979907465e-15
3.955724636739433038e-15
1.045830089196897493e-14
4.857225732735059864e-16
4.898303984646190372e-15
8.615330671091214517e-16
-2.699507284376068270e-15
1.662558979376171880e-15
7.278622149442526531e-15
-1.544320227253592764e-15
-9.052203431281213474e-15
7.754907827006718790e-16
-3.184119634624948926e-15
9.005574064246956710e-15
4.761191441104983603e-15
-5.166977956605478444e-15
-6.464828672392286188e-15
5.231926003546050197e-15
2.275957200481570711e-16
-6.766809335090328838e-16
-5.075939668586215577e-15
1.677546990208611469e-15
6.032396804300788157e-15
-2.421396416707466273e-15
4.692357613578224181e-15
2.480238237012599696e-15
-9.871548023454580073e-15
3.192446307309637522e-15
4.983791157542327773e-15
-1.930122728310834819e-15
-2.864375403532903953e-16
4.563571742721705612e-15
1.209587985329108003e-15
5.239697564718426324e-15
-5.464517727205020366e-15
-3.614331056667197086e-15
7.999156892424252953e-16
-4.917732887577131085e-15
2.692845946228317078e-15
-1.069144772714025835e-15
-1.443845043525016168e-15
9.825473767932634988e-16
4.418687638008123011e-16
-2.051137037994976866e-15
5.788702850395566265e-15
-2.486899575160350887e-16
-1.181277298201166622e-15
1.528777104908840509e-15
1.912914271429144766e-15
-3.565481243583690450e-15
5.201394870368857958e-16
-5.826450433232821177e-15
-4.620193116977589164e-15
-4.997668945350142230e-15
2.962075029699917618e-15
4.788947016720612516e-15
2.350342143131456585e-15
3.139155602127629960e-15
-4.553024623987766751e-15
3.170241846817134470e-15
-2.426392420318279666e-15
-2.792210906932268541e-15
5.347944309619379245e-15
1.555977569012156955e-15
7.968070647734748049e-15
5.871414465730140143e-15
-4.494737915194946191e-15
3.905209489118987815e-15
-2.343125693471392926e-15
-3.588795927100818832e-15
6.496470028594103559e-15
-1.176836406102665893e-15
4.146682996974959540e-16
3.148592497836943886e-15
-2.634559237435496518e-15
-3.608779941544071619e-15
1.565969576233783348e-15
1.786348846621876858e-15
-3.389510894180603044e-15
5.443978601249454717e-15
9.514611321037591867e-16
4.779510121011298591e-15
5.556111126736596096e-15
-4.027334021827755193e-15
4.304889777984044328e-15
-1.642019853420606429e-15
-3.554934124849751590e-15
8.190115252659779357e-15
5.356826093816380308e-15
6.623035453401371468e-15
-1.865174681370263067e-15
2.126077092157174814e-16
-2.058353487655040131e-15
2.664535259100375598e-17
1.527666881884215376e-15
3.094191569630311389e-15
-7.049916206369744130e-17
-8.759659664292484749e-16
2.285394096190884833e-15
1.477706845776083411e-15
-3.137490267590692557e-15
-1.369460100875130687e-15
-8.951728247552636681e-15
1.582622921603160735e-15
-1.889044476399703917e-15
-1.747491040759996418e-15
3.447242491461111137e-15
-7.027711745877240980e-16
1.285083151003618617e-15
-2.036704138674849547e-15
-1.604272270583351122e-15
6.749045766696326515e-15
-5.165312622068540647e-15
-4.891087534986127107e-15
2.898237205783971196e-15
-2.608468996356805402e-15
-4.948819132266635594e-15
-5.354605647767129647e-15
3.556599459386688599e-15
1.171285290979540229e-15
-3.667621761849204253e-15
-1.443289932012703552e-16
6.983302824892234481e-15
5.462297281155770100e-16
2.384759056894836296e-15
-9.936496070395150248e-16
6.510902927914230878e-15
1.658118087277671348e-15
-3.593236819199319364e-15
-2.152722444748178595e-15
9.714451465470119729e-17
-3.428923811554796149e-15
4.164446565368961962e-15
-3.713140905858836081e-15
-1.104116797989718211e-15
-1.328381848963999785e-15
-4.197198144595404270e-15
-5.608846720406291189e-15
-1.498801083243961330e-15
2.184363800949995572e-15
-4.112821194723892593e-15
3.319566843629218293e-16
-6.608047442568932076e-15
-1.796340853843503251e-15
3.392286451742165778e-15
-5.179745521388667966e-15
-2.927103004424225045e-15
3.145816940275381152e-15
1.064315302556906261e-14
-1.771915947301749933e-15
-2.969846590872293548e-16
3.542721671578874536e-15
-2.233768725545815070e-15
3.257949465762521742e-15
-2.242650509742816133e-15
5.390132784555134688e-15
-6.777911565336581153e-16
1.641464741908293961e-15
-6.554201625874611258e-15
-1.349476086431877704e-15
4.076183834911262617e-15
-2.362554596402333244e-15
-8.471001677889944285e-16
1.766364832178624072e-15
-5.825895321720509104e-15
2.156608225334366659e-15
2.462474668618597175e-15
-3.952393967665557343e-16
1.296740492762182808e-15
-3.008704396734174185e-16
-3.624323063888823873e-15
-9.436895709313831272e-18
-3.175237850427947568e-16
-1.630917623174354903e-15
-7.491229858658243125e-15
2.919886554764161780e-15
-3.458899833219675328e-15
-1.872391131030326332e-15
1.050493025900323169e-14
1.210143096841420718e-16
-1.729727472365993898e-15
4.207745263329343328e-16
9.818812429784884191e-15
1.764699497641686274e-15
-3.692046668390958359e-15
-2.167710455580617987e-15
2.405298182850401550e-15
-6.011857678345222706e-16
-4.202194148206217663e-16
-3.100297796265749718e-15
-5.336286967860814659e-15
5.984657214241906457e-15
-8.634759574022155624e-15
-2.248201624865941896e-16
5.889733145636455131e-16
6.253886297713506603e-15
4.022893129729254661e-15
5.396794122702885880e-15
8.537615059367454230e-16
-1.285582751364700035e-14
-1.362798762727379693e-15
-2.896571871247033398e-15
-3.692601779903270433e-15
2.789435349370705808e-15
-1.903477375719830841e-15
-4.068967385251198760e-16
-3.519962099574058622e-15
8.609779555968088853e-16
2.326472348102015341e-15
2.164379786506742786e-15
-3.536060333431123739e-15
-7.960299086562372316e-16
-2.509104035652853545e-16
1.153521722585537709e-15
-7.072120666862247281e-16
-5.773714839563126872e-15
-5.407341241436824741e-15
-1.053601650369273581e-15
6.704636845711320411e-15
2.468025783741723037e-15
-2.451927549884658314e-15
-3.117506253147439376e-15
-2.493005801795788822e-15
4.634070904785403621e-15
4.218847493575594656e-16
6.163958232718869460e-15
-6.238343175368754348e-15
3.073652443674745740e-15
8.185674360561279614e-15
5.840883332552948496e-15
-3.291811268013588985e-16
-5.034306305162772206e-15
-2.895461648222408068e-15
9.886536034287018282e-16
2.150501998698928329e-15
-1.931788062847772370e-16
-5.421774140756952060e-15
2.547406730002421714e-15
4.234390615920347108e-15
3.609335053056383692e-15
-1.043609643147647089e-16
3.043121310497554093e-15
3.026467965128176903e-15
-1.739719479587620291e-15
8.084088953808077097e-15
6.608047442568932076e-15
5.101474798152594619e-15
-8.426592756904937984e-16
8.847367283237872218e-15
-1.529887327933465642e-15
-8.282818875215980812e-15
-2.353117700693019319e-15
1.523225989785714844e-15
-2.758904216193514161e-15
-6.894484982922222077e-16
-7.793765632868598440e-16
5.232481115058363059e-15
2.391975506554899956e-15
5.595524044110789003e-16
7.376876887121851876e-15
-6.651346140529312455e-15
1.292410622966144691e-14
-1.809663530139005240e-15
7.960854198074684784e-15
-2.572941859568800361e-15
-8.326672684688674053e-17
4.451994328746877490e-16
-3.794742298168785024e-15
-2.123856646107924351e-15
-1.152411499560912576e-15
-7.489009412608993254e-15
-7.154832282196820567e-15
-1.224575996161547593e-15
-1.125766146969908795e-15
3.235745005270018690e-15
-4.750644322371044742e-15
-2.714495295208507662e-15
6.067368829576480336e-15
-2.725042413942446918e-15
6.554201625874611258e-15
-1.107447467063593610e-15
-6.110112416024548642e-15
-1.494360191145460798e-15
-8.097411630103579480e-15
1.831867990631508292e-15
-2.442490654175344586e-16
-1.013078509970455343e-15
2.107203300738547161e-15
-1.535438443056591503e-15
1.705302565824240383e-15
4.649614027130155875e-15
-3.750333377183778920e-15
-4.919953333626380956e-15
-2.740585536287198778e-15
6.669109708923315370e-15
3.269051696008773465e-15
5.628830734849543975e-16
3.483879851273741113e-15
6.984413047916859417e-15
8.743006318923107756e-16
-7.057687767542120159e-15
1.768030166715561870e-15
2.594036097036678083e-15
3.960165528837933569e-15
2.454147995933908580e-15
-2.351452366156081521e-15
4.449773882697627225e-15
-4.793387908819113048e-15
1.992295217689843443e-15
9.396927680427325021e-15
-4.376499163072367272e-15
9.357514763053131522e-15
3.678723992095455976e-15
3.284039706841212857e-15
1.352806755505753300e-15
-3.184119634624948926e-15
3.884115251651110094e-15
9.048317650695026199e-16
-4.689582056016661448e-15
-2.081668171172168513e-16
1.084909939663702959e-14
6.094569293679797176e-15
3.926303726586866326e-15
-5.075939668586215577e-15
-3.808064974464287111e-16
-3.282929483816587922e-15
-1.394440118929196670e-15
-7.127631818093504911e-16
-9.992007221626408864e-16
2.158828671383616924e-15
2.712274849159257397e-15
-7.288614156664153122e-16
-3.270717030545711263e-15
-2.821076705572522785e-15
2.637334794997059251e-15
-3.890776589798861285e-15
7.018274850167927449e-15
2.779443342149079415e-15
-5.212497100615110273e-16
7.615574837416261163e-15
4.608535775219024578e-15
1.214583988939921200e-15
-4.916067553040193287e-15
-7.025491299827990714e-15
-2.762234885267389362e-15
-1.572075802869221677e-15
-7.011058400507863987e-16
-6.201150704043811509e-15
-8.731904088676856822e-15
5.607736497381665465e-15
3.551603455775875599e-15
-8.847922394750184292e-15
-1.133537708142284922e-15
3.377298440909726385e-15
-6.174505351452808320e-15
-8.328338019225611851e-15
2.178257574314557243e-15
7.712164240558650287e-15
-2.997602166487922659e-15
4.820033261410117026e-15
2.161604228945179658e-15
3.512190538401682889e-15
2.721711744868571322e-15
3.994027331089000812e-15
1.041167152493471816e-14
-8.092970738005078160e-15
-4.607425552194399421e-17
-4.731215419440104818e-15
4.257705299437475490e-15
-8.648637361829969489e-16
-9.174327963989981640e-15
3.673727988484643371e-15
4.888311977424564374e-15
1.754707490420059881e-15
3.390066005692915512e-15
6.922240558537851385e-16
9.769962616701377605e-17
6.618594561302870937e-15
7.155387393709134219e-16
-1.989519660128280710e-15
5.235256672619925793e-15
-8.536504836342828702e-15
1.126876369994533780e-16
3.495537193032305304e-15
3.205213872092827043e-15
3.315681063043029834e-15
3.214095656289828106e-15
1.187938636348917567e-16
6.917799666439350656e-15
5.770384170489251277e-15
5.219713550275173538e-15
-5.645484080218920969e-16
-5.364597654988756435e-15
4.030109579389318123e-16
1.720845688168992687e-16
4.622413563026839035e-15
3.121392033733627440e-15
6.546430064702235919e-15
9.842127113302012968e-16
4.843347944927245408e-15
9.725553695716371057e-16
-5.627165400312606178e-15
7.455147610357926011e-16
-1.014632822204930569e-14
-1.575406471943097076e-15
-7.636113963371826811e-15
-2.936539900133539069e-16
-3.005373727660298786e-15
9.623413177450857650e-15
-6.645239913893874126e-15
-3.441691376337985275e-15
1.187938636348917567e-16
-3.805844528415036747e-15
1.452726827722017428e-15
-5.356826093816380308e-15
1.350586309456502837e-15
8.493206138382447929e-16
8.447131882860502844e-15
