3.824145730481937376e-05
-5.229209949727221633e-03
-6.464303272656788876e-03
-5.605265411825681096e-03
-5.446130563489952163e-03
-6.059763734250593614e-03
-8.127894223092187176e-03
-8.529926738957685148e-03
-8.524265865827459696e-03
-6.981143021650020736e-03
-4.857245114935668240e-03
-7.821962088257776100e-03
-5.805549108531852034e-03
-7.112174121945546296e-04
-1.807951675167980467e-03
3.826712164912663295e-03
9.184872198568019841e-03
3.214758410927786008e-03
3.960497132249317723e-03
1.022513824608903624e-02
1.477597414692559917e-02
2.049183338402032345e-02
2.924429411506257459e-02
3.946446520942430841e-02
3.039238374725513822e-02
3.742779701794200775e-02
5.246872223640666744e-02
5.081169857051686528e-02
6.612724074411127639e-02
6.890919556158300874e-02
7.424088895203867500e-02
7.383964573784096430e-02
8.497881633722562111e-02
8.567761039844601356e-02
1.063989741989635196e-01
1.157748393414507887e-01
1.208142580892223455e-01
1.351255476333474148e-01
1.409016435505221487e-01
1.379158882897409399e-01
1.547106309637624189e-01
1.590378684389944786e-01
1.656923446622426133e-01
1.737595241826182246e-01
1.782402436513531030e-01
1.891935897480947482e-01
1.963307185770295782e-01
2.068641808794510206e-01
2.181290136194490026e-01
2.310168520035449924e-01
2.330513889334402955e-01
2.425851157950962289e-01
2.562460730502266193e-01
2.552317570376429479e-01
2.634723089751683234e-01
2.822976137153804244e-01
2.943194428012596564e-01
3.068824183316404830e-01
3.135049237794036991e-01
3.143330785834284602e-01
3.244978703623416783e-01
3.310265689737379446e-01
3.453206052630565237e-01
3.509561942770680343e-01
3.600676087144593085e-01
3.758755803445658072e-01
3.797227759706451322e-01
3.836928755961746540e-01
3.952183493158440419e-01
4.042704429551222112e-01
4.111739315759671554e-01
4.284018584423064380e-01
4.355456095774178360e-01
4.363958891256689010e-01
4.555951173065275195e-01
4.615070531772529905e-01
4.718622071588372546e-01
4.790216070879491639e-01
4.813775418873127432e-01
4.944821407488369513e-01
5.072106194186102313e-01
5.155732763534544016e-01
5.269802787876954886e-01
5.413266729919619102e-01
5.437574439679275784e-01
5.519706657369211067e-01
5.630242262146034626e-01
5.712675267404272450e-01
5.836693427796864064e-01
5.875091664141606218e-01
5.962909557390015935e-01
6.101377175136706299e-01
6.198473070157733966e-01
6.232632312470036684e-01
6.329435275328187949e-01
6.452447681871108509e-01
6.490592794863824233e-01
6.640581747915976774e-01
6.686167077924476398e-01
6.805019854550200531e-01
6.883588302606669096e-01
6.983224027783431209e-01
7.035790355294989640e-01
7.176933900188731119e-01
7.243270794337259844e-01
7.259168719949022908e-01
7.392338033491573368e-01
7.466658953767055795e-01
7.564845544310810910e-01
7.630905807568965082e-01
7.717505777579340975e-01
7.793289596682330123e-01
7.866357499798979358e-01
7.975978553831096773e-01
8.100411580989799187e-01
8.125384356392337803e-01
8.221488348284855530e-01
8.352445213310810690e-01
8.429362940939361115e-01
8.475607332093449964e-01
8.565084158072022724e-01
8.630480480012759914e-01
8.712054912138762486e-01
8.764929462719562858e-01
8.891578711767417209e-01
8.999564594169142673e-01
9.060910484873248016e-01
9.107702356131944788e-01
9.209260402128078837e-01
9.317642251122193464e-01
9.355993794936202645e-01
9.441998906290177684e-01
9.542785403153923873e-01
9.601617337062638979e-01
9.644138460783658884e-01
9.755914727254417773e-01
9.863981810622188817e-01
9.923467284674638567e-01
9.994583376540858710e-01
1.006348639874484308e+00
1.015406435473250157e+00
1.021182812319045619e+00
1.030388833674480642e+00
1.039541209558698664e+00
1.046189612972562299e+00
1.055329391338840850e+00
1.060024986546596271e+00
1.067819742065895250e+00
1.076850279986594661e+00
1.084258970073592065e+00
1.088544372394617099e+00
1.096316231796366836e+00
1.103856861886435947e+00
1.111603071072114757e+00
1.119021445153190131e+00
1.126709303232222181e+00
1.130508106234145993e+00
1.138570263868587729e+00
1.152962347431013779e+00
1.156820080217998647e+00
1.165285959154972684e+00
1.170269768880787264e+00
1.175884589783788403e+00
1.183308500400822139e+00
1.188846070441076597e+00
1.198908377237876799e+00
1.207901795139037615e+00
1.212648736761951396e+00
1.218129772319066273e+00
1.225518373427080032e+00
1.234296656409540338e+00
1.242932650919653437e+00
1.249224455966509328e+00
1.255859934700203073e+00
1.262475962895656778e+00
1.268735280870185722e+00
1.275640234418196739e+00
1.280989267929329767e+00
1.287460229412117574e+00
1.294506330717406506e+00
1.298325036590345816e+00
1.305498144017730455e+00
1.315277869777664588e+00
1.320425820035295850e+00
1.326544075483679253e+00
1.332756673427367256e+00
1.340015137835705694e+00
1.345886194711143569e+00
1.354264928472583618e+00
1.357444162542768007e+00
1.365796910445442158e+00
1.371315313348531406e+00
1.377949151330527977e+00
1.384755083490231797e+00
1.389548805056801228e+00
1.396985522578449102e+00
1.402836658041503037e+00
1.408504335016681042e+00
1.416263247201261510e+00
1.421718793355450927e+00
1.428349101927884446e+00
1.432202943568412046e+00
1.438807897433748817e+00
1.445998838849887003e+00
1.451005658718185209e+00
1.456951596056438536e+00
1.465798446119415122e+00
1.470946190236978479e+00
1.474337463230094958e+00
1.480431238964330598e+00
1.488215740952296473e+00
1.491255770477230680e+00
1.497426404573698910e+00
1.505054741930845319e+00
1.509549097649338423e+00
1.515830374492100008e+00
1.521212671928373172e+00
1.527239368952612475e+00
1.532916056036044194e+00
1.538588921403980292e+00
1.544288248399583230e+00
1.549947373145021734e+00
1.554743982637628363e+00
1.560452333410885517e+00
1.568260355552245189e+00
1.571284879368829879e+00
1.578417080565583053e+00
1.583553252803059808e+00
1.589805738516885114e+00
1.595729114129286419e+00
1.599092446128496547e+00
1.604115978662943087e+00
1.609343965712749736e+00
1.616094267117423433e+00
1.622094540862359935e+00
1.624693631217446255e+00
1.630366092338221717e+00
1.636801981739574474e+00
1.642989943145246601e+00
1.648584090470487151e+00
1.651559389542252010e+00
1.657646583501964921e+00
1.662464332697166425e+00
1.667566902151179198e+00
1.672554019028631433e+00
1.677472692322878212e+00
1.683267616323661731e+00
1.688661031709852489e+00
1.693666106316366493e+00
1.698696998118548240e+00
1.703039228935352645e+00
1.707902117004764797e+00
1.713088301761302334e+00
1.717285570386338556e+00
1.722793558619734489e+00
1.728598758339655150e+00
1.733870313105431160e+00
1.738622404092932561e+00
1.742505472786495702e+00
1.747144111201356154e+00
1.751497931259341501e+00
1.756626663686123413e+00
1.763156678198386729e+00
1.767067807622599851e+00
1.770540268004747952e+00
1.775384111577654966e+00
1.781055347240883879e+00
1.785698727560769195e+00
1.789239494364884386e+00
1.794142753371844146e+00
1.800038912527158308e+00
1.804777870085190417e+00
1.809636082590976081e+00
1.812879668914470832e+00
1.816145397340168444e+00
1.821759093482267833e+00
1.827127687906882958e+00
1.832175183026906851e+00
1.836569316792810325e+00
1.840215773932638355e+00
1.844019833172235057e+00
1.849791664692065796e+00
1.855661485553568468e+00
1.857464146232047586e+00
1.861017428714739630e+00
1.866374478099815493e+00
1.871198000832924535e+00
1.874973959396324164e+00
1.879654993848487221e+00
1.883815166690815834e+00
1.887467605071237564e+00
1.891674048866269997e+00
1.896630609510244980e+00
1.901871229425224463e+00
1.904955589542060013e+00
1.908271696499829861e+00
1.913160796601795610e+00
1.918649168993171727e+00
1.921849695411943948e+00
1.925040954443366870e+00
1.930890320316753117e+00
1.935221277635297943e+00
1.938453872851662263e+00
1.943040421484254265e+00
1.946860559795966950e+00
1.950073300641196550e+00
1.953675971722258264e+00
1.957163006985179532e+00
1.961333008706652281e+00
1.965387375405142301e+00
1.969615479259264168e+00
1.974045396995694812e+00
1.977764176272555963e+00
1.981411665048742776e+00
1.985141596364632832e+00
1.989369051263574661e+00
1.994239334466560765e+00
1.998186216712898977e+00
2.001469537123325093e+00
2.004813910996518178e+00
2.009085885965130380e+00
2.013720691413781960e+00
2.017501737906056025e+00
2.020463654390624253e+00
2.023729416964892280e+00
2.027612837984456018e+00
2.032319732727742689e+00
2.035947886095371029e+00
2.039217817837779112e+00
2.043218457947940880e+00
2.046792990950549118e+00
2.050109690693818099e+00
2.053348332357185058e+00
2.056982789741692574e+00
2.060916904659710003e+00
2.064341491380957017e+00
2.068008967520677199e+00
2.071583551194342121e+00
2.074921873811280459e+00
2.078391951020899686e+00
2.082361617774100893e+00
2.086099059309802328e+00
2.089301474680586690e+00
2.092386879899293284e+00
2.095909443166337649e+00
2.099634437951034993e+00
2.103215032860190181e+00
2.107280187381015857e+00
2.110519527355097402e+00
2.113529748184007850e+00
2.116526498344250218e+00
2.119900130885180811e+00
2.123552738577561438e+00
2.127242439367522664e+00
2.130117035575179951e+00
2.133080658291099496e+00
2.136535102297795419e+00
2.139916671879126930e+00
2.143435034696552499e+00
2.146022771704068077e+00
2.149014832801336983e+00
2.152564151165660356e+00
2.156664479961438730e+00
2.160064429837615041e+00
2.163486883432752528e+00
2.166080279015154542e+00
2.168983808042935113e+00
2.171854913753740846e+00
2.175378487781978620e+00
2.178565985625387835e+00
2.181844696652222027e+00
2.185356611086714196e+00
2.188691958132323645e+00
2.191501915786746135e+00
2.194186264559944810e+00
2.197271596014871875e+00
2.200339428624700666e+00
2.203447164465546226e+00
2.206433581304695579e+00
2.209462264438538437e+00
2.212669613868881502e+00
2.215462687002889286e+00
2.218685432626211984e+00
2.222179333926370681e+00
2.224760822783192094e+00
2.227235872742589162e+00
2.230469150526170452e+00
2.234202498921666447e+00
2.237215690564560600e+00
2.239950269647273284e+00
2.242580156791352586e+00
2.245084553857793708e+00
2.248209298093846620e+00
2.251406933624181761e+00
2.254075354197075498e+00
2.256575560380176260e+00
2.259944411140562881e+00
2.262912123115131457e+00
2.265583289091586572e+00
2.268215725702388497e+00
2.271459180407775946e+00
2.274157083050537764e+00
2.276823939240092187e+00
2.279721202353861109e+00
2.282490253221990173e+00
2.285284715909411180e+00
2.288109854890460149e+00
2.290995405615409375e+00
2.293708358997132990e+00
2.296623019705485991e+00
2.299380798655488167e+00
2.301846269829114000e+00
2.304566680490077957e+00
2.307269055530785096e+00
2.309659142590897662e+00
2.312353688901715554e+00
2.315300744662718291e+00
2.318058005385512210e+00
2.320339185700011964e+00
2.322972868142359371e+00
2.325941287947605574e+00
2.328857869889810139e+00
2.331584509026918273e+00
2.333911628983976971e+00
2.336612626611972221e+00
2.339256871528365256e+00
2.341762018320287631e+00
2.344228300857293945e+00
2.346907147242756508e+00
2.349778849141435089e+00
2.352039533961182372e+00
2.354323730203419007e+00
2.356891535207448651e+00
2.359779442894250678e+00
2.362385820606540232e+00
2.364751875969659078e+00
2.367538698580669010e+00
2.370234422288986398e+00
2.372595385041023519e+00
2.374548717755811111e+00
2.376895271576795921e+00
2.379387381003220892e+00
2.381852575055680266e+00
2.384126057576620550e+00
2.386473437015142807e+00
2.388995962415306096e+00
2.391780665997221167e+00
2.394015047974428434e+00
2.396036465760283729e+00
2.398391966611558956e+00
2.400905357334581325e+00
2.403666474383801432e+00
2.406350030410735918e+00
2.408616807592431464e+00
2.411139261061114869e+00
2.413246622665038643e+00
2.415324468328980512e+00
2.417644718140328663e+00
2.420180872165770491e+00
2.422626370476193891e+00
2.425106722394628989e+00
2.427145824081236469e+00
2.429264456038990438e+00
2.431259886667973991e+00
2.433542015868817465e+00
2.435854241140941401e+00
2.438207029115023960e+00
2.440413606349767228e+00
2.442362169567162677e+00
2.444644392149881273e+00
2.447188778367635376e+00
2.449490366495212346e+00
2.451774076413015369e+00
2.454043869952193813e+00
2.456011882517113776e+00
2.458123958755231264e+00
2.460422933722650640e+00
2.463036436332853185e+00
2.465462226363952514e+00
2.467617693576189986e+00
2.469491216085064167e+00
2.471422246980694126e+00
2.473453355762755823e+00
2.475719088535500489e+00
2.478044104058609420e+00
2.480249798562660146e+00
2.482359971846121116e+00
2.484378171488359488e+00
2.486257072325011475e+00
2.488516481793198398e+00
2.490606035687757736e+00
2.492779390539200612e+00
2.494868218762783751e+00
2.496881456216716977e+00
2.498849259450444116e+00
2.501027648299890327e+00
2.503012071376185865e+00
2.505096590312861693e+00
2.507244548726432765e+00
2.509166783355911257e+00
2.511277979584054521e+00
2.513225275057689778e+00
2.515318295695563311e+00
2.517432060506494818e+00
2.519711577800687330e+00
2.521667101519955434e+00
2.523552322740176379e+00
2.525628139071393718e+00
2.527709568759813230e+00
2.529712736560257635e+00
2.531507779820722615e+00
2.533332096967091829e+00
