-4.731452787610699456e-03
-5.685055172263210263e-03
-6.878757886849619883e-03
-6.696593424602046048e-03
-7.254271218243779455e-03
-8.525495017906961626e-03
-1.125067296992955657e-02
-1.234633298171224254e-02
-1.157750831133136891e-02
-9.847291640133360585e-03
-6.575645668922056389e-03
-1.084948916393170190e-02
-8.486769077475966525e-03
-1.893317252703634107e-03
-3.808148989607130098e-03
3.257030468091377893e-03
1.018159220314801203e-02
2.762353505631315841e-03
3.661922893248619783e-03
1.174286685920244121e-02
1.792088794613009781e-02
2.443162671510221845e-02
3.580422042353594014e-02
4.764663095704739504e-02
3.653670670963757999e-02
4.511505820589802734e-02
6.348403307853726918e-02
6.286741017382668772e-02
8.185589057585805628e-02
8.513661314193082807e-02
9.213194707003644068e-02
9.304847664556686881e-02
1.061626483057531434e-01
1.055544780962982127e-01
1.290978793303075300e-01
1.409812246983031259e-01
1.490576014298843066e-01
1.658997187255102090e-01
1.722734588930068533e-01
1.711317705872547612e-01
1.903247012058966736e-01
1.966224485135279199e-01
2.044785266294362192e-01
2.139193260169986177e-01
2.198483395153992825e-01
2.331171722892785292e-01
2.419912481014070971e-01
2.547657891027930721e-01
2.657037724293238590e-01
2.838161693937958363e-01
2.875723805341596773e-01
2.973858246209338252e-01
3.132734692159871992e-01
3.113359140625876487e-01
3.228878543817808588e-01
3.444800039690023574e-01
3.578523829394344991e-01
3.712144248936921076e-01
3.808799814646913195e-01
3.832605075990683230e-01
3.957147566744174116e-01
4.040383663133547687e-01
4.227575208704697496e-01
4.259237707399121109e-01
4.403566372024309561e-01
4.565028400591253921e-01
4.588109853854236420e-01
4.664665562246701480e-01
4.799191858357689799e-01
4.891488065634856941e-01
4.964537978997846657e-01
5.162853884351430445e-01
5.265088012880453361e-01
5.268654605948828173e-01
5.498108009532350904e-01
5.566150500066328055e-01
5.689437884258398137e-01
5.750408535528590548e-01
5.810827935230679087e-01
5.926705545315471557e-01
6.077172026324307863e-01
6.167316256500310345e-01
6.290089778555358890e-01
6.446797997096027633e-01
6.508616946128412684e-01
6.636748100765067493e-01
6.742813944570335005e-01
6.819729692375392505e-01
6.942887474527034142e-01
7.007714946608374351e-01
7.121051998244086745e-01
7.268999308848427265e-01
7.384847030944811097e-01
7.427791903754179526e-01
7.542548646476382457e-01
7.649627776857621519e-01
7.696470365650150969e-01
7.845759918688203216e-01
7.929188967853311176e-01
8.066463852488287012e-01
8.184493893884993154e-01
8.260733250115630533e-01
8.329469085840245368e-01
8.474572949145229295e-01
8.569978675344506192e-01
8.596148643026904068e-01
8.718470505594841935e-01
8.836454858468479889e-01
8.940560684838311234e-01
9.035208420973980248e-01
9.096206131582073029e-01
9.186043010811462128e-01
9.280915001673620823e-01
9.388530748463997933e-01
9.511008005062151494e-01
9.580505022820631211e-01
9.684013754757513359e-01
9.805093812287984933e-01
9.876795002372105170e-01
9.954921551439601668e-01
1.003798673478608627e+00
1.011544969050765630e+00
1.024128683238499482e+00
1.029475444628272118e+00
1.040493075243454246e+00
1.050941487079267711e+00
1.058628850211370542e+00
1.065498305546738633e+00
1.076658348159954093e+00
1.087527516446774589e+00
1.094479709408611834e+00
1.103152113744391594e+00
1.111640546629178994e+00
1.120056167273697945e+00
1.126390238538023558e+00
1.136015552240028814e+00
1.144907639062262561e+00
1.155037846345854158e+00
1.161576769927472386e+00
1.171112189502839129e+00
1.178610094946425990e+00
1.186481175415044831e+00
1.196268220992529496e+00
1.205743155610755402e+00
1.212573742181301650e+00
1.223454558047156082e+00
1.229435960814413864e+00
1.235275049957526017e+00
1.245127640889312159e+00
1.252884696703671974e+00
1.257851854492531674e+00
1.266504139056131795e+00
1.275991286840145289e+00
1.285109889905110547e+00
1.291292704007539482e+00
1.298827230459087323e+00
1.304582561243512018e+00
1.312916484631208247e+00
1.326770343738936653e+00
1.331931679085627485e+00
1.339410909907189362e+00
1.346699196152565836e+00
1.351510748106683923e+00
1.358701459955398594e+00
1.364039416635350888e+00
1.374737988828151014e+00
1.385701393373067525e+00
1.391918111192923746e+00
1.398788400409403332e+00
1.405343359184600960e+00
1.413362888382071247e+00
1.419959549179329539e+00
1.428839836142632436e+00
1.435195707977179547e+00
1.442522066767110811e+00
1.450005267708009526e+00
1.456713515213532872e+00
1.465055118701420689e+00
1.471276738430302933e+00
1.479291294411345881e+00
1.483703272764889114e+00
1.490154775154915789e+00
1.498318886223786395e+00
1.504947217805596038e+00
1.512120607130812200e+00
1.517930091457556863e+00
1.525356684085851455e+00
1.531084128384331278e+00
1.539630609199967415e+00
1.543387233965632932e+00
1.552242824693221834e+00
1.559895878423875004e+00
1.563092218529842814e+00
1.571986558351124996e+00
1.578180721198670922e+00
1.583881767850953137e+00
1.591957613074521216e+00
1.596183786652315417e+00
1.605804189553189820e+00
1.608816122596948839e+00
1.617705508783768398e+00
1.622504516787996565e+00
1.627057378531158616e+00
1.635047421020924929e+00
1.641623286659584791e+00
1.646751232458661729e+00
1.656518153247151570e+00
1.664505131863183385e+00
1.666203038174325579e+00
1.671346075336111126e+00
1.679379383910720058e+00
1.683206707787496814e+00
1.691238344743454025e+00
1.695891803927656261e+00
1.702730189149324946e+00
1.710015757825686489e+00
1.713804574979125528e+00
1.720837681786459239e+00
1.726731912578445050e+00
1.730014823354989462e+00
1.736495471635961740e+00
1.742680140767163488e+00
1.747567508313992768e+00
1.752615733616110338e+00
1.757890787738159100e+00
1.763031544418740548e+00
1.769110196716720651e+00
1.775875526873327948e+00
1.782575481400002992e+00
1.789040415703540887e+00
1.793299763534118352e+00
1.797710612345097436e+00
1.804108474208773405e+00
1.808793446218705858e+00
1.814794840861243319e+00
1.820205665356556368e+00
1.824379940173569858e+00
1.830586619399436454e+00
1.837206576307717221e+00
1.842655975600502316e+00
1.844412273331926366e+00
1.851863197176543130e+00
1.858993111559720468e+00
1.860500483800993088e+00
1.865176980743986412e+00
1.870941932398073604e+00
1.876686608702969217e+00
1.882693583921636549e+00
1.886689582058210135e+00
1.892974144501816447e+00
1.897540516396285515e+00
1.902516421176301264e+00
1.906774192927194633e+00
1.911611532700765892e+00
1.915672543782769299e+00
1.923464240089801436e+00
1.926073269378205000e+00
1.932644203851470177e+00
1.934589731401638479e+00
1.940128052739391151e+00
1.945413486225346045e+00
1.950380742394870692e+00
1.956000209048132987e+00
1.961420355796118953e+00
1.962402817969983948e+00
1.967231708542872326e+00
1.975588868737784276e+00
1.978667069897843911e+00
1.981835784470224793e+00
1.987455478386698671e+00
1.993300050415630853e+00
1.997513873781816773e+00
2.002324758926162573e+00
2.005214615953155644e+00
2.009356402849993284e+00
2.016090144559953945e+00
2.020985010786813252e+00
2.023482031381591550e+00
2.027658157885199763e+00
2.033074440741265754e+00
2.038270415182310558e+00
2.041119480213993143e+00
2.044926780410752709e+00
2.050133304749373497e+00
2.055176901808394074e+00
2.059093243793168160e+00
2.062783577528625845e+00
2.066672084222494821e+00
2.071086971734761306e+00
2.075293623168239510e+00
2.077827252307664185e+00
2.083261111778769603e+00
2.088470117990606223e+00
2.091443920392589639e+00
2.094435056404248652e+00
2.099140067869877946e+00
2.103558332762236915e+00
2.108973954831807163e+00
2.112057945973776718e+00
2.114117710079264079e+00
2.121057228642515557e+00
2.124661732644297807e+00
2.127156186794248782e+00
2.131584441043508971e+00
2.135035796985734979e+00
2.139252430241692871e+00
2.143318544569462247e+00
2.147535006519792677e+00
2.150016915371903536e+00
2.155338848052754219e+00
2.159217533422069568e+00
2.163110650155108949e+00
2.166521502283249134e+00
2.170387279475986642e+00
2.173949371428423927e+00
2.177830866024720979e+00
2.181753270865385286e+00
2.186301220007698110e+00
2.188554163981109912e+00
2.192481743628056812e+00
2.195782602039662468e+00
2.200089371337853983e+00
2.204405895033052065e+00
2.207073902098649842e+00
2.210203003825072621e+00
2.214750172317037080e+00
2.217656937149734997e+00
2.222027537091782357e+00
2.225213368719670903e+00
2.228173485538399223e+00
2.231839998919795676e+00
2.234592311893334404e+00
2.238343018097278758e+00
2.242925301318854814e+00
2.244953874949950023e+00
2.248801526094081460e+00
2.252053903983318062e+00
2.256279117496370112e+00
2.259057802742947985e+00
2.261365989513278496e+00
2.265771183511119169e+00
2.270028506597039364e+00
2.272536554860091318e+00
2.275655335351670860e+00
2.279585790328173101e+00
2.282178267474778366e+00
2.285054376564121359e+00
2.289240393811403429e+00
2.292846619841089062e+00
2.294616929298494590e+00
2.298411743528119278e+00
2.301869485564241646e+00
2.306049038156257058e+00
2.310004783163503106e+00
2.311981301208091644e+00
2.315107673019193513e+00
2.318094102533146739e+00
2.319913250663487858e+00
2.323221860031779773e+00
2.326526804734869724e+00
2.330999274941828681e+00
2.332691287998269747e+00
2.335468443528421645e+00
2.339958223775016943e+00
2.343357883343763604e+00
2.346213687505120493e+00
2.349382196598122086e+00
2.350544415835653211e+00
2.354544285644727619e+00
2.356657088094656682e+00
2.359424065923531266e+00
2.363846067600722023e+00
2.366696002347092875e+00
2.369332194543557257e+00
2.372681487634003883e+00
2.375339065451195442e+00
2.378580987360947141e+00
2.381991020958746930e+00
2.384895830087610857e+00
2.386611795328358099e+00
2.389555569365369170e+00
2.392980647253837745e+00
2.396408105204849370e+00
2.398753894915144347e+00
2.400246381563203357e+00
2.403982266608863494e+00
2.407547948892891476e+00
2.410193442852876178e+00
2.413257099340106127e+00
2.415537800699162574e+00
2.417698382070243568e+00
2.419264461545863387e+00
2.422179200042794189e+00
2.425409338323095021e+00
2.427841548228970581e+00
2.430834189913260612e+00
2.433593741445230219e+00
2.436599645758869226e+00
2.439781034126635273e+00
2.441965880515707621e+00
2.445351465618082365e+00
2.447477002628791531e+00
2.449351862576544914e+00
2.452414518615758876e+00
2.454513752931958059e+00
2.458149071522068407e+00
2.461743178904320928e+00
2.463637928531913435e+00
2.466312114704563907e+00
2.469071977637216087e+00
2.472006071085921075e+00
2.473327296846006274e+00
2.475119025199803868e+00
2.478127506690434245e+00
2.481601788497090233e+00
2.483472204617896750e+00
2.485475804795705290e+00
2.489178140667247074e+00
2.492899310993574868e+00
2.494534638283947725e+00
2.496475862272801383e+00
2.499854458734264373e+00
2.500715548721650805e+00
2.503599451072826110e+00
2.505694793503893347e+00
2.509121431220288301e+00
2.511201165172241900e+00
2.513447148574071477e+00
2.515989818164633185e+00
2.518334490297142736e+00
2.519707397590325026e+00
2.522394943574354453e+00
2.526312250522868119e+00
2.527854633624165626e+00
2.529500836927948360e+00
2.532725897170235552e+00
2.534838550826913117e+00
2.536183740570162826e+00
2.539958577387354755e+00
2.541492585931167891e+00
2.544755309058759796e+00
2.546864622110001530e+00
2.549608913913073316e+00
2.551481395640298189e+00
2.552154259079579823e+00
2.555320549580204048e+00
2.558840321126252704e+00
2.560309515226696586e+00
2.562614792618170600e+00
2.564405346829464083e+00
2.566828485850063846e+00
2.568874593518998051e+00
2.571815699529059085e+00
2.574028076546719390e+00
2.576102865400524689e+00
2.578091691114009709e+00
2.580382753778023730e+00
2.582225766201953210e+00
2.584752652849352295e+00
2.587251390649487170e+00
2.589355916338909491e+00
2.590563188293089514e+00
2.593881087535601093e+00
2.595716422584061878e+00
2.597360184388433524e+00
2.600211495344391111e+00
2.601611055502398795e+00
2.604364340667867150e+00
2.606203835694349991e+00
2.608242429766885362e+00
2.609933097660050549e+00
2.611382392271032415e+00
2.614481497680837485e+00
2.616434495121750192e+00
2.617977066701182576e+00
2.620932442736294110e+00
2.622885422962266677e+00
2.625004540695266009e+00
2.626552830818354778e+00
2.628350935510979092e+00
2.631467160217938694e+00
2.633470307520282994e+00
2.634769734045709466e+00
2.637751410469060698e+00
2.638675705101553248e+00
2.640750956515458103e+00
2.642773469358915328e+00
2.645399185413042087e+00
2.646326548716527505e+00
2.649103606249612941e+00
2.650784016761459583e+00
2.652716757985184248e+00
2.654678314861173227e+00
2.655487915258029741e+00
2.657881919290151274e+00
2.660612939275653233e+00
2.662371246042939621e+00
2.663965203177701468e+00
2.665754005760085921e+00
2.667875740187640066e+00
2.669760380162103264e+00
2.671756173834120229e+00
2.673646297650015935e+00
2.675781060503999331e+00
2.678318824414599675e+00
2.680492722883710766e+00
2.680467144114599964e+00
2.684181624311877457e+00
2.684733367073222521e+00
2.688017313123237884e+00
2.688807143536610766e+00
2.691364804348806761e+00
