-4.733126840190345075e-03
-5.763227357002566505e-03
-6.977225469243742914e-03
-6.880434376657814689e-03
-7.581484553014315210e-03
-8.934763622909796740e-03
-1.181423160826663120e-02
-1.297319461023787278e-02
-1.213742561466740928e-02
-1.032293796865083046e-02
-6.894305161756915899e-03
-1.135897389634287630e-02
-8.914555896919102579e-03
-2.081772345145488541e-03
-4.102237970388762298e-03
3.196670195991963091e-03
1.037044692540409034e-02
2.737780397460660292e-03
3.685943996774587467e-03
1.204710710325312267e-02
1.849614932832580744e-02
2.517147730820320367e-02
3.699204331422608488e-02
4.906808176999275656e-02
3.770694964091557411e-02
4.657355580155340263e-02
6.540064835148726163e-02
6.498048403583626953e-02
8.450488302784221750e-02
8.777250805025256508e-02
9.505626585215898317e-02
9.632738777803551145e-02
1.097798684962314614e-01
1.090435646388413782e-01
1.329672665136966969e-01
1.452625371396078502e-01
1.538728277009109024e-01
1.710258885605069890e-01
1.774555101096009779e-01
1.765431178160503101e-01
1.960795642977029851e-01
2.026506980634112942e-01
2.108105593012574441e-01
2.205055525208090006e-01
2.267541027318348001e-01
2.405019381435340442e-01
2.498713637113333663e-01
2.627143291648464940e-01
2.735914909437356379e-01
2.924304377745533534e-01
2.964090363153322749e-01
3.062103038329991866e-01
3.224286917601133506e-01
3.205506083925318550e-01
3.326606817690796469e-01
3.544951021813069203e-01
3.681747564910081150e-01
3.817133599113669562e-01
3.917561832452168824e-01
3.944771778093570380e-01
4.071835996362365151e-01
4.157233546257875778e-01
4.349639915018624348e-01
4.380287529934266400e-01
4.530229802447135468e-01
4.690851321551441910e-01
4.716331731100001923e-01
4.799750401003965994e-01
4.936416222089496930e-01
5.028616837820826246e-01
5.101937383595489539e-01
5.304163267048099817e-01
5.410115552988323806e-01
5.412935281800168585e-01
5.647014827403735726e-01
5.716449601136857073e-01
5.842141427941309750e-01
5.903466539746184960e-01
5.971036369389456366e-01
6.084089331382058763e-01
6.237018067628191664e-01
6.328621902404778510e-01
6.450916782610591760e-01
6.610144979844682078e-01
6.677290746280175604e-01
6.810918669711563123e-01
6.916801559216668727e-01
6.994375860638197828e-01
7.116726884043905743e-01
7.185326178772720729e-01
7.302760172816105122e-01
7.452218851467953264e-01
7.567957308187802656e-01
7.614614895328440936e-01
7.730236416681099954e-01
7.834890622727773701e-01
7.886937049782956066e-01
8.034480377342675395e-01
8.120186015385141287e-01
8.261301298086364264e-01
8.387200338899440943e-01
8.459680946474346097e-01
8.531755253587693932e-01
8.674339861109259253e-01
8.773672028688664914e-01
8.800411074504157494e-01
8.922995867655133528e-01
9.046921247900534535e-01
9.152724463155558210e-01
9.250833959879257717e-01
9.307612885581860729e-01
9.400194289288555938e-01
9.496480509034139761e-01
9.606771908518594305e-01
9.724813175347453154e-01
9.800085378369596256e-01
9.909394212596498441e-01
1.002649108414738643e+00
1.009691498376326324e+00
1.017947970245844047e+00
1.026115506577826242e+00
1.034076609058791396e+00
1.047611507910506390e+00
1.052816809683341681e+00
1.063564761988673002e+00
1.073925655909581112e+00
1.081711755963177923e+00
1.089086699941679282e+00
1.100227687997253456e+00
1.110795142566916693e+00
1.118450611630796176e+00
1.127231155014306374e+00
1.135194165902276620e+00
1.144237892705163073e+00
1.150798648260413559e+00
1.160567311973566440e+00
1.168876758667275473e+00
1.179650027844814097e+00
1.186082021432645295e+00
1.195653409346096652e+00
1.203157021894928125e+00
1.211372339879106530e+00
1.221252318028977824e+00
1.230843126857435355e+00
1.237596846752391899e+00
1.248433154258272282e+00
1.254692352239734410e+00
1.260358363563572004e+00
1.270502918701115203e+00
1.278013907435968433e+00
1.283219711540270369e+00
1.292058843289427106e+00
1.301690161520596467e+00
1.310755792304511003e+00
1.317147628971463424e+00
1.324490501188251956e+00
1.330387887977662054e+00
1.339088439073636394e+00
1.352536807231450755e+00
1.357837655381241682e+00
1.365325850851069944e+00
1.372928085951037991e+00
1.377687906782671279e+00
1.384692647609940819e+00
1.390248429859089585e+00
1.400781315728526266e+00
1.411808660992260434e+00
1.418390721367965623e+00
1.425652047576513315e+00
1.431767433119932154e+00
1.439622082041558837e+00
1.445875938389617810e+00
1.454972985616363790e+00
1.461515224677809144e+00
1.468826769847019875e+00
1.476607253499692352e+00
1.483114085530405690e+00
1.491664145794863394e+00
1.497994690726057510e+00
1.506235749335946839e+00
1.511046592223530327e+00
1.517027663241830915e+00
1.524855202686766331e+00
1.531842451046815157e+00
1.539079193034607496e+00
1.544935550071857788e+00
1.552497295938881194e+00
1.558072264209000801e+00
1.566278517491769939e+00
1.570201812055577406e+00
1.579295119570580885e+00
1.586880230396086944e+00
1.589991698953344468e+00
1.599157720184349873e+00
1.605438040100424457e+00
1.611003668841493930e+00
1.619266310805596687e+00
1.623176199778796347e+00
1.632867754678653194e+00
1.635725877922242333e+00
1.644816213531713256e+00
1.649699814231403439e+00
1.654122374717226895e+00
1.662246240875396852e+00
1.668760965881229019e+00
1.673918512684575255e+00
1.683576836336663884e+00
1.691879975364534605e+00
1.693740303386341628e+00
1.698745020348131352e+00
1.706649994627333466e+00
1.710729031392741684e+00
1.718764251865375181e+00
1.722927634888634429e+00
1.730018724854973211e+00
1.737559072997364007e+00
1.741434974630885923e+00
1.748184397230498011e+00
1.753987968380871898e+00
1.757295794206341411e+00
1.763642724655502647e+00
1.770046659991511451e+00
1.775203841790476522e+00
1.780066597912572712e+00
1.785031924821201654e+00
1.790309371936802174e+00
1.795771655765400432e+00
1.802830889492851085e+00
1.809517943472339185e+00
1.816083038125289706e+00
1.820866419961553184e+00
1.825248123073186512e+00
1.831435330281306006e+00
1.836100583307703094e+00
1.842026313557759476e+00
1.847563581745818473e+00
1.851635152644830029e+00
1.857906989325180502e+00
1.864378798975285356e+00
1.869852816088065861e+00
1.872089068416765256e+00
1.878859217638608081e+00
1.886537214701062171e+00
1.887941004650603327e+00
1.892091458322699093e+00
1.898331768001861430e+00
1.904191772433886598e+00
1.909713137046601839e+00
1.913851165527874931e+00
1.920113040843068219e+00
1.924808242731471219e+00
1.929791667630951002e+00
1.934240475080474031e+00
1.939015845349311595e+00
1.942409275559855875e+00
1.950735509006277457e+00
1.953049969527111962e+00
1.959531661105474720e+00
1.961320734861031534e+00
1.967186263969417981e+00
1.972458307367980668e+00
1.977387531888425309e+00
1.982454526035237974e+00
1.988101758675453024e+00
1.989248228722053202e+00
1.994156552097371415e+00
2.002471215541376637e+00
2.005392584284334312e+00
2.008830100829520404e+00
2.014235882887748019e+00
2.019429746690290184e+00
2.024086210849858070e+00
2.028666232948198367e+00
2.031897742636989967e+00
2.036554589987882302e+00
2.042893645297640060e+00
2.047221082159428107e+00
2.049965460695500230e+00
2.054155273203411181e+00
2.059230694273228579e+00
2.064978017656708076e+00
2.067729037251716306e+00
2.071563360846906843e+00
2.076550169597618289e+00
2.081697953816452618e+00
2.085535773757889899e+00
2.089014666070586834e+00
2.093402498286922153e+00
2.097575329244796283e+00
2.101672631500636435e+00
2.104296804145205257e+00
2.109845041562886880e+00
2.115129301151218222e+00
2.117814079307047237e+00
2.120871360329557032e+00
2.125501096871136308e+00
2.129750442490749407e+00
2.134706410054487691e+00
2.138337465610054000e+00
2.140145107070514197e+00
2.147140374082897374e+00
2.150670176042342785e+00
2.152865564759696149e+00
2.157503788765863018e+00
2.160773164110487699e+00
2.165270882175582834e+00
2.169198721805876584e+00
2.173868373472496174e+00
2.175852219678739097e+00
2.181158289472138190e+00
2.185348414420743790e+00
2.188646580636119054e+00
2.192277198664575266e+00
2.196239728756325782e+00
2.199671811844518654e+00
2.203287579410077246e+00
2.207121836352391675e+00
2.211914024110590127e+00
2.214156177518734836e+00
2.217897693083885180e+00
2.221249691279076455e+00
2.225486557204681137e+00
2.229846815181208974e+00
2.232902577526882926e+00
2.235657570598138300e+00
2.240139777087480688e+00
2.243102037308969621e+00
2.247112145444717157e+00
2.250908297484817133e+00
2.253691221740349970e+00
2.257186282090657858e+00
2.260084371764673250e+00
2.263513166964910450e+00
2.267751736067268986e+00
2.269975575525072120e+00
2.274480884360007948e+00
2.277984017078184653e+00
2.281466547552511326e+00
2.284486085189479709e+00
2.286433306913387753e+00
2.290712604475935166e+00
2.295159460924852013e+00
2.297327786675188221e+00
2.300210800150619850e+00
2.304607600032826831e+00
2.307338207588452317e+00
2.309587249609826642e+00
2.314085348964134425e+00
2.317606237908973021e+00
2.319524649865013721e+00
2.323279184828723309e+00
2.326768855563408511e+00
2.330299383115523426e+00
2.334430169800485455e+00
2.336979925740365616e+00
2.339915804366851759e+00
2.342634897288384810e+00
2.344323352249922277e+00
2.347629676385892150e+00
2.351102282676023947e+00
2.355647112271891164e+00
2.357105844425260610e+00
2.359867822274289928e+00
2.364697498491279415e+00
2.367644263052556042e+00
2.370768837888492797e+00
2.373724732748957233e+00
2.374822773174154911e+00
2.379207445966498469e+00
2.381284701166235696e+00
2.383584850781676590e+00
2.387839433802620093e+00
2.390823228713949256e+00
2.393357875535369939e+00
2.397053518086484925e+00
2.399255355259704903e+00
2.402488219242287837e+00
2.405792109927514133e+00
2.409038236389462018e+00
2.410994401636433526e+00
2.413673512705019952e+00
2.417170210818099463e+00
2.420057834928417417e+00
2.422353497397717881e+00
2.424124013937449362e+00
2.428092895877858926e+00
2.431164644300097155e+00
2.433794007253516689e+00
2.437378864847467241e+00
2.439202857422504422e+00
2.441352263724356764e+00
2.442981741453330358e+00
2.445828582372047588e+00
2.449357545460220553e+00
2.451467899594381272e+00
2.454713419644575012e+00
2.456960777358335957e+00
2.460110671036710439e+00
2.462915272410642231e+00
2.465747923317488599e+00
2.468635719584983512e+00
2.470659722877824205e+00
2.472619451206972130e+00
2.475356767761238697e+00
2.478027760637001808e+00
2.480822088705374018e+00
2.484933822079021137e+00
2.486821421465099213e+00
2.489366249613620852e+00
2.492243931018818692e+00
2.494982441043275490e+00
2.496232985163302942e+00
2.498089410939900112e+00
2.500937146837899139e+00
2.504576555809509220e+00
2.506104478827458681e+00
2.508344190385935146e+00
2.511881699930337941e+00
2.515593000036274063e+00
2.517678831808982665e+00
2.519365144142077906e+00
2.522925156196497820e+00
2.523695784252463437e+00
2.526360767662739093e+00
2.528694874950219162e+00
2.531854687133831661e+00
2.533697585928397444e+00
2.536062533915599548e+00
2.538428960615013885e+00
2.541054757548331100e+00
2.542234258947820180e+00
2.544782429680375824e+00
2.548402251311072675e+00
2.550391430209968835e+00
2.551983849998747278e+00
2.555052251307934785e+00
2.557232591919843312e+00
2.558375011245122455e+00
2.562151873378410105e+00
2.563906757635820099e+00
2.566689846554512044e+00
2.568499493943836587e+00
2.571522380753056058e+00
2.573614881109472119e+00
2.574535802699255527e+00
2.577551916190291781e+00
2.580611221460283655e+00
2.581936542872011131e+00
2.584632048293715290e+00
2.586615024690097631e+00
2.588700504420829329e+00
2.590991125408134810e+00
2.593275770200760277e+00
2.595981912397772096e+00
2.597803749657281003e+00
2.600142523042886733e+00
2.602414094137599054e+00
2.604263850603689257e+00
2.606001847116625747e+00
2.608430090751272967e+00
2.610858109851000641e+00
2.612601984090060725e+00
2.615240873185490589e+00
2.617720019763587924e+00
2.619198999221494795e+00
2.622250122063655375e+00
2.623586348395999135e+00
2.625868634478629282e+00
2.627764209353868896e+00
2.629970962544562862e+00
2.631746116341981523e+00
2.633386807130063012e+00
2.635934750825062345e+00
2.637956562493612989e+00
2.639583971349346747e+00
2.642162912211480919e+00
2.644469357631468842e+00
2.646740424760182009e+00
2.647873378966553393e+00
2.649365345810767991e+00
2.653219815366016476e+00
2.655143757450060704e+00
2.656310051061864019e+00
2.659665970049646777e+00
2.660691893770491312e+00
2.661939774703061978e+00
2.663770313198217110e+00
2.666651894010371837e+00
2.667500142953772357e+00
2.670579524262664872e+00
2.672191295760176111e+00
2.673642970699809052e+00
2.675701602244916266e+00
2.677000707090898324e+00
2.679226085612819830e+00
2.682049053851420783e+00
2.683484168021958105e+00
2.685397952177163372e+00
2.686855261263191075e+00
2.689521666618873486e+00
2.691128366778928971e+00
2.692921431606723370e+00
2.694798997948517183e+00
2.696953433706016146e+00
2.699532563300202526e+00
2.701425252942724065e+00
2.701860217949541010e+00
2.704923367901942655e+00
2.705505281566150000e+00
2.708781338888850865e+00
2.709813226028547017e+00
2.712465543948612279e+00
