-4.666668771983252181e-03
-6.656540717827456183e-03
-8.314342845346902461e-03
-9.443142627616377127e-03
-1.224155215189756327e-02
-1.466695312144083302e-02
-1.966808801682353933e-02
-2.158438747540650585e-02
-1.999330876960984937e-02
-1.695812411042219026e-02
-1.154461215690617132e-02
-1.827880368848830775e-02
-1.473638786965685010e-02
-4.883307572963044990e-03
-7.708543952623101055e-03
2.265713659369758375e-03
1.265867491712650839e-02
3.279265899690235898e-03
5.220654630177616606e-03
1.694611062432119578e-02
2.698034617880040731e-02
3.583683582766901410e-02
5.357133028560703142e-02
6.770542436983874313e-02
5.428358481547666120e-02
6.709542871437412792e-02
9.097243568789471768e-02
9.447512797312773714e-02
1.194277264857647597e-01
1.220823181063352136e-01
1.331787813559259237e-01
1.402196849984328197e-01
1.577643593605306260e-01
1.573785063658767192e-01
1.837374830561052663e-01
2.018948220334581545e-01
2.177708643821261725e-01
2.365104970099678183e-01
2.439906483494972689e-01
2.461471425412487812e-01
2.683751085083855292e-01
2.785741681242072665e-01
2.918602147746843789e-01
3.045081879111005696e-01
3.151523822836262423e-01
3.372815446149141638e-01
3.544535084115027490e-01
3.648638331982536620e-01
3.754796202413758222e-01
4.008711427380482473e-01
4.073053797698560907e-01
4.164275821547739342e-01
4.377933894592329067e-01
4.385361491396100875e-01
4.571610056729148996e-01
4.799539536055537625e-01
4.972306487260844676e-01
5.136807751944737488e-01
5.269730459451069660e-01
5.358532725697966459e-01
5.497846887683792705e-01
5.624069450627668942e-01
5.814249666174139408e-01
5.913744933022158090e-01
6.070964091869713863e-01
6.214847156282431451e-01
6.330777198972191711e-01
6.489536905587551807e-01
6.609883052736662545e-01
6.733862507246911600e-01
6.801392140747960502e-01
7.050021931238813488e-01
7.201447169345027710e-01
7.204255158196469777e-01
7.463081295923799097e-01
7.557029389463120195e-01
7.689518172112821404e-01
7.805752189259657081e-01
7.942168874369918141e-01
8.023560532172639981e-01
8.191696348921658766e-01
8.327974866889931160e-01
8.420399939395566413e-01
8.597487627182073266e-01
8.731346472806678083e-01
8.895780489969260518e-01
9.020143564546516668e-01
9.132259092998027405e-01
9.261093430095076462e-01
9.357433955213978471e-01
9.507664986180657252e-01
9.651376001209146516e-01
9.752718344649324855e-01
9.846415735643277989e-01
9.993054438168722520e-01
1.007636138399511161e+00
1.019728356670725145e+00
1.033165123713716049e+00
1.040418939909159679e+00
1.058384298081893382e+00
1.076440992690922638e+00
1.083400762951727048e+00
1.097259848786781511e+00
1.104900360053027164e+00
1.117423363082266086e+00
1.123733249876415208e+00
1.137376246978393457e+00
1.151207431984871743e+00
1.165660390089004128e+00
1.178543595636131869e+00
1.182821735399181007e+00
1.193829838266428522e+00
1.203826954357381185e+00
1.216566806829203706e+00
1.224099942458713786e+00
1.235602356154211101e+00
1.252308589474345757e+00
1.260792765544550997e+00
1.269165689463814362e+00
1.279630466414237722e+00
1.290741496043709136e+00
1.299014055194916750e+00
1.317918222185552768e+00
1.323540382051572761e+00
1.329907211246143195e+00
1.341435748572729958e+00
1.349673211806856177e+00
1.361311722140295721e+00
1.374354391158427946e+00
1.381798029731145627e+00
1.393213983259777855e+00
1.403932394207800582e+00
1.408942819432721150e+00
1.420970479194314073e+00
1.429751604624856620e+00
1.442639986911534500e+00
1.450649451025342929e+00
1.459663243059043714e+00
1.469802107581708039e+00
1.476799127216716245e+00
1.486319185286996580e+00
1.496195791555364307e+00
1.505605815198655328e+00
1.517019958700539295e+00
1.522714174034149437e+00
1.532691049768949654e+00
1.540961402243979483e+00
1.547606274807076243e+00
1.555058712447422442e+00
1.567195524480647251e+00
1.575288851545772584e+00
1.582737187257656553e+00
1.594390864998586288e+00
1.601795438131594196e+00
1.609241954600090674e+00
1.618650104516213384e+00
1.626373795145599210e+00
1.634253209766655779e+00
1.642719452491381071e+00
1.651464986058821971e+00
1.660687172170229875e+00
1.668338017756043401e+00
1.674054929544311454e+00
1.681703322661936895e+00
1.689029091868289534e+00
1.696799016814759309e+00
1.706042921822989111e+00
1.715935736342363738e+00
1.724990356773989264e+00
1.731008436253395733e+00
1.736775320522337518e+00
1.744388321919311924e+00
1.752393043463933209e+00
1.759446591605842158e+00
1.766613194711323054e+00
1.774615743340343332e+00
1.780810614216386867e+00
1.788482628985202716e+00
1.797264737608464058e+00
1.805517913166115651e+00
1.810467675051084413e+00
1.818136016454770409e+00
1.824369493045807866e+00
1.832209375385900785e+00
1.838195406998074155e+00
1.845807424610294234e+00
1.851708646064600616e+00
1.860472442619635070e+00
1.867070183212146350e+00
1.873655011209480081e+00
1.881224095393214668e+00
1.887153297610461689e+00
1.893579735367381778e+00
1.902244586009895766e+00
1.906834105560907044e+00
1.913519829095874369e+00
1.920241388106856517e+00
1.926307043160602417e+00
1.931983172660788561e+00
1.939153860000213392e+00
1.945374715225467899e+00
1.951835910249869910e+00
1.957155030315232747e+00
1.964373355837495838e+00
1.969991219300201823e+00
1.977713543660096551e+00
1.982669556507973496e+00
1.991345519604249992e+00
1.997564215419249889e+00
2.002633191551598024e+00
2.007160402361261919e+00
2.012359602541055281e+00
2.019570795731297608e+00
2.025245657359716844e+00
2.030831786241642956e+00
2.036249890498152304e+00
2.043308797660495557e+00
2.049594402956348205e+00
2.054000968036961527e+00
2.059398565224602073e+00
2.064480752554441079e+00
2.071784385514885418e+00
2.077652705739471806e+00
2.081276267092854848e+00
2.088156949307433230e+00
2.094448707737760262e+00
2.097778613194477781e+00
2.103557857535436781e+00
2.109023793512802225e+00
2.113783858920346148e+00
2.120002027634637187e+00
2.125259426151531628e+00
2.129710910960836312e+00
2.136455796507267024e+00
2.141714699187377668e+00
2.146567199768515621e+00
2.149832638294351561e+00
2.155593048396808431e+00
2.161990329832145896e+00
2.166020888253461951e+00
2.170048299592875374e+00
2.174499243061499332e+00
2.180954104749978750e+00
2.187282312582686572e+00
2.190708964960510929e+00
2.195569812811973165e+00
2.201383871677612181e+00
2.205143325346034633e+00
2.210398915707577405e+00
2.214980587122018285e+00
2.220248909568362183e+00
2.225714743642628779e+00
2.230787669847108301e+00
2.234470209228901716e+00
2.238537574043016676e+00
2.242821739548038984e+00
2.247649492062675058e+00
2.251949387456041229e+00
2.256996651816967958e+00
2.262549782910067364e+00
2.267411765559187664e+00
2.271458049612414598e+00
2.275460673584250415e+00
2.280252351812137590e+00
2.283535721046432432e+00
2.287855225728655739e+00
2.293239091756038128e+00
2.296924591634468715e+00
2.302086182980385587e+00
2.306500764477807053e+00
2.309981416106811736e+00
2.313885349882664144e+00
2.318550507095783697e+00
2.323383571262680469e+00
2.327626868413338546e+00
2.332146998369195590e+00
2.336007836910242830e+00
2.339897464356527124e+00
2.344531795564478660e+00
2.347347036724568792e+00
2.351468438188003329e+00
2.355791314463727470e+00
2.359568310025547788e+00
2.363492329843559947e+00
2.367667793961638623e+00
2.372218876366352092e+00
2.376616950434230269e+00
2.380444538540041677e+00
2.384439005943669976e+00
2.387884255929721533e+00
2.391503369063264106e+00
2.395269574081517305e+00
2.399442173973430847e+00
2.402918576741406742e+00
2.407234880077604000e+00
2.411220708033786853e+00
2.414474647413779707e+00
2.418330986795568460e+00
2.421798949039977167e+00
2.425172202692991164e+00
2.430421791334793635e+00
2.433420849506529926e+00
2.436080093798925539e+00
2.440920008836786614e+00
2.445168542077155394e+00
2.448325861008681770e+00
2.451989795389260873e+00
2.455280573685326040e+00
2.458713525963319935e+00
2.462753634426659843e+00
2.466352821511324400e+00
2.469528190559152403e+00
2.472999063902066919e+00
2.476089946683686982e+00
2.479442502205626120e+00
2.482690287298195742e+00
2.486573090633115601e+00
2.489823216132089012e+00
2.493034343727637214e+00
2.496318714121672500e+00
2.499594224835758993e+00
2.503115194245197461e+00
2.506942764213049291e+00
2.510512459508630556e+00
2.513719168095136514e+00
2.516874779367030968e+00
2.520670170598602766e+00
2.523772034094104999e+00
2.526436854100498230e+00
2.529316482014343226e+00
2.532844337949400781e+00
2.536480114591610935e+00
2.540040997937153211e+00
2.542533651311732257e+00
2.545158309286696952e+00
2.548365378541341375e+00
2.552238555996078073e+00
2.555543975365704767e+00
2.558075606206389185e+00
2.561570246262087291e+00
2.564718344368424052e+00
2.567801438564121685e+00
2.570200702866109133e+00
2.573252718459258404e+00
2.576430969755282963e+00
2.579430092339027869e+00
2.582192557570522684e+00
2.585177741730597223e+00
2.588136686027112443e+00
2.591548410881212572e+00
2.593741602512963595e+00
2.596310197540196540e+00
2.599843960752432181e+00
2.603017007791132542e+00
2.606080123051019548e+00
2.609347038360810611e+00
2.612506779049341699e+00
2.614862621797038766e+00
2.616970685823525322e+00
2.619522306890798458e+00
2.623047140088099027e+00
2.625854761850478614e+00
2.628701514961345076e+00
2.631439213992976534e+00
2.634216836496322767e+00
2.636888556388094162e+00
2.639675626688420707e+00
2.642268522450874180e+00
2.644789971910261883e+00
2.647771796278586276e+00
2.650771196374603456e+00
2.653126825704476222e+00
2.655510448614029073e+00
2.658631241683936608e+00
2.661584431231959424e+00
2.663924618663175092e+00
2.666226837547907458e+00
2.668806541014294709e+00
2.671526017922314367e+00
2.674051336687617297e+00
2.677070409876776136e+00
2.680333793823502120e+00
2.682666355394045965e+00
2.684820230229900684e+00
2.687534153321902153e+00
2.690589547368690937e+00
2.692753013058728939e+00
2.694894680313529634e+00
2.697542801781254607e+00
2.700370288222935233e+00
2.702743947997402252e+00
2.704839408673030299e+00
2.707297609856137210e+00
2.709987000955312642e+00
2.712488166738942663e+00
2.715253728236892261e+00
2.717428870514966732e+00
2.719422967732453067e+00
2.722092600254903072e+00
2.724414321687248286e+00
2.727214856972612456e+00
2.729505966851780485e+00
2.731543172018144006e+00
2.733725411790915327e+00
2.736119170690607838e+00
2.738556058470117627e+00
2.741298482030360528e+00
2.743807156602707131e+00
2.746347382085887023e+00
2.748772412147209465e+00
2.750800323724131857e+00
2.752974076131920356e+00
2.754927090290482994e+00
2.757374908308050987e+00
2.760376372958873947e+00
2.762542514591956877e+00
2.764992810509960375e+00
2.767186831575760841e+00
2.769147438167814723e+00
2.771519393051943503e+00
2.773916648594779044e+00
2.776198176495658476e+00
2.778438871348617667e+00
2.780817268283438004e+00
2.782821133424283833e+00
2.784981545903684630e+00
2.787072440960855157e+00
2.789090160936037677e+00
2.791526774749864881e+00
2.793912737570843241e+00
2.795932647007847827e+00
2.797961516471990429e+00
2.800171200271952543e+00
2.802449408583660873e+00
2.804611063299883522e+00
2.806646514516211166e+00
2.808854733551171989e+00
2.810792513143967941e+00
2.812566367842184167e+00
2.814719343497521731e+00
2.817143560826047999e+00
2.819244857414762606e+00
2.821242756891286341e+00
2.823447605937650096e+00
2.825434941898108843e+00
2.827563512878366492e+00
2.829688933091768277e+00
2.831464391300620331e+00
2.833704907777012671e+00
2.835575791914189292e+00
2.837836387172291808e+00
2.839786842633011510e+00
2.841732042405439529e+00
2.843971455609641374e+00
2.845962649916020659e+00
2.848316600329926729e+00
2.850265350101387707e+00
2.851885726777153796e+00
2.853869841483055225e+00
2.855460669128271345e+00
2.857451058039422342e+00
2.859684203778023903e+00
2.861585215314022879e+00
2.863494370650651710e+00
2.865317464904197919e+00
2.867438514632509428e+00
2.869680225707258892e+00
2.871479794871314439e+00
2.873116292148641726e+00
2.875279688800485012e+00
2.877240007291324009e+00
2.879104644982096506e+00
2.880620620665669041e+00
2.882484310839485531e+00
2.884579850617959629e+00
2.886697176698681755e+00
2.888742844405825849e+00
2.890499136965028804e+00
2.892357491464443431e+00
2.893982367342218698e+00
2.895726262784376726e+00
2.897595759664574278e+00
2.899566249737124402e+00
2.901462706686178894e+00
2.903340409741439476e+00
2.905078606421828358e+00
2.906763470758832568e+00
2.908333834232661452e+00
2.910157629955314018e+00
2.912271293702770159e+00
2.914082925745319130e+00
2.915857646432836070e+00
2.917618608375077027e+00
2.919423468109852315e+00
2.921254868366303103e+00
2.923208895419154629e+00
2.924924896147235387e+00
2.926654834335884470e+00
2.928333372187977179e+00
2.930150011759346196e+00
2.931817181053139709e+00
2.933591051805159555e+00
2.935305649566259500e+00
2.937138490625307963e+00
2.939041358962732442e+00
2.940739943374327758e+00
2.942269766997459790e+00
2.943974265313418215e+00
2.945646354680919732e+00
2.947348260813251297e+00
2.948933851037372822e+00
2.950712058642886770e+00
