-4.632965879734768713e-03
-6.292453266078181992e-03
-7.755786190356618245e-03
-8.425712706467495747e-03
-1.041129467108221039e-02
-1.240753140284561219e-02
-1.658667021474208650e-02
-1.817028501435233312e-02
-1.692887345444616179e-02
-1.438004540498091961e-02
-9.784838216227645727e-03
-1.552443121120143654e-02
-1.247367330469307395e-02
-3.820046736797850281e-03
-6.269215449667620704e-03
2.647271574154958038e-03
1.177454685168266742e-02
2.988837443684009068e-03
4.629601747799753225e-03
1.511297883315095188e-02
2.368809705392655243e-02
3.189698271244799377e-02
4.729368191442258340e-02
6.075304006680393859e-02
4.794572246788282588e-02
5.941089805454113915e-02
8.146570348691638264e-02
8.339786288060054009e-02
1.064195694553728283e-01
1.091122577566389779e-01
1.188602579258657282e-01
1.236075273243771588e-01
1.397805363945859580e-01
1.393190951022350577e-01
1.652513896057838105e-01
1.812589977274917663e-01
1.943154309806326974e-01
2.126750400635615823e-01
2.195512417931564653e-01
2.201481938111906067e-01
2.416277153874656081e-01
2.503663063631582086e-01
2.618651185698429029e-01
2.737453554354601915e-01
2.832481815537860603e-01
3.021052841516621013e-01
3.164445899064997070e-01
3.276500271669876563e-01
3.381326466160723965e-01
3.611880275805750551e-01
3.664645593261727785e-01
3.758408481562953707e-01
3.954873264153544454e-01
3.953793720897339492e-01
4.119683840268424380e-01
4.349108521614922784e-01
4.508441199306262304e-01
4.665364331059132508e-01
4.783772827138148553e-01
4.847679842781592030e-01
4.982875020446732028e-01
5.089947989641206982e-01
5.287096212997620670e-01
5.352868828878524221e-01
5.516329459740191288e-01
5.669505901906439771e-01
5.750507904599966302e-01
5.885040484742276590e-01
6.018145012735871546e-01
6.123687028023093726e-01
6.195384802032777305e-01
6.425054015396589602e-01
6.555697953906302056e-01
6.561673022108194253e-01
6.812911234590854903e-01
6.898973151360781042e-01
7.032420402722139308e-01
7.129015069028886709e-01
7.239539911846946119e-01
7.333584027670785321e-01
7.492948876899313548e-01
7.615490783377250050e-01
7.719588320628425482e-01
7.892915557582276254e-01
8.003190609136909828e-01
8.157837577680673302e-01
8.272845619209334700e-01
8.372046244390967118e-01
8.494465218641148452e-01
8.584614049867086427e-01
8.726264386071828083e-01
8.875635966138779587e-01
8.986759837209591373e-01
9.059018529884209636e-01
9.191832845285620168e-01
9.275808981431994393e-01
9.383369492706020720e-01
9.518415012939145381e-01
9.597182265876950114e-01
9.768065182318181883e-01
9.942411793847260038e-01
1.000167248403047271e+00
1.011987074335584991e+00
1.021498428292129113e+00
1.033949219658601093e+00
1.037737756278523049e+00
1.051041803617329462e+00
1.065606960360246935e+00
1.078518553819403980e+00
1.090224869948822839e+00
1.094226530584933466e+00
1.104943931527208933e+00
1.115005337740395008e+00
1.127599469776283225e+00
1.135672879379449496e+00
1.146819538201635513e+00
1.161901629934691593e+00
1.170583613352182528e+00
1.179346701423909183e+00
1.188549021303966891e+00
1.198129965987858370e+00
1.207092817619531244e+00
1.225495076228994451e+00
1.229796073597429817e+00
1.238181822151065870e+00
1.249268760214311769e+00
1.256865859130131602e+00
1.268031317679513048e+00
1.279628637548584136e+00
1.287502231302961153e+00
1.299009914358127071e+00
1.309038704499010608e+00
1.313685327889098753e+00
1.325679399775053557e+00
1.333804367773978372e+00
1.345916190123969125e+00
1.353601143626556036e+00
1.363279777439097895e+00
1.372798966219020533e+00
1.380520916828845701e+00
1.388911895321193191e+00
1.398775664597406765e+00
1.408244263448997557e+00
1.419521023909647628e+00
1.425159865306807161e+00
1.435063288047455865e+00
1.443021187440565178e+00
1.449755516342341899e+00
1.457861525311017425e+00
1.467765060477021377e+00
1.475411126705528098e+00
1.483722287379965143e+00
1.495234411776856787e+00
1.502466464658224421e+00
1.509609191805017847e+00
1.518537038227700364e+00
1.525909576216132546e+00
1.533952525858678584e+00
1.543291812703539323e+00
1.551465383725323166e+00
1.560340705785386861e+00
1.568091103425958588e+00
1.573369051293884935e+00
1.580729550074893019e+00
1.587386774829902869e+00
1.595938963665232357e+00
1.605831204632741649e+00
1.614693473678324276e+00
1.623438079385840949e+00
1.629396525645661287e+00
1.635651973404308901e+00
1.643056748706062331e+00
1.651105879270529542e+00
1.658667899556762082e+00
1.665692134282279246e+00
1.673599192981046979e+00
1.679614948838286326e+00
1.687460180438437485e+00
1.696134902848960735e+00
1.703705099352771368e+00
1.709344395761680735e+00
1.716094494339178489e+00
1.723017352313424899e+00
1.731070227194668076e+00
1.737150749909767145e+00
1.743750790103189230e+00
1.750936102461264410e+00
1.758353583005035192e+00
1.765236829433979526e+00
1.770500683382839391e+00
1.779216832565433615e+00
1.785746494081684732e+00
1.791651398504271020e+00
1.800417472692245724e+00
1.806010320796829438e+00
1.811221116146806809e+00
1.818661465765151419e+00
1.824355888161297790e+00
1.830608665292605242e+00
1.835809399406225895e+00
1.843447907097240934e+00
1.850552856485230047e+00
1.855177350122104940e+00
1.862582018031164299e+00
1.868302757072267672e+00
1.875482437007329084e+00
1.881422555581343303e+00
1.890165585785024360e+00
1.895251542209013484e+00
1.900546452315153401e+00
1.904816115465389093e+00
1.910720865604918162e+00
1.918168926920562178e+00
1.923320437151124995e+00
1.928813731888743055e+00
1.935016438301622621e+00
1.941229518282992839e+00
1.947239252365466244e+00
1.952907819789955868e+00
1.957322552462975151e+00
1.962250276125044213e+00
1.969417441509938804e+00
1.975399305795049631e+00
1.978974813808125344e+00
1.985588522162076375e+00
1.992013356632683418e+00
1.994523272367779931e+00
2.001281786854830713e+00
2.007609376043567817e+00
2.012556711834035283e+00
2.018486051973680695e+00
2.023370693494726424e+00
2.028467401803214720e+00
2.034289488777202504e+00
2.039750744620023593e+00
2.044997512549054264e+00
2.048258971325094713e+00
2.053917769835525320e+00
2.060713642322843597e+00
2.065614289154036332e+00
2.069078367537951824e+00
2.073920791195938307e+00
2.080991755835360557e+00
2.085321407097813662e+00
2.089808775451357015e+00
2.095267318609066898e+00
2.100482024300637907e+00
2.103748922131710053e+00
2.109668848753715409e+00
2.114583752995469190e+00
2.119516075670628830e+00
2.124862251704942473e+00
2.129804087254620892e+00
2.133647466583578733e+00
2.138053522957815478e+00
2.143189201772766506e+00
2.148055514556574064e+00
2.152277770436560989e+00
2.156832140780821305e+00
2.162388896912583292e+00
2.166509115190798251e+00
2.170686043158830181e+00
2.175933567021419268e+00
2.180800139060896647e+00
2.183846718775983131e+00
2.188146501802798571e+00
2.193971202644837248e+00
2.197464182750146655e+00
2.202421486348592250e+00
2.206768937740102299e+00
2.210430484535826690e+00
2.215214698063777909e+00
2.219551212280878261e+00
2.224158897647210864e+00
2.228766920778676219e+00
2.232816324881145231e+00
2.236813108357120328e+00
2.241177095436914790e+00
2.245590323094484475e+00
2.248557169174786985e+00
2.253067547613374799e+00
2.257353273563477369e+00
2.260723756810798957e+00
2.265570553251194053e+00
2.269587878588224417e+00
2.273603408296149819e+00
2.278044158799834573e+00
2.282210470132718161e+00
2.285719951093004187e+00
2.289411601981334421e+00
2.293308014104377346e+00
2.297476059116010383e+00
2.301687208822086550e+00
2.305226772229501897e+00
2.309328526395148184e+00
2.313193303264294620e+00
2.316876471268511928e+00
2.320725114265999256e+00
2.323914697874149393e+00
2.327523637897325415e+00
2.332808051231275659e+00
2.335991623072429579e+00
2.338453625486016652e+00
2.343724355818470606e+00
2.347582837789859767e+00
2.350993192122356579e+00
2.354472055742922620e+00
2.357826273259339356e+00
2.361732569158695672e+00
2.365231498894039053e+00
2.368584068167301826e+00
2.372180402650996278e+00
2.376013414219096287e+00
2.379205392609805791e+00
2.382130595257851979e+00
2.385965103690925737e+00
2.389670979555350794e+00
2.393175180293481308e+00
2.396405918158832193e+00
2.399676955026026626e+00
2.403186403296086127e+00
2.406813828524254184e+00
2.410399455174486505e+00
2.413754179904105790e+00
2.416873522709414690e+00
2.420205497610912637e+00
2.423696273752585117e+00
2.427019511767735782e+00
2.430214374748908668e+00
2.433435720492282073e+00
2.436727677534223702e+00
2.440048272860985801e+00
2.443423018279208048e+00
2.446686317954561485e+00
2.449478769475823547e+00
2.452871970459322704e+00
2.456230874540537013e+00
2.459567203237678967e+00
2.462496650104844864e+00
2.465504239246774532e+00
2.469196687987027516e+00
2.471969713832403936e+00
2.474311074535842980e+00
2.477388599411787684e+00
2.481034438042899026e+00
2.484127058661798948e+00
2.486674738245283844e+00
2.489579322725251842e+00
2.493091627803116772e+00
2.495959460213136083e+00
2.498727815859942858e+00
2.501397791487445676e+00
2.504481424521862287e+00
2.507895948352335314e+00
2.510924136571294873e+00
2.514236566662299666e+00
2.517640498130734095e+00
2.519920783340923176e+00
2.522009290790980351e+00
2.524987698942924741e+00
2.528416233679866121e+00
2.530702808071695564e+00
2.533495478533431378e+00
2.536826204126271911e+00
2.539958721576499379e+00
2.542495120816330889e+00
2.544951272543765519e+00
2.547772662887786144e+00
2.550315175820159652e+00
2.553411167423325523e+00
2.556275563170146814e+00
2.558738900434168073e+00
2.561085879899843043e+00
2.564229803989785506e+00
2.567571770774137452e+00
2.569745795011688649e+00
2.572193180587650563e+00
2.574917099104059748e+00
2.577741280539448621e+00
2.580293393601447161e+00
2.582906420973916539e+00
2.585929248793355395e+00
2.588803587221416347e+00
2.590903894027280163e+00
2.593836570820221343e+00
2.596899262606714665e+00
2.599286987002678906e+00
2.601360759139434542e+00
2.603981400419586034e+00
2.606745547415194597e+00
2.609347982296560620e+00
2.611358840374374601e+00
2.613794921291901829e+00
2.616252286377431346e+00
2.619169735973644553e+00
2.621814014672499304e+00
2.623747796828016732e+00
2.625901534031671147e+00
2.628643366535420078e+00
2.631244218460673245e+00
2.633752496838358326e+00
2.636154942067469253e+00
2.638408258337617163e+00
2.640889215250014743e+00
2.643365667930736240e+00
2.645759585006005832e+00
2.647913998468549579e+00
2.650293598358442804e+00
2.653304055968470188e+00
2.655813917261121038e+00
2.658083758842861855e+00
2.659975235523446724e+00
2.662048317244872564e+00
2.664482221532545658e+00
2.666991610182908534e+00
2.669816140872561139e+00
2.671850310444281007e+00
2.674081571681570235e+00
2.676748126887524837e+00
2.678863760060528065e+00
2.681075840017834722e+00
2.683215353294081673e+00
2.685457307888996947e+00
2.687892436136932517e+00
2.690043001215567386e+00
2.692095132603144148e+00
2.694211506242840670e+00
2.696164861329712004e+00
2.698491352871688065e+00
2.700851827057662913e+00
2.703062985090071368e+00
2.705334243712152364e+00
2.707415391737153065e+00
2.709493991643587840e+00
2.711639722762864579e+00
2.713850706450656514e+00
2.715883007000353011e+00
2.717987155137626676e+00
2.720100612597480705e+00
2.722465381861626010e+00
2.724650688736122817e+00
2.726839271563653799e+00
2.728795516198869286e+00
2.731013859409738842e+00
2.732951567536137549e+00
2.735000570239622508e+00
2.737235952203199041e+00
2.739174712881816909e+00
2.741363946038904764e+00
2.743288948265480975e+00
2.745378897589607181e+00
2.747320461494829669e+00
2.749041666970869713e+00
2.751137821970901509e+00
2.753694751519270678e+00
2.755869744305114555e+00
2.757803333217282660e+00
2.759720953191766579e+00
2.761235399655149081e+00
2.763377760893237500e+00
2.765254345089504184e+00
2.767359288591739741e+00
2.769634265491681013e+00
2.771710361067418749e+00
2.773240687120148706e+00
2.775158353798748312e+00
2.777163259730497380e+00
2.779205237097041259e+00
2.781154127484113392e+00
2.782926614383911978e+00
2.784773246139496727e+00
2.786642329358053338e+00
2.788236993529761953e+00
2.790191567212760404e+00
2.792326509381447330e+00
2.794264268684129249e+00
2.796406489103774096e+00
2.798317328738315624e+00
2.800009385990796851e+00
2.801975549899836881e+00
2.803612788307227266e+00
2.805397858837512359e+00
2.807075265788525176e+00
2.809115068195382037e+00
2.811365770682052734e+00
2.813046722073236694e+00
2.814762450507785729e+00
2.816330921077838667e+00
2.818372986292704940e+00
2.820124148859953994e+00
2.821934714422477342e+00
2.823630328691517200e+00
2.825419845561831789e+00
2.827381822371212383e+00
2.829257489990073537e+00
2.831000626031271228e+00
2.832811329631070851e+00
2.834404070339081816e+00
2.836295909233140122e+00
2.837820280509299131e+00
2.839606557402396980e+00
2.841426582170107462e+00
2.843266660017198966e+00
2.845153860705674997e+00
2.846922274409554365e+00
2.848563958616342706e+00
2.850260268112157380e+00
2.851828652497559791e+00
2.853463391862155696e+00
2.855109137121008889e+00
2.856869204200333634e+00
2.858293267546129446e+00
