-4.599496047174275563e-03
-5.881905165369354267e-03
-7.136163389477601267e-03
-7.292223774190833424e-03
-8.378455139872332397e-03
-9.898376697816718001e-03
-1.315648423253399160e-02
-1.436990305404967257e-02
-1.350383379297420521e-02
-1.147915922149225082e-02
-7.803503124785931416e-03
-1.243273363975091680e-02
-9.882425030116380113e-03
-2.601592036349811843e-03
-4.553905203882906670e-03
3.095255114439441745e-03
1.076479600059696354e-02
2.922361834426767321e-03
4.252995816257912690e-03
1.319952448753318117e-02
2.017006503026121458e-02
2.750866563003633719e-02
4.029103979958008341e-02
5.267332176031151031e-02
4.095899884877642755e-02
5.079821298599241503e-02
7.044686501133573531e-02
7.089455315134463032e-02
9.127461261656538705e-02
9.411040271554135805e-02
1.021995631837150642e-01
1.045784199676309117e-01
1.189267473584166845e-01
1.188114886318757252e-01
1.434532675654333622e-01
1.569485028602319587e-01
1.668097510052848065e-01
1.841858592815065476e-01
1.906336626089837338e-01
1.895665492590745682e-01
2.096947570951743223e-01
2.169159779372822339e-01
2.263991164694266756e-01
2.371022530409172269e-01
2.449346365258699698e-01
2.603699211341025110e-01
2.714030469224576470e-01
2.831916979225174713e-01
2.940073931782223315e-01
3.136217697478110855e-01
3.175570882096597769e-01
3.271472094896927807e-01
3.447927133550123813e-01
3.439607542124341610e-01
3.577464420128924627e-01
3.802547317979914077e-01
3.946968675637483881e-01
4.092824104834165144e-01
4.192212664754698115e-01
4.230390421938883261e-01
4.355896408847190204e-01
4.446424836936685443e-01
4.636564900572958670e-01
4.681751650172908952e-01
4.837038045808053077e-01
5.000509313867032013e-01
5.048322582157632743e-01
5.147825243021002528e-01
5.285897288970367036e-01
5.378797743243307616e-01
5.452190103333698357e-01
5.659476842421359288e-01
5.768297398367946416e-01
5.779162922124503332e-01
6.013228047123386766e-01
6.090486349173279690e-01
6.220746347139880505e-01
6.299400606098083388e-01
6.373562367566596443e-01
6.486064852333700559e-01
6.636165480634255154e-01
6.741642382473953532e-01
6.860227270926775311e-01
7.022742369880107249e-01
7.098624450773877159e-01
7.237222070528965823e-01
7.348212318067344206e-01
7.435502975078691623e-01
7.557006782652138099e-01
7.636838380457704467e-01
7.762676071242641251e-01
7.912919988819331341e-01
8.028413471827825498e-01
8.078910714961012873e-01
8.196782800400440605e-01
8.294044974257995806e-01
8.372065282141637477e-01
8.515512739192793168e-01
8.598454827323547267e-01
8.746338168450431549e-01
8.897017037881265189e-01
8.962289680341523068e-01
9.047289400525450054e-01
9.174054885651937719e-01
9.284948953685006057e-01
9.309010526702986565e-01
9.434199110570417046e-01
9.576023869778392816e-01
9.683653826048367330e-01
9.785933588426298790e-01
9.837407444098202891e-01
9.937184269968254435e-01
1.003312252464861887e+00
1.015350065336181773e+00
1.025303074042778873e+00
1.034610717084199383e+00
1.046980774715629003e+00
1.057200419279202386e+00
1.066013379610665002e+00
1.073638211539389209e+00
1.082456720184712839e+00
1.090968152092573140e+00
1.106615079410447233e+00
1.110940734359460613e+00
1.121423763421916631e+00
1.131893640987248872e+00
1.138923417776726232e+00
1.148438318339684683e+00
1.159129199975977409e+00
1.168580211136504898e+00
1.178106785901472664e+00
1.187271525391600635e+00
1.193747597961902107e+00
1.204190054405247734e+00
1.211205967449309195e+00
1.221998938492546705e+00
1.230521698002797093e+00
1.240078957994426245e+00
1.248473645668152887e+00
1.256956777261854619e+00
1.264945032275486270e+00
1.273614408525449715e+00
1.283240606913298887e+00
1.294069143987250037e+00
1.299912054954873497e+00
1.309936165413310816e+00
1.316774648743548770e+00
1.323436533039746843e+00
1.332605542705861179e+00
1.340661073920794033e+00
1.347578980923032077e+00
1.355981269301192338e+00
1.366676480749702494e+00
1.374762306302091286e+00
1.381724536403581061e+00
1.389546581372019363e+00
1.395721236206855842e+00
1.404033790443423690e+00
1.415746817486664977e+00
1.422571949053069051e+00
1.430633794877746334e+00
1.438329575835648244e+00
1.443731953570533078e+00
1.450416916292223801e+00
1.456657164722961362e+00
1.466713620076172342e+00
1.476700549603256363e+00
1.483696521477920971e+00
1.491819642338320540e+00
1.497844875695405698e+00
1.505223480553461890e+00
1.512711286838597902e+00
1.520464635160635458e+00
1.528534661155229957e+00
1.535052037279849957e+00
1.542477840174230730e+00
1.549486413957577247e+00
1.557269874427036127e+00
1.564894045243271359e+00
1.572295719181957985e+00
1.577576463099670701e+00
1.584089260878323913e+00
1.591845983772615325e+00
1.599175850039913582e+00
1.605850534430860010e+00
1.611762811627681646e+00
1.619733114609484881e+00
1.625947191570196626e+00
1.633282536161104526e+00
1.637136384601404870e+00
1.646472363967132813e+00
1.653747843930508221e+00
1.658927295322681017e+00
1.667303040370592848e+00
1.673824372635428492e+00
1.678822588964726581e+00
1.686331102541481330e+00
1.691445181394986674e+00
1.699382898616323967e+00
1.703179583176669842e+00
1.712045580079650131e+00
1.718197335580902818e+00
1.722347719214080364e+00
1.730479590525114020e+00
1.736268323982796513e+00
1.742332169516114471e+00
1.750664445646585188e+00
1.758521251151825560e+00
1.761842091224471885e+00
1.767259394714596477e+00
1.773372411396624937e+00
1.778545820151806067e+00
1.785975687855068106e+00
1.790715676648790167e+00
1.796477592591135375e+00
1.803876780519836132e+00
1.809073656303069377e+00
1.815081476970502372e+00
1.821050982379245120e+00
1.825482703117720318e+00
1.830801164337154674e+00
1.837373911219281508e+00
1.842612184374934348e+00
1.847482442201747732e+00
1.853577322521684057e+00
1.858842984323999969e+00
1.862517390469715206e+00
1.870129761919183675e+00
1.876970418078302671e+00
1.882480976709339782e+00
1.887826540151020804e+00
1.893007945910415435e+00
1.898322024377297579e+00
1.903102254725326015e+00
1.908907117044582602e+00
1.914085481290048518e+00
1.918431479231578640e+00
1.924058677255045868e+00
1.930852222297885890e+00
1.936576464934552710e+00
1.939439222658057238e+00
1.945215754572230615e+00
1.952478503267466303e+00
1.954753122613356098e+00
1.959663973149415872e+00
1.965604356754636850e+00
1.970868654968958467e+00
1.975421515002687700e+00
1.980544429002289331e+00
1.985536662423364129e+00
1.990893035485167051e+00
1.995911696084220699e+00
2.000740277094126274e+00
2.004900690545427633e+00
2.009231393479303129e+00
2.015395488764907928e+00
2.020125286359146788e+00
2.024376152485410696e+00
2.028714824578923714e+00
2.034053221982886850e+00
2.038295069651440805e+00
2.042859692754244616e+00
2.048932761075333175e+00
2.053924722930070779e+00
2.056458361054664508e+00
2.060830680575428620e+00
2.067188715579858282e+00
2.070566779275932578e+00
2.075205002272247246e+00
2.079712114263698286e+00
2.084184264197205483e+00
2.089406286437722748e+00
2.093452648926065862e+00
2.097704766601240056e+00
2.102455119224516000e+00
2.107580577460857807e+00
2.111217834635041424e+00
2.115268928538847959e+00
2.119880499751141567e+00
2.123745556268914925e+00
2.128309245614269596e+00
2.132414010661753512e+00
2.136176332217338381e+00
2.140830270592715578e+00
2.145338595420810623e+00
2.148900756956222846e+00
2.152759965676866560e+00
2.157440424437836679e+00
2.161381563058653921e+00
2.165314740871993049e+00
2.169251274201978941e+00
2.173733293184023196e+00
2.178299657243897958e+00
2.181987294088065799e+00
2.185231453234889099e+00
2.189214890366375954e+00
2.193662692525974123e+00
2.197739389503971186e+00
2.201383449284311400e+00
2.204643788170346674e+00
2.210350273131649335e+00
2.213857809330977311e+00
2.216350643304167090e+00
2.221331299547224969e+00
2.224502485194539858e+00
2.227668907252965180e+00
2.232601228770624502e+00
2.236525852661425340e+00
2.239383255779240578e+00
2.243311654752737638e+00
2.247230090534633185e+00
2.250616025159556166e+00
2.254617979251400062e+00
2.258495757009257421e+00
2.261978599650811272e+00
2.264992724079313291e+00
2.269042314933725102e+00
2.273085027403894731e+00
2.275689148934741723e+00
2.279212596555544312e+00
2.283425330117887064e+00
2.287278653438341802e+00
2.290715787605535070e+00
2.293818214610350292e+00
2.297306298158009685e+00
2.300692298232658306e+00
2.303723980135206517e+00
2.307557409166928419e+00
2.311487049186856879e+00
2.314826783094773521e+00
2.317549708493511496e+00
2.320579370391314011e+00
2.324761430817753105e+00
2.328448623145527474e+00
2.331017838330392777e+00
2.334502018944655699e+00
2.338570650151396535e+00
2.341825318615750273e+00
2.344426116209626265e+00
2.347403873211698411e+00
2.350906641717438461e+00
2.354396896407988216e+00
2.356951310772569919e+00
2.360202112657594942e+00
2.363604306891970541e+00
2.366639711589718420e+00
2.369547270811770634e+00
2.373236649322988612e+00
2.377003736048639126e+00
2.379499390397065373e+00
2.382415553700227839e+00
2.385635267324976105e+00
2.388668044029057302e+00
2.391826955937591315e+00
2.395191796751529267e+00
2.398493203940900820e+00
2.401491580446126761e+00
2.404180311134938464e+00
2.406621606824735693e+00
2.409927259062190963e+00
2.413323114094398036e+00
2.415455182569860693e+00
2.418206561845769098e+00
2.421934839489094493e+00
2.425272633735236383e+00
2.427967707004999198e+00
2.430495190450620235e+00
2.433195270672814381e+00
2.436278948713744619e+00
2.438911557062704016e+00
2.441618674652549004e+00
2.444428077475851779e+00
2.447642372745341799e+00
2.450750753910158064e+00
2.453665233358194087e+00
2.456232797980331117e+00
2.459177312744808663e+00
2.461935680694536277e+00
2.464951928242780532e+00
2.467197814528395927e+00
2.469697279385458355e+00
2.472664072679569003e+00
2.475465700609749575e+00
2.478357010517702186e+00
2.480988498867391812e+00
2.483925954726309282e+00
2.486415452057542552e+00
2.488836432559315526e+00
2.491885675148076462e+00
2.494571519457150277e+00
2.496786498977532798e+00
2.499260775927606204e+00
2.501562854381049306e+00
2.504398254345709507e+00
2.507162073245213119e+00
2.510095407264698153e+00
2.512507022024829784e+00
2.514879655456173868e+00
2.517354258940645906e+00
2.520157751059891815e+00
2.522466414942109658e+00
2.524955441029587355e+00
2.527446914048985249e+00
2.530180713704444528e+00
2.532794400255550471e+00
2.535099412426364829e+00
2.537564595334285578e+00
2.540279316405802401e+00
2.543162838936176229e+00
2.545759992994382603e+00
2.547850471719435905e+00
2.550077705561107244e+00
2.552344345225808997e+00
2.554649099613465424e+00
2.557488803991521564e+00
2.559796481728853212e+00
2.562214860162427943e+00
2.564640560209404008e+00
2.567349938552906163e+00
2.569697199361212547e+00
2.571855420547136006e+00
2.574185660540400100e+00
2.576360832317503569e+00
2.578752219627838738e+00
2.581204471886250573e+00
2.583584959993271646e+00
2.585666815826607845e+00
2.587611925241509070e+00
2.590246600099271657e+00
2.592773953725977520e+00
2.594907268052792038e+00
2.597021637195500610e+00
2.599242526278418453e+00
2.601304924624153525e+00
2.603578564471401791e+00
2.606002818470161575e+00
2.608271719006322709e+00
2.610251465394030301e+00
2.612541086986448047e+00
2.614873206810333528e+00
2.617215315924163566e+00
2.619341842251724284e+00
2.621603836425334233e+00
2.623582292494261115e+00
2.625786325012983369e+00
2.627955952075107682e+00
2.630146725622665826e+00
2.632270459282690211e+00
2.634333941144225921e+00
2.636578291694826603e+00
2.638887315298951375e+00
2.640982273619369547e+00
2.642909314763012940e+00
2.644892553557941728e+00
2.646808026024248139e+00
2.649196913173384349e+00
2.651709035164270034e+00
2.653572911186015570e+00
2.655554492104921671e+00
2.657330768086586748e+00
2.659245951093184512e+00
2.661692295276342435e+00
2.663695581034080551e+00
2.665660519942748774e+00
2.667854417840419323e+00
2.669816988907820487e+00
2.671754977439197987e+00
2.673687868974455650e+00
2.675518037905746827e+00
2.677335109261140822e+00
2.679313636690017209e+00
2.681420134486418583e+00
2.683405238687308625e+00
2.685281966563351386e+00
2.687513388311222329e+00
2.689425625924558805e+00
2.691247641463697438e+00
2.693340075820274127e+00
2.695290189326649877e+00
2.697141688948734739e+00
2.699090814933494453e+00
2.700972832857640338e+00
2.702904338153226060e+00
2.704976673021290967e+00
2.707048653962131457e+00
2.708781315522351019e+00
2.710526841085006300e+00
2.712388833632643159e+00
2.714176272362971432e+00
2.716061741585737099e+00
2.717815553711462773e+00
2.719437845347285165e+00
2.721409041858420697e+00
2.723252527923353483e+00
2.725440562705907066e+00
2.727187441877918950e+00
2.729153579455758205e+00
2.730991157429727867e+00
2.732610789186542988e+00
2.734473117426525324e+00
2.736206088494469668e+00
2.738118967503754053e+00
2.739936319334260073e+00
2.741718933825838089e+00
2.743630839951831657e+00
2.745329696582073264e+00
2.747218310219185611e+00
2.748603261616689775e+00
2.750538825520341568e+00
2.752362168527059616e+00
2.753939357809573885e+00
2.755729931962964230e+00
