-4.589990464527121151e-03
-5.741736741185516496e-03
-6.925348792968973044e-03
-6.899836762951293626e-03
-7.678800921950354984e-03
-9.032959022205095528e-03
-1.196920550799093069e-02
-1.305569646621535136e-02
-1.231831981785547203e-02
-1.047461677069109164e-02
-7.121975003349423176e-03
-1.136869851746719756e-02
-8.984292663435146722e-03
-2.189459205414173888e-03
-3.949022594757250343e-03
3.236729411780272028e-03
1.038797198729404445e-02
2.946913439076267321e-03
4.164538559670276884e-03
1.253565128551418877e-02
1.894845282955892260e-02
2.593697639341128319e-02
3.779918461941399882e-02
4.971979400968713769e-02
3.849886453949217385e-02
4.774502326907722333e-02
6.645024106191387003e-02
6.645518118992871370e-02
8.578287591925856659e-02
8.867154524607979982e-02
9.614610532392990627e-02
9.776906354323613990e-02
1.114001271243099112e-01
1.114880725439967857e-01
1.354381709113739451e-01
1.480351400107773607e-01
1.567941610212949810e-01
1.736636834114955730e-01
1.800007895898503574e-01
1.783999089016857775e-01
1.978897013846327435e-01
2.046056876976867500e-01
2.133873372112587985e-01
2.235602450521841089e-01
2.307206369817673686e-01
2.450770090531838308e-01
2.549928580731617989e-01
2.668220022080295961e-01
2.777894766478608557e-01
2.960138691241500086e-01
2.994736528300265266e-01
3.091189987968866459e-01
3.260502662111205985e-01
3.250221223068615606e-01
3.376962979854719049e-01
3.597876840133631959e-01
3.736985692726835784e-01
3.878275479152540339e-01
3.970483000258404616e-01
4.000830531340665019e-01
4.121795037462724354e-01
4.207210400775042713e-01
4.390224768055963067e-01
4.433615887587730731e-01
4.580809053397786323e-01
4.746384544071146072e-01
4.786230898095009678e-01
4.872220147631736165e-01
5.008265486031752145e-01
5.099210900059443219e-01
5.172565731567327907e-01
5.372137439605566556e-01
5.473329686386335657e-01
5.484855375341591843e-01
5.711409810504998186e-01
5.785196951877821236e-01
5.912094972753054734e-01
5.986681050050389752e-01
6.047645955160372289e-01
6.166170886733821632e-01
6.312576825279527792e-01
6.412527743396679858e-01
6.533939678688447383e-01
6.692091399239675775e-01
6.755700588816248020e-01
6.886119954782634611e-01
6.996751592822169075e-01
7.081671453243112424e-01
7.203862014324129426e-01
7.277307251716456094e-01
7.396007570154103927e-01
7.544978611517130229e-01
7.658707416978103311e-01
7.703527909539140683e-01
7.816784339698206185e-01
7.920474184855821331e-01
7.986156456936492898e-01
8.134363839791172168e-01
8.215104566246468343e-01
8.353754154837939039e-01
8.491056983385234513e-01
8.563382696934584981e-01
8.637184387806685626e-01
8.773321020028873596e-01
8.876671201623059781e-01
8.898694033426183259e-01
9.022316280810238620e-01
9.156187337239505286e-01
9.257876254598010890e-01
9.353844311202546002e-01
9.413597215341310553e-01
9.508820164346316606e-01
9.601285689279032143e-01
9.718301298553174705e-01
9.826810858033226959e-01
9.907233352245674585e-01
1.002241980554296141e+00
1.013201167219869303e+00
1.021926259636870338e+00
1.028987458254438048e+00
1.037749877845190793e+00
1.045848194414288557e+00
1.060039678079285785e+00
1.064563449130726536e+00
1.075580654826475691e+00
1.086079533584598744e+00
1.092935409820757098e+00
1.101526091748816105e+00
1.112200844260159638e+00
1.122204483802072827e+00
1.130531061894091804e+00
1.139503888211363947e+00
1.146915362988053300e+00
1.156483178562573100e+00
1.162952402356166814e+00
1.173557073463659561e+00
1.182630812409015242e+00
1.191586556667391994e+00
1.199660788989352911e+00
1.208151987861930010e+00
1.216231032868761774e+00
1.224291988814683707e+00
1.233979547137940003e+00
1.244487690591777884e+00
1.250584947785110979e+00
1.260695840747151797e+00
1.266885058672811093e+00
1.273622322686294606e+00
1.283061757239216893e+00
1.290878707360310518e+00
1.297215344432195216e+00
1.305568162978760327e+00
1.315829760065789777e+00
1.324151381018663143e+00
1.330959402596895380e+00
1.338630667168829058e+00
1.344282515337078765e+00
1.352776844823154967e+00
1.365253818130291785e+00
1.371406157366024781e+00
1.379413088263067300e+00
1.386844204567601713e+00
1.392293009763418743e+00
1.398729621973650694e+00
1.404845487497944134e+00
1.415428662426116979e+00
1.425413171745358420e+00
1.431660950515569297e+00
1.439271754055862163e+00
1.445694511267956450e+00
1.453406928023774469e+00
1.461040850828474902e+00
1.468769229942232357e+00
1.476646749766123534e+00
1.483159431594822664e+00
1.490263555364379044e+00
1.497688501931563998e+00
1.505301155168145000e+00
1.512371823318407582e+00
1.519612106213109159e+00
1.524574105888526043e+00
1.531497912094745839e+00
1.539478664192001744e+00
1.546322314857477176e+00
1.553161621681349303e+00
1.558915755003947856e+00
1.566885621273127027e+00
1.572888536958124917e+00
1.580644037461930163e+00
1.584269631937065714e+00
1.593258254707316413e+00
1.600833082493425374e+00
1.605954745070127698e+00
1.613888110482222027e+00
1.620569829997397182e+00
1.625851297764363323e+00
1.633299846259608890e+00
1.638036042352494448e+00
1.646726743607153542e+00
1.650356693944984299e+00
1.659221716308826533e+00
1.664629748535446430e+00
1.669183213299740398e+00
1.677235348604741327e+00
1.683078279188686022e+00
1.688843855133342009e+00
1.697938424520746947e+00
1.705417817487030696e+00
1.708020468218503840e+00
1.713613492869584753e+00
1.720480768009124084e+00
1.725277141635355171e+00
1.732561285587996824e+00
1.737486593858071915e+00
1.743308776375662283e+00
1.750638912438376105e+00
1.755675595835464620e+00
1.761944238095433990e+00
1.767722311472837982e+00
1.772329298093376915e+00
1.777637145950840214e+00
1.784126689398846777e+00
1.789244822787874556e+00
1.794403851771394720e+00
1.800526710780950168e+00
1.805375980863468621e+00
1.810181699147471734e+00
1.817455649532049522e+00
1.824104973988811107e+00
1.829939974039481942e+00
1.834909780125763890e+00
1.840043026773711787e+00
1.845424241505815299e+00
1.850194968841284204e+00
1.856128233441348474e+00
1.861099395721774963e+00
1.865768249531286838e+00
1.871430967051855188e+00
1.878162747973189717e+00
1.883791524009592599e+00
1.886611735314060567e+00
1.892857133886949761e+00
1.899831467123095141e+00
1.902049952038588065e+00
1.907131809764287533e+00
1.912923571167076453e+00
1.918178677116283426e+00
1.923418761022293477e+00
1.928188101019455036e+00
1.933236537485597983e+00
1.938415471223657427e+00
1.943397654863382451e+00
1.948429010957985374e+00
1.952584097802703589e+00
1.957103678262956281e+00
1.963323669305794716e+00
1.968026585631557746e+00
1.972471838544847644e+00
1.976636023854045243e+00
1.981945152276489042e+00
1.986177992052490238e+00
1.991070387199193048e+00
1.997505953261964784e+00
2.002061079591441306e+00
2.004639681962193887e+00
2.009021827866515952e+00
2.015508632819857482e+00
2.019239549202787032e+00
2.023380017940676012e+00
2.028199213131743672e+00
2.033255081872943126e+00
2.038054552993507240e+00
2.042228870426061604e+00
2.046304953713433239e+00
2.050601111821524380e+00
2.056149313441585580e+00
2.060202840119805145e+00
2.064073990390854263e+00
2.068665439442396003e+00
2.073167073825376239e+00
2.077562870752029056e+00
2.081429913304594592e+00
2.085296078106833928e+00
2.090207255349597393e+00
2.094552910463061579e+00
2.098165500936913119e+00
2.102204360638255665e+00
2.106460335844698939e+00
2.110824952492190487e+00
2.115016186888456495e+00
2.118664139609004682e+00
2.123106316489967949e+00
2.127847451493021680e+00
2.131766219639791515e+00
2.135088094564610905e+00
2.138810431864805128e+00
2.143484030411763275e+00
2.147945823517480868e+00
2.151481325744508233e+00
2.154624076283797152e+00
2.160538561550468195e+00
2.164174238333870459e+00
2.166830141938691501e+00
2.171645260741149386e+00
2.174616075261753601e+00
2.177746316949109584e+00
2.182755780873904872e+00
2.186617175703348792e+00
2.189695418856765219e+00
2.193807235506927356e+00
2.197779447784574458e+00
2.201415177362124886e+00
2.205396319646364844e+00
2.209325565179646844e+00
2.212807221539098812e+00
2.215979807946467428e+00
2.220045774197017874e+00
2.224315196514324189e+00
2.226937657319269181e+00
2.230525685798075752e+00
2.234820099016839645e+00
2.238786785181199779e+00
2.242138184596070616e+00
2.245162257312883991e+00
2.248855937872639377e+00
2.252224010401673304e+00
2.255164125894406624e+00
2.259330738572027819e+00
2.263361637782022928e+00
2.266614208509109218e+00
2.269512331072960798e+00
2.272502764353282689e+00
2.276528234206176116e+00
2.280536336345497794e+00
2.282884383270752160e+00
2.286311440921592109e+00
2.290626648358822681e+00
2.293989364471827219e+00
2.296718938555223577e+00
2.299658652617579069e+00
2.303350874264840087e+00
2.306879050337731218e+00
2.309673840563271074e+00
2.312853907473046533e+00
2.316349665202961816e+00
2.319502689053921429e+00
2.322452808009356495e+00
2.326283413203686035e+00
2.329859923211908601e+00
2.332518794820360508e+00
2.335463239958159853e+00
2.338734019690113186e+00
2.342138706187886221e+00
2.345591231272781574e+00
2.348484758721455012e+00
2.351587203994677022e+00
2.354803541360632746e+00
2.357364894477361972e+00
2.360063829995563633e+00
2.363406451297364708e+00
2.366987350641888810e+00
2.369046000865659085e+00
2.372078828569616604e+00
2.375897376686259665e+00
2.379243416718094917e+00
2.381766788212110519e+00
2.384450013360489784e+00
2.387271616953977826e+00
2.390394429014587985e+00
2.393199351837687949e+00
2.395778298159914055e+00
2.398765761785009332e+00
2.402214032153942469e+00
2.405098963900995201e+00
2.407907982821112292e+00
2.410669345238523942e+00
2.413744479035947688e+00
2.416581840782342727e+00
2.419531705162391244e+00
2.422031066180448278e+00
2.424504447881907776e+00
2.427462913073445083e+00
2.430346406332881237e+00
2.433321892986596069e+00
2.435919445449353571e+00
2.438832028640318228e+00
2.441508999885944942e+00
2.444205083012861657e+00
2.447261806572053278e+00
2.449903001978710027e+00
2.452096916037869168e+00
2.454487348743176867e+00
2.456914484727721337e+00
2.459971284812076053e+00
2.462777375254201040e+00
2.465574651853173815e+00
2.467910231341228222e+00
2.470498052036231851e+00
2.473304744299420488e+00
2.476064217508227472e+00
2.478527560079335501e+00
2.480891928445797312e+00
2.483378589208381726e+00
2.486113887730504679e+00
2.488624413460014839e+00
2.491209605561881091e+00
2.493839554459847285e+00
2.496533431632117939e+00
2.499337040226492057e+00
2.501929833250584156e+00
2.504286088049192394e+00
2.506602288669107725e+00
2.508838705495953114e+00
2.511223432392822197e+00
2.514082331927464331e+00
2.516320676775884113e+00
2.518749690096781180e+00
2.521235551431523447e+00
2.524071642105860214e+00
2.526423901341583012e+00
2.528782312002637589e+00
2.531299690920977508e+00
2.533126143141152919e+00
2.535705165004356942e+00
2.538163525394881326e+00
2.540514186586514622e+00
2.542875931923703536e+00
2.544965586833237925e+00
2.547556652452363846e+00
2.550048680095628573e+00
2.552115157704114345e+00
2.554303354127577919e+00
2.556797947054752829e+00
2.559022110119234306e+00
2.561301168409493290e+00
2.563759738064485205e+00
2.565960348867603713e+00
2.568031762765135895e+00
2.570444465982695714e+00
2.572547978619981635e+00
2.575119059880647487e+00
2.577326002483816936e+00
2.579744439140187140e+00
2.581593375098862442e+00
2.583848419784188888e+00
2.585956419855101718e+00
2.588181978699606756e+00
2.590220920122865866e+00
2.592620457088459229e+00
2.594750956233328854e+00
2.596919511705789940e+00
2.599149544931811828e+00
2.601291332336247208e+00
2.603329395341999586e+00
2.605466419615317442e+00
2.607729726759192790e+00
2.610076244948576818e+00
2.612152031443975009e+00
2.614179231539655479e+00
2.616227329516563671e+00
2.618041126711960764e+00
2.620272897928380917e+00
2.622229463858037679e+00
2.624525096287898762e+00
2.626578063812127439e+00
2.628742807523704705e+00
2.630728213517780745e+00
2.632494014489744405e+00
2.634622533086397933e+00
2.636332242234526557e+00
2.638353510013260905e+00
2.640544182181948862e+00
2.642526577497684936e+00
2.644636833991806490e+00
2.646742943490545397e+00
2.648816957780037562e+00
2.650917341299949825e+00
2.652755061332728648e+00
2.654903112023214273e+00
2.656623145775334205e+00
2.658789916722129387e+00
2.660665912708475744e+00
2.662500905732091638e+00
2.664765351556598549e+00
2.666692766767866374e+00
2.668543550618573068e+00
2.670399425935467974e+00
2.672315300737818866e+00
2.674207754394276826e+00
2.675982240379082722e+00
2.677836374266612030e+00
2.679609182301510906e+00
2.681527164617548475e+00
2.683557911231896576e+00
2.685440418042021715e+00
2.687385748416036169e+00
2.689365701574163214e+00
2.691164523407388209e+00
2.692980784443871567e+00
2.694733002578775682e+00
2.696579314443383169e+00
2.698522912610698210e+00
2.700325131737451034e+00
2.702195533681449824e+00
2.704192597021487288e+00
2.705858368689993743e+00
2.707784342093856988e+00
2.709392416688951144e+00
2.711260884876163679e+00
2.713202429920431591e+00
2.714818511813859914e+00
2.716518503927417783e+00
