-4.575660724829536292e-03
-5.347501071216468650e-03
-6.330750888811302775e-03
-5.787200411626880307e-03
-5.675355258730645398e-03
-6.553335019014451014e-03
-8.555599493481979775e-03
-9.287459943220060729e-03
-8.919019360638043986e-03
-7.595000047343091441e-03
-5.186629454689662549e-03
-8.340021480407178861e-03
-6.422548702543453246e-03
-1.066860882975239570e-03
-2.233721929922853275e-03
3.526694514279483071e-03
9.135337670624101708e-03
3.052847375600207646e-03
3.926748760326188165e-03
1.052603090789826570e-02
1.532892185390966056e-02
2.115215857060085552e-02
3.028393781946672747e-02
4.053693036400098787e-02
3.110890372758467678e-02
3.853079260189885835e-02
5.409927848273111961e-02
5.309953273601350499e-02
6.894362682714257062e-02
7.192489135994231675e-02
7.752319568153748230e-02
7.728367773169646238e-02
8.855326334532628851e-02
8.936686703874840987e-02
1.104299971604181391e-01
1.203073482387726212e-01
1.260037774285829304e-01
1.408315220651506772e-01
1.468291271745978399e-01
1.439458679128250707e-01
1.609601646420022181e-01
1.662619626255439909e-01
1.729719180562483138e-01
1.812364051285142996e-01
1.862478646535599691e-01
1.978702069287565646e-01
2.048713720592722221e-01
2.160242221508748006e-01
2.271110921538927185e-01
2.408929053137884024e-01
2.430417167695217706e-01
2.526574188117637343e-01
2.674014436815989049e-01
2.660091953089475103e-01
2.751503351571173983e-01
2.947375356477550112e-01
3.070138000522639188e-01
3.196922612655428431e-01
3.267137135418106686e-01
3.277477674038329347e-01
3.383572934951340483e-01
3.453229912916135347e-01
3.601336049696441943e-01
3.654981384675419220e-01
3.761703180337471752e-01
3.922553479019566525e-01
3.958279565022750912e-01
4.002460857931544047e-01
4.122345075683942484e-01
4.211662191652649212e-01
4.283552213624639005e-01
4.459826123994943270e-01
4.535490270559726644e-01
4.545875705603408812e-01
4.745534619197097626e-01
4.806393728280245470e-01
4.917052950784905341e-01
4.987366535821484148e-01
5.014080706893788708e-01
5.142844708969561696e-01
5.276930057177485756e-01
5.360915093836604584e-01
5.478250704604724630e-01
5.624512580976215315e-01
5.655125051160362348e-01
5.748878810328182931e-01
5.859470023700564800e-01
5.941931922392544863e-01
6.065287534719195905e-01
6.110140078208398107e-01
6.204266012632353444e-01
6.346769883833505155e-01
6.443504677182044782e-01
6.481574220324273217e-01
6.579280137692613550e-01
6.699080925888740712e-01
6.739295313854856140e-01
6.894996317749488846e-01
6.948914129058807454e-01
7.067726308384268963e-01
7.155824951737962403e-01
7.255086138420441255e-01
7.306896530547801749e-01
7.451308151872153562e-01
7.526265377783809551e-01
7.542827179851749886e-01
7.671398101344441001e-01
7.759658564781135581e-01
7.855140478645605828e-01
7.927663646874750780e-01
8.013186085836002670e-01
8.090711589156264205e-01
8.167780440263942010e-01
8.278265491037888335e-01
8.404963488845413888e-01
8.435770555523447456e-01
8.535379687769504287e-01
8.664139349773818388e-01
8.742643242492715849e-01
8.795868140787608258e-01
8.883794586037019325e-01
8.950833582963949597e-01
9.043775912606514256e-01
9.096165058514884549e-01
9.217705712346540015e-01
9.326214061888374873e-01
9.391559570076495334e-01
9.444252370371757355e-01
9.549801315804861135e-01
9.654389029901018215e-01
9.699848743641757975e-01
9.787382589679084477e-01
9.883617967402458238e-01
9.952058040702789210e-01
9.996929291618219526e-01
1.011013379752348174e+00
1.021632414465855287e+00
1.027644062715911355e+00
1.035020203955496543e+00
1.042450580391385273e+00
1.051285222889646098e+00
1.057591515733242282e+00
1.066974599897832165e+00
1.076210532164129319e+00
1.083045288053885447e+00
1.092605231207825822e+00
1.097178128943542719e+00
1.104659377239440854e+00
1.114153057160435223e+00
1.121892900267346782e+00
1.125913246230890286e+00
1.133880247356443105e+00
1.142269115249941347e+00
1.150236765331140054e+00
1.157278532838166507e+00
1.165044992138299040e+00
1.169055230504669973e+00
1.177645954175186693e+00
1.192053294918441919e+00
1.195747986189425349e+00
1.204303452530817831e+00
1.209930449956640564e+00
1.215423281865991800e+00
1.222493521301730057e+00
1.228305941539193480e+00
1.238563310889349456e+00
1.247930290042670753e+00
1.252938375396116966e+00
1.258584789175214214e+00
1.266146804796709269e+00
1.274792836163892940e+00
1.283047036624133552e+00
1.290026489695904388e+00
1.296893992063683276e+00
1.303381211003423079e+00
1.309904836096519309e+00
1.317095591588666181e+00
1.322875731830824186e+00
1.329298356719753604e+00
1.336487316376626877e+00
1.340407511395124818e+00
1.347849311885084944e+00
1.357202369605631898e+00
1.362397569997291003e+00
1.369105184584314738e+00
1.375016658714501183e+00
1.382454140165544132e+00
1.388313587644747438e+00
1.396833745896484125e+00
1.400291607215948808e+00
1.408418237614780910e+00
1.414699154291361616e+00
1.421046999025831203e+00
1.427903461773990967e+00
1.433225048267057433e+00
1.440136975732524194e+00
1.446565062204703045e+00
1.451693542003300808e+00
1.460087557570186378e+00
1.465016784083091661e+00
1.472277327167533567e+00
1.476270145878883167e+00
1.482697143315451216e+00
1.490068264245495211e+00
1.495364617775437166e+00
1.501192920730095359e+00
1.510430614932528837e+00
1.516205217209709133e+00
1.518979429825175309e+00
1.524959530714107725e+00
1.532920365600486168e+00
1.536292749551134929e+00
1.542731393650730531e+00
1.549814567722687109e+00
1.554539492547890811e+00
1.560881921316561449e+00
1.566356082984405207e+00
1.572755999637927671e+00
1.578204218617643484e+00
1.583876381967655789e+00
1.589287295520108723e+00
1.595327873241503491e+00
1.600055683143594365e+00
1.605741794900167552e+00
1.613273406548940692e+00
1.616412663814979611e+00
1.623668098020283779e+00
1.628920752313956832e+00
1.635223790729037674e+00
1.641539968662383941e+00
1.645183898810068879e+00
1.649805045070087406e+00
1.655364431880699483e+00
1.661907757042961897e+00
1.667855870782495975e+00
1.670894845293630304e+00
1.676535429190512572e+00
1.682946200411527871e+00
1.689177114509010424e+00
1.694567810299085764e+00
1.697555089718788102e+00
1.704270502064765935e+00
1.709136446993326119e+00
1.713644566164818084e+00
1.718796361186437416e+00
1.723849412567299177e+00
1.729677311310050758e+00
1.735180507672877681e+00
1.740060844291824615e+00
1.745040171173941168e+00
1.749693719301066430e+00
1.754519099016792705e+00
1.759976277249267085e+00
1.763824747486535394e+00
1.769152177520598501e+00
1.775279527451527395e+00
1.780454500751104563e+00
1.785170597133990400e+00
1.789241530807674119e+00
1.793958152847619170e+00
1.798297976031527190e+00
1.803605381736837154e+00
1.810244196056542521e+00
1.814090755554590872e+00
1.817363038102343564e+00
1.822038480040316211e+00
1.828119513858071921e+00
1.832703140278476583e+00
1.835913723747016668e+00
1.841041147005367362e+00
1.846919378653322452e+00
1.851474180472408193e+00
1.856386433888129295e+00
1.859989779415778921e+00
1.863306479572488294e+00
1.868898206770677417e+00
1.874164109419411917e+00
1.878898612572114546e+00
1.883263254702262968e+00
1.887790370483058311e+00
1.891422142933607331e+00
1.896575340920941155e+00
1.902218845811253445e+00
1.904815159090988974e+00
1.908663691813088592e+00
1.913566022890536900e+00
1.918246474330349782e+00
1.921925853364021997e+00
1.926573514118127273e+00
1.931035831372622802e+00
1.934303470213479370e+00
1.938490373153641144e+00
1.943637443034515355e+00
1.948661888010039922e+00
1.952041148141199223e+00
1.955470451657066455e+00
1.960055059072632888e+00
1.965581224968959484e+00
1.969036415635037063e+00
1.971991659365662786e+00
1.978135334196855721e+00
1.982453303938137790e+00
1.985244344747803202e+00
1.990051695606348980e+00
1.993643135774159747e+00
1.996690428835322217e+00
2.000545981485156499e+00
2.004277085436868777e+00
2.008301862681681982e+00
2.012344340168120915e+00
2.016713504208177188e+00
2.020835650025479602e+00
2.024744863429903230e+00
2.028492724551241189e+00
2.032060611449353793e+00
2.035992026324402460e+00
2.040807415211080222e+00
2.045043513190333506e+00
2.047952362717591956e+00
2.051560213596508309e+00
2.055985671443099516e+00
2.060446954791828045e+00
2.064189427271360788e+00
2.067036168164869903e+00
2.070367127755596837e+00
2.074179753935450066e+00
2.078620766353263871e+00
2.082200326818286484e+00
2.085759145566740802e+00
2.089899037230721568e+00
2.093337266474709857e+00
2.096519250665835443e+00
2.099906507342640172e+00
2.103701036980353045e+00
2.107026486253905873e+00
2.110595504472665418e+00
2.114535228623010354e+00
2.117972153028665261e+00
2.121293303109066830e+00
2.124716640402062762e+00
2.128697857045881214e+00
2.132550556312041934e+00
2.135545678270396763e+00
2.138606636430303798e+00
2.142018908364796470e+00
2.145682308081525491e+00
2.149316300504866550e+00
2.153128190912939388e+00
2.156753806270875984e+00
2.159626808667721942e+00
2.162540556051931073e+00
2.165895120866617951e+00
2.169602422423877464e+00
2.173306127475226113e+00
2.176225789028951141e+00
2.179105740442811356e+00
2.182493796924812379e+00
2.185794224688450083e+00
2.189088136399980566e+00
2.191956820276522500e+00
2.195083306329560280e+00
2.198358001878252921e+00
2.202494602216793940e+00
2.205938884346038353e+00
2.209172932727037519e+00
2.211774881947547122e+00
2.214584355146855810e+00
2.217510751340345365e+00
2.221139545325344411e+00
2.224146486782264898e+00
2.227380522377208294e+00
2.230879641865113783e+00
2.234246866417402888e+00
2.237154597584872562e+00
2.239862103592777043e+00
2.242860277462114471e+00
2.245944920673075718e+00
2.248906293870250650e+00
2.251868360021061832e+00
2.254954362253169364e+00
2.257853313037628151e+00
2.260540635489668659e+00
2.263861707259327893e+00
2.267400194774052302e+00
2.270106653877863145e+00
2.272450969625968931e+00
2.275603775425796726e+00
2.279167175954952995e+00
2.282325489527204265e+00
2.284985444848262937e+00
2.287421248144740016e+00
2.289998011719944326e+00
2.292960041628339329e+00
2.296086418266336526e+00
2.298866696419875844e+00
2.301516323173494083e+00
2.304537881509068242e+00
2.307560764205509152e+00
2.310317441865943344e+00
2.313144070773104133e+00
2.315915976705275714e+00
2.318832484039605291e+00
2.321579482516545667e+00
2.324257055388762261e+00
2.327070432300579750e+00
2.329759071547864213e+00
2.332708464390440994e+00
2.335681053466128976e+00
2.338304386168079674e+00
2.340895674570312668e+00
2.343647634970618565e+00
2.346200922580343295e+00
2.348928786627925369e+00
2.351524421865655246e+00
2.354200820122478000e+00
2.356679576925991615e+00
2.359645475738585407e+00
2.362265914988196158e+00
2.364569519118218555e+00
2.367280153044674762e+00
2.370189970113633304e+00
2.373018661926078465e+00
2.375512319527664840e+00
2.377735586193128192e+00
2.380497648109835662e+00
2.383250224826874319e+00
2.385711684765985385e+00
2.388175044103055811e+00
2.390846436962363875e+00
2.393537378291993978e+00
2.395641458543570579e+00
2.398087801487222226e+00
2.400688329615676242e+00
2.403478258144650770e+00
2.406002129454032357e+00
2.408309531239113177e+00
2.411254362860820954e+00
2.413822348771936355e+00
2.416029398925917171e+00
2.417947451813224902e+00
2.420362192710029614e+00
2.422834523522513273e+00
2.425335883646948965e+00
2.427458774141376896e+00
2.429953091130335974e+00
2.432242675015217959e+00
2.435038455520603051e+00
2.437135981269544782e+00
2.439186399975752817e+00
2.441518414600166498e+00
2.444084524857695229e+00
2.446775719474226118e+00
2.449419866454836558e+00
2.451577381411047973e+00
2.454050050332902799e+00
2.456258231736359043e+00
2.458429842046127245e+00
2.460598578303156980e+00
2.462966853810570012e+00
2.465433802942857966e+00
2.467773026797295266e+00
2.469908976577631865e+00
2.471979259871947665e+00
2.474054125894908918e+00
2.476352706119592906e+00
2.478794525289099937e+00
2.481086694012107685e+00
2.483293908267228289e+00
2.485044841339377086e+00
2.487190494265295371e+00
2.489667175507407126e+00
2.492171204842205334e+00
2.494298581528004988e+00
2.496478623678476172e+00
2.498604320562319181e+00
2.500708937979301272e+00
2.502953639533841201e+00
2.505377213814228732e+00
2.507714831619891171e+00
2.509918064651493808e+00
2.511884621281175622e+00
2.513741274125962377e+00
2.515684995198537166e+00
2.517994399246600512e+00
2.520410651294290982e+00
2.522577726574148915e+00
2.524526200707555290e+00
2.526556628989504727e+00
2.528535764893484750e+00
2.530756325995489497e+00
2.532744851412388698e+00
2.534572265304518179e+00
2.536756440496953147e+00
2.538688750811193273e+00
2.540938775431127450e+00
2.542996664720243327e+00
2.544867797068528059e+00
2.547163011795493759e+00
2.549077312610731560e+00
2.551110093437509274e+00
2.553017644763691418e+00
2.555108312819120542e+00
2.557175580905162615e+00
2.559373820504888819e+00
2.561377523922354182e+00
2.563384676569899767e+00
2.565338685707507338e+00
2.567155551987195139e+00
2.569222917666359240e+00
2.571149054070950069e+00
2.573019380778470033e+00
2.574872915855781930e+00
