-4.582102677915248466e-03
-5.094246738577569086e-03
-5.946817746255201806e-03
-5.056058848022877174e-03
-4.350781536776086866e-03
-4.908062567754446250e-03
-6.283665854517017819e-03
-6.789119368501806903e-03
-6.670912618634710495e-03
-5.700585056605828732e-03
-3.941811670800401263e-03
-6.379532397775476878e-03
-4.773543902457568627e-03
-4.184943842030214431e-04
-1.159401975371742582e-03
3.560713227729618655e-03
8.077056111019977058e-03
3.070643609244663903e-03
3.688416710282900121e-03
8.981268691856718334e-03
1.270041450125205390e-02
1.757246568934541994e-02
2.480977144293933581e-02
3.360055697230891064e-02
2.573287271813375771e-02
3.181349342622158405e-02
4.486157500758362893e-02
4.345957951468682606e-02
5.653099244731312617e-02
5.941883799033315788e-02
6.371809038655625035e-02
6.260029858770171929e-02
7.197854634762471115e-02
7.327847268500263522e-02
9.150859281668653755e-02
9.943815737644168262e-02
1.032745977289746958e-01
1.161398750182899980e-01
1.217673049490827497e-01
1.183819889304164596e-01
1.330607067580874547e-01
1.373962334194390733e-01
1.426341783265970276e-01
1.492880195978851798e-01
1.528113571292050998e-01
1.628688791821230053e-01
1.682733136784585748e-01
1.780990628443218371e-01
1.886595260913951355e-01
1.992321046757737357e-01
2.005928647678534571e-01
2.098562314326495315e-01
2.227854443728636002e-01
2.214013806672538442e-01
2.280467287178158109e-01
2.445550776477614097e-01
2.554885841274772140e-01
2.672427554633743929e-01
2.725889817835109863e-01
2.722835658465045383e-01
2.818994920368833035e-01
2.874909911427404041e-01
2.990752727909229414e-01
3.058010692194959024e-01
3.128235633041215880e-01
3.270489005379197955e-01
3.321848884520759437e-01
3.338370633124242981e-01
3.441958736808976016e-01
3.524914847149275832e-01
3.595207755934475835e-01
3.752073565190273130e-01
3.805387173484243712e-01
3.814928303635830020e-01
3.990833179404452147e-01
4.038297630503970281e-01
4.136556741304741047e-01
4.205261760210030064e-01
4.215877163197372379e-01
4.343665426611199587e-01
4.465721979130508057e-01
4.533876107074368833e-01
4.638912108963303416e-01
4.777641270111353533e-01
4.785793942374313437e-01
4.843276221231784806e-01
4.950774564214559526e-01
5.032751518795148815e-01
5.152277511539107291e-01
5.174793334274740975e-01
5.247731315536396934e-01
5.382639283998704727e-01
5.462199765112810690e-01
5.504351204970583389e-01
5.585283776035363523e-01
5.707073390686345782e-01
5.747595782031218459e-01
5.885727472180368736e-01
5.908258616399919561e-01
6.020617438989616099e-01
6.078619439033177141e-01
6.192249997926370098e-01
6.235736506966125248e-01
6.364573758829920047e-01
6.415306955944566347e-01
6.430649293746132367e-01
6.564522182990554233e-01
6.615157726963739604e-01
6.712208868173178411e-01
6.767321913351822538e-01
6.851263960578757306e-01
6.919424832056705332e-01
6.983005881512717172e-01
7.101386124667928845e-01
7.213172456694998402e-01
7.211564428117559489e-01
7.314599991208717844e-01
7.441164854854476207e-01
7.505824414310421355e-01
7.547274560615448991e-01
7.631370853422773104e-01
7.691993908245148281e-01
7.761089902277416019e-01
7.815897524771371341e-01
7.940942127158345798e-01
8.039895525006930388e-01
8.102014537578515752e-01
8.138188660869709601e-01
8.228668133274651408e-01
8.327629241112159963e-01
8.359755097618196684e-01
8.442418131854607655e-01
8.540895566633008862e-01
8.589425674635559060e-01
8.624274821936680491e-01
8.748673508041906466e-01
8.843726131535843971e-01
8.893879758380165423e-01
8.965556504498620738e-01
9.019104771562961309e-01
9.109857743406526431e-01
9.168097253868051633e-01
9.252203096411587557e-01
9.338498850782166461e-01
9.397548820075622977e-01
9.477610673181325884e-01
9.528161778120761705e-01
9.607769065946508702e-01
9.698587507595438639e-01
9.758234418231023222e-01
9.794304258182292555e-01
9.877666795753019535e-01
9.934490400029147850e-01
1.000666757592655776e+00
1.009088188990404200e+00
1.016137982301136944e+00
1.019448991509260161e+00
1.027144486896515385e+00
1.040582467552759960e+00
1.043871391837921880e+00
1.052369804701769995e+00
1.057161760179027077e+00
1.062920025510981414e+00
1.070115026352816523e+00
1.075776256552090748e+00
1.084205377976686924e+00
1.092432698582684214e+00
1.097143522090907597e+00
1.102507710894099713e+00
1.108756646062679430e+00
1.117734912142028136e+00
1.126763820546737627e+00
1.131515549774458673e+00
1.138104359190265980e+00
1.144339085444467718e+00
1.149941122758474155e+00
1.156506836303752284e+00
1.161663751474301787e+00
1.168320659905341952e+00
1.174717137736042138e+00
1.178918942464681541e+00
1.185430983244815994e+00
1.194615833639702140e+00
1.199673645205629802e+00
1.205253949266822389e+00
1.212015403671898417e+00
1.218583299303307443e+00
1.225163509842364773e+00
1.231732116929870058e+00
1.235631763050028642e+00
1.243396759737636526e+00
1.247215401627798537e+00
1.253932558673605868e+00
1.262128337124347022e+00
1.265494694647196328e+00
1.273504588088795186e+00
1.278554638080511063e+00
1.285336910193676685e+00
1.291283951281321452e+00
1.297566990000946996e+00
1.303223067959233594e+00
1.306928951620581314e+00
1.313727046117212360e+00
1.321026751883223938e+00
1.325290589975117506e+00
1.330778868691973038e+00
1.338385545761890061e+00
1.343521663150987644e+00
1.348900637053581208e+00
1.354387599696507349e+00
1.361502880926732661e+00
1.364244868119454557e+00
1.369465231381547410e+00
1.377818543284820674e+00
1.382214054523051017e+00
1.387851615274765527e+00
1.393685972302115772e+00
1.399336207035629887e+00
1.404354220864042491e+00
1.410588046990378430e+00
1.416801791420068568e+00
1.421918517604479515e+00
1.426718740498760463e+00
1.432076060612880619e+00
1.439693820093665311e+00
1.443176213543232222e+00
1.449755147603172256e+00
1.454840569037658682e+00
1.459957584280904719e+00
1.465460588578832324e+00
1.470434413219137371e+00
1.474934412267512762e+00
1.479716204999728335e+00
1.486793395724887112e+00
1.492696331142650656e+00
1.495085326591813812e+00
1.500215687739467674e+00
1.506545570175370052e+00
1.512687894344723505e+00
1.518203091821441086e+00
1.522078268903019227e+00
1.527131819504254473e+00
1.531699068700750122e+00
1.537050430515736643e+00
1.542650792245524149e+00
1.547950950144322713e+00
1.553271373352975715e+00
1.558239256105128367e+00
1.562824023259650419e+00
1.567976092665064103e+00
1.572466010431475381e+00
1.576876888965525136e+00
1.581827248250730733e+00
1.586571063370531443e+00
1.591876570016665049e+00
1.597704074860914147e+00
1.602573364412382739e+00
1.607013346599797776e+00
1.611510459405061324e+00
1.616519561496322144e+00
1.620526516582206034e+00
1.625286635630415422e+00
1.630870514137684690e+00
1.635269616538647552e+00
1.639905620379371376e+00
1.645017740684730834e+00
1.650219852252724051e+00
1.654532472317937319e+00
1.658723136316331948e+00
1.663269101023207686e+00
1.668367195227395738e+00
1.674201650175235478e+00
1.678563680493861732e+00
1.682182981483023587e+00
1.685420203311209342e+00
1.689639426302927294e+00
1.695338970420949387e+00
1.701678558914019534e+00
1.706152081244868945e+00
1.708423256539766788e+00
1.712577075125848003e+00
1.718893314839634145e+00
1.724681776369934250e+00
1.726208393994829837e+00
1.729640753282377652e+00
1.735581616852289732e+00
1.740494356443726076e+00
1.744390945963773643e+00
1.748608003129536126e+00
1.752730258432143584e+00
1.757152207277974609e+00
1.761120541737598355e+00
1.765991994260939446e+00
1.771789015547393653e+00
1.774075320699226355e+00
1.776983024479676709e+00
1.782533922109854174e+00
1.787645867352911644e+00
1.791286012336502198e+00
1.795069876383383001e+00
1.800310815308191259e+00
1.804707390090832142e+00
1.808373159713208667e+00
1.812991204989282013e+00
1.816937756644110280e+00
1.820565140144650318e+00
1.823779900800174714e+00
1.827210863982831279e+00
1.831509229110630299e+00
1.835582946239572966e+00
1.839638570708982623e+00
1.843890131273973942e+00
1.848135664306580495e+00
1.851850776894832684e+00
1.855761346833543879e+00
1.860311448531477341e+00
1.865422011201023134e+00
1.869492857440292921e+00
1.872701440853618893e+00
1.875961539253608423e+00
1.880066460695030139e+00
1.884351358856807268e+00
1.888510519168643542e+00
1.892235813542808565e+00
1.895577114948030939e+00
1.899515783512349065e+00
1.904034753123529766e+00
1.907813145967818702e+00
1.910849800228873407e+00
1.914168104786885705e+00
1.918517126184438926e+00
1.922158890477623672e+00
1.925455315961364988e+00
1.928879764325278634e+00
1.933216023874504863e+00
1.937045758717377275e+00
1.940587108155513940e+00
1.943884896706012944e+00
1.947117858665515122e+00
1.951042558352674261e+00
1.955014273021792759e+00
1.958663953577992167e+00
1.962390741675142936e+00
1.965766100258088400e+00
1.968868647558386531e+00
1.972595108387146690e+00
1.976249945473492753e+00
1.980051862942345142e+00
1.983435087677654307e+00
1.986936991140027642e+00
1.990285174483341857e+00
1.993750652403517343e+00
1.997690353131530649e+00
2.001201484296717403e+00
2.004463005464165892e+00
2.007525166430307983e+00
2.010706612036161633e+00
2.014129190706277939e+00
2.017201965962002408e+00
2.020745990470187436e+00
2.024223981041279874e+00
2.027924272779444870e+00
2.031386171997133783e+00
2.034758517910060238e+00
2.038392513451918742e+00
2.042117605636892819e+00
2.044515261935726080e+00
2.047294661197091692e+00
2.050972837738189725e+00
2.054302707926503047e+00
2.057730501264384060e+00
2.060829351788045383e+00
2.064530905951844186e+00
2.067817764675626169e+00
2.070981150004291838e+00
2.073906419071532614e+00
2.077267957793052400e+00
2.080133128190587488e+00
2.083058540016445637e+00
2.086484420987780197e+00
2.090007899511731715e+00
2.093166344767305009e+00
2.096437376115716678e+00
2.099531608238009550e+00
2.102492430752808783e+00
2.105694284863245613e+00
2.108813062344030875e+00
2.112088376906676501e+00
2.115643561220896807e+00
2.118359268068856327e+00
2.120778698399471640e+00
2.123530237211856075e+00
2.127184580970059802e+00
2.130973171220917450e+00
2.133485406187284994e+00
2.135877424094325239e+00
2.139343949363873065e+00
2.142217650992485733e+00
2.144915769990691778e+00
2.148081718022296638e+00
2.151368164192794641e+00
2.154090224553165900e+00
2.156743686948103367e+00
2.159732156622215626e+00
2.162915286158789030e+00
2.165762753300459309e+00
2.168278736861450451e+00
2.171250581378675104e+00
2.174513671290077887e+00
2.177844042785428424e+00
2.180595823314423587e+00
2.183350684997863222e+00
2.186142212539222029e+00
2.188918369778257045e+00
2.191606678022581800e+00
2.194153618396284422e+00
2.197441235742485954e+00
2.200327441663477046e+00
2.202781895831448455e+00
2.205077511056577677e+00
2.208408002317384433e+00
2.211509013449556083e+00
2.214392829798216500e+00
2.217167313359790448e+00
2.219747201452898722e+00
2.222282316964475424e+00
2.224825755716986375e+00
2.227419287903859235e+00
2.230746745344724502e+00
2.233553118594596043e+00
2.236080891504263146e+00
2.238532600294380170e+00
2.241549504746596533e+00
2.244614311040148635e+00
2.247043094891889581e+00
2.249380067851758813e+00
2.252081632419088653e+00
2.255011024501884620e+00
2.257556376189632896e+00
2.259839355317221354e+00
2.262152124288911104e+00
2.264776600526409833e+00
2.267313420424468262e+00
2.269913316309652984e+00
2.272881774747774308e+00
2.275139033388260401e+00
2.277498419059180712e+00
2.280064982437016052e+00
2.282651526232113426e+00
2.285297374269831927e+00
2.287987011024988693e+00
2.290522861969331192e+00
2.293540643833489767e+00
2.296110782842350151e+00
2.298423708194512027e+00
2.300522285076644469e+00
2.302896706083650713e+00
2.305296576809723330e+00
2.308118303608145183e+00
2.310551315663527561e+00
2.313171687210604954e+00
2.315664400007594992e+00
2.317836121198199706e+00
2.320062329597221140e+00
2.322339404462036239e+00
2.324802921039902603e+00
2.327116898728553984e+00
2.329787084023390964e+00
2.332264414757863946e+00
2.334571670062577819e+00
2.336723262064626994e+00
2.339262829702738689e+00
2.342209134089936029e+00
2.344512567451204621e+00
2.346562963766285481e+00
2.348253156977153644e+00
2.350735871468547344e+00
2.353614216067250187e+00
2.356172657147002081e+00
2.358538169858082068e+00
2.360728494814290368e+00
2.362814731759485642e+00
2.364990074717124191e+00
2.367524086704384079e+00
2.369936802694998512e+00
2.371962481620830676e+00
2.374279472769134980e+00
2.376253131822519737e+00
2.378591470416894449e+00
2.380865831198452298e+00
2.383437808917566070e+00
2.385915590195763603e+00
2.388210988116235889e+00
2.390263615807147524e+00
2.392211567783342652e+00
2.394273154734457343e+00
2.396436502667066648e+00
2.398845571489027773e+00
2.401271735988389278e+00
2.403301705190612925e+00
2.405424992497566805e+00
2.407357129647679006e+00
2.409564206243407725e+00
2.412080276361948439e+00
2.414332279568477624e+00
2.416584796239375610e+00
2.418866076978966273e+00
2.420829360671506780e+00
2.422971378046661517e+00
2.424975751404788937e+00
2.427032180118647631e+00
2.429215339094038750e+00
