-4.590824361107716939e-03
-4.964018012523476776e-03
-5.749463196922662001e-03
-4.678916065778115571e-03
-3.667678408398812335e-03
-4.057397309485930720e-03
-5.108617492203901961e-03
-5.501765441800699798e-03
-5.514982968728323991e-03
-4.731811521491862543e-03
-3.319242231525342760e-03
-5.392141600890962456e-03
-3.952339298561304178e-03
-1.307455757587398207e-04
-6.469734504494768865e-04
3.499290384740215334e-03
7.424228995339475501e-03
3.030010106304326534e-03
3.501250386379717739e-03
8.067506552486032947e-03
1.121713858852644435e-02
1.552844100631220123e-02
2.176527646886849618e-02
2.965416884130852443e-02
2.273191028178587342e-02
2.806520988804043007e-02
3.963271767746655294e-02
3.812857413331480899e-02
4.959836557192884993e-02
5.234359711211965943e-02
5.597121483942439635e-02
5.455769592230860776e-02
6.282170338159284717e-02
6.433715458818613231e-02
8.074115876280796300e-02
8.761232090616409562e-02
9.057482595154706106e-02
1.021802189672012251e-01
1.075050058588970930e-01
1.040413534479916885e-01
1.172401376555592678e-01
1.210545056962384763e-01
1.254889279455875528e-01
1.312103358673843700e-01
1.339984143925203597e-01
1.432468224181589200e-01
1.479400157762322532e-01
1.567496725662294310e-01
1.666998007467102305e-01
1.755891049814162497e-01
1.765904629761598232e-01
1.854690756063828161e-01
1.972519430194229761e-01
1.959666636489603708e-01
2.013323365317890856e-01
2.157313978828387380e-01
2.258172342785972897e-01
2.371360476855091937e-01
2.414825189098979419e-01
2.404236776776668694e-01
2.495608813715405327e-01
2.542847857677706935e-01
2.641009094077274577e-01
2.713516118045128933e-01
2.765346197826565877e-01
2.890500698911205868e-01
2.955064808143235133e-01
2.958632077274235272e-01
3.053086440828169379e-01
3.127524061576141268e-01
3.196536844721747372e-01
3.341181866172260317e-01
3.381022536478539564e-01
3.391054548604657271e-01
3.551673361710135923e-01
3.590255684115786772e-01
3.683258595643718603e-01
3.748566736969304869e-01
3.753820468716931313e-01
3.878887058981577152e-01
3.992209163892818102e-01
4.047409203953861168e-01
4.144716559248762811e-01
4.278718857452405433e-01
4.273790946973241578e-01
4.310850346352018692e-01
4.413606849360387496e-01
4.494274176019860678e-01
4.609000992033226440e-01
4.621220526005050400e-01
4.682103181797516722e-01
4.810743885302160572e-01
4.881767851939928793e-01
4.927301837022036168e-01
4.997640037580390326e-01
5.115341939668403004e-01
5.157689124457279783e-01
5.279436157236262472e-01
5.285974520392090481e-01
5.393724452231912769e-01
5.442047455013439006e-01
5.559127020203569192e-01
5.595708523293791981e-01
5.709904780165934168e-01
5.748287025705967057e-01
5.768422127510983710e-01
5.898512374951955239e-01
5.933075003264055569e-01
6.029464778745259324e-01
6.075653940350960180e-01
6.150513599232988460e-01
6.214995410106978202e-01
6.270376118575762270e-01
6.394232119553514559e-01
6.488515856293681772e-01
6.475258353355500818e-01
6.583194747671707869e-01
6.700190610241072431e-01
6.755128339566482953e-01
6.791958226963388245e-01
6.871552541757190991e-01
6.927390586069006595e-01
6.992492774092423646e-01
7.047315019929593083e-01
7.168098025239600934e-01
7.254938746594445931e-01
7.315828818111178578e-01
7.347386995818694366e-01
7.424300812065932620e-01
7.518799400385343112e-01
7.550766512332534042e-01
7.627888931517180504e-01
7.718928157455375860e-01
7.757150101798095942e-01
7.790054705780805611e-01
7.918910890790060719e-01
7.994723827321011944e-01
8.046563818887557673e-01
8.123547522992603520e-01
8.161829207994196755e-01
8.246383898204033835e-01
8.307490530949265262e-01
8.382209116573484664e-01
8.467171973558348386e-01
8.514656497084839293e-01
8.583988125356495358e-01
8.641276471752008526e-01
8.721079032553679111e-01
8.808482055346468220e-01
8.853093765511119706e-01
8.891142738503635679e-01
8.975759879969396060e-01
9.018664757550532984e-01
9.084260666557458785e-01
9.174182926062626198e-01
9.234657707268375537e-01
9.269083090161086558e-01
9.337417957759551745e-01
9.455426330058034345e-01
9.493525408755142392e-01
9.569501278306511427e-01
9.620127692029376565e-01
9.678065747187365453e-01
9.745044706754100172e-01
9.802171761835392072e-01
9.876282235270744669e-01
9.947863655364791446e-01
9.994909190799404763e-01
1.004809741575508397e+00
1.009760988491590128e+00
1.018686216674490108e+00
1.027999394147627976e+00
1.031062365562470662e+00
1.037439638193554226e+00
1.043752787518925418e+00
1.048418270676592545e+00
1.054897585717422315e+00
1.060861283306233638e+00
1.067068371351568068e+00
1.072164911833786594e+00
1.077322979904417721e+00
1.083236701703578886e+00
1.090886003639179425e+00
1.096370220260869610e+00
1.101049626769207146e+00
1.108056056292737068e+00
1.114155888753493029e+00
1.120807837528060791e+00
1.126569105929810855e+00
1.130593990640178514e+00
1.137680278888069774e+00
1.140520117766583574e+00
1.147228231475276861e+00
1.156088581343395871e+00
1.158536081156584352e+00
1.166643444622633696e+00
1.171309776106929101e+00
1.178716450306903640e+00
1.182878726433141292e+00
1.189687173578886092e+00
1.194927541640822488e+00
1.198246498869590670e+00
1.204882472499297918e+00
1.211689882882139191e+00
1.215788334820467664e+00
1.220865619601438912e+00
1.227749877930172318e+00
1.232313127942538999e+00
1.239470782746474153e+00
1.243961230256362072e+00
1.250051039009256293e+00
1.253705630556637640e+00
1.258116337825593956e+00
1.265921496597166795e+00
1.270450151303143649e+00
1.276135117159308274e+00
1.281781479042488847e+00
1.287039703845647143e+00
1.291870010682568015e+00
1.298082336072247545e+00
1.304151567093483566e+00
1.309271523836328388e+00
1.314336564463752355e+00
1.318651697665129019e+00
1.325516193963398370e+00
1.330205542802675112e+00
1.335820942628872299e+00
1.340917873419895656e+00
1.345331802396818155e+00
1.350145048832245509e+00
1.356241723224806961e+00
1.360253082544012004e+00
1.364662855913266304e+00
1.371665294892199904e+00
1.376966560271260853e+00
1.380339814508851459e+00
1.384332374130902377e+00
1.390056977549944062e+00
1.396261529369831722e+00
1.401922085807420837e+00
1.406511835734503668e+00
1.410402188981464855e+00
1.415243153959188538e+00
1.420448140061036701e+00
1.426234751923395550e+00
1.431689051700906878e+00
1.436318167110515631e+00
1.440651847422055987e+00
1.445185972592152757e+00
1.450423691379004065e+00
1.454555935365595243e+00
1.458556660220106771e+00
1.463637167469664435e+00
1.469067032788275995e+00
1.474081153345808248e+00
1.479378069053054467e+00
1.483593848608572907e+00
1.487800233393655081e+00
1.493362496424593955e+00
1.498270168427285665e+00
1.501902044078493148e+00
1.505921026917210304e+00
1.511118118709476876e+00
1.516133262367872048e+00
1.521630945758998710e+00
1.526767300560140095e+00
1.531213118515621918e+00
1.535376060058949221e+00
1.539498858198117492e+00
1.543896941070250106e+00
1.548769665354902347e+00
1.554413441313954314e+00
1.558192066799028330e+00
1.562451906102847010e+00
1.566173534705100456e+00
1.568879344865752534e+00
1.574750056325187053e+00
1.581252704457690950e+00
1.585711075254862212e+00
1.588236504189858733e+00
1.592331244792924538e+00
1.598292137378298561e+00
1.603513345927064293e+00
1.605521261164352564e+00
1.609273775979401133e+00
1.614972231549972159e+00
1.619570744202967427e+00
1.623562597624124360e+00
1.627243595889976024e+00
1.631408041402581777e+00
1.636321978103778552e+00
1.640283300129506738e+00
1.644782524692689041e+00
1.650705739995026455e+00
1.652921464385333827e+00
1.655916148241892039e+00
1.661331973098973736e+00
1.666043589066404484e+00
1.670027791129458983e+00
1.674470330169071319e+00
1.678784688192670238e+00
1.682936933064949070e+00
1.686861406145672149e+00
1.691228551629011534e+00
1.695103426904889243e+00
1.698855779903245100e+00
1.702495440578609909e+00
1.705904442607932836e+00
1.709946405750994991e+00
1.714223355753967670e+00
1.717835282586996692e+00
1.722095556682582185e+00
1.726705483581084222e+00
1.730311753776129224e+00
1.733691780539180272e+00
1.738863290275564744e+00
1.744325125190414383e+00
1.748653359417038367e+00
1.751467642938018265e+00
1.754260851845869995e+00
1.757536111884533847e+00
1.761787809516883740e+00
1.766473286580409807e+00
1.770634147287095450e+00
1.773827588625268570e+00
1.777635981204771065e+00
1.782179726632780792e+00
1.786163599497667676e+00
1.789064578512672865e+00
1.792052311193875092e+00
1.796089875686198045e+00
1.800234976382589114e+00
1.803790393182418628e+00
1.807132949659083554e+00
1.810903699238075371e+00
1.814788372424150920e+00
1.818830044312609084e+00
1.822049711275448347e+00
1.825201278253406834e+00
1.829083224348320380e+00
1.833140599489180733e+00
1.836910890346065361e+00
1.840723653448645303e+00
1.844068680041275998e+00
1.847257300619458142e+00
1.850889858502089869e+00
1.854350291919634852e+00
1.858014177820738189e+00
1.861612058447261298e+00
1.865505739000165919e+00
1.869151155532909447e+00
1.872871287799400708e+00
1.876354713231638938e+00
1.879531649832116846e+00
1.883176888840031316e+00
1.886411450899331710e+00
1.889506234512619454e+00
1.892705481661590916e+00
1.895943948706565463e+00
1.900148438917105498e+00
1.903926128363578218e+00
1.907263973339589747e+00
1.910112723783911948e+00
1.913388101866323687e+00
1.917410513398614569e+00
1.921640419485834528e+00
1.923968827191973707e+00
1.926310629465085578e+00
1.929952530010168532e+00
1.933448824393937615e+00
1.936839818371947963e+00
1.940174363442503713e+00
1.943462485075809321e+00
1.947163364729968871e+00
1.951076086879769411e+00
1.954141149149121404e+00
1.957370323332280782e+00
1.960202683942482649e+00
1.963152690310077109e+00
1.966523883287654817e+00
1.970001628068596355e+00
1.973433625255511359e+00
1.976648781096211227e+00
1.979590587398045720e+00
1.982785503413623474e+00
1.985946676780017128e+00
1.989074761035657835e+00
1.992212842464074152e+00
1.995560901509954244e+00
1.998496934894664623e+00
2.001272580551717084e+00
2.004030783356064660e+00
2.007638542853555030e+00
2.011566430089161361e+00
2.014417028488324046e+00
2.016770596889088107e+00
2.020196805878902158e+00
2.022949924046147707e+00
2.025485637539750527e+00
2.028684535538923583e+00
2.032255296208972606e+00
2.035187404957563562e+00
2.037704282900548503e+00
2.040620235041415320e+00
2.043941027094393625e+00
2.047001733284316227e+00
2.049394519134643655e+00
2.052307235428832310e+00
2.056066714273432794e+00
2.059450600347337179e+00
2.062371723994607109e+00
2.065044569206464509e+00
2.067985817104063706e+00
2.070606104771092859e+00
2.073381388662511871e+00
2.076227868206068639e+00
2.079422356938932737e+00
2.082240656566382686e+00
2.084811791269773007e+00
2.087230635775067178e+00
2.090678614408448155e+00
2.094001878633251934e+00
2.096943337954360054e+00
2.099628970133243122e+00
2.102244160123637240e+00
2.105123767266201096e+00
2.107696637342718393e+00
2.110478809289144664e+00
2.113826168025249697e+00
2.116690994294233796e+00
2.119270312010792079e+00
2.121754241270231489e+00
2.124596832277438008e+00
2.127648137711660947e+00
2.130426937973716850e+00
2.132520261613361168e+00
2.135655450553108903e+00
2.138595439054657099e+00
2.141326024337394163e+00
2.143536925051208186e+00
2.145999163899019013e+00
2.148433778991561294e+00
2.151197223936216485e+00
2.154079420154774382e+00
2.157066297908002195e+00
2.159170410260006889e+00
2.161503488810580187e+00
2.164121175753358273e+00
2.167225084862109963e+00
2.170256627234634195e+00
2.172853175093120814e+00
2.175365307511614166e+00
2.178231395533112291e+00
2.180829801704232018e+00
2.183213122154123553e+00
2.185551345106790055e+00
2.187986271842021768e+00
2.190780795672354841e+00
2.193263213118584520e+00
2.195837374536796283e+00
2.198500064209469862e+00
2.200980339581752876e+00
2.203390263541523897e+00
2.205909979687419309e+00
2.208483486533498130e+00
2.211005673043768383e+00
2.213323971018572589e+00
2.215870454237964804e+00
2.218534855446712584e+00
2.220897743683281522e+00
2.223331775932358756e+00
2.225847780886393679e+00
2.228571105995381441e+00
2.231105346000209266e+00
2.233042307925509729e+00
2.235227511581211690e+00
2.237860386731815865e+00
2.240664981309179016e+00
2.243113485239126348e+00
2.245547040913693948e+00
2.247849749408999287e+00
2.249995556441529043e+00
2.252421755295356043e+00
2.254811113930603739e+00
2.257316253113109461e+00
2.259630385395179353e+00
2.261790558526476147e+00
2.264127226770391133e+00
2.266384119025529387e+00
2.268820950689543814e+00
2.271360114769332306e+00
2.274246010018626585e+00
2.276599318428973895e+00
2.278601186204819662e+00
2.280472670221499687e+00
2.282573770722450934e+00
2.285069351383451686e+00
2.287576805151312787e+00
2.290183393447236426e+00
2.292370042566963306e+00
2.294458085417108606e+00
2.296377206102572011e+00
2.298709950935441171e+00
2.301266249496447980e+00
2.303878423435608447e+00
2.306263560593068362e+00
2.308425087983747126e+00
2.310447514022117232e+00
2.312628844301934716e+00
2.314858672327995137e+00
2.317122168821486028e+00
2.319431522974662041e+00
