-4.643373541863731087e-03
-4.735475561714688059e-03
-5.395444628091106143e-03
-4.008071498554566757e-03
-2.443837221645619746e-03
-2.521141645627378129e-03
-2.984731282189510056e-03
-3.185011586517459345e-03
-3.444537121859393789e-03
-3.021864544313865655e-03
-2.258401962058656422e-03
-3.684900544590141713e-03
-2.559253543875917875e-03
2.525437466804048275e-04
1.408863524922302076e-04
3.171949744726035910e-03
5.955987903657881423e-03
2.785521879543649722e-03
2.943979836791906814e-03
6.074210514037007430e-03
8.157947815022378174e-03
1.130182083659561285e-02
1.567198308505903664e-02
2.161350584900794541e-02
1.668129006552745291e-02
2.054777585931547718e-02
2.902757815886004497e-02
2.756930331054136332e-02
3.578568199068248024e-02
3.803338254745890906e-02
4.043277516607732963e-02
3.883209567854903344e-02
4.479625231941600227e-02
4.652505038034607937e-02
5.885456645775944545e-02
6.370553115020442803e-02
6.528458232748855783e-02
7.404988160304259992e-02
7.849442125003883164e-02
7.531747750063565172e-02
8.524569001419866898e-02
8.802651273418864164e-02
9.091690642028328606e-02
9.479844108777074618e-02
9.640641492155804793e-02
1.039478128200856111e-01
1.074517626416682942e-01
1.138304733571590677e-01
1.218415652537490901e-01
1.276806499675612327e-01
1.281892338361253492e-01
1.357634897225961645e-01
1.449075462498824463e-01
1.439453747298241326e-01
1.471395903611346367e-01
1.568226709062386370e-01
1.649253328546080033e-01
1.753154808717739821e-01
1.775556314321902751e-01
1.751408477997973279e-01
1.832911299028501528e-01
1.861544963142022502e-01
1.929902178808863278e-01
2.000213171325699590e-01
2.026100334128370095e-01
2.104623298843220636e-01
2.194153611887576238e-01
2.180518095763121778e-01
2.257173069369981522e-01
2.304022640823120138e-01
2.368492927142316073e-01
2.485455454776062945e-01
2.499227914990428401e-01
2.512261182404223470e-01
2.637088063103171232e-01
2.656376334017869767e-01
2.738656204978651698e-01
2.788821663817674934e-01
2.792102105682318092e-01
2.908188688252283938e-01
2.997583085262805480e-01
3.017800691695173843e-01
3.100679310147432810e-01
3.220524450569641206e-01
3.190688873117882851e-01
3.197083884389272379e-01
3.280681019289590772e-01
3.350454681882568120e-01
3.450335220083102228e-01
3.445875595624077747e-01
3.487119866238941879e-01
3.600220781328943853e-01
3.655710822152309358e-01
3.701482909100295982e-01
3.755502358783120997e-01
3.854004363839849123e-01
3.882256408036565687e-01
3.977632904262199398e-01
3.966919932067918819e-01
4.050655528774947944e-01
4.097448952458186411e-01
4.202816344284994177e-01
4.219648808622478708e-01
4.297282374832647744e-01
4.319837198834955427e-01
4.365807941872170694e-01
4.462449448002857588e-01
4.478345482198037852e-01
4.569167663459620665e-01
4.591486957206944997e-01
4.647744777721580789e-01
4.698294681872400291e-01
4.739764587670367568e-01
4.854157530986475955e-01
4.919060202333760956e-01
4.898766683503959496e-01
5.000301263947921626e-01
5.086518490122621250e-01
5.121181662922209554e-01
5.156441475635505922e-01
5.230841924324348691e-01
5.264302425964244581e-01
5.327756995866974599e-01
5.385699941490834641e-01
5.475209166133953032e-01
5.528885303808421803e-01
5.592523352301818074e-01
5.619641749935453401e-01
5.673800092749385904e-01
5.748069092660785806e-01
5.779445637408214820e-01
5.846699821842114009e-01
5.904562808710460686e-01
5.930568475764596004e-01
5.965357687270139708e-01
6.086210269073393242e-01
6.115374440119178967e-01
6.172325775371567680e-01
6.269775470798610861e-01
6.275957330681524171e-01
6.333775664618038759e-01
6.406091695801479080e-01
6.456105824065864196e-01
6.529471192252362943e-01
6.554043124463185821e-01
6.600996001631956878e-01
6.667853988700683798e-01
6.739589457142194373e-01
6.819534771990899413e-01
6.836678364542234654e-01
6.875345315248923006e-01
6.935699001503635719e-01
6.976262206650517550e-01
7.026840811037321499e-01
7.088135814517181332e-01
7.147572963064628970e-01
7.184572315334447623e-01
7.236024398792895163e-01
7.310780956765897676e-01
7.366305604164550269e-01
7.402987941429962637e-01
7.460449810901609302e-01
7.510083763229407072e-01
7.573981292787449471e-01
7.636674846626330115e-01
7.683786805967861566e-01
7.725797267764782372e-01
7.774273498426717000e-01
7.823161068279285146e-01
7.853826312776913676e-01
7.933816420291229798e-01
8.016884807508469768e-01
8.020194019137923958e-01
8.070764059180604022e-01
8.140625507998238142e-01
8.171987401491900282e-01
8.230184180798282290e-01
8.299204286925759844e-01
8.339015901619737381e-01
8.371994043313200073e-01
8.440621423440363147e-01
8.476778141220481233e-01
8.530799945135195683e-01
8.586867992236736358e-01
8.612280239051059993e-01
8.673324851405158631e-01
8.729996265856939663e-01
8.776392670116516248e-01
8.833392426479130810e-01
8.883383985812067785e-01
8.940573298127730828e-01
8.944049920304181223e-01
9.017842838739434930e-01
9.089783004490133989e-01
9.106778591538637890e-01
9.168878540495988272e-01
9.225009039583729198e-01
9.284743471443106522e-01
9.311653398490823408e-01
9.364199807806872222e-01
9.425272338709155262e-01
9.449297484580061468e-01
9.501858517625181300e-01
9.557368517529950536e-01
9.595097949047937114e-01
9.634886753094320522e-01
9.693331574793923044e-01
9.725819585181195714e-01
9.806759903822019897e-01
9.832145196692297917e-01
9.876143195264720509e-01
9.944568877879247371e-01
9.971318291512040188e-01
1.001643145065379104e+00
1.007824436045835048e+00
1.013133440180624234e+00
1.017195793635907286e+00
1.021279372770812488e+00
1.026008274590836544e+00
1.031561083068185614e+00
1.035092032594239653e+00
1.039997974625695099e+00
1.045997356404258838e+00
1.048099376921326265e+00
1.051852094920513903e+00
1.058607446176838440e+00
1.062350937185362998e+00
1.067116795030032206e+00
1.071490242886125710e+00
1.075881318646705997e+00
1.081253725755503270e+00
1.083654029882955783e+00
1.088702117260608393e+00
1.094942514951981360e+00
1.098830163450087660e+00
1.103695080849624865e+00
1.106425822755874977e+00
1.110246130420667887e+00
1.115772061154202799e+00
1.121541905542860373e+00
1.126245444459446521e+00
1.127865794819786549e+00
1.133029614907387961e+00
1.138601474190850782e+00
1.142964571819321540e+00
1.147773142464806995e+00
1.152162704008486527e+00
1.154948287214073943e+00
1.158893463586338601e+00
1.163366643575014514e+00
1.166391600645231286e+00
1.170080413486903392e+00
1.175580111329600719e+00
1.180258807438977264e+00
1.184440301816880314e+00
1.189397170705243312e+00
1.193284404315699598e+00
1.197206431760063250e+00
1.203102307862000453e+00
1.207083957581979838e+00
1.210165766186607428e+00
1.213388374870186581e+00
1.217252474519406436e+00
1.223020291555406036e+00
1.228514524637022820e+00
1.232607871406499189e+00
1.235988166535463950e+00
1.240544123696989187e+00
1.243289350358227630e+00
1.248017540634993594e+00
1.252799215823412693e+00
1.255683380580161712e+00
1.259123839046723869e+00
1.263420721504959765e+00
1.267406165442363619e+00
1.270268128096371241e+00
1.275475658203776508e+00
1.280764024837750759e+00
1.284794649296036262e+00
1.288060071253020356e+00
1.292730516991532852e+00
1.296853300984224688e+00
1.299991297544770275e+00
1.303767201683296184e+00
1.307743018130905099e+00
1.311015415060430511e+00
1.314597788593573791e+00
1.319538087539104732e+00
1.322682723023554274e+00
1.325949184034572070e+00
1.331736434406162850e+00
1.335095033234766415e+00
1.337972878140861299e+00
1.343199250308151793e+00
1.346611480870882449e+00
1.350707483998557557e+00
1.355708048359940410e+00
1.358711446006244383e+00
1.362128865540289890e+00
1.366490206378071726e+00
1.369515891189239554e+00
1.373064338952850072e+00
1.377363764820055181e+00
1.381194618332190815e+00
1.384707537768322450e+00
1.388797156931210086e+00
1.393092335301843177e+00
1.396412450608556011e+00
1.398850171582509239e+00
1.402515378443308425e+00
1.407124567868543785e+00
1.411487188050171149e+00
1.414366118949185402e+00
1.417591977533495751e+00
1.421825631643615306e+00
1.426484247770211544e+00
1.429773615154724009e+00
1.433123396957270757e+00
1.437183144804280888e+00
1.440305363464253530e+00
1.442110090410719803e+00
1.446031192591899162e+00
1.450260177111460491e+00
1.453397206234128047e+00
1.457183363455367253e+00
1.461487256878196694e+00
1.465759598048753665e+00
1.469358368344533705e+00
1.472148972097514497e+00
1.475175063710864265e+00
1.478423251315837295e+00
1.482053847622988307e+00
1.485974284508390308e+00
1.489168504725157938e+00
1.492373632068947353e+00
1.496515684753679798e+00
1.500771538636651581e+00
1.503587398374922612e+00
1.506833767970129356e+00
1.510961866212468863e+00
1.514322633162002552e+00
1.517427287159385019e+00
1.521741235892422717e+00
1.525008666000610136e+00
1.526986445493268452e+00
1.530085190149771179e+00
1.533941055260199304e+00
1.537811307750626799e+00
1.541275384006525195e+00
1.544608390497526740e+00
1.548175798786891377e+00
1.551837186013589776e+00
1.554146749664543359e+00
1.556636306767906319e+00
1.560726854058662516e+00
1.564623764524647020e+00
1.567599398864283566e+00
1.570714510704763978e+00
1.573999207970224967e+00
1.577829176826780699e+00
1.581133973941276416e+00
1.583779109110105887e+00
1.586192540625128489e+00
1.589528118165697501e+00
1.593054724730456062e+00
1.596896649488956044e+00
1.599861722521424445e+00
1.602513222331030551e+00
1.606021304217685852e+00
1.609203477626051093e+00
1.612253814288135301e+00
1.615113750693439210e+00
1.618580642741658915e+00
1.622058306205239830e+00
1.625860989655047328e+00
1.629497254439289167e+00
1.632717716382553919e+00
1.635330356791258488e+00
1.638096537207899717e+00
1.641397053454734856e+00
1.644460511239761225e+00
1.647013006771908650e+00
1.650153503086869478e+00
1.653676779557526455e+00
1.656894274045120019e+00
1.659570244997938371e+00
1.662688900672070202e+00
1.665588092316469870e+00
1.668444541706512796e+00
1.671041512968494347e+00
1.673751480597548857e+00
1.676664377767540959e+00
1.680464841412445454e+00
1.684203920075890926e+00
1.687217298638603813e+00
1.689888743914371716e+00
1.692943532209052027e+00
1.695747675018655976e+00
1.698253355621138772e+00
1.701453431304861041e+00
1.704639631729218729e+00
1.707378847365143004e+00
1.709776904256705921e+00
1.712507951441951448e+00
1.715354786493185291e+00
1.718353276321533896e+00
1.721871646795707145e+00
1.724974834976743310e+00
1.728029998050706340e+00
1.731032613120300656e+00
1.733877101520447939e+00
1.736644934759583592e+00
1.739461091957097638e+00
1.742612770780786802e+00
1.745255944795852887e+00
1.748186640881807863e+00
1.750534652220159471e+00
1.753149760852560135e+00
1.756006565468654301e+00
1.759135892437348581e+00
1.761966038943087343e+00
1.764686695831418017e+00
1.767311033439314061e+00
1.770087064113286424e+00
1.773229825616150501e+00
1.776186163798554096e+00
1.779029668692951205e+00
1.781438486828930357e+00
1.784367879119308276e+00
1.786932403003018699e+00
1.789461182235582815e+00
1.791754743473893630e+00
1.794470595156274939e+00
1.797286407573939426e+00
1.799933031674068706e+00
1.802784017172602615e+00
1.805813780873662955e+00
1.808856351489603664e+00
1.811060386088785501e+00
1.813108953815801616e+00
1.815767728187542174e+00
1.818339917151375662e+00
1.821278026651475868e+00
1.823798181420503095e+00
1.826441848684498215e+00
1.828643057794676174e+00
1.831312392338212414e+00
1.834284589604778803e+00
1.837684019088162479e+00
1.840470636365829860e+00
1.842563266237553510e+00
1.844739267428088025e+00
1.847439364940969053e+00
1.850157972342373336e+00
1.852499751065016298e+00
1.855075223484142333e+00
1.857818425892365122e+00
1.860561836008434389e+00
1.863109328355351701e+00
1.865592179057103062e+00
1.868058076379921273e+00
1.870485502924939203e+00
1.872884099099012545e+00
1.875692374229519732e+00
1.878236719895557183e+00
1.880813800440559458e+00
1.883040757136535293e+00
1.885120778555088972e+00
1.887392663194022990e+00
1.890144830487153316e+00
1.893288109931723584e+00
1.895836774164563421e+00
1.897665662935401620e+00
1.899881745240705522e+00
1.902097112563563952e+00
1.904671382518442035e+00
1.907331977903186315e+00
1.909905339942612246e+00
1.912310578410643780e+00
1.914425900732355412e+00
1.916768746379057697e+00
1.919068062905376237e+00
1.921766270070601301e+00
1.924119099578147196e+00
1.926267520263497568e+00
1.928483946115775227e+00
1.930811081920340122e+00
1.933311788253018859e+00
1.935722266216069354e+00
1.938164497190374203e+00
1.940584145003077410e+00
1.942635380211062079e+00
1.944804551406074111e+00
1.947395512113273996e+00
1.949750885528903632e+00
1.952102820112282089e+00
1.954066391100079958e+00
1.956181415739008056e+00
1.958741247878869052e+00
1.961280701190603049e+00
1.963550514309805317e+00
1.965784260462602795e+00
1.968062281591334006e+00
1.969998507987368530e+00
1.972304758210295050e+00
1.974785618773975404e+00
1.977384899641189353e+00
1.979498255602969436e+00
1.981610668627764360e+00
1.983498289138635684e+00
1.985674904240138927e+00
1.987864737296471063e+00
