1.273215635139474387e+02 3.569979805136353490e-01 1.006360214284702126e+00 3.385929407545370307e+00 4.757591565844310644e+00 2.868789507406293016e+00 2.958484721904244275e+00
7.563260014222172867e-01 3.964974627469651514e-02 6.192330631007285646e-01 1.160591283660533435e+00 1.971955387953040706e+00 8.985548664169944466e-01 1.047033281325471687e+00
4.555397778051311075e-01 2.811913180037506257e-03 7.423843990579159779e-01 1.766373436927613172e+00 9.641754624776604388e+00 1.591379845006513083e+00 1.548502045561028995e+00
1.635497202580483500e-03 2.482649804812825291e-04 5.156258700177549503e-01 9.055273495980971088e-01 1.572141969910982651e+00 5.974449690860783591e-01 6.611027562411836422e-01
8.799375121018117361e-05 7.710378473470781818e-06 7.034015472815806636e-01 1.334174533613257108e+00 1.221556060798804966e+00 2.231371248411622224e-02 1.179307766396096691e+00
6.154870567661882509e-05 3.165754627299407603e-06 5.295161110485648859e-01 1.629495228432594756e+00 1.154614940959640901e+00 2.599284538594499178e-02 1.234738402613787311e+00
4.024983958578797817e-05 8.714371978959690600e-06 3.303305105388761320e-01 9.852121363709452906e-01 1.806917959963886045e+00 1.164445166218960992e+00 8.752845156787403269e-01
3.987630449603696189e-05 6.234638347663894122e-06 4.555433939640746721e-01 7.865741413966672591e-01 1.210759270269162302e+00 2.457371249914681588e-01 7.023655290824887265e-01
1.731612866424155845e-05 4.981810290535634148e-06 2.475044917322866689e-01 4.792185566606053104e-01 1.102243999097533234e+00 1.583651733300948938e-01 3.425152330119383137e-01
1.394092754555669047e-05 3.701847161285710297e-06 2.764415581959936419e-01 6.466036489491091555e-01 1.824816472490300878e+00 1.540460104861523238e-01 4.114146168353516875e-01
