2.444734822556536002e+01 2.975321754513716166e-01 8.494007071940236075e-01 2.375458003723062816e+00 2.554726632138170306e+00 1.605357107557444429e+00 2.216121513843960056e+00
1.045379606331603384e+01 2.237187228642546159e-03 9.240477280508596625e-01 3.385024096528573612e+00 6.942224070768859612e+00 2.689250367912658035e+00 2.462645227846838036e+00
2.588410111127713020e-01 1.659819407610653007e-03 6.144520244422314592e-01 1.827235329027936839e+00 2.469112728948757507e+01 1.369464511558821318e+00 1.548564772340639273e+00
6.402266027028014582e-03 1.608903446601245854e-03 6.224981894617782618e-01 2.394081815222998344e+00 1.505082035330230328e+00 8.544935319199655765e-01 1.014081843771871050e+00
3.317459801254283441e-04 1.560183481278100157e-05 2.652778415881648311e+00 2.329988910321499240e+00 1.112644874756288926e+00 2.650627905617803856e-02 4.357980616391047057e+00
2.067609282457519434e-04 2.470108811263241406e-05 3.853413574411166942e-01 8.764796126435359103e-01 1.479175022236656201e+00 3.852502984804015984e-01 5.225254132318194467e-01
7.523281110736916371e-05 5.465858340422565801e-06 4.086101362955318894e-01 2.294782532840858202e+00 1.542166273903561091e+00 2.208742656958944534e-02 1.490155923473515553e+00
4.917269723820464115e-05 8.297741656046213798e-06 4.009379775642135657e-01 6.384353747351704245e-01 1.894126457229263538e+00 6.432602416040010818e-01 6.041984269018177978e-01
3.621177534121440490e-05 2.721348940934928463e-06 4.304084698973383860e-01 1.120092670656972267e+00 1.174786270171602753e+00 3.002433201244493130e-02 9.772179880157541021e-01
1.886942462787578780e-05 7.071969113022327247e-06 2.368029502770905292e-01 7.509766216782759463e-01 1.251866491063276854e+00 1.354225815643792519e-01 4.723510575628887542e-01
