2.754324642708440507e+01 3.283141815011356712e-01 8.451808549785249092e-01 2.295339086084840829e+00 2.727101123048580433e+00 1.672991892540550474e+00 2.178620467303045594e+00
3.733688382754476898e+00 1.370403813853662313e-02 9.461772027825773312e-01 2.202441709793709013e+00 2.492272137981774804e+01 1.947353767423118720e+00 1.804169481559272370e+00
2.831093891642586513e-01 2.691424318256598145e-03 7.058429636104949223e-01 1.678219952544652838e+00 1.194473393269900363e+01 1.477191905217218215e+00 1.507618241165736173e+00
8.191509287470173997e-03 1.332811765736738926e-03 6.562787893693461383e-01 1.765885077974459705e+00 2.823961203795439801e+00 7.950492194476085350e-01 9.557247518439591083e-01
1.202769169389922760e-04 8.238016526460748066e-05 2.181074261952944127e-01 7.585724400311988358e-01 7.978889248803361367e-01 7.164161152653246711e-01 1.494915406405949554e+00
9.556230302963345414e-05 7.695257604803192836e-06 5.680988950719316755e-01 1.780037535643665514e+00 1.141966694036998131e+00 4.998424142676623216e-02 7.985497493621065423e-01
5.659259599986217752e-05 2.652375300168856424e-06 2.451069356647673225e-01 8.424670136499239348e-01 1.033112182401424217e+00 3.717265639115215764e-02 6.668663854113373590e-01
4.960104108342212734e-05 1.093320646919869048e-05 3.683791624646187146e-01 7.423474576889474985e-01 1.468227492064938300e+00 1.233659600928866729e+00 7.103621815227082470e-01
3.336046615721684395e-05 6.449139787280758624e-06 2.857753243331383475e-01 6.238124853593850494e-01 1.372894521170181736e+00 2.249174281995728886e-01 6.186696804704144848e-01
2.131260338214079940e-05 1.468518324895797672e-06 1.888968145600278259e-01 7.081485965766756152e-01 1.602338105543533509e+00 5.667254052306941459e-02 4.129791989311646927e-01
