1.185975097324905647e+02 2.029208137779796479e-03 8.776222599054178675e-01 3.679428709804498876e+00 6.194470682227116498e+00 3.065095647782833943e+00 3.670637588536564078e+00
4.308257123387071452e-01 3.101288968354470182e-03 8.799085895641278743e-01 2.324330971274414015e+00 5.355574706136423835e+00 1.409409658992057501e+00 1.816681622468255375e+00
3.738459449846166099e-02 1.965204366099389266e-04 4.550235897538577046e-01 1.574707519960178548e+00 2.425567032240930843e+00 1.304920268065654421e+00 1.211793180385079882e+00
4.668380973548726630e-05 1.680180598432082253e-05 3.486617821760615854e-01 5.788408147847636798e-01 7.751699837086508671e-01 4.540296266846579609e-01 4.521463066833598665e-01
1.284829916766700491e-05 1.291783537195213777e-05 2.361888452982367215e-01 6.339236954096030274e-01 8.818070851918288211e-01 3.910397075706042447e-01 7.771769226536532349e-01
1.977638830228009199e-05 4.535122057425096896e-06 3.254998074231883476e-01 4.274124720169410474e-01 1.293027409863879207e+00 3.437447359421349491e-01 5.088940554602329192e-01
1.702862608484111311e-05 1.862473377380916694e-06 3.465224279875954161e-01 7.437556234068026795e-01 1.781885724928846004e+00 6.987678069217736487e-01 7.135845961291849004e-01
3.663275559640777991e-05 3.114746855788758604e-06 4.884339789742190296e-01 1.198333515047572906e+00 5.318364348588283441e+00 6.734406879013097313e-01 1.331277833266703237e+00
7.517676068266099681e-06 4.326462162038071231e-07 3.528270043446100068e-01 1.463640597171989466e+00 2.503711562956648429e+00 2.381314676453265000e-01 1.248255793391627844e+00
1.995039721083859170e-06 9.883669196305877027e-08 7.465201216423283936e-01 1.269008153258680327e+00 9.249531740568611715e-01 3.149891820918058333e-02 8.090169007220249231e-01
