1.261654353943498990e+02 3.274617042504050085e-02 7.988848093322605814e-01 3.010095015868713197e+00 7.670343744591251678e+00 2.856027840287837183e+00 3.117419672970752842e+00
1.881149580159292567e-01 5.407060155096190222e-03 4.103147347603933737e-01 1.252562605682093322e+00 1.729859167258053443e+00 8.960287620091336169e-01 9.541872326495035583e-01
7.983877204727302113e-02 3.387013788369266947e-05 2.654656567551726964e-01 9.651545842744643222e-01 1.566194246042479810e+00 6.639268601781150858e-01 1.168679572194308403e+00
2.501362625961553020e-04 9.102512878061658588e-05 2.149745113780788530e-01 5.120501686155245480e-01 6.529978875217732348e-01 5.650172805009132659e-01 5.679998640175829561e-01
1.520363784181428321e-05 1.888830863416331795e-06 2.654343868072629675e+00 3.899113977807117770e+00 2.174412741055835596e+00 2.150223896679700000e-02 1.258487109754581112e+00
1.116149279680833149e-05 3.579921721702129473e-07 5.001376260995542555e-01 4.964851573572381382e-01 9.058844483399931535e-01 3.168872332050312601e-02 4.212555281940810192e-01
1.283002494908287684e-05 2.289827767726279623e-06 3.559408588071403257e-01 8.959580961479000072e-01 1.866347974555558675e+00 5.341827315610661042e-01 1.248681302954415040e+00
2.701751757107736501e-05 1.540466260912753296e-06 4.765094457610035139e-01 1.048263229079961611e+00 6.019227438402676711e+00 7.495802891958945890e-01 1.380925760182432072e+00
3.694072095350459055e-06 1.847934846739114181e-07 1.385069884174179033e-01 5.840514620048599115e-01 7.871924411854460679e-01 1.524769301588262682e-01 5.507449513845106281e-01
1.811157331492737309e-06 1.461634638508755870e-07 2.676204562344080551e-01 8.438346838875336875e-01 6.912235197035312417e-01 5.315146084375718671e-02 6.545303300505769251e-01
