2.619527734082939219e+01 2.957390598061787057e-01 8.565572649159657326e-01 2.445939851757250594e+00 2.599882770434438051e+00 1.670088803904278496e+00 2.282170939468299409e+00
1.236327664572457330e+01 1.555477523985780751e-03 8.884212903550322560e-01 3.741573352922982654e+00 7.593189382560658451e+00 2.941362054568627649e+00 2.600763189551067445e+00
1.916471882971576834e-01 1.678330344589230860e-03 5.568045216710796330e-01 1.731961479363570700e+00 8.411927129535584413e+01 1.225246870762783935e+00 1.427986613273265704e+00
6.376644893087281968e-03 1.582726946300290743e-03 6.252428695609671960e-01 2.455255560296784267e+00 1.484227154413456651e+00 9.051333416554532274e-01 1.037022401827777829e+00
1.999517353796800530e-04 1.121929066956560276e-04 1.934432739284664970e-01 1.080039493242932691e+00 8.585960348277211773e-01 6.841621606268681877e-01 5.983571136797465897e+02
1.927955591024238904e-04 2.526058044190533731e-05 3.810969518853430937e-01 8.453191629528256090e-01 1.443324748722670359e+00 3.596969737038778758e-01 5.290775105631404518e-01
8.496341261042528441e-05 5.713077664516167332e-06 4.344133932011562949e-01 2.162292922332841982e+00 1.574530023598734507e+00 2.431298425793656723e-02 1.301830722331839274e+00
4.761242787280625460e-05 9.861392950684108049e-06 3.864133365562124611e-01 6.246201670753275259e-01 1.892588026677030300e+00 6.365777657822492275e-01 5.949353655317536349e-01
4.213079016585001926e-05 3.552905493238577231e-06 3.704248901829558238e-01 1.108536105216296530e+00 1.338726283727955879e+00 5.194058317758673549e-02 8.498479244764347573e-01
2.035936646526926251e-05 9.092632513706469183e-06 2.183168633270548553e-01 6.405490907022429736e-01 1.100769440181391889e+00 1.422035646310889079e-01 4.551440348988308737e-01
