6.209980448537962729e+03 6.897690821515982840e-05 1.183114864419108736e+00 8.732344447764159412e+00 2.961841908045914096e+01 5.897538111677398831e+00 6.911427450428301533e+00 1.832087160610622378e+00
1.671400005295620161e+01 2.939608319513506511e-06 7.870411810127573293e-01 3.509657382630352096e+00 1.776843820694514520e+01 2.102805822184325102e+00 2.294776038062954271e+00 1.263399422758063606e+00
7.840914538342168782e+00 3.774875084112383371e-06 9.659292883693364473e-01 4.241134723090878467e+00 2.974528195118775997e+01 2.944739723615006799e+00 3.234458663890433350e+00 1.412727028503122373e+00
1.569107621512279976e-02 1.482964366651012101e-06 4.634162322372676890e-01 2.173839143931496132e+00 3.428236083588918959e+00 1.358719547960291152e+00 1.362480790345021786e+00 1.131738261040125870e+00
4.059272977538546040e-04 6.368078339588016149e-07 3.209660282602284642e-01 1.072392960703983711e+00 7.262586141526135464e+00 6.315867273428453776e-01 7.054260962159941695e-01 6.673000042461451065e-01
4.875133536358051479e-05 6.512067375723607375e-17 3.965662465727386454e-01 9.424213696070653512e-01 3.402783042162607963e+00 5.678492399278061153e-01 7.699175457232624309e-01 7.042180439204499542e-01
2.819115949338966807e-05 4.751864365663743421e-17 3.309811672633158341e-01 8.913497502590579380e-01 2.201125658065237189e+00 3.903377622564183635e-01 4.873618680024068284e-01 4.368850567111346450e-01
2.082949613465858078e-05 1.177228286308279815e-13 2.117196204538684956e-01 5.476507520168389931e-01 1.832183581000337957e+00 2.830146868986567199e-01 3.498788432276523364e-01 3.208222599936558783e-01
1.468804638087639441e-05 5.664586742513103672e-10 2.015179021734295750e-01 4.868123522805798409e-01 1.752602855553668793e+00 2.781630735602567128e-01 3.011481520667185219e-01 2.855285334483108062e-01
9.911750012633523948e-06 7.087958927217371432e-30 3.212948886791115993e-03 4.752694637988619242e+00 9.037871309146829901e+00 9.089383119774525292e-04 3.804845270407283930e+00 1.970897017522631911e+00
