2.963042913787232465e+03 1.421480770554854817e-04 1.203530209844691612e+00 7.185485534004280694e+00 2.745095488231618219e+01 4.747007485197428878e+00 6.936348758241341450e+00 1.644109435154315069e+00
3.780480884940753850e+00 3.203163611140762692e-16 6.123278316931016763e-01 2.677598558101637938e+00 5.260818990992092381e+00 7.096191780332261612e-01 1.318850605192090963e+00 7.302193512702827016e-01
1.556360112900633919e+00 4.461657390861894781e-06 8.024375389051860985e-01 2.908831450387635797e+00 3.127892653505283960e+01 2.011029935956342385e+00 2.338731658208496267e+00 1.033393955359728889e+00
2.518387705741735941e-02 1.943178075083994400e-06 5.939329995533960682e-01 2.367559906183568152e+00 3.789781708606072996e+00 1.562775340742291963e+00 1.654929879210739863e+00 1.358180617585971195e+00
6.567965177329430698e-04 1.060999798268721196e-06 3.746562232796492031e-01 1.082402142237297804e+00 9.537678638922788110e+00 5.228357959868121796e-01 7.121992935938640246e-01 4.610146499630427552e-01
4.152353521771688205e-05 1.282900507334516412e-07 3.550353063190743175e-01 8.437714059118588406e-01 2.139707051221038547e+00 4.005672651937863815e-01 5.422439496647095680e-01 4.632596185461624883e-01
5.649234148815462849e-05 4.694961907102814087e-08 3.924953068257553968e-01 9.059109985173123825e-01 3.426345468265193261e+00 5.667478452533263322e-01 6.878785051594885624e-01 5.995981963579288809e-01
2.281034517214009069e-05 8.342595922857539393e-14 3.058740838806846551e-01 7.328000092587845238e-01 1.288629861920773223e+00 3.389002218495038576e-01 4.600566082173371263e-01 3.239955810471807918e-01
2.950263863555552051e-05 4.492323499948425301e-08 2.505657489486982081e-01 6.434567417157903702e-01 3.235330236694397676e+00 3.146969841306165860e-01 3.823519402883878149e-01 3.208228930058071304e-01
1.186430945266479385e-05 3.931554041420006255e-08 2.273145444564050877e-01 5.635335204826490418e-01 1.125870822230301105e+00 1.998925494532977354e-01 2.665643367962100552e-01 2.429465927095233735e-01
