1.905971905381296165e+04 2.970210346172946344e-06 1.349869704117579783e+00 1.128871966036687802e+01 2.406307225186732168e+01 7.585635207923380641e+00 9.143088906747314226e+00 1.738558015929133838e+00
1.069185358565403732e+01 9.118226672118297142e-19 3.851375817039005556e-01 2.246796124048453969e+00 6.001557654009093135e+00 1.592101802960411705e+00 1.590223690371474596e+00 9.596302362014959009e-01
2.042959723127213856e+00 4.171940855850764725e-27 6.584823392829527444e-01 3.037366508943800891e+00 1.102188825781486337e+01 2.095911914853616498e+00 2.406760915260398814e+00 1.140634927774329288e+00
1.651438459805075129e-02 6.004167406112704314e-21 3.194356584070348060e-01 1.281122346196185369e+00 3.918267741888334488e+00 1.048128248473304547e+00 1.118660896548802741e+00 8.356869689171010362e-01
7.499584383108288531e-05 1.213562283932323086e-16 3.098451059618705372e-01 1.134003067775960716e+00 3.588065272122717531e+00 9.987815688027462668e-01 8.147824398571257287e-01 1.632237418581278909e+00
2.758359890332529919e-05 3.152250590148158030e-22 2.680500740571374330e-01 5.890298303971737148e-01 2.203396503926821737e+00 3.907313653889163962e-01 3.898492353492214457e-01 5.061805910780343698e-01
2.005777845940791534e-05 2.423087569110277884e-21 2.700276279741398167e-01 6.576740909629698040e-01 1.932870012588456365e+00 3.911609295902735983e-01 4.074471373848190803e-01 5.754291743567193640e-01
1.471581061855628547e-05 1.540968082116961598e-18 2.584529267935224417e-01 5.426214358233457657e-01 2.059457966414926400e+00 3.104140969012705864e-01 3.687457957325692703e-01 5.494453185122821770e-01
1.102805082928510680e-05 1.002910322968416813e-17 2.177250650530128673e-01 5.024702128446978389e-01 1.929141137524979399e+00 3.211907704074536962e-01 3.354123093089689256e-01 5.462652254065705204e-01
2.219775707142773228e-05 6.302814204948217779e-17 3.555945309254412434e-01 8.387750874633679299e-01 2.760418779166459391e+00 4.932427292482524095e-01 6.043918702631518869e-01 8.307109686302652785e-01
