3.883711168002784234e+03 3.248857591159880366e-05 8.669463657520422029e-01 6.809967159700243577e+00 1.584283884513050467e+01 4.503116353255175675e+00 5.078240170471120862e+00 1.616385897629599944e+00
5.032031784377290364e+02 1.336190949485393357e-05 7.272092147960580455e-01 4.529254799227497408e+00 1.284232998731019926e+01 2.996716581867459261e+00 3.517802499133500405e+00 1.867038594068172852e+00
3.636137274779888129e-01 6.241659984348697308e-08 7.320224902947656265e-01 2.776461822220057218e+00 7.014215898054651177e+00 1.907817410956214044e+00 2.106798271025255076e+00 1.574023900619245797e+00
4.454908711322162762e-02 3.142532143867489298e-13 4.419805015924901381e-01 1.458339695631959865e+00 1.271854619806540132e+00 1.123833256374215495e+00 1.401488503250837514e+00 8.608427801595356366e-01
2.433711903543892723e-04 7.875789134658286053e-16 4.572247487794647292e-01 1.396987024865103733e+00 3.981424029711785106e+00 1.234070774393025482e+00 1.095731465485549672e+00 1.446102388269092431e+00
3.321501212966219670e-05 7.537112761247093060e-16 4.141560368328347508e-01 8.757744689410302819e-01 3.430556836292934619e+00 4.614733301638681562e-01 6.249344491581075856e-01 7.452120373891407690e-01
3.326409202583411560e-05 6.575432219108535328e-09 3.170877929874366119e-01 7.411354532155629560e-01 2.407173121098356461e+00 4.422442490913026658e-01 4.885054103394483316e-01 7.495317239670253873e-01
1.406790148478306365e-05 6.752610217717755077e-21 2.538726371114563563e-01 5.673905153419598335e-01 1.842451418288075793e+00 3.691193688570643672e-01 3.879234905683264789e-01 5.961610536215777856e-01
3.216322280003569431e-05 6.094600839649817464e-15 4.230594284789760406e-01 8.853113399327668942e-01 2.844520757277628320e+00 4.971397159081151762e-01 5.914302578814593092e-01 1.145144807337922677e+00
1.103581688041133498e-05 6.049585134328121651e-09 2.745915507476376360e-01 6.458819925970359366e-01 1.521655209629479089e+00 3.581117716525015759e-01 4.014768153114881000e-01 6.940820980524872175e-01
