-1.283417816466680868e-16
-1.170585850474026275e-14
-5.163758309834065894e-15
3.408384685599230402e-16
5.252465129501615451e-16
1.213362743612833613e-15
4.893863092547690433e-16
7.983058658567188230e-16
1.529505688768750845e-16
2.697841949839130324e-17
4.783951013109799714e-16
1.281530437324818113e-15
2.349231920106831354e-16
7.993605777301126487e-18
-1.088018564132653390e-16
7.660538869913579537e-17
5.656586310465172297e-16
9.720002580593244900e-17
1.851852005074761029e-16
-4.255484853388225225e-16
-1.071365218763276027e-16
-3.768096945577781440e-16
2.045030811359538438e-16
-1.119548898032007814e-15
1.188160680953842525e-15
1.096789326027192097e-15
2.716715741257758125e-16
-2.917333041807523955e-15
1.696420781627239123e-15
-7.061018436615995952e-16
5.776490397124689803e-16
-1.973532448573678244e-15
-2.384759056894836395e-16
-2.413180766325240329e-15
-3.552491634195576021e-15
3.117950342357289587e-15
2.852384994866952203e-15
-3.457900632497512649e-15
-2.586153513561839699e-15
-4.589661983800397517e-16
5.145217585322825603e-15
-3.619771149487860296e-15
7.712497307466037846e-15
1.755040557327447440e-15
-3.412159443882956307e-15
-7.241762745024970463e-15
-1.518785097687214264e-16
7.045031225061393684e-15
-2.480238237012599696e-16
1.185940234904592259e-15
3.379518886958976552e-16
9.274581103113632341e-15
-8.155698338896400041e-16
-3.918643187716952456e-15
1.342037592166889136e-15
-6.505018745883717063e-15
-4.042322032660194585e-15
2.338129689860579532e-15
1.633360113828530274e-15
-5.399902747171836173e-15
-1.868727395049063571e-15
3.388400671155977813e-16
3.730349362740526134e-15
-5.911493516919108761e-15
7.617906305767974080e-15
-2.876365812198855704e-15
3.375744128675250844e-15
3.210764987215952904e-15
8.850919996916672328e-15
1.427524765063026340e-15
4.189093516515640583e-15
-5.136779890335674357e-15
-2.292832590455873401e-15
-8.378631122241131771e-15
-7.213563080199492522e-15
-1.423638984476838276e-15
2.013389455157721560e-15
-7.993827821906051605e-15
3.581468455138292522e-15
-1.195377130613905987e-15
-1.515454428613338668e-16
-1.634248292248230400e-16
7.510769783891646095e-15
-1.207034472372470178e-15
2.611688643128218347e-15
-5.834110972102735047e-15
-4.584110868677270866e-16
3.045785845756654570e-15
-6.633471549832848072e-15
-4.202749259718529737e-15
-5.223377286256436693e-15
2.888800310074657271e-15
-8.113509863960643808e-16
1.503686064552312072e-15
2.302824597677499794e-15
-1.978084362974641427e-15
-6.042943923034727018e-15
-6.320166612283628593e-15
-9.773626352682640711e-15
-3.055000696861043192e-15
-1.041722264005784284e-15
-3.718247931772111732e-15
6.189715406890173016e-15
-1.057975929086296640e-14
4.297229239114131246e-15
-1.364242052659392385e-15
-5.978106898396617523e-15
3.394062808581566227e-15
-5.530242930262829494e-15
2.860711667551640798e-15
-6.759370840825340862e-15
-4.690137167528973521e-15
-1.473932087492357801e-15
5.881961584464079398e-16
-2.063127446660928222e-15
-9.041656312547274613e-15
-4.108380302625392062e-15
1.062494536796520988e-14
-6.932898699574252305e-15
2.350342143131456585e-15
3.486988475742691801e-15
-2.484401573354944190e-15
1.351363465573740607e-15
-1.498856594395192655e-15
1.061206678087955928e-15
2.092270801057338897e-15
1.541877736599417392e-15
6.925016116099413724e-16
5.738909347741127685e-15
4.303946088413113172e-15
-3.319566843629217898e-15
2.706168622523819067e-16
5.118683255034283883e-15
7.797096301942474036e-16
-7.692513293022784271e-15
5.359546140226712307e-15
-6.809441899235935478e-15
-1.787070491587883105e-15
3.920752611463740070e-15
1.001365657060660024e-15
3.763656053479280810e-16
-8.608946888699620545e-15
-7.323586181939844906e-16
-2.107258811889778290e-15
6.616929226765932941e-16
5.452860385446456569e-15
-4.114042440050979786e-15
-1.744215882837352148e-15
7.153055925357421301e-15
3.188560526723449458e-16
9.223621866283337303e-15
-2.518873998269555030e-15
5.763334254282881002e-15
8.049116928532384363e-18
-3.686495553267832300e-16
7.533196288989074055e-15
-7.728984119381721257e-15
1.948330385914687156e-15
5.143108161576037989e-15
5.004052727741736596e-15
-5.055122986874493891e-15
-7.653766509463365891e-15
6.727396417716135930e-16
-5.012656956182581918e-17
2.908395746459291369e-15
-4.214961712989407184e-15
-3.022249117634601279e-15
-2.595756942724847404e-15
-1.720873443744608202e-15
1.409899974547101838e-15
-7.122358258726535875e-16
-3.359257316759567335e-16
-2.607358773332180072e-15
9.662826094825049965e-16
-4.257177943500778389e-15
-6.327049995036304299e-15
1.309508057545372132e-15
8.449907440422066169e-16
-1.698641227676489536e-16
3.866323927681492206e-15
-3.601979825518242409e-15
2.001732113399157369e-15
-7.893685705084862618e-17
-4.723360591540881406e-15
1.489114387354106932e-15
-4.510003481783542409e-15
-1.636024649087630751e-15
3.577388385522795311e-15
4.159256272728839816e-15
-5.516281875728168542e-15
-4.418826415886201523e-15
-3.502753642692368668e-16
2.638361751294837692e-15
-6.533107388406733733e-16
2.293193412938876327e-15
5.216160836596372639e-15
-1.663474913371487669e-15
2.027850110053464246e-15
1.891514722629494852e-15
2.414540789530405934e-15
-2.666478149393469532e-16
-4.833480837795889152e-15
-4.560310462586869815e-15
9.022921299006724781e-16
4.168596023923498971e-15
5.279929271573280447e-15
-8.404249518534356519e-16
-1.638272850712496581e-16
5.185935014750952790e-15
2.843766888638299296e-15
-2.721489700263646414e-15
-2.979186342066952900e-15
-9.602874051495291212e-16
-1.762381907077781237e-15
1.366934343494108426e-15
-7.026185189218381003e-16
-7.142897384682101227e-17
4.400785291736042571e-15
-2.839783963537456461e-15
-2.249450625768645343e-15
7.083944542074505054e-15
-4.114847351743832923e-15
1.394093174234001328e-16
-6.071712577160326097e-15
4.054055702251701923e-15
6.016714904077957292e-17
-1.164950080845272854e-15
-2.370562079967442161e-15
-2.160452372557131080e-15
1.322046638829732410e-15
1.979905822624416996e-15
1.375087543831199301e-15
6.512186623286453140e-16
-7.657971479169134423e-16
-1.811575195409531441e-15
1.345304076472153530e-15
6.405050101410125747e-16
2.561832690428644895e-15
3.418439142865992159e-15
-4.793046601975215286e-15
-9.467376969191087608e-16
2.777877754212010488e-15
-7.581331396000478975e-16
4.429762980040496842e-15
-6.823246828657758266e-15
3.669113624038544651e-17
3.566019007861243166e-15
6.316405731787710667e-16
-1.703802030017520429e-15
-5.673645581127928520e-15
-1.003724880987988308e-15
2.190289616343932241e-15
5.044228923445359196e-16
-3.925533509363532693e-15
-2.769805218516552205e-15
-6.063621826868370290e-16
