7.514194065820152578e-04
2.356536767813610439e-04
3.219639131889514118e-04
1.064552978063843750e-03
1.630751560641367911e-03
1.682720418689398218e-03
1.726844296587744763e-03
1.581876307904628949e-03
1.569514210721163327e-03
1.567685362824540246e-03
1.758846921387158951e-03
2.138577815263609239e-03
2.834437594686860934e-03
3.258101055723431737e-03
3.943172771347457257e-03
4.132034947319547166e-03
4.047629031751445727e-03
4.073313033880076976e-03
4.087778374211367000e-03
4.205149101962193069e-03
4.268697748648299720e-03
5.029144124903171288e-03
5.621844067655164430e-03
6.174754027934654770e-03
6.254874299107946421e-03
6.607906939117211276e-03
6.111166462571802384e-03
6.399163130020931768e-03
6.197896180068547360e-03
6.082307263775387288e-03
6.070335229152448372e-03
6.832049034229100218e-03
6.926318116948349327e-03
7.894609212428209052e-03
8.264212273150892477e-03
7.718228264024139078e-03
8.325729339915448682e-03
7.898205388311497696e-03
8.508045426966147004e-03
7.687745140549864450e-03
7.990979398793692998e-03
9.087606196689596710e-03
8.854098276106793161e-03
8.668391427742984379e-03
9.503729128243343718e-03
1.021801086955680289e-02
1.076499344714954703e-02
1.006403938237825091e-02
1.074553265298648121e-02
1.103364582085184821e-02
1.096988748199167162e-02
1.137171004478933212e-02
1.207533460442110004e-02
1.235859085057768383e-02
1.291460377607910742e-02
1.287895819279489748e-02
1.307615293067018215e-02
1.407405401065186731e-02
1.436710134100611068e-02
1.509679538943112069e-02
1.540045766833588424e-02
1.545070567374999884e-02
1.608438966879283463e-02
1.669003209396416679e-02
1.724120677869795532e-02
1.766448035876393152e-02
1.869288810706698500e-02
1.930497199805605857e-02
2.017584697381074807e-02
2.024045320664743727e-02
2.037409493554981008e-02
2.187532517417323241e-02
2.221526275864457375e-02
2.178268316479741590e-02
2.267102515729045933e-02
2.406202610536214634e-02
2.463361598002705016e-02
2.464014087812810630e-02
2.594165665023845380e-02
2.684283542032877765e-02
2.779264725883815942e-02
2.744956134505461068e-02
2.826814490212490108e-02
2.932113722769944669e-02
2.980417080790455017e-02
3.097220894314484108e-02
3.216889079472245311e-02
3.228528261454302606e-02
3.311264393658826938e-02
3.401296768743553023e-02
3.496040977860945254e-02
3.559761843142676685e-02
3.571299556530907471e-02
3.695223665468887891e-02
3.815098679037381285e-02
3.873751109706362328e-02
3.882687007845193883e-02
4.020561035901132341e-02
4.032993173815080379e-02
4.208404369949395735e-02
4.246710996831504908e-02
4.307657353984576526e-02
4.354044738125092268e-02
4.464865816780888563e-02
4.603589373972443582e-02
4.713069693872912191e-02
4.728619258107946005e-02
4.782129862283794608e-02
4.912207919330094374e-02
5.102094411715443756e-02
4.990668016173498839e-02
5.046545082150147299e-02
5.257777241595184420e-02
5.348714586641308694e-02
5.510368404672527642e-02
5.510694429542436351e-02
5.685571410470793841e-02
5.720908100974481797e-02
5.733710064968648712e-02
5.887908245730630319e-02
5.898949826438561889e-02
6.001017210636253041e-02
6.173033111243227122e-02
6.244236209500179935e-02
6.352154086572953107e-02
6.479729298186967523e-02
6.467341266779559616e-02
6.539197428909562793e-02
6.677160100365200912e-02
6.853796903956134445e-02
6.830869283471228959e-02
6.923970122784861569e-02
6.964091875836012080e-02
7.178372195420229529e-02
7.275282193097137862e-02
7.271048009434549764e-02
7.444513950243365763e-02
7.575348308656518204e-02
7.638958008972450420e-02
7.747274144706065013e-02
7.780373907013643509e-02
7.895697707847158797e-02
7.974354902042017634e-02
8.117396058044844265e-02
8.318509109784261168e-02
8.411110031709637114e-02
8.425746694253020974e-02
8.576592127875187765e-02
8.726992654447544850e-02
8.692506726251301996e-02
8.751846225173295912e-02
8.958671939098411530e-02
9.049423252439321719e-02
9.083866926922970486e-02
9.279883618785254862e-02
9.236948574139598744e-02
9.362680896046020329e-02
9.520770078646573209e-02
9.631235059879003635e-02
9.718060355384758320e-02
9.799707068389695852e-02
9.934081987462885233e-02
1.003416245555969338e-01
1.005937860983359133e-01
1.025460103700834014e-01
1.032822150965216901e-01
1.049499989418941209e-01
1.059753532787046232e-01
1.066099541299165149e-01
1.073925553349577428e-01
1.086458285998571777e-01
1.103162391491681327e-01
1.113572672167652128e-01
1.104487008071737691e-01
1.130204112303935388e-01
1.146122310300777269e-01
1.143270370526073554e-01
1.159932983161889308e-01
1.161634280200947444e-01
1.186386885744361158e-01
1.190280224828792199e-01
1.203477438675591843e-01
1.211342839994538761e-01
1.222723738164834678e-01
1.237996837184323073e-01
1.253144031466634778e-01
1.267615159316669571e-01
1.275707515366183986e-01
1.285383502776315801e-01
1.293940816543387162e-01
1.314132905845142862e-01
1.310946153386575719e-01
1.321771604247580778e-01
1.329337232475680808e-01
1.344070226314186822e-01
1.353629117500801116e-01
1.366010668560869723e-01
1.375676802604172966e-01
1.401122658658155717e-01
1.405518109932075710e-01
1.411009343790515513e-01
1.429304593956864933e-01
1.434494044908351806e-01
1.446196797944288015e-01
1.469447571258862273e-01
1.475998004223633697e-01
1.482578440258884855e-01
1.490871210824124271e-01
1.517177839130337824e-01
1.513283970037780091e-01
1.530609247672740370e-01
1.546384315116257346e-01
1.546235960513841767e-01
1.566953036524692533e-01
1.581936877513275275e-01
1.594656946804717812e-01
1.596967966775136305e-01
1.620686591098469409e-01
1.621834167144130812e-01
1.628514803253176269e-01
1.649374317182468741e-01
1.657371016680204145e-01
1.678068634433963757e-01
1.697006807051241462e-01
1.704505709275432601e-01
1.706808150422398085e-01
1.707661140902995978e-01
1.740806731051428302e-01
1.745657254240615408e-01
1.759111726579266621e-01
1.770255539673681322e-01
1.786932218411663720e-01
1.796633141180379312e-01
1.806240205824810319e-01
1.816384773509736039e-01
1.833924763989834561e-01
1.845488304497986398e-01
1.862938024871653164e-01
1.870147570618507782e-01
1.885261599179056113e-01
1.900965907546428302e-01
1.907171296499503566e-01
1.921038787762444910e-01
1.932764122453377309e-01
1.949449365102924325e-01
1.970165330365021283e-01
1.974390076904983526e-01
1.986363858601387367e-01
1.995279120668531081e-01
2.019712702612190269e-01
2.021475687672378008e-01
2.041974751719271564e-01
2.057382885379666071e-01
2.066580765085538618e-01
2.072251858943239822e-01
2.103767239695287228e-01
