-4.221744725618893461e-04
-4.977043706222398708e-03
-6.470458344789286644e-03
-5.898325987311401307e-03
-6.861732934242661258e-03
-7.772253484213909221e-03
-1.069799221318029278e-02
-1.158589233659794264e-02
-1.107103065149761187e-02
-9.373745331216452870e-03
-6.286912365026454778e-03
-1.065144580546215601e-02
-7.591452794247072026e-03
-1.430168110613790804e-03
-2.510662588318984551e-03
4.063132096112647904e-03
9.812846741962479372e-03
2.160531711538492879e-03
2.035940749930884291e-03
9.615778606452343377e-03
1.624980842416925628e-02
2.286323630281184363e-02
3.542645541926273817e-02
4.738670938655428072e-02
3.674644762109625235e-02
4.496457876084911792e-02
6.200030015054665972e-02
6.071183430113835655e-02
7.757168615712682624e-02
7.972021096869782997e-02
8.674710072074832967e-02
8.744238342219026738e-02
1.025376760862669601e-01
1.038469874940028959e-01
1.282149855188422227e-01
1.396603114975989435e-01
1.479265755919283998e-01
1.628616271495319234e-01
1.663916228360951266e-01
1.621408690611244041e-01
1.804777764685869257e-01
1.883993061857158757e-01
1.979464983666699152e-01
2.073257954704482153e-01
2.165295817931751632e-01
2.312346213714429333e-01
2.384873120783904954e-01
2.507142844445850449e-01
2.588904294879021406e-01
2.759772261474167654e-01
2.780788167133597111e-01
2.860702966125462376e-01
3.044853901838422416e-01
3.022905112438550312e-01
3.163738184481125759e-01
3.384014241518324972e-01
3.520317546645139184e-01
3.648777027651475824e-01
3.731226833930321729e-01
3.748925627885027478e-01
3.868404855059772718e-01
3.941951071173575016e-01
4.110417930361796035e-01
4.145733031343393771e-01
4.322243584762216484e-01
4.482358164828734726e-01
4.514922532498790164e-01
4.584048405477618160e-01
4.723617563637782513e-01
4.804750272518880094e-01
4.875291844439993416e-01
5.069243655405827331e-01
5.158864386582568962e-01
5.156107285267441664e-01
5.397995385634116738e-01
5.455656540253956965e-01
5.601557905933852721e-01
5.660212364778235417e-01
5.712305476432720797e-01
5.819893984125359410e-01
5.989073435421428115e-01
6.054657978318576106e-01
6.172792444869950046e-01
6.335093653575720740e-01
6.391936835303057007e-01
6.545678387699547240e-01
6.642255314441590786e-01
6.719400097656526016e-01
6.830309143941751815e-01
6.899819118984988897e-01
7.013267371558967733e-01
7.173844953649017864e-01
7.256999957803946799e-01
7.331426648736053542e-01
7.417100948027944840e-01
7.510239103859501775e-01
7.581245857143578126e-01
7.732145006694611800e-01
7.811923168585591659e-01
7.936197233657792394e-01
8.077350572289807573e-01
8.163704182408190180e-01
8.216835495854364346e-01
8.346313624896395389e-01
8.466426007792573483e-01
8.484385946112789068e-01
8.588608603229681560e-01
8.731818452863572277e-01
8.824441213773709380e-01
8.928714173592572356e-01
8.981794054034032415e-01
9.062174307401273943e-01
9.159285078140424474e-01
9.284727541806553353e-01
9.402280298363802080e-01
9.444765917267634592e-01
9.582031098723188256e-01
9.685666388156213280e-01
9.751436731971815375e-01
9.842641438381165564e-01
9.914977990577691358e-01
9.993287717521434077e-01
1.014613020193105841e+00
1.019747306389086061e+00
1.028071671537599263e+00
1.037960757429822189e+00
1.047058551093529521e+00
1.054641782307873754e+00
1.066698019112560791e+00
1.074918661440112055e+00
1.082519889775714450e+00
1.092012653920378940e+00
1.097443773875243611e+00
1.109540488969834149e+00
1.115228772969042437e+00
1.126774049316441983e+00
1.134968128555202682e+00
1.143640898391268257e+00
1.150140654973452303e+00
1.158963748184115072e+00
1.166671394801937822e+00
1.176041992186985130e+00
1.185050937577879271e+00
1.195588938840303816e+00
1.202548405972376111e+00
1.213158851635655955e+00
1.217953033817709141e+00
1.223528980884864392e+00
1.235198713958856498e+00
1.242748596422087459e+00
1.246631716576408033e+00
1.255496588928399326e+00
1.266687688918060717e+00
1.274429088971171131e+00
1.281000580827668989e+00
1.288942286830308426e+00
1.293861633301091718e+00
1.305523890203671655e+00
1.317252363454550768e+00
1.320948712674568926e+00
1.329425786796980757e+00
1.339136135982125442e+00
1.342241493194408442e+00
1.347777726678660359e+00
1.355206882013456848e+00
1.364965501668235826e+00
1.376403956559617114e+00
1.382574705113328362e+00
1.390009807744261527e+00
1.395232455316041564e+00
1.403602365565889798e+00
1.409602580643235514e+00
1.419247907053504454e+00
1.426424527531290121e+00
1.431846457067176281e+00
1.441361235744308633e+00
1.448546247981130852e+00
1.456532350140949506e+00
1.463052358605072101e+00
1.471434371102964933e+00
1.476520646144492188e+00
1.482655425128200033e+00
1.490243511031316137e+00
1.496363307005205812e+00
1.504882319273361801e+00
1.511006468013383897e+00
1.517818541388720632e+00
1.524327349219554151e+00
1.530810119472724828e+00
1.535601235709614709e+00
1.543339597550591469e+00
1.552849608207297338e+00
1.556383003651528485e+00
1.564941700670440694e+00
1.572982134502850737e+00
1.576343664558019109e+00
1.586039329572429546e+00
1.587924944012758077e+00
1.598280089019828099e+00
1.601474734654269039e+00
1.610504304100753625e+00
1.616397503240157629e+00
1.620509318746262695e+00
1.631250725434967741e+00
1.637325559856480428e+00
1.640248135212525993e+00
1.650267152840248830e+00
1.659893601168785260e+00
1.661126814612207347e+00
1.666802431391866790e+00
1.674832898075914178e+00
1.679666072794470333e+00
1.687155941300218842e+00
1.690683430176984858e+00
1.697803349142988250e+00
1.704525401233819348e+00
1.710685588303495264e+00
1.717178905651146392e+00
1.721652944350800629e+00
1.726615379865303224e+00
1.731848323361961040e+00
1.737919609364704687e+00
1.745148857628841643e+00
1.748561912570913091e+00
1.754836292718440882e+00
1.759508471527854168e+00
1.765410430992794044e+00
1.771666865010306235e+00
1.778259447512843705e+00
1.785687337808219866e+00
1.791731665022817444e+00
1.795579070575909153e+00
1.802253111943715735e+00
1.807798271978036553e+00
1.812202503814537957e+00
1.818245216842421019e+00
1.823494534960694358e+00
1.829096847025406092e+00
1.835842524834770950e+00
1.840024946216901602e+00
1.845195943083925094e+00
1.852085720150435266e+00
1.859377469745710831e+00
1.860528337134426335e+00
1.865778698957586190e+00
1.872076294999009294e+00
1.878111274675642317e+00
1.883267692802068183e+00
1.888054485575202390e+00
1.892730957330886143e+00
1.899194673821644530e+00
1.903973853944421535e+00
1.909023698612683395e+00
1.912603109326146855e+00
1.916031738964293574e+00
1.925510274005881373e+00
1.929036781925001387e+00
1.933518348654387209e+00
1.936496339470970884e+00
1.943661906417840424e+00
1.948425708792969502e+00
1.954329291873693197e+00
1.959101875627725864e+00
1.963369325523459441e+00
1.967318943643890483e+00
1.971691696138497596e+00
1.978977294516378382e+00
1.983078338854074918e+00
1.986885312192837816e+00
1.992204069883981354e+00
1.995759357429766956e+00
2.001659161229621287e+00
2.005139725703378506e+00
2.010995475581751624e+00
2.016198359184558697e+00
2.021565741852215048e+00
2.024719912889856754e+00
2.028903020060576878e+00
2.033291080591727251e+00
2.039220587825549380e+00
2.044025684862603498e+00
2.047251507309881369e+00
2.051598172458103608e+00
2.056174669833701785e+00
2.062222331918936113e+00
2.065302943934977264e+00
2.069722926552984177e+00
2.074826295153914923e+00
2.077748639168255362e+00
2.084271937246357620e+00
2.086695130035808088e+00
2.090819105776307918e+00
2.097316827907095060e+00
2.100477544988410550e+00
2.104577521652394534e+00
2.108362518405572317e+00
2.112046096279807106e+00
2.116456125911929664e+00
2.121909037088758776e+00
2.122808331502014312e+00
2.130652340950911050e+00
2.135196663755411173e+00
2.136743213263866625e+00
2.141839582772156803e+00
2.145589506464894658e+00
2.148521833278643545e+00
2.154253611614349584e+00
2.159664010228715014e+00
2.161352737466397667e+00
2.165996783239729329e+00
2.171121789586063944e+00
2.172956703609736806e+00
2.178168132863977480e+00
2.182847361433426059e+00
2.186539114130706007e+00
2.188877553574883006e+00
2.193059122124074278e+00
2.198563020002155088e+00
2.199939089296796713e+00
2.204931624322822081e+00
2.209991797152567106e+00
2.212933909554164913e+00
2.217313623275757095e+00
2.220750724775772067e+00
2.224806809220251314e+00
2.228541516627491781e+00
2.230334694770204074e+00
2.234330702839756988e+00
2.239638472686927617e+00
2.243945218551221643e+00
2.245868286153680060e+00
2.249117697574808616e+00
2.253232060991272601e+00
2.257886084320740228e+00
2.259361378288227140e+00
2.265340747906862795e+00
2.269974626479032143e+00
2.271901937416204831e+00
2.275954160070595922e+00
2.277555186878502447e+00
2.282124129430163961e+00
2.286337802217625281e+00
2.288347626765910192e+00
2.292447894722263513e+00
2.294989074032099730e+00
2.299442682655591152e+00
2.302441570964679940e+00
2.305315644376077167e+00
2.310670838007326644e+00
2.313121596362314403e+00
2.316470888094384062e+00
2.319860672635543075e+00
2.323176353299969854e+00
2.328028500587940197e+00
2.331182340056671798e+00
2.333784405336489787e+00
2.336783387063022133e+00
2.339309258442357375e+00
2.341807050641606658e+00
2.346764905096162757e+00
2.351512947571597234e+00
2.352379238329147970e+00
2.355917926870098267e+00
2.359965257241061209e+00
2.362784876500728881e+00
2.366854290778804160e+00
2.368567796451551022e+00
2.372358230864885176e+00
2.375815177785589594e+00
2.378517694544485472e+00
2.380475929777637223e+00
2.384405127089679777e+00
2.387861785589715069e+00
2.391072153982583881e+00
2.394767975601215237e+00
2.396388815145539919e+00
2.400258502996820198e+00
2.402791622723624343e+00
2.407146135371591278e+00
2.409883833439200096e+00
2.411457697560891233e+00
2.415280124290921648e+00
2.418511170502892771e+00
2.422222274149243404e+00
2.424367413330470900e+00
2.427496305298129542e+00
2.430417756257134076e+00
2.433407681760998642e+00
2.437078235702687223e+00
2.440011001408130209e+00
2.440485109606755021e+00
2.444027258566541683e+00
2.446997477623228168e+00
2.450723116996547102e+00
2.452762939380172202e+00
2.456636889603096119e+00
2.458810194292325058e+00
2.462095345293626725e+00
2.464772429747198235e+00
2.468172102930542788e+00
2.470662474874973480e+00
2.474014021775443162e+00
2.475741774484671254e+00
2.477878121094537534e+00
2.481745303849478113e+00
2.483407379002563697e+00
2.487308190669266228e+00
2.491083366514793784e+00
2.493147879914956011e+00
2.495527799582401673e+00
2.498517642813213424e+00
2.500578940432521158e+00
2.503880615300975165e+00
2.505437461315791037e+00
2.510151012296821360e+00
2.510931447583856002e+00
2.514846258030143833e+00
2.517277135288003009e+00
2.519911550346196183e+00
2.523338754356010405e+00
2.525954639673024804e+00
2.528211553174384729e+00
2.530357845007250361e+00
2.532065529375203017e+00
2.535396332916797224e+00
2.539089760174085164e+00
2.540133646729630712e+00
2.542641340142078210e+00
2.546152282395182098e+00
2.548335504046341349e+00
2.550532331758969207e+00
2.553100942645544436e+00
2.556443897725523495e+00
2.558191140305543509e+00
2.560637786623007006e+00
2.562840303373171036e+00
2.566432022487047160e+00
2.568272328956930473e+00
2.570425827789103668e+00
2.572546174543786091e+00
2.574963429856852670e+00
2.576832174516098917e+00
2.580523572664226606e+00
2.582382466246532893e+00
2.585499577792602643e+00
2.587281351213966740e+00
2.589944562360984026e+00
2.592160036928025768e+00
2.595217967229987988e+00
2.596688235534194256e+00
2.599779730409620182e+00
2.601970638917803669e+00
2.603881181460596661e+00
2.606553096404955028e+00
2.608098448652985013e+00
2.611612012768531610e+00
2.614802007726266808e+00
2.615839843773324791e+00
2.618062245136146160e+00
2.620461516588743933e+00
2.622399128722032735e+00
2.626122089982856345e+00
2.627896363122705026e+00
2.630086682473731230e+00
2.632601737367619599e+00
2.635598547953293735e+00
2.636907938224879011e+00
2.639637737180617894e+00
2.641256561460964658e+00
2.643216483015160545e+00
2.645560793558793033e+00
2.648187116467509927e+00
2.650308116464085373e+00
2.652459174847343615e+00
2.655851851625553817e+00
2.657039517503073434e+00
2.659990972041917257e+00
2.661329085839267528e+00
2.664213894860169241e+00
2.664744882751485466e+00
2.668702535430049316e+00
2.670281129864259473e+00
2.671947772997249615e+00
2.675588330768891243e+00
2.677448673002085666e+00
2.679120319292009889e+00
2.680553924090826268e+00
2.683140047229403358e+00
2.684924325641714571e+00
2.686976362955553643e+00
2.689868437497107578e+00
2.690522400603946540e+00
2.693667892964342059e+00
2.694964662061209104e+00
2.698754414419128445e+00
2.700471906041954195e+00
2.701934933340373490e+00
2.704807054701299673e+00
2.706224800941911202e+00
2.708594052745600500e+00
2.710344322317369770e+00
2.712651549582275390e+00
2.714220960825801665e+00
2.716435285987067516e+00
2.719006299841252972e+00
2.720599419571838151e+00
2.722822190067639703e+00
2.723277190064572917e+00
2.726139755488564020e+00
2.728626784345147271e+00
2.730297554195388887e+00
2.731589692023102867e+00
