-5.888610270550309438e-04
-3.827254491258213782e-03
-4.882934076128480488e-03
-2.826821021655716044e-03
-1.078750067693331907e-03
-8.845217902164765472e-04
-7.746684534199146282e-04
-1.009746104680816917e-03
-1.506434644244674607e-03
-1.528893354097690107e-03
-1.427751010261293007e-03
-2.306022106311301362e-03
-1.380052317113118852e-03
3.179218764200548368e-04
6.607800569833965432e-04
2.470526410524995307e-03
3.774901861986682764e-03
1.825198359996618768e-03
1.379215700192612483e-03
2.842584096682627612e-03
3.922285295918586691e-03
5.733351422600418447e-03
8.419340137865492443e-03
1.217001211491265319e-02
9.626095592697994294e-03
1.176301078318286834e-02
1.640451386089680080e-02
1.492563913233652464e-02
1.907885129372141955e-02
2.037317013532293983e-02
2.170239742701481067e-02
2.009780526057769814e-02
2.398135134172240182e-02
2.560299667024141732e-02
3.352249594505992553e-02
3.611787387788312209e-02
3.657938709877620737e-02
4.114573817127321204e-02
4.362878378788018902e-02
4.120456869342694478e-02
4.654407099729512137e-02
4.817378242788047243e-02
5.030439909831412038e-02
5.194942697791340297e-02
5.337733436008883919e-02
5.874071227044178750e-02
6.001006860722365999e-02
6.363916353095767919e-02
6.801609756724467937e-02
7.003655057785738991e-02
6.990214336460315314e-02
7.555802301121905540e-02
8.184423103472907024e-02
8.097434271739742395e-02
8.249965126180147656e-02
8.769506822952025105e-02
9.298927505391797743e-02
1.012211200422016566e-01
1.009935597297783594e-01
9.660500820774509112e-02
1.024828483088724151e-01
1.040071127189522576e-01
1.082163057850649979e-01
1.127633484499219879e-01
1.139752807304463406e-01
1.166350846158195897e-01
1.256146397558776384e-01
1.238524289971373177e-01
1.283952888871079667e-01
1.296693886908724669e-01
1.349171181396906505e-01
1.424014536996359159e-01
1.414767953933716849e-01
1.433317386235813118e-01
1.507602491308922543e-01
1.505401103624098846e-01
1.560837254251521145e-01
1.589306510799823047e-01
1.594728842095985699e-01
1.688354814246119384e-01
1.737267982520285248e-01
1.721609756087583154e-01
1.781115454889455607e-01
1.868294409350380048e-01
1.820338628703283834e-01
1.813041008467870807e-01
1.861536825330274703e-01
1.900066166014123259e-01
1.976423432945836889e-01
1.951703536270339989e-01
1.977812403023536669e-01
2.067506792157386142e-01
2.100790492925090902e-01
2.125861282481598113e-01
2.166368241947913276e-01
2.230810399031614710e-01
2.216059196523762209e-01
2.297648390694350395e-01
2.290539429384065850e-01
2.320559694330834311e-01
2.373849211173258700e-01
2.428394325821797151e-01
2.428477051045032920e-01
2.460315025119161059e-01
2.471204390453820843e-01
2.539141829050823862e-01
2.577757334509906961e-01
2.584478239545837108e-01
2.656055880247962242e-01
2.638480480456965038e-01
2.690854729911656418e-01
2.701229444635117605e-01
2.723973991952753360e-01
2.780014333259988035e-01
2.839423785080864571e-01
2.829595892616768582e-01
2.866424684326316363e-01
2.924311082393591943e-01
2.936355943191671924e-01
2.959297230459018158e-01
3.050570398206788325e-01
3.043130643917534295e-01
3.068794070889693804e-01
3.116142279969821849e-01
3.164543224414083089e-01
3.189279202466778207e-01
3.243968744440933749e-01
3.258433070761110328e-01
3.294388801498546182e-01
3.310445636829285609e-01
3.331046509158616109e-01
3.404402909581014658e-01
3.413882844266149519e-01
3.417017328501772422e-01
3.453562664217705858e-01
3.527552866190366565e-01
3.521021849397609205e-01
3.569159173988482037e-01
3.656449454379712694e-01
3.634565018791446889e-01
3.669614155250992549e-01
3.728273160714833945e-01
3.740322000727687168e-01
3.783377045879978140e-01
3.795575730078005194e-01
3.811448134741737270e-01
3.866408041454335032e-01
3.900917513270215631e-01
3.955411964367183120e-01
3.955639822830947505e-01
3.987674894553259186e-01
3.974273557683815072e-01
4.032649147648897370e-01
4.071833698434645377e-01
4.054193562693311215e-01
4.157533464607167661e-01
4.157137636909735701e-01
4.195586576455559435e-01
4.200484896079156316e-01
4.249912701004073257e-01
4.268875585025882491e-01
4.302563835084270982e-01
4.347757330733132419e-01
4.379088963731558870e-01
4.435161810337350241e-01
4.437429377476695413e-01
4.429957336078375607e-01
4.474197381461184619e-01
4.517716771807863685e-01
4.530959180280918486e-01
4.580202574246203806e-01
4.613723246460070815e-01
4.624175748320334400e-01
4.669493207247531474e-01
4.699192709045650895e-01
4.714197726717643810e-01
4.743302679599137872e-01
4.774856938420133368e-01
4.790111172842457798e-01
4.809829136322418264e-01
4.852803291231270189e-01
4.866655728828340188e-01
4.909210547890446863e-01
4.961875056837216080e-01
4.978804686869630070e-01
4.981187888843117140e-01
4.987191618594730147e-01
5.030730118499898706e-01
5.052801001323233843e-01
5.121696044600539954e-01
5.133335065371305017e-01
5.139233489279976252e-01
5.176533805146975586e-01
5.201404376561392651e-01
5.228032890157225943e-01
5.245560009791835343e-01
5.304253974637592739e-01
5.317162284659895377e-01
5.335747364900782497e-01
5.338945622071601393e-01
5.392983823809182065e-01
5.412496175940731957e-01
5.428354578677181408e-01
5.460434028186642585e-01
5.472970017789734465e-01
5.478892102271862852e-01
5.517458277759098584e-01
5.559916124133224002e-01
5.585706500507077177e-01
5.601232758261223132e-01
5.625910870155554910e-01
5.673034884182922566e-01
5.678918853533669875e-01
5.702634612146861848e-01
5.743631421149892891e-01
5.766424901990774288e-01
5.783778099296305042e-01
5.786030926067533553e-01
5.834577369776641209e-01
5.863658544091159275e-01
5.853277494558969396e-01
5.885598484608057790e-01
5.936807516016174846e-01
5.931135694320018859e-01
5.941114420897979365e-01
5.992205900718370337e-01
6.024974116574396410e-01
6.030030406846289548e-01
6.058121385173619311e-01
6.077822968486755739e-01
6.096686520169403156e-01
6.113171588691700409e-01
6.144658647343308466e-01
6.182417987143878912e-01
6.175213113914148622e-01
6.215496426142501640e-01
6.234782402084445563e-01
6.243405341158044797e-01
6.274342396588401538e-01
6.304502055027851881e-01
6.316257380813503630e-01
6.328906883082419110e-01
6.359883450437560093e-01
6.376448903958187309e-01
6.398611505369277141e-01
6.420367048020914069e-01
6.438919068165603887e-01
6.452158908143348359e-01
6.461501570110679271e-01
6.477985966958149655e-01
6.502754802515319232e-01
6.518980517125229079e-01
6.541983675322705638e-01
6.547964303525934948e-01
6.592654625115225153e-01
6.604633204156284965e-01
