7.677106927358993580e-04
2.362028625751794956e-04
5.046851878418702562e-04
1.375245750024669308e-03
2.092367383411393271e-03
2.456168809786441788e-03
2.737951406856689151e-03
2.861838554022670417e-03
3.218238306834380388e-03
3.551770002502056389e-03
4.024126526744768728e-03
4.667425279855330102e-03
5.805479131446627562e-03
6.353224635670785304e-03
7.644570524203652545e-03
7.987918414596412858e-03
8.045779994558573817e-03
8.379567993433164816e-03
8.605500481070357463e-03
8.978435653850019155e-03
9.057606151897082750e-03
1.020722188895539784e-02
1.113397544872707368e-02
1.219610835802898557e-02
1.229705750478990445e-02
1.290845675366520361e-02
1.237261745695980401e-02
1.292085440330966589e-02
1.256698257277566455e-02
1.242750925983380356e-02
1.257680639374568997e-02
1.352598683213501914e-02
1.370939122755728337e-02
1.520481209272181271e-02
1.575464778350102804e-02
1.513857773998037760e-02
1.624739601981303391e-02
1.549893734368437172e-02
1.630526620107262611e-02
1.532636660566730029e-02
1.588856475988848632e-02
1.673509285324249057e-02
1.696466974620413834e-02
1.644845423553101607e-02
1.769758961026978231e-02
1.886001360436974708e-02
1.942589943547853165e-02
1.830993737422218978e-02
1.956257420905368680e-02
1.962752514530445233e-02
1.958074820647380879e-02
2.050140644110179031e-02
2.156804305116158393e-02
2.227085365378368709e-02
2.243229543839864865e-02
2.242497888765005581e-02
2.259131632117118010e-02
2.421034889894791570e-02
2.400736497570209529e-02
2.525668308188256869e-02
2.464789322900606469e-02
2.581720907795372055e-02
2.681207240394499480e-02
2.775877026764899530e-02
2.755468517723666869e-02
2.784420133435050460e-02
2.932164850724659766e-02
3.100606616274921568e-02
3.135884050371153670e-02
3.109831151549770356e-02
3.144149618774613741e-02
3.345276606813708808e-02
3.349271774482999453e-02
3.395153233966913264e-02
3.389932709260651267e-02
3.576727210817605418e-02
3.528868071918893345e-02
3.648241085033782083e-02
3.726351197360600054e-02
3.922386251248603101e-02
3.883601778046769787e-02
3.999139353175269057e-02
4.123830398247463336e-02
4.196223291691714152e-02
4.223342464621703679e-02
4.282434461601002107e-02
4.386477095672223353e-02
4.475501959609771291e-02
4.582724719812378278e-02
4.663278896850149569e-02
4.833451024791724643e-02
4.835627489171762800e-02
4.864777798293284244e-02
4.907941937777780123e-02
5.032494510199604643e-02
5.174528195609495035e-02
5.249794395727391122e-02
5.365631907309289378e-02
5.386505345792703958e-02
5.444619154838160890e-02
5.561226364152589696e-02
5.613980320593583984e-02
5.524729122486592842e-02
5.713244257510119439e-02
5.838896007837809238e-02
5.980646754701929302e-02
5.934380322938465763e-02
6.030543990540857685e-02
6.132594741968051127e-02
6.285347685357302316e-02
6.302288678589845761e-02
6.336452719701715641e-02
6.435769031325205836e-02
6.532762597959280992e-02
6.587595812567753617e-02
6.620150277045071252e-02
6.837111438143431141e-02
6.865760516351920861e-02
6.849764857219751979e-02
6.943053368325073638e-02
7.036974530827798391e-02
7.058008937092960511e-02
7.356118714640776102e-02
7.315670425598050364e-02
7.398802171037406616e-02
7.462652741058393990e-02
7.410260330930146244e-02
7.455491056416839457e-02
7.539504148769417269e-02
7.837228043054685067e-02
7.741548502451547908e-02
7.862942545809845085e-02
8.002773123901306407e-02
8.030553209436715190e-02
8.049175565635124929e-02
8.044471614529001557e-02
8.159333098835425124e-02
8.378357972532879394e-02
8.286203961767943382e-02
8.330434396804463348e-02
8.465695558907775087e-02
8.421509504992455430e-02
8.588321425168610190e-02
8.686857089047861358e-02
8.835777019352054895e-02
8.906876440342401113e-02
8.905762419354507076e-02
8.987508147103277778e-02
8.939004947431961057e-02
9.155606092475161717e-02
9.065439498106867000e-02
9.287215652040999025e-02
9.355152105238005722e-02
9.330757043204598866e-02
9.335508563295141782e-02
9.472421824029078619e-02
9.463404198260239042e-02
9.579975775174172370e-02
9.589181526974449588e-02
9.725908268226993170e-02
9.708131615542446580e-02
9.923880459943862364e-02
9.816689668702426042e-02
9.885078576350472823e-02
9.881277122136634949e-02
1.005762068991946923e-01
1.010145509091175953e-01
1.006005065584541225e-01
1.019715365158856135e-01
1.021238035858158671e-01
1.040740892431044756e-01
1.036928097524827119e-01
1.045608617100418497e-01
1.043947874492537758e-01
1.055533659708176586e-01
1.064725931808721132e-01
1.069367238805826320e-01
1.078667118726428370e-01
1.086394782982315482e-01
1.083027686438664955e-01
1.089491397776665565e-01
1.088136713421784946e-01
1.093304542071737995e-01
1.102909929906687458e-01
1.121190980682119781e-01
1.114222470288914052e-01
1.116269134667171870e-01
1.120839605561969182e-01
1.130072284478730316e-01
1.143855048922355760e-01
1.135783364511826349e-01
1.149946662749770088e-01
1.143209435207546004e-01
1.147980159486100549e-01
1.164878247017167440e-01
1.157531090594888235e-01
1.169045007309906931e-01
1.167722710952476678e-01
1.175779319764942016e-01
1.177145102555121198e-01
1.176731133797136869e-01
1.194257511886853557e-01
1.195891907361181922e-01
1.192125430840016709e-01
1.210920456650179805e-01
1.201957957425236201e-01
1.209304280785124114e-01
1.216844114358338474e-01
1.208415529063825850e-01
1.218469982004080077e-01
1.234377265888107755e-01
1.234391692272970714e-01
1.238074698612112584e-01
1.239650705441201900e-01
1.246004739063758665e-01
1.251145575192074422e-01
1.254053467687925583e-01
1.255027536936716426e-01
1.263233550334676158e-01
1.263601911649855636e-01
1.265293524762013677e-01
1.264591237066950979e-01
1.274004784040122795e-01
1.272076641345363246e-01
1.287955519785798919e-01
1.285016155946450689e-01
1.294102685746943426e-01
1.294712255119018218e-01
1.292918103207606195e-01
1.312195548006122314e-01
1.308024311349956503e-01
1.308533842114283918e-01
1.305933947911474546e-01
1.312526508133479708e-01
1.306852161738631390e-01
1.316221526861102165e-01
1.326430246689767056e-01
1.328335829177764160e-01
1.329380768670315738e-01
1.335216879991804884e-01
1.345715567206756669e-01
1.338951780411830050e-01
1.337138541906719991e-01
1.340006907673093883e-01
1.346823349817377891e-01
1.348408254389479866e-01
1.351343381328575788e-01
1.351295481157403777e-01
1.354215880056099941e-01
1.360971380989521584e-01
1.366572499923076889e-01
1.371626404392488896e-01
1.376041305686573346e-01
1.377710815914757192e-01
1.372495188366714969e-01
1.374459525407780991e-01
1.379965181111954542e-01
1.381813995740530931e-01
1.383477292337373099e-01
1.388013379910350287e-01
1.401758853131133409e-01
1.399166365185409433e-01
1.398884559185728238e-01
1.398209748908692818e-01
1.396015385873509151e-01
1.399710418335220197e-01
1.407514625006604514e-01
1.416446712153109078e-01
1.412034018101543109e-01
1.409296977709047216e-01
1.427441958408482425e-01
1.406635096092037629e-01
1.414226627325127772e-01
1.415429491625564695e-01
1.420111163746370642e-01
1.438594258161615680e-01
1.433666830834021966e-01
1.424733193233854722e-01
1.431995946808306552e-01
1.436969766905510926e-01
1.437161652458165406e-01
1.437911694985581912e-01
1.432916146258284562e-01
1.429998319762041670e-01
1.441054167797304886e-01
1.437253620015631894e-01
1.453426967002079961e-01
1.442631184267388345e-01
1.450383168780563781e-01
1.459602463142325446e-01
1.445518279342782320e-01
1.452918559114599051e-01
1.462151642830089582e-01
1.458328142314748443e-01
1.461569988390319652e-01
1.457665569260140348e-01
1.466812418477478619e-01
1.467677762109045880e-01
1.471737418063818192e-01
1.466883751263920177e-01
1.464069449132932854e-01
1.465642293427058818e-01
1.469615351487880972e-01
1.467824087706499636e-01
1.471502770470094201e-01
1.473120008064652819e-01
1.483140084191026942e-01
1.482699093639179844e-01
1.475777970098509639e-01
1.485371705953375809e-01
1.490914094563379755e-01
1.480705737597404481e-01
1.486193744160292374e-01
1.485085350001498772e-01
1.484632139576211041e-01
1.496175760527909127e-01
1.496390317521103241e-01
1.491188887197432977e-01
1.491090882520225147e-01
1.494318575769515711e-01
1.500318650038376389e-01
1.498914374758552881e-01
1.493083767212542712e-01
1.495015699184628621e-01
1.500523626288028656e-01
1.499451938605214640e-01
1.505220459881418671e-01
1.496743074359813408e-01
1.504770332809387268e-01
1.513579030733314956e-01
1.497859968582113399e-01
1.504839541521489077e-01
1.508931831936830559e-01
1.514121759445672677e-01
1.510037025497202867e-01
1.511441539845348458e-01
1.506165899778782458e-01
1.508122050265872927e-01
1.517072032801016490e-01
1.520277342510617247e-01
1.512333273555286628e-01
1.514033559902092374e-01
1.514935602540444515e-01
1.525112164955597094e-01
1.522972535441224073e-01
1.518838157735891148e-01
1.530650278730833203e-01
1.523392339548035601e-01
1.527244845986124311e-01
1.513705033291089797e-01
1.521398285816057405e-01
1.527628350868020513e-01
1.519996839965034041e-01
1.524138993440338763e-01
1.516295133241246096e-01
1.518657574766947571e-01
1.529246824984127895e-01
1.523283076680493064e-01
1.531120854909595319e-01
1.521501525843919067e-01
1.530710328634225237e-01
1.526202803277234288e-01
1.532852612764409594e-01
1.532455150914299458e-01
1.533072044935584188e-01
1.524246704068311364e-01
1.527688242942695784e-01
1.531314857713885758e-01
1.529762259868216734e-01
1.538629008106823792e-01
1.534934906641307606e-01
1.539969087714172513e-01
1.533630709615584897e-01
1.536144599118654530e-01
1.527752758476656758e-01
1.545529439744062206e-01
1.539164227178039246e-01
1.540503554354623883e-01
1.540900776611471290e-01
1.541233094406605220e-01
1.539402619049332066e-01
1.539735835118530571e-01
1.541323963948150744e-01
1.542857609709116506e-01
1.541918611856334387e-01
1.537579547573282857e-01
1.541503245436197933e-01
1.547662178276691392e-01
1.544391007951261829e-01
1.544504639743324581e-01
1.536367309004888215e-01
1.538671561670194865e-01
1.541597855229256131e-01
1.540902261196690215e-01
1.540372058471368710e-01
1.547245864121528369e-01
1.539428354630033302e-01
1.542979898225549096e-01
1.545121384708482426e-01
1.543578006391337354e-01
1.541930815651821884e-01
1.549197684800402708e-01
1.545193783255447706e-01
1.546458990650095566e-01
1.549326706962196043e-01
1.547220662838055538e-01
1.550977531383688490e-01
1.551235138419441439e-01
1.553284392123668867e-01
1.546470105666361838e-01
1.542633931538667513e-01
1.548604517510424605e-01
1.547843421212458381e-01
1.544705593696448498e-01
1.543321063394204606e-01
1.548149269187212573e-01
1.546310535328858926e-01
1.549215803972902872e-01
1.547021652914324086e-01
1.553757895645409282e-01
1.546427482425133948e-01
1.546861447620435925e-01
1.544640241971477201e-01
1.548432954203632916e-01
1.548759520722600425e-01
1.547454591738096352e-01
1.551109990255108428e-01
1.557660835071809358e-01
1.544376891880915592e-01
1.549743111862837142e-01
1.551103764324389955e-01
1.548576298376864169e-01
1.546191099084097131e-01
1.546465669460490855e-01
1.544093204989984702e-01
1.548869493767763561e-01
1.547054561399136274e-01
1.545983435942704098e-01
1.545801100652603455e-01
1.547658874809290930e-01
1.549995252413951530e-01
1.547638583995589456e-01
1.549571337571185314e-01
1.552667602260326407e-01
1.546796399784627629e-01
1.551404300161258465e-01
1.548037904151338406e-01
1.551273673550984666e-01
1.546015981094715497e-01
1.542743058931267675e-01
1.542579066752481076e-01
1.550502710125535588e-01
1.543723069481166554e-01
1.544503019635874719e-01
1.544505999974521426e-01
1.548801439001788460e-01
1.550468839350824246e-01
1.546318655151511512e-01
1.547186057664731440e-01
1.551966130264194610e-01
1.546648317897156288e-01
1.540089847061114070e-01
1.549553572889083852e-01
1.549968768693894272e-01
1.543758493925510011e-01
1.538837103627189173e-01
1.543539882908855909e-01
1.540727735118435360e-01
1.540415892678713983e-01
1.538550262049493689e-01
1.539243788744722452e-01
1.539210693562773069e-01
1.536025632506710925e-01
1.539389473530781982e-01
1.539039807646183644e-01
1.545292014825753735e-01
1.542209957157775202e-01
1.538135833705408795e-01
1.542530744786970998e-01
1.536632212188273061e-01
1.535390763276583415e-01
1.539567073231362659e-01
1.537067489846780377e-01
1.531678596953504057e-01
1.534485515011662360e-01
1.533633409056762709e-01
1.531473961445670162e-01
1.531636884554030409e-01
1.532707400566863110e-01
1.537289603270196869e-01
1.531847269762182384e-01
1.532600392074696671e-01
1.527463468589997375e-01
1.526908834121561420e-01
1.532263940690661297e-01
1.528711045092825682e-01
1.529387121126212223e-01
1.526095177977774831e-01
1.521995795902254534e-01
1.525841020674311155e-01
1.522291490217079768e-01
1.523758573995272481e-01
1.520214137343930683e-01
1.520515193426971445e-01
1.524246959821051461e-01
1.519946135277154553e-01
1.517831236025533603e-01
1.520994191274571694e-01
1.520333732209853128e-01
1.512604372455347568e-01
1.513406696427220532e-01
1.511327475328976544e-01
