5.833111771380571974e-16
1.228184220991579423e-14
7.784883848671597180e-16
1.370015212387443155e-15
3.604339049445570890e-16
-4.368727601899991169e-17
-6.926959006392508150e-16
-2.286781874971666397e-16
-1.111805092435247448e-15
9.897360708777113969e-16
5.369593658599569631e-16
3.645417301356701595e-16
3.184674746137261591e-16
4.718447854656915636e-18
3.030908857226677582e-17
7.355227538141661834e-17
1.827427098533007563e-16
-1.836308882730008823e-16
-1.697531004651864256e-16
-2.777778007612141420e-16
3.598232822810132462e-16
6.487033132884789634e-16
-5.965228311310966336e-16
-9.422462809993703669e-16
1.668443161406685301e-15
1.197264509755768891e-15
1.795563697726265480e-15
2.239985974483715656e-15
2.825739642275948619e-15
1.839639551803884419e-16
-2.282618538629321902e-16
-1.716626840675417014e-15
1.782129999128301235e-15
9.723333249667120003e-16
-2.334132886971929212e-15
6.195044477408374067e-17
4.130473740815432462e-15
-4.591882429849647388e-15
1.677546990208611469e-15
-8.197886813832156273e-16
-9.099387909827782706e-16
-6.253886297713506603e-15
3.747002708109903324e-15
5.576206163482311139e-15
-1.001643212816816258e-15
-6.397105067890151505e-16
-4.479971948967431312e-15
-7.321920847402907700e-15
-3.041122909053228736e-15
-3.085753874643160142e-15
-2.058575532259965434e-15
2.536637566663557550e-15
3.357314426466473402e-16
1.374456104485943884e-15
1.276756478318930021e-15
1.304290009329633830e-15
-1.107713920589503697e-14
-3.850253449400042851e-15
-6.031841692788475295e-15
-3.703259920939672339e-15
-1.274536032269679756e-15
7.252642930666296884e-15
4.770406292209373014e-15
-6.238787264578604954e-15
-5.527578395003729017e-15
-1.004707428364781609e-14
-7.098766019453251061e-16
-3.528288772258747414e-16
4.808153875046627926e-15
3.755218358492129268e-15
-1.511457625724688199e-15
4.340083847864661809e-15
1.013789052706215365e-14
-2.398081733190338285e-15
5.373479439185757498e-17
4.546696352747403908e-15
5.840883332552948693e-16
-7.613243369064548246e-15
3.539502024807461592e-15
-6.338263247585018279e-16
-1.242173031101856452e-14
-2.722932990195658909e-15
8.984479826779078988e-15
2.400302179239588354e-16
-3.018918448560725684e-15
6.551204023708124010e-15
2.025823953033523127e-15
1.791788939442540068e-15
5.557110327458758775e-15
-4.314104629088432950e-15
-8.865908007749112509e-15
2.683520072821465804e-15
-6.421529974431905217e-16
-8.359979375427428779e-17
-5.069611397345851945e-15
1.730171561575843912e-15
-3.125388836622278155e-15
6.058153978472091713e-15
4.214073534569706763e-15
-6.915357175785174693e-15
8.863465517094936546e-15
-9.377498777496385097e-15
-1.926236947724646755e-15
1.322497666933486561e-15
-9.682699086965840100e-15
1.210842537346934504e-14
5.073719222536965705e-16
1.213740219441206115e-14
5.105138534133856985e-15
-7.196465645620263938e-15
-1.110123104552940273e-14
-3.824829342136126854e-15
-5.567102334680384773e-15
-2.855493619335902496e-15
1.877942246153452193e-15
8.044898081038809689e-15
-3.197775377827838475e-15
5.987432771803468994e-16
-4.870548409030561459e-15
1.049438314026929283e-14
7.726264072971389257e-15
1.288968931589806779e-16
5.279776615907394153e-15
1.023492401941439338e-14
-1.133526605912038618e-14
5.344613640545503649e-16
3.465006059855113657e-15
3.771982726163969504e-15
-2.427502643342904602e-15
-5.042521955544998150e-15
-3.172240248261459827e-15
1.215105793761495109e-14
-2.416178368491728365e-15
1.028355178789297550e-14
4.536482300920851818e-15
-1.015632022927093168e-15
6.669886865040552746e-15
-4.952371845945435704e-15
-9.550360502430522210e-15
-9.465761507954085232e-15
-9.231282405153251173e-15
-1.332500776385359140e-14
5.554001702989808481e-15
3.992473018854525271e-15
-6.471490010540037182e-16
-1.073585664812526367e-15
7.250866573826897618e-15
8.124723116509357788e-15
4.503730721694410300e-15
6.202038882463511931e-15
3.684830218730894502e-16
-8.829104114482787964e-15
2.498334872313989776e-15
1.780575686893826088e-15
2.614131133782393521e-15
-6.914802064272862620e-15
8.471612300553487684e-15
4.422628929745542696e-15
6.003642027962996565e-15
-7.043254868221993432e-16
-4.128086761312488022e-15
-6.605271885007368356e-16
-5.295319738252146408e-15
-1.098271473765066777e-14
1.458899667738933269e-14
-3.290145933476651187e-16
-3.050115715552692450e-15
3.229083667122267892e-16
-3.273326054653580217e-15
1.369515612026361895e-14
-1.233796398381059565e-14
7.976952431931749112e-15
-7.392420009466604919e-16
-4.022726596275560881e-15
3.177236251872272826e-15
-2.506217455788828554e-15
2.458366843427484203e-15
-8.079814595163270345e-15
-2.624567230213870125e-15
-1.405714433744265049e-14
4.031219802413943158e-16
1.049793585394809294e-14
-1.225897161560851566e-14
2.663036458017131679e-15
1.642519453781687768e-15
9.969802761133906206e-16
9.748590823477343797e-15
1.605049426700588893e-15
-3.975264561972835218e-15
1.051009279606773808e-14
-2.892130979148532768e-16
-1.730826593160372805e-14
5.660416579900129035e-15
-4.428957200985905540e-15
-3.272937476594961529e-15
-1.689537398874563220e-15
7.271960811294775340e-15
-2.809030785755339906e-15
2.976785484776200974e-15
6.046829703620915476e-16
-5.017486426339701236e-15
-7.614131547484247879e-15
8.622214053843891406e-15
1.600070076435144956e-14
1.220945566871023391e-14
-1.515565450915801171e-15
-4.355960037116801919e-16
6.528000362493457885e-15
1.313171793526635090e-15
4.199585124098348709e-15
3.903266598825893981e-15
-4.045652701734070181e-15
5.818179271699364499e-15
8.217759805972946802e-15
1.315225706122191773e-15
-9.720502180954327324e-15
-3.049838159796536413e-15
-2.467825943597290580e-14
-7.751577157932842208e-15
-1.015271200444090084e-14
2.324807013565077938e-15
-8.129386053212783622e-15
-1.028122031954126258e-15
1.441347041719609471e-15
1.408090311016962869e-14
-4.132250097654832616e-16
-1.020694639919383995e-14
2.589484182635715295e-15
-3.575473250805316449e-15
-2.997435633034228879e-15
1.939837179776304781e-15
-1.931954596301466002e-15
1.210864741807426956e-14
-7.856437722608688799e-15
9.176048809678149383e-15
6.735612068098361874e-15
1.083755307718092805e-14
6.766198712426785044e-15
4.230171768426771091e-15
-4.646061313451354977e-15
1.295136220491599527e-14
5.317080109534800038e-15
-1.129984994463484418e-15
1.185201936593216515e-14
-7.744749286331398025e-15
1.420519257777641520e-14
-2.255751141433393213e-15
1.508343450140614517e-14
-4.220040983327067074e-15
1.347394418260705575e-14
9.935385847370525312e-15
-2.350644678905666729e-14
-1.546540673302843079e-16
4.710565271182076913e-15
1.030625584874655950e-14
-1.455668918737273941e-15
-9.901135467060839776e-15
8.345990565317152509e-15
8.181316735189624789e-15
-1.421823769831575997e-14
-1.039457409035549116e-14
1.217212441950721384e-14
6.246225758843593521e-15
-2.056604886391255443e-15
-8.100742299177454681e-16
1.415609296451236751e-14
-1.234326529875318163e-14
-4.652833673901568425e-15
-5.701827898718647892e-15
8.685330232793831580e-15
-8.599732037595231923e-15
-3.819167204710538341e-15
-3.935241021935098912e-15
1.391661785810072163e-14
5.423522742020736353e-15
-1.897906831693774183e-14
-7.785438960183910683e-17
-4.330008573916188526e-15
1.374572677903529490e-14
-1.383884673522572883e-14
9.153094948644024322e-15
2.010883126679629977e-14
1.218553036252956154e-15
-5.423411719718274096e-15
-6.185246759216056723e-15
3.990807684317587473e-15
2.271072219173220165e-15
1.665981241849578818e-14
5.269312763900302577e-15
-1.164260354791224456e-14
-8.091111114438830821e-15
-2.430564083333308574e-14
-5.060757368724466643e-15
1.116301495684979266e-14
-1.385941361675691103e-14
1.299244045682712499e-14
1.385566661404879980e-14
5.728306717855957301e-15
-5.671463298995150025e-15
-1.911265590237576347e-14
2.365607709720052212e-16
-6.269734731390030656e-15
1.924152503995912932e-14
-8.378520099938668725e-15
1.350677902856034455e-14
3.569367024169878120e-16
1.813527106264700852e-14
-4.155065180810879560e-15
1.559807838447113693e-15
-1.498448587433642974e-14
5.346001419326284818e-16
-1.499209090205511208e-14
-1.121569503936825702e-14
-1.182609565830716663e-15
-8.893996650272128982e-15
1.955341444315195049e-14
4.976546952306648747e-15
-8.777478743837719384e-15
1.887462408589612930e-14
-4.452410662381111940e-15
-1.452543640922954033e-14
-1.142644312501772628e-14
-1.064806576245302951e-14
1.404357186096660862e-14
-6.536562957570879664e-15
3.851086116668511750e-15
2.619834904571405281e-15
-4.980182932712296141e-15
-1.759964396441660170e-14
-2.072411686704356249e-15
-5.110273315622748397e-15
1.990491105274827528e-16
-9.524922517378797150e-15
-3.067268661283151275e-16
-1.570663044070386046e-14
-7.132669455067741158e-15
5.943856518086931986e-15
-5.897490829021023772e-15
-1.318528619620451607e-15
-1.978399388757878781e-14
-2.153027756079950393e-15
5.383887780041618340e-15
5.607875275259743483e-15
-1.645183989040788245e-15
-8.740480561542085298e-15
4.386255247901260481e-15
-5.309544470755156700e-15
5.935169022919239675e-15
-2.988609359988458945e-15
-6.706357691399489732e-15
3.119240976623416183e-15
-7.067998963883326231e-15
-1.411769312564814575e-14
7.353520570241300246e-15
1.453408227103380940e-14
2.696523559997388115e-15
-7.372560895113622665e-15
-7.269698731882101432e-15
1.780173231047399519e-16
4.365674488582271585e-15
-7.449638128598223792e-15
-2.869121606963176283e-15
7.813097391284885171e-15
-1.126765347692071316e-14
-3.066588649680568374e-15
-7.250033906558428127e-16
1.059090315447264137e-14
-8.548495245008780847e-15
-6.113207162705691448e-15
1.555511969231204588e-14
5.603836839007669520e-15
-3.955516469922315714e-16
2.078302807628773413e-15
7.707244564780779645e-15
5.296318938974309087e-15
-6.677429442714099827e-15
-9.344185147863725396e-15
6.152890696942137241e-15
8.381524640999060504e-15
2.145297828270997908e-16
-4.628172844967082319e-15
8.789378946882919713e-15
1.024541562699710072e-14
-4.853652202374547736e-15
-1.359995449590201198e-15
-4.212137583170516671e-15
-1.949112399257657626e-14
3.197307002489324769e-15
9.540153389497874652e-15
3.749847654610505067e-15
1.016377260132372774e-14
8.291430042550729581e-15
1.285827694319508006e-14
-4.303508938097167099e-15
1.609146149661455560e-14
5.584904066990859064e-15
9.313140536537644923e-15
2.046002256506085405e-16
-9.460349170709036600e-16
3.681530774679586342e-15
-5.868333596836805611e-15
1.015417871313983827e-14
-1.346579618644039248e-14
-3.726416744620486226e-15
1.969549783681357017e-14
1.722397745262949107e-14
8.545353443953352050e-15
7.839391462372002489e-15
-2.080997440340182066e-14
-2.359335643520310595e-14
-2.231863912433018558e-14
-2.966017188799074976e-15
-4.735652842091653478e-15
2.762055341387626025e-14
-9.993789433157539955e-15
9.600043850144235121e-15
1.305225372227880612e-14
-1.700361639683789430e-14
-8.704600408526718844e-15
-1.956939124636569852e-14
-1.981843205170474823e-14
1.874167487869726781e-15
-1.450635358363206045e-14
3.952248250893574891e-15
-9.807866324651471422e-15
-1.706016404534604801e-14
2.675830390597155739e-14
-1.708574254299932742e-14
1.530079795503125233e-14
-2.844488533604305938e-15
2.256692749336153325e-14
-2.731477370676582770e-15
-8.440224213979163248e-15
6.740059899090766938e-15
-6.682741165997541423e-15
1.368266611123658625e-14
-2.018622768940048097e-14
6.992240120240467067e-15
-2.014395247829092794e-14
-6.496324311822121798e-15
-2.579804425639764443e-15
1.028612611753132416e-14
-7.298706777847385171e-15
-9.050822591394337033e-15
1.158150311764138989e-14
-1.620652223532914758e-14
9.086661978408017615e-15
3.204131404643817474e-15
-2.870612775263125789e-14
-1.675937166822905194e-14
-1.613245995124579148e-14
1.701289803479610901e-14
1.208638050753663084e-14
3.006275783867806695e-15
1.647715991426323914e-14
-5.443770434432337690e-15
1.478123179410317860e-15
-9.920821109066224507e-15
2.800509824041341770e-15
-6.582505374108649290e-15
-1.393361120927139091e-14
1.528992210619861674e-15
5.471519071154062860e-15
7.561874737493922895e-15
-8.859489530887998638e-15
1.458556886380080154e-14
2.169901758275471980e-14
-1.465617904816696101e-14
-1.631557389192295285e-14
2.927824649390231293e-14
-2.781788688288600055e-14
-6.469137725506613233e-15
3.251959812544669295e-14
4.376596307587022042e-15
-3.041663448888343027e-14
2.077463201466400771e-15
2.276313859628231825e-14
1.937797144968556176e-15
5.746056408462152730e-15
2.450525893316069067e-15
7.313691319232872692e-15
8.354254787956704655e-15
5.331818320186698366e-15
-3.050358576839329376e-15
-1.116502723608192551e-14
3.074503152067364924e-14
-6.430703192172870394e-15
1.465026711056083301e-14
-1.169110641630055615e-14
-6.395398099989790656e-15
6.499967231121672935e-15
6.188244361382544759e-15
2.125134790365024052e-14
-1.735669941105300063e-14
-7.195813389593297883e-15
-8.813019758413531122e-15
1.652415704267440376e-14
-2.143285549038864818e-16
-1.705238728000324368e-14
-5.697178839803029544e-15
1.187643039468611098e-14
4.644951090426730041e-15
2.281014960248129036e-14
-2.431584100737183113e-14
1.967301321847969383e-15
-1.326190546269145871e-14
-1.258954052119065672e-14
-1.749592137834099423e-14
-7.581879568618887700e-15
2.817135413835103593e-15
-2.071746940668362115e-14
2.545920418928204749e-14
