7.278772504471511199e-04
6.444044823239268973e-04
1.587365159126803617e-03
3.174197604065512584e-03
4.744670958637344296e-03
6.304759277049753856e-03
7.749548967683319092e-03
8.842671906745765142e-03
1.100612116844944775e-02
1.243344751867732703e-02
1.412321043986216641e-02
1.538319038668090576e-02
1.825931169579074823e-02
1.904366994236000865e-02
2.203039357945477117e-02
2.274766633354410872e-02
2.315887781861756395e-02
2.448273174773014926e-02
2.519865880308972544e-02
2.621983168999938302e-02
2.627881284530013406e-02
2.826182339775147254e-02
2.976724672921860285e-02
3.218046192561711122e-02
3.244378912946807580e-02
3.291621807662974131e-02
3.296807672015370644e-02
3.412456831553158099e-02
3.314083608471807968e-02
3.248807106202026423e-02
3.385990186050320816e-02
3.407399390461525457e-02
3.508249772495159596e-02
3.665654365597242198e-02
3.718342810473389964e-02
3.765482615941689870e-02
3.886986313956061756e-02
3.847262641036744424e-02
3.886793455001106429e-02
3.917025705454894868e-02
4.025682166166980741e-02
3.974155137010601524e-02
4.059911375087631863e-02
4.112130326990021123e-02
4.190432741977442171e-02
4.354668764427290645e-02
4.323768678470224502e-02
4.427038254002643031e-02
4.498514034461404548e-02
4.528532827690898155e-02
4.617069786039106755e-02
4.812587664636506363e-02
4.850425584710486154e-02
4.893607060022397287e-02
4.864090873705155527e-02
5.114688375118667946e-02
5.216087315964824250e-02
5.193377570258199405e-02
5.381975961326048580e-02
5.325382085866698506e-02
5.482288042758139135e-02
5.663554973605396115e-02
5.647542082883949544e-02
5.643523143631106603e-02
5.809989524270327971e-02
5.920891297317469604e-02
5.972421254690234854e-02
5.963746209480080829e-02
6.016996586122418111e-02
6.215164875740186723e-02
6.294966354496274452e-02
6.253593988058402109e-02
6.467076923954248602e-02
6.694663643119787289e-02
6.646627990054880530e-02
6.601119533696260533e-02
6.965203420439432247e-02
6.809482014425775886e-02
6.943226716784731134e-02
7.042892062829980704e-02
6.975801581603582879e-02
7.140584044734427094e-02
7.151510231437432918e-02
7.253460177382844987e-02
7.481766443265330802e-02
7.342387407182693337e-02
7.261541591786210836e-02
7.546481854541120526e-02
7.505839208976528010e-02
7.623205104899828666e-02
7.615268884023103368e-02
7.764285622104682982e-02
7.914223675022978577e-02
7.819353592618295823e-02
8.037219802227918430e-02
8.051311838451340186e-02
8.004365030765800415e-02
8.024117746651257543e-02
8.167362873548629498e-02
8.213779213135523338e-02
8.262526673544458300e-02
8.280735569352841441e-02
8.439718382169916766e-02
8.281878548169586962e-02
8.374107560810160888e-02
8.530438844289518763e-02
8.523687598084284112e-02
8.471962634664439995e-02
8.629996164474593168e-02
8.645400980959823400e-02
8.519818658111621978e-02
8.704878919050912378e-02
8.741564363779198710e-02
8.712541203778222110e-02
8.721679767505431669e-02
8.925239488383082676e-02
8.809283987532839921e-02
8.973472032695838096e-02
8.851965779684682623e-02
8.965343890407326266e-02
8.930094219073493600e-02
9.108979805395818474e-02
8.749313166010841414e-02
8.981157728663483053e-02
9.064688090355842165e-02
9.088132871181936467e-02
9.208545252119144930e-02
9.098614292261945902e-02
9.162052325003385012e-02
9.335688098686741043e-02
9.104573991927997212e-02
9.126349083217315250e-02
9.302271807208783994e-02
9.236159032450562412e-02
9.273782043705787459e-02
9.116989452988402687e-02
9.147911797664895484e-02
9.367443443056940044e-02
9.372163867849468699e-02
9.332977230796696277e-02
9.285498366951414062e-02
9.309403945733736585e-02
9.518571461867127159e-02
9.306972321740826504e-02
9.327810496103065840e-02
9.464671209472577673e-02
9.485153660139179765e-02
9.298067475236294899e-02
9.463267920010290379e-02
9.328205604886184721e-02
9.360709236090060392e-02
9.269714618670302220e-02
9.326988555976183093e-02
9.431039241516842031e-02
9.445378210517516027e-02
9.390640193054344831e-02
9.434114646493825529e-02
9.450141234480372021e-02
9.491128397220423285e-02
9.375625113233593266e-02
9.455897068664852190e-02
9.369315430453271920e-02
9.267448714090363582e-02
9.401286199610413286e-02
9.335594012089458438e-02
9.396407275775482681e-02
9.404487610176472112e-02
9.462321182414845655e-02
9.386823386528696245e-02
9.401715836746867005e-02
9.379324554044742024e-02
9.458086335930643296e-02
9.309291637236377648e-02
9.342637469794326521e-02
9.271740225238196687e-02
9.387840304292359439e-02
9.405488094076455696e-02
9.281375578725752085e-02
9.285003801793620393e-02
9.332620916113366916e-02
9.304880151486379092e-02
9.298642416312324910e-02
9.333795347312069668e-02
9.304314675701579052e-02
9.275460420378925375e-02
9.242352848933824139e-02
9.266618136487780877e-02
9.254533754087050645e-02
9.226627171401748095e-02
9.280473218328919027e-02
9.316182596992288178e-02
9.186643145770295726e-02
9.219484983400715039e-02
9.227053571798354836e-02
9.151287029910358528e-02
9.255210588530086990e-02
9.236629915809196900e-02
9.187989371365529179e-02
9.161471890970683540e-02
9.196463578320798748e-02
9.190486113575485616e-02
9.119085939983888334e-02
9.139372797747748189e-02
9.182931484338471839e-02
9.154025019062957125e-02
9.137504785792444073e-02
9.147075692491728194e-02
9.115482496111819433e-02
9.087595283401279922e-02
9.088402668871876922e-02
9.146315240803080948e-02
9.127173101056944293e-02
9.137549363969017790e-02
9.102380638919436995e-02
9.095782127545661011e-02
9.157432386665885493e-02
9.073039947770712710e-02
9.099311819105988797e-02
9.120019149669528202e-02
9.099601076319277504e-02
9.089859649130579977e-02
9.004457165855152267e-02
9.111356223781685859e-02
9.092876306330538450e-02
9.092180362364149504e-02
9.072148132833331158e-02
9.104173305020764329e-02
9.040549028600666781e-02
9.080228593650786773e-02
9.087781832743924149e-02
9.046985000204647853e-02
9.016604032390183876e-02
9.014485633514153495e-02
9.064084211544785885e-02
9.146798482410870013e-02
9.121665479255064435e-02
9.102190566428744467e-02
9.098793655994787122e-02
9.104534747535948658e-02
9.142753427159155954e-02
9.095822184331792126e-02
9.097764786501788548e-02
9.100902841324756687e-02
9.091341519085321954e-02
9.071010935065908221e-02
9.051666620066690927e-02
9.130634093331500833e-02
9.121608340112950797e-02
9.085105645881036418e-02
9.140011593543136137e-02
9.174238067994713863e-02
9.152012009803023318e-02
9.167407506820343666e-02
9.131201232047116145e-02
9.186794647696309990e-02
9.134700255019334580e-02
9.227573189948241883e-02
9.166585852202152607e-02
9.220882223049473025e-02
9.199734965530935449e-02
9.207928262908086914e-02
9.272037232864475953e-02
9.265005163595109450e-02
9.277558389983701914e-02
9.297522171328348461e-02
9.297899629400337151e-02
9.290072046259487126e-02
9.300912107770084591e-02
9.281082894045040999e-02
9.350182170642500068e-02
9.382901454488007387e-02
9.374973660141543153e-02
9.356350041282321395e-02
9.424027643502745633e-02
9.468688781961649703e-02
9.421634269640422055e-02
9.446639410330312514e-02
9.437542277779346900e-02
9.482466583263851612e-02
9.514532419911424233e-02
9.496960876396734474e-02
9.567388492757324114e-02
9.561230501559986328e-02
9.581988150911960322e-02
9.563319928486052612e-02
9.637982343218036430e-02
9.609796107814939925e-02
9.679547518987156873e-02
9.679584500600363350e-02
9.719843775546697928e-02
9.740312283896968015e-02
9.672609412830705800e-02
9.756723446137553768e-02
9.716836896896526021e-02
9.831866768236313670e-02
9.819492113747320394e-02
9.863850220435631255e-02
9.820729339066119890e-02
9.894683766126176339e-02
9.929325608147485105e-02
9.905698590907698053e-02
1.000685742405327122e-01
9.988338598725628181e-02
1.002308833191356691e-01
1.001135666728575069e-01
1.000966842044692801e-01
1.011613246595616245e-01
1.008170525863689992e-01
1.008813407465412870e-01
1.014975153249627893e-01
1.014799734351079369e-01
1.018567824113655040e-01
1.022533916342183852e-01
1.023877678520692530e-01
1.024922663387397292e-01
1.031912395684654871e-01
1.033845795916628479e-01
1.034109700879986132e-01
1.034205519061706380e-01
1.043557564418168548e-01
1.044537568975933695e-01
1.043169825489949909e-01
1.048240448902079125e-01
1.053951726367745867e-01
1.056455406785915957e-01
1.056392760307268419e-01
1.059297841551739838e-01
1.065329816527333245e-01
1.060553445671576916e-01
1.073420441959498511e-01
1.071788250601047043e-01
1.072375885233840254e-01
1.076904247463365688e-01
1.076445848410090139e-01
1.084098626416119815e-01
1.085960156657780062e-01
1.085048368424884196e-01
1.093339969998722988e-01
1.095337738897317614e-01
1.096456510026683484e-01
1.105617215553004185e-01
1.103544736749887817e-01
1.103363899511353025e-01
1.108647297720432856e-01
1.110714042605082108e-01
1.116794819033388730e-01
1.120356100950313794e-01
1.120323135943519788e-01
1.127502168201953703e-01
1.128763096905595203e-01
1.128484440915239612e-01
1.127866073192038548e-01
1.135403448577065877e-01
1.142039731377831324e-01
1.137979346122404423e-01
1.145425559428956130e-01
1.151415122499252902e-01
1.153929215506777489e-01
1.155744329237303886e-01
1.153382120732121402e-01
1.162927425242624158e-01
1.164846710322406526e-01
1.166502149163334834e-01
1.172582368306116785e-01
1.177106259094026774e-01
1.179914072218233301e-01
1.180391561186490412e-01
1.182831792530417980e-01
1.187206965218674526e-01
1.191820777453389130e-01
1.190928316344788546e-01
1.195645154069458899e-01
1.198906542048269880e-01
1.202512477973314009e-01
1.203762186958216157e-01
1.207334024332164524e-01
1.210659799327407221e-01
1.211623541607990545e-01
1.218003625117832223e-01
1.215910483000162273e-01
1.220810343553285354e-01
1.227450744748770084e-01
1.230772558702859648e-01
1.236040616841318218e-01
1.233208140431766575e-01
1.238734100198921745e-01
1.238820269601655782e-01
1.243942840646640596e-01
1.249230574319425136e-01
1.249433777793058503e-01
1.252663520640351635e-01
1.257342949105277330e-01
1.258058802373264728e-01
1.264464985430375221e-01
1.266510427519212667e-01
1.272825579156016684e-01
1.274513416769664786e-01
1.273181960748563657e-01
1.277728617079831319e-01
1.279620531444345677e-01
1.287974167327293196e-01
1.290212666873593872e-01
1.287273851450997930e-01
1.291705452979217961e-01
1.295558096645317292e-01
1.301419725432143015e-01
1.301902212125040093e-01
1.304921420610624383e-01
1.312669219448765745e-01
1.317009651381507440e-01
1.312707231865865853e-01
1.320292370216734346e-01
1.322478385883652519e-01
1.324472257382707518e-01
1.332614117127172149e-01
1.334134504180996827e-01
1.334736678008121569e-01
1.332801983162297255e-01
1.341111738155187083e-01
1.340123120620746733e-01
1.345620011448395714e-01
1.348567349675086902e-01
1.350006991024015890e-01
1.353832770851561840e-01
1.358461106814820019e-01
1.361127103849582021e-01
1.364633370499553633e-01
1.364899684541996672e-01
1.368295748104926823e-01
1.370722049093233419e-01
1.373408674813404728e-01
1.378363480355158655e-01
1.383075653891708834e-01
1.384689901903208842e-01
1.386807269406274967e-01
1.388300709372016217e-01
1.392767371353357264e-01
1.395783467954296586e-01
1.396383994381479587e-01
1.397445845491600558e-01
1.401982371465247679e-01
1.408498939307782916e-01
1.408218606069880918e-01
1.414481312267856505e-01
1.414488885957414510e-01
1.419466550434379526e-01
1.422157615255857932e-01
1.423515089853011062e-01
1.425515617534125201e-01
1.432766289639864077e-01
1.433021488110140795e-01
1.436927632093603913e-01
1.437342028195685850e-01
1.443213409417758997e-01
1.444068666698428982e-01
1.447630618541594638e-01
1.448592251472958781e-01
1.453474457611060866e-01
1.455889441617773672e-01
1.458775592353520334e-01
1.460640361721375624e-01
1.464275016576030430e-01
1.466608020997235140e-01
1.470545972102166032e-01
1.472950003894492876e-01
1.474308234500815440e-01
1.478231919983492848e-01
1.477123670753887341e-01
1.480440729659952270e-01
1.487342277184224570e-01
1.489725334492970898e-01
1.490978446488326892e-01
1.494974781836014566e-01
1.497759427795873066e-01
1.500669556175993069e-01
1.501376019331900347e-01
1.505228675245872116e-01
1.507078818296709033e-01
1.512870625651872858e-01
1.514913174927649542e-01
1.513696156786107916e-01
1.519762628817677153e-01
1.522213267501606737e-01
1.522760377933373710e-01
1.526022429189240470e-01
1.527039805897815183e-01
1.533214318113558794e-01
1.539146107839095556e-01
1.538537416237716338e-01
1.540045740256929807e-01
1.544555058559564931e-01
1.543282519210484871e-01
1.545212764800987237e-01
1.552058044691789207e-01
1.552510426810824462e-01
1.554561701761043302e-01
1.557780331351693581e-01
1.561169584739555138e-01
1.561128678887813981e-01
1.562744239558549186e-01
1.565275675704471403e-01
1.571407715684750850e-01
1.573272843453808467e-01
1.575286048235668701e-01
1.577282759024208891e-01
1.579485401681920420e-01
1.582207385493439311e-01
1.582236029061293292e-01
1.586902323955458882e-01
1.589525506602222360e-01
1.591715732155439822e-01
1.591868966146283149e-01
