-3.785860513971784084e-17
1.064162646891020283e-14
4.111599949396804612e-15
-2.541855614879295753e-16
1.102340441150317959e-15
1.342981281737820686e-15
1.105004976409418238e-15
7.848721672587543800e-16
4.937716902020383477e-16
3.325950626020812856e-16
-2.975397705995419706e-17
-8.951173136040324607e-16
-1.679767436257861735e-16
1.710853680947366146e-16
-9.675593659608239832e-17
2.867150961094466785e-16
-6.132316876517052482e-16
-6.689093723366568550e-17
7.749356711883592139e-17
-4.651834473179405722e-17
-5.605516051332415791e-16
9.915401832927272132e-16
-7.955858194463872179e-16
8.064660050877137370e-16
-3.688160887804770098e-16
-1.069255795016488289e-15
8.814060592499117838e-16
-2.832178935818774508e-16
-4.432232358908549613e-15
9.118261701246409767e-16
-5.156985949383851657e-16
1.995736909066181296e-15
-4.709121981250063628e-15
3.665734382707341941e-15
3.538724868690223821e-15
-5.156097770964152024e-15
1.955102746364900605e-15
-2.073230476185017267e-15
-6.432188115468306926e-15
-1.822986206434507229e-15
4.757527705123720447e-15
-2.119415754009423820e-15
-6.667999485898690434e-16
-3.245181900979332615e-15
-1.794120407794253084e-16
-7.795986078917849495e-16
-1.020294959630518805e-15
-9.963141422986155015e-16
1.945554828353124422e-15
1.624034240421679000e-15
-7.988054662178001624e-15
1.187272502534142497e-15
-3.424815986363682782e-15
-3.597122599785507428e-16
4.176659018639838917e-16
-7.508882404749783783e-15
8.186340494376054733e-15
9.212630658339549020e-16
-3.018696403955800775e-15
-3.192779374217025081e-15
-1.378053227085729251e-14
-3.654854197066015520e-15
-1.174393915448490522e-15
-4.923395025002718809e-15
9.205081141772098590e-15
-9.130252109912362307e-15
-3.287148331310163545e-15
2.975619750600344515e-15
4.233835504408034246e-15
-2.081446126567243605e-15
-5.294431559832446775e-15
2.257638520575255920e-15
6.733835711258961819e-15
1.173949826238640508e-15
-1.324718112982736827e-15
-7.539635582531900733e-15
-6.535549879060908710e-15
4.082068016941775644e-15
-1.759481449425948169e-15
-1.554312234475219157e-15
4.634959083205103254e-15
8.922085292795145455e-15
8.101963544504542268e-15
-1.644073766016163151e-14
6.335598712325918591e-15
-1.042543829044006957e-14
1.152988815533717613e-14
-1.331557086814427827e-14
-4.529487895865713856e-15
-3.217759392271091261e-15
4.568678768634982052e-15
-6.290634679828599625e-15
-2.613464999967618599e-16
2.584044089815051690e-15
1.473199340296105091e-14
1.083588774264399025e-14
-1.461719634221481142e-15
-1.188271703256304979e-15
-8.206213486516845263e-15
6.605826996519681613e-16
-4.432787470420862475e-15
3.286926286705238637e-15
1.651234704524995248e-15
-1.092681500836079125e-15
-2.210565064331149339e-15
-2.927658115936537809e-16
7.857492434482083000e-15
-5.324629626102251060e-16
-7.820410985459602221e-16
-2.643618657316437902e-14
2.653210984249199066e-15
6.157740983780968084e-15
-1.163980023477506606e-14
3.197442310920450718e-16
-7.375211552584915655e-15
-9.111600363098660548e-16
2.492117623376088795e-15
8.157918784945650109e-16
-3.494093903100292809e-15
4.259259611671950242e-15
7.778555577431234534e-15
5.915601342110221733e-15
9.950262835900502448e-15
-4.881206550066963366e-15
-8.408940210813398115e-15
-2.433386825373418023e-15
-2.100541962590796364e-15
1.377242764277752961e-14
5.742517572571159317e-15
-2.918887354041999101e-15
-1.211986067062298354e-14
4.152456156703010606e-15
-7.467026996721415899e-15
-4.313327472971195574e-15
1.327937759754149732e-14
9.594103289600752406e-15
-1.284627959563522417e-14
-6.622258297284134092e-15
7.061018436615995755e-15
-1.677658012511074121e-15
2.452260616792045874e-15
-8.689160502228787727e-15
-8.050338173859472111e-15
1.569011587321256366e-14
6.328271240363392508e-18
1.883715405881502963e-15
3.110289803487376111e-15
-8.798961559364216188e-15
-1.419531159285725107e-15
-6.725175971666886059e-15
5.135114555798736559e-15
4.396483177515620058e-15
-1.253441794801801639e-15
3.344768906288208986e-15
2.030176027290053695e-14
1.841637953248209777e-15
3.023470362961688866e-15
-5.311751039016599085e-15
-1.248839920364730480e-14
-8.322231792590173916e-16
-3.273159521199886437e-15
1.817951345017831927e-14
-2.831734846608924297e-15
-1.279171213397489750e-14
-4.094780070573733642e-15
1.601307975107602078e-14
-3.649858193455202225e-16
3.476052778950133858e-15
-8.137379658990085052e-15
-6.422973264363918304e-15
4.121369912013506097e-15
8.349099189786102013e-15
-6.377620653807980255e-15
-1.688782447217818059e-14
-6.721845302593010463e-15
-4.002187470319995233e-15
2.549016553388127989e-15
9.856893079529527452e-15
-1.948097239079515864e-14
-1.189098819409650805e-14
1.424232953795012731e-14
-5.207556608155528402e-15
-2.910782725962235415e-15
3.074152044035827080e-15
-8.960054920237324881e-16
-2.194133763566696820e-14
-1.010458383632339927e-14
4.038047674015387833e-15
-1.610989119882333442e-15
8.986145161316016786e-15
8.012923657929605547e-15
-2.679578781084046612e-15
-3.442246487850297645e-16
-1.611816236035679031e-14
-1.790440018467620452e-14
1.134770055699618735e-14
-8.181455513067702808e-15
2.232602991369958611e-15
-2.103484053606052877e-15
-1.607425303973286555e-14
4.326761171569160214e-15
8.641309889867443770e-15
1.200778365628707368e-14
5.044131778930705214e-15
-1.321576181823047659e-14
-6.576239552913420924e-15
1.565697571592750069e-14
4.307609824394376327e-15
-9.185818772294851657e-15
1.404210081545897958e-15
1.062755439207308041e-14
-1.169742080975311229e-14
-9.547751478322653257e-15
1.500188862024742775e-14
6.140976616109128637e-15
1.918465386552270628e-15
4.793609953424038350e-15
1.150357586965355893e-14
-1.228850354806354542e-15
5.133005132051948945e-15
1.348887668228826441e-14
-2.141992139215176497e-14
7.374600929921370481e-15
-3.464284414889107015e-15
-1.305683339225538546e-14
1.136979399518622775e-15
7.016387471026064348e-15
-7.482792163671092668e-15
-1.561412110717697012e-14
-1.615702016621867331e-14
5.899503108253156616e-15
2.778166585670760305e-15
-4.206635040304718195e-15
4.257150187925162529e-16
-3.850975094366049493e-15
8.098521853128203627e-15
1.397265636526867656e-14
4.110156659464792117e-15
6.402267604954658875e-15
9.388378963137711518e-15
4.728828439937160378e-15
3.068434395459007833e-15
-1.031696950093419293e-14
3.753053423594110130e-15
-6.892708626082822219e-15
-2.140798649463704277e-14
4.749423077043957549e-15
1.809041805245214944e-14
-5.467237773615352365e-15
-2.035205337591605529e-15
-3.853195540415299364e-15
1.049960118848503074e-14
2.155720046914666631e-15
-3.589351038613131202e-16
1.280697770056349411e-15
-5.975886452347367651e-15
-1.164612850601542969e-14
9.965195335581711106e-15
-1.486422096519390891e-15
1.404548699568408591e-14
1.043692909874493959e-14
-2.309263891220325683e-15
8.987199873189410987e-15
2.248928820947071315e-14
-1.494859791506541940e-15
1.677569194669104079e-14
1.219802037155659502e-15
-1.831773621674415176e-14
-2.202682480856310560e-16
5.776101819066070524e-15
-9.437117753918755107e-15
5.649480883107571881e-15
2.329425541347518475e-14
-5.942357717003687968e-15
-3.630706846280418239e-15
-2.889199990363522263e-14
-3.180955499004767110e-15
-4.662881192274425947e-15
1.884398193041647697e-14
2.295386103412511226e-15
-1.956329542807111423e-14
1.421335271700741120e-14
-1.869038257495958679e-14
-1.150801676175206025e-14
5.283551374191120355e-16
-6.036116051433282047e-15
4.322320279470659683e-15
-7.672751323184456393e-16
-1.268429805634241426e-15
-1.518846159953568475e-14
2.235051033139256859e-14
-1.313726905038947715e-14
-2.627453810077895510e-15
7.056133455307644618e-15
-2.789990460883018276e-16
-7.687739334016896969e-15
-2.489564110419450969e-15
-5.688283177818220995e-15
-5.130396107944079991e-15
-2.660027753620397496e-14
-1.632965984654788276e-14
-9.980349879867844278e-16
-1.317418396595826317e-14
2.361361106650861024e-14
-9.544587342702470257e-16
2.297934065254025899e-14
1.257799420173455518e-14
9.546807788751720523e-15
-2.578748325987589808e-14
1.889377543307091476e-15
-1.897149104479467604e-15
4.526434782547994296e-15
1.052052889249921389e-14
-3.573141782453603532e-15
2.160011058904842682e-14
1.572114660675083506e-14
-1.318001263683754625e-14
8.531175765824627749e-15
1.159139451090141003e-14
-3.866973408150897553e-14
2.084110661826343687e-15
-3.104422274802232383e-14
-4.464539848925142103e-15
7.857547945633314523e-15
-7.907841048648834443e-15
-2.459099590623736834e-14
3.380629109983601587e-17
8.173073329231783873e-15
-3.492206523958429709e-15
-8.018585795355193271e-16
-1.862909826400027583e-14
-1.311517561219943675e-14
1.048711117945799804e-14
-6.070699498650355931e-15
-6.994460566289717728e-15
-2.138561550069084791e-14
4.632960681760778291e-16
-8.935352457939416316e-15
3.759331734798365708e-14
-1.882827227461802936e-15
3.482214516736803315e-15
4.334482772705428129e-14
4.515166018848048793e-15
-2.719058311839717150e-14
-1.278688266381777867e-14
-7.205902541329578652e-15
-1.012606665184989607e-14
2.351618899609775301e-15
1.708488905904914650e-14
1.440625396753603223e-15
-1.090405543635597534e-14
5.001554725936329899e-15
-1.696348617130638498e-14
-2.711225688400986663e-14
8.976042131791928530e-15
-7.897460463368588573e-15
-1.783573289060314026e-16
7.894407350050869013e-15
-2.490785355746538556e-15
-6.960654275189881219e-15
-1.958488926590007329e-15
-2.266797860528413414e-15
-2.858296932473080991e-14
8.393341577317414337e-15
1.678052141684815961e-14
-3.855987751322232028e-14
1.353689382810330293e-14
-1.213529277066527393e-15
8.874012635828876590e-16
-7.645550859081139948e-15
-2.046640634745244812e-15
-3.234079670733080892e-15
-4.226696770359694640e-14
3.505612466980778587e-14
1.617611600224222568e-14
-5.241140854650438819e-15
-1.699101970231709096e-14
-1.327032927989080169e-14
-1.326866394535386389e-14
1.819167039229796440e-14
-1.148720008004033856e-14
2.871697324380306560e-14
-2.056577130815640076e-14
-1.059757837040820004e-14
-1.465277899015404799e-14
1.538941196699283834e-14
6.564415677701163348e-15
-1.321259768261029399e-14
3.791661429275450019e-14
-2.944949839545074534e-14
1.104855096301093837e-14
3.844202733915836044e-15
-2.798911102885881484e-14
1.781785829990667528e-14
1.697192386629353544e-14
-5.933958879822399103e-14
2.859829040247064080e-14
1.899275181571624517e-14
1.807037852685766592e-14
-2.036876223243666479e-14
-1.110833647288700452e-14
-1.707478602952505667e-14
2.414846100862177890e-14
1.012057104787800213e-14
6.761868842630747559e-15
-7.320033468261045388e-15
3.202360598919540098e-14
6.914413486214243537e-15
-1.501482271848431105e-14
2.250405417569822882e-14
-2.605549109802041261e-14
-4.629296945779515530e-15
5.312861262041224020e-15
1.732286536437754757e-14
3.429867501125727305e-15
-3.628541911382398944e-14
-2.267275256429002065e-14
1.347660871786615622e-14
9.829526081972517621e-15
2.058181403086223357e-14
-2.954436695290496830e-14
-2.243505381471777562e-14
1.397809645808933898e-14
1.934041815587761481e-14
-2.217964700790275841e-14
7.582601213584894342e-15
-3.930156200482315555e-14
4.979761047962938144e-14
-3.175076868089377078e-14
5.185296636511793236e-16
1.076627675899999345e-14
-3.162747841400914695e-14
-2.292432910167008329e-14
5.326017404883031835e-15
-4.571182321555511428e-14
-2.685940359015148685e-14
-5.303979477844222957e-15
1.098277024880189929e-14
3.710587392902197861e-15
1.452493680886846136e-14
-6.561917675895756651e-15
-1.445954467271803979e-14
7.547573677157970640e-15
1.235445079572627906e-14
-4.317990409674621408e-15
3.166855666592027745e-15
-2.841465951419763716e-14
1.861494292043630533e-14
-1.422717499366399256e-14
-2.824607214790830838e-14
2.434941137607893170e-15
-1.377209457587014205e-14
1.198685595227289053e-14
3.579120333441209990e-14
-1.087629986074034643e-14
-2.074063143453486166e-15
1.977390473584250546e-14
-8.589795541524836264e-16
9.146350343769426635e-15
-2.081668171172168513e-14
-1.267452809372571278e-14
-3.095190770352474146e-14
-1.779942859769789804e-14
-6.851519351869228665e-15
2.176647750928850731e-14
1.189459641892653968e-14
-6.758371640103178183e-15
7.432943149865423354e-16
-2.557076772546906773e-14
1.522992842950543513e-14
1.287248085901637754e-15
-2.744032778778660178e-14
4.127032049439094610e-15
-5.126898905416510615e-15
-1.369626634328824270e-15
7.019829162402402201e-15
-2.224309625376008772e-14
7.961409309586996857e-15
4.380679152760080908e-14
-1.052136155976768358e-14
8.415435015507454738e-15
-1.253563919334510517e-14
2.356853601170882823e-14
-1.090150192339933633e-14
-1.266042826131297223e-14
-6.449341061198765456e-15
-2.781608277047098315e-14
1.936950599912279396e-14
-8.506528814677949918e-15
-1.505351399089249673e-15
1.166178265066264381e-15
-1.482913791761575211e-14
1.786482073384831960e-14
4.581424128957678648e-14
1.679878458560324387e-15
1.593059018034637142e-15
-1.589772757881746528e-14
1.643363223280402814e-14
4.407141318552021176e-15
9.878986517719567852e-15
1.893818435405592165e-14
-3.357913946899771049e-14
2.329925141708599656e-14
-8.645972826570869604e-15
-1.884059575019136827e-14
4.802491737621039413e-15
-1.604139043820396177e-14
2.330313719767218423e-14
1.586686337873288686e-14
-2.430766699035302607e-14
3.343747501105553935e-14
8.552158980990044003e-15
