7.486314686213339396e-04
2.912988414728560774e-04
7.840390981249521123e-04
1.833141500765306763e-03
2.765976323692837576e-03
3.489398332570831443e-03
4.077243048840486703e-03
4.506966204060555183e-03
5.352581622413775386e-03
6.060829069798679206e-03
6.881216786414954753e-03
7.796643818109795857e-03
9.456170943773926918e-03
1.011905402240850273e-02
1.202749057217861704e-02
1.252019487947917016e-02
1.270881774995297718e-02
1.338897458633377113e-02
1.383733655288590068e-02
1.447942610514712028e-02
1.456529531945199331e-02
1.603680735370340352e-02
1.727820795410674182e-02
1.888841168709485055e-02
1.900400241649667296e-02
1.973878140691531433e-02
1.933410038564136249e-02
2.006989601268379178e-02
1.955995087221830062e-02
1.929242172547618317e-02
1.981831734815332757e-02
2.072869680756846827e-02
2.110058644283569970e-02
2.290858068564463265e-02
2.348921095608878448e-02
2.309584569922416494e-02
2.450709988045470661e-02
2.370118673042255833e-02
2.452751101103552503e-02
2.369919979163767967e-02
2.465231279322166805e-02
2.476072410315215480e-02
2.555042275376063349e-02
2.513195023279997734e-02
2.635379231394273727e-02
2.780214469072163005e-02
2.831791527158625255e-02
2.740286846828630940e-02
2.893910403732350214e-02
2.887720985312250410e-02
2.894576320637053113e-02
3.049747349200766788e-02
3.164280787760825192e-02
3.240914349079383056e-02
3.222651010934226429e-02
3.304827672113920534e-02
3.316089181825210980e-02
3.465342198456555778e-02
3.460441099952638044e-02
3.591871014267515594e-02
3.543756353105645407e-02
3.717718060174181327e-02
3.804811486877368587e-02
3.933191255404024783e-02
3.862270438055080690e-02
3.904532852735744658e-02
4.101625965434704119e-02
4.255746696714274996e-02
4.250220142057709732e-02
4.255185583404182126e-02
4.367458434136788775e-02
4.464729035298508480e-02
4.512136434294228282e-02
4.789474259761005576e-02
4.653373331988346767e-02
4.763206110961894918e-02
4.735120459868709386e-02
4.963943826632558065e-02
4.951382449191566587e-02
5.156309133624438490e-02
4.951067283874457242e-02
5.301927382198325100e-02
5.444921710317301294e-02
5.459376686267008311e-02
5.484492210564034104e-02
5.401855397471021225e-02
5.508004574813595705e-02
5.737622566365160881e-02
5.807327883947922820e-02
5.908503672985868788e-02
6.117071692288222201e-02
6.085447521228625617e-02
6.197885756282986436e-02
6.067440958545826379e-02
6.272338498256566086e-02
6.382824426472677448e-02
6.494281083266867372e-02
6.598899367539387550e-02
6.673382184681385387e-02
6.678150528049688062e-02
6.832887973423967809e-02
6.818155087214967935e-02
6.859019575355439213e-02
7.042022384780417810e-02
6.933310025118398501e-02
7.070049104528094985e-02
7.114734685952900373e-02
7.362491330234113840e-02
7.332618981279817594e-02
7.287677852156251856e-02
7.463227740189436188e-02
7.653852413971408419e-02
7.567017908960158024e-02
7.658554047679598520e-02
7.571202154829928532e-02
7.826797350791354912e-02
7.891495756407747308e-02
7.917336869141107514e-02
8.126343425907807394e-02
8.003767710321316176e-02
8.135982106511685519e-02
8.191892621873603231e-02
8.323250617948226016e-02
8.241452117467801264e-02
8.461007569557259245e-02
8.563257421704383032e-02
8.367498690226651825e-02
8.531623372524532734e-02
8.459323238676635937e-02
8.568790984808695443e-02
8.714439811776505951e-02
8.825330206209917872e-02
8.892532255482755998e-02
8.869899230492160613e-02
8.868537755726357830e-02
9.000266006364045224e-02
8.998587136177910173e-02
9.035919799255834328e-02
9.168739283297083764e-02
9.114639552780282039e-02
9.271395562619087760e-02
9.175647915775098085e-02
9.363946433304896899e-02
9.368342089044529031e-02
9.378378653693690559e-02
9.306794067149135041e-02
9.400375640702481050e-02
9.497646929430959839e-02
9.480919886218169834e-02
9.471450936876014970e-02
9.650531059500613851e-02
9.715391077642858420e-02
9.767579139829574153e-02
9.784292591067007827e-02
9.833418384801612122e-02
9.854868870208487175e-02
9.728502773816558036e-02
9.782629163343740941e-02
9.788676493996363581e-02
9.983026104142724011e-02
9.977919026579744333e-02
9.941208445487262346e-02
1.014189343890607997e-01
1.009009821119477707e-01
1.009739169593783653e-01
1.016711352745501701e-01
1.011403202380015270e-01
1.011289711975395383e-01
1.014620235490920480e-01
1.023731012781149141e-01
1.032022650270023878e-01
1.034271854697732390e-01
1.025198960786594532e-01
1.044151672111717083e-01
1.044706277662995619e-01
1.034894182806229967e-01
1.042579228780839695e-01
1.043224264828229580e-01
1.043281603434675492e-01
1.038792165231663955e-01
1.051217708486224811e-01
1.049636162869738709e-01
1.046608077388936214e-01
1.060591492166391425e-01
1.047734425102197220e-01
1.050542921397850799e-01
1.065038503532821090e-01
1.057714667779434681e-01
1.067764031927052049e-01
1.064272420307195571e-01
1.073222489294856086e-01
1.066197639599896219e-01
1.084695548943487853e-01
1.083572294552747478e-01
1.071410901488084183e-01
1.076185669213410717e-01
1.075731426235101568e-01
1.078400405701320092e-01
1.073524066283058215e-01
1.084260219088112737e-01
1.083440129983261752e-01
1.073912848312112561e-01
1.084276412224814967e-01
1.074642598729546317e-01
1.078664531133882304e-01
1.087601609542531989e-01
1.084583970984731721e-01
1.086680813588022793e-01
1.080604375151662105e-01
1.086439946571989834e-01
1.081681945374944331e-01
1.084184827824206804e-01
1.082334153920038178e-01
1.091005057406905232e-01
1.085647767536063041e-01
1.093519913305065344e-01
1.093922436225872319e-01
1.079076303289362299e-01
1.085253997085920408e-01
1.102348195679318660e-01
1.100961127634207670e-01
1.094071778454960703e-01
1.089316814876772066e-01
1.091884102285164415e-01
1.095995230068714521e-01
1.095191556495695162e-01
1.089127137511658322e-01
1.096861121239131043e-01
1.095537005452209833e-01
1.084483579010475235e-01
1.094998243656976344e-01
1.096588199481028231e-01
1.089176661394843648e-01
1.081772140202647281e-01
1.091963550562180668e-01
1.087198724160703678e-01
1.087654697390931374e-01
1.081200596438126466e-01
1.084734094644913271e-01
1.088229181409137991e-01
1.086977275537144155e-01
1.075733941653747583e-01
1.079638250118075266e-01
1.082697047201554991e-01
1.076096241695652517e-01
1.083406590306867090e-01
1.080435149090404057e-01
1.076350437518835829e-01
1.073658275944985446e-01
1.079176280908747121e-01
1.072488329728201323e-01
1.071373771311830286e-01
1.077239441761180944e-01
1.072215737835938848e-01
1.073601055293371132e-01
1.061943397829760716e-01
1.074540668480221811e-01
1.068195555697963317e-01
1.072147229540189040e-01
1.074791964853274440e-01
1.064932440074505687e-01
1.067317022938474996e-01
1.071804709580546217e-01
1.069052673268915260e-01
1.065880802766657476e-01
1.072559185455955327e-01
1.062214225824811287e-01
1.062796626263510097e-01
1.061781388141913862e-01
1.061198664887099963e-01
1.052102283327015497e-01
1.053305080389584092e-01
1.048071815705073351e-01
1.054008136820777375e-01
1.049701273538286156e-01
1.048180678645471292e-01
1.050029036599703647e-01
1.050919571235197914e-01
1.048193049206301158e-01
1.042710063799839326e-01
1.046024006088917546e-01
1.047751878343997772e-01
1.041499647422431118e-01
1.039886186931529843e-01
1.031591497096769894e-01
1.036085772438371660e-01
1.036367165238054333e-01
1.034665425045381559e-01
1.031374521248108467e-01
1.028957184667105978e-01
1.029611845094276779e-01
1.027000762011112400e-01
1.028399268555146850e-01
1.029200370148709576e-01
1.021342538812250872e-01
1.021530285432959151e-01
1.020654136649874477e-01
1.019498262323146193e-01
1.018411991775195063e-01
1.021542857622894374e-01
1.017259287817789404e-01
1.014716848793314752e-01
1.007126647710953199e-01
1.009918046270193576e-01
1.006350779797349076e-01
1.003496701180083273e-01
1.001925880701032834e-01
1.003251948539607141e-01
1.002910062078030268e-01
9.964019001409317455e-02
9.973955431210705658e-02
9.972737544700066570e-02
9.917669171141105244e-02
9.921718656896950927e-02
9.910198626805519218e-02
9.861348654648367795e-02
9.827803624717759701e-02
9.851192807378998662e-02
9.886186076969527559e-02
9.810725591497104769e-02
9.811653325727696939e-02
9.776756612677144076e-02
9.774177029478255119e-02
9.749691033252427808e-02
9.735659014257290467e-02
9.778710417986370695e-02
9.735435998080511910e-02
9.692269784707620295e-02
9.740390999847099718e-02
9.696783869340200313e-02
9.689305492119078267e-02
9.651566896678452634e-02
9.666860291431599028e-02
9.591590988025831821e-02
9.561427295676402927e-02
9.582489890477205452e-02
9.538411199721533174e-02
9.492161771567010631e-02
9.511198990018825128e-02
9.530147532468759286e-02
9.461389202447549607e-02
9.453384594668838570e-02
9.480079629536519725e-02
9.470232238177946071e-02
9.411815727234383588e-02
9.360653226739452937e-02
9.377391225467071600e-02
9.323341983862266924e-02
9.324126470956159429e-02
9.382050790316942557e-02
9.305231577004749455e-02
9.305686818213590450e-02
9.291471122783058478e-02
9.293573939983219845e-02
9.287412494780467043e-02
9.256198780122983083e-02
9.204560624566243687e-02
9.192096846858860415e-02
9.140184657173165694e-02
9.202586568843897086e-02
9.191177797329559696e-02
9.199750653177114768e-02
9.112146614009368484e-02
9.161724170756820051e-02
9.093312425367947038e-02
9.077508520681522308e-02
9.058727484388699736e-02
9.090862710590533191e-02
9.000269907126463853e-02
9.051481793086171845e-02
9.010530385349144189e-02
8.994094415384258634e-02
8.978025406746142911e-02
8.970256986702218605e-02
8.970866423363577091e-02
8.942083758886097689e-02
8.951852952996855461e-02
8.892978307738304278e-02
8.920240230854303842e-02
8.941905566133467875e-02
8.847641757521530759e-02
8.860609856408434293e-02
8.858950697931203266e-02
8.858278583448074561e-02
8.868046287799953575e-02
8.849596561332552513e-02
8.792119478411615507e-02
8.855075970886704118e-02
8.822905964943236756e-02
8.804591503892204851e-02
8.755726294358667783e-02
8.771018744833043723e-02
8.787922527156513675e-02
8.810081686872225926e-02
8.772580765523275981e-02
8.717793214660640722e-02
8.702740982051111740e-02
8.684648261022602511e-02
8.720977325832054983e-02
8.681142191771019923e-02
8.649239519830294320e-02
8.668865052666327453e-02
8.657932910707528962e-02
8.664730728889330491e-02
8.649923321737697235e-02
8.632486333865047046e-02
8.619423051032200356e-02
8.581370556193659849e-02
8.636517150108288798e-02
8.621630496626775386e-02
8.576165808456731598e-02
8.625759323341389284e-02
8.595202082936719001e-02
8.591586942766066270e-02
8.570257697567545963e-02
8.566225620161983800e-02
8.571335428305884574e-02
8.545354565355448018e-02
8.548949704210377643e-02
8.513149429968015769e-02
8.539291719678876458e-02
8.541757024042255508e-02
8.538101018103824713e-02
8.537305847714925233e-02
8.516957420327327111e-02
8.486424015167731705e-02
8.509145213365899851e-02
8.512968423968937659e-02
8.497465512941308752e-02
8.458432733345674914e-02
8.521602419326405886e-02
8.475735866979135225e-02
8.474871829635047260e-02
8.490484781159997330e-02
8.490011276287248720e-02
8.453920080463957210e-02
8.467334305596124766e-02
8.456935316441696604e-02
8.444101072226124771e-02
8.445146614458487466e-02
8.455817596256155755e-02
8.455771332517626748e-02
8.452365746436260596e-02
8.459879168744638411e-02
8.482773596971163177e-02
8.460398727191981161e-02
8.416093208660942182e-02
8.414205568652000089e-02
8.460033084487096622e-02
8.469134612744219637e-02
8.468093558472354621e-02
8.459971409273725484e-02
8.425954128842139124e-02
8.464954772235940006e-02
8.434792418059521013e-02
8.458046380841473255e-02
8.467591452918422912e-02
8.485038290576783770e-02
8.478096994184083912e-02
8.463692489650798123e-02
8.439807930282645920e-02
8.468800667185709397e-02
8.463624134673712607e-02
8.494992631695333363e-02
8.490090097573134431e-02
8.505356164298642774e-02
8.503900778084827472e-02
8.488455383274982891e-02
8.521006454680926656e-02
8.511627834336876752e-02
8.490456286206365943e-02
8.494114079022137276e-02
8.505123244856538367e-02
8.517187352458825689e-02
8.544194579527822353e-02
8.537371293872228484e-02
8.549995526868686690e-02
8.541423001857582908e-02
8.549499987953827762e-02
8.532320666973343404e-02
8.555922144113954630e-02
8.541465009508888984e-02
8.596824942930088309e-02
8.567990673237253774e-02
8.610399482093145096e-02
8.615117565872626448e-02
8.583779543061177686e-02
8.594208799101772656e-02
8.615596515495334284e-02
8.617545570551181366e-02
8.621572010232278482e-02
8.659454086436159381e-02
8.622366552443612442e-02
8.644248864916659336e-02
8.689545448742878875e-02
8.653368514987098969e-02
8.682947833112318603e-02
8.706544767718980837e-02
8.689916516889747977e-02
8.708189406985644698e-02
8.730229201604570999e-02
8.712659233444694507e-02
8.734123737482467342e-02
8.754391830505538208e-02
8.768276270732526523e-02
8.776618380025900945e-02
8.813666480231427403e-02
8.773938782273074666e-02
8.804978057771449540e-02
8.821479491163899955e-02
8.825655351447672659e-02
8.822373895605674365e-02
