-5.888610270550309438e-04
-3.827254491258216384e-03
-4.882934076128480488e-03
-2.826821021655718646e-03
-1.078750067693332992e-03
-8.845217902164768725e-04
-7.746684534199141945e-04
-1.009746104680817134e-03
-1.506434644244675474e-03
-1.528893354097689674e-03
-1.427751010261291273e-03
-2.306022106311301795e-03
-1.380052317113118635e-03
3.179218764200548910e-04
6.607800569833970853e-04
2.470526410524995307e-03
3.774901861986682330e-03
1.825198359996618768e-03
1.379215700192612049e-03
2.842584096682624576e-03
3.922285295918587558e-03
5.733351422600420182e-03
8.419340137865494178e-03
1.217001211491265319e-02
9.626095592697985620e-03
1.176301078318288569e-02
1.640451386089681815e-02
1.492563913233652291e-02
1.907885129372141608e-02
2.037317013532293636e-02
2.170239742701481761e-02
2.009780526057769467e-02
2.398135134172238100e-02
2.560299667024143813e-02
3.352249594505991859e-02
3.611787387788310127e-02
3.657938709877622124e-02
4.114573817127319122e-02
4.362878378788020983e-02
4.120456869342694478e-02
4.654407099729510749e-02
4.817378242788046550e-02
5.030439909831412731e-02
5.194942697791336134e-02
5.337733436008884613e-02
5.874071227044178750e-02
6.001006860722363917e-02
6.363916353095769307e-02
6.801609756724465161e-02
7.003655057785730664e-02
6.990214336460319478e-02
7.555802301121901376e-02
8.184423103472907024e-02
8.097434271739736844e-02
8.249965126180151820e-02
8.769506822952019554e-02
9.298927505391793580e-02
1.012211200422015872e-01
1.009935597297784149e-01
9.660500820774507724e-02
1.024828483088724984e-01
1.040071127189522576e-01
1.082163057850649007e-01
1.127633484499219879e-01
1.139752807304464377e-01
1.166350846158195759e-01
1.256146397558777217e-01
1.238524289971373177e-01
1.283952888871079112e-01
1.296693886908725502e-01
1.349171181396906782e-01
1.424014536996359714e-01
1.414767953933717126e-01
1.433317386235812008e-01
1.507602491308922543e-01
1.505401103624098569e-01
1.560837254251520034e-01
1.589306510799823602e-01
1.594728842095985699e-01
1.688354814246120217e-01
1.737267982520286358e-01
1.721609756087583987e-01
1.781115454889455607e-01
1.868294409350381158e-01
1.820338628703284389e-01
1.813041008467872195e-01
1.861536825330272760e-01
1.900066166014123537e-01
1.976423432945839664e-01
1.951703536270340822e-01
1.977812403023535837e-01
2.067506792157386697e-01
2.100790492925090347e-01
2.125861282481597281e-01
2.166368241947913553e-01
2.230810399031615265e-01
2.216059196523760821e-01
2.297648390694348175e-01
2.290539429384066128e-01
2.320559694330833755e-01
2.373849211173257867e-01
2.428394325821795763e-01
2.428477051045032642e-01
2.460315025119158006e-01
2.471204390453820010e-01
2.539141829050821642e-01
2.577757334509906406e-01
2.584478239545838774e-01
2.656055880247960022e-01
2.638480480456965593e-01
2.690854729911655863e-01
2.701229444635116494e-01
2.723973991952752804e-01
2.780014333259986925e-01
2.839423785080863460e-01
2.829595892616769692e-01
2.866424684326313588e-01
2.924311082393591943e-01
2.936355943191671924e-01
2.959297230459020378e-01
3.050570398206789990e-01
3.043130643917534850e-01
3.068794070889693248e-01
3.116142279969820739e-01
3.164543224414081979e-01
3.189279202466776542e-01
3.243968744440933749e-01
3.258433070761111439e-01
3.294388801498547847e-01
3.310445636829288940e-01
3.331046509158618885e-01
3.404402909581010217e-01
3.413882844266150074e-01
3.417017328501769646e-01
3.453562664217708078e-01
3.527552866190366010e-01
3.521021849397608094e-01
3.569159173988480926e-01
3.656449454379712138e-01
3.634565018791445778e-01
3.669614155250990328e-01
3.728273160714831169e-01
3.740322000727688279e-01
3.783377045879977030e-01
3.795575730078005194e-01
3.811448134741734495e-01
3.866408041454333366e-01
3.900917513270212855e-01
3.955411964367180899e-01
3.955639822830949726e-01
3.987674894553258631e-01
3.974273557683813407e-01
4.032649147648897370e-01
4.071833698434642601e-01
4.054193562693311770e-01
4.157533464607172102e-01
4.157137636909736811e-01
4.195586576455561656e-01
4.200484896079155761e-01
4.249912701004071591e-01
4.268875585025876940e-01
4.302563835084273203e-01
4.347757330733132419e-01
4.379088963731559425e-01
4.435161810337347466e-01
4.437429377476697079e-01
4.429957336078373387e-01
4.474197381461184619e-01
4.517716771807864240e-01
4.530959180280916265e-01
4.580202574246201586e-01
4.613723246460075256e-01
4.624175748320334955e-01
4.669493207247528699e-01
4.699192709045655891e-01
4.714197726717649362e-01
4.743302679599135652e-01
4.774856938420129482e-01
4.790111172842457798e-01
4.809829136322421039e-01
4.852803291231270189e-01
4.866655728828341854e-01
4.909210547890446863e-01
4.961875056837217191e-01
4.978804686869626184e-01
4.981187888843117140e-01
4.987191618594730702e-01
5.030730118499904258e-01
5.052801001323238284e-01
5.121696044600539954e-01
5.133335065371303907e-01
5.139233489279976252e-01
5.176533805146966705e-01
5.201404376561391540e-01
5.228032890157220391e-01
5.245560009791830902e-01
5.304253974637590519e-01
5.317162284659893157e-01
5.335747364900779166e-01
5.338945622071596953e-01
5.392983823809178734e-01
5.412496175940731957e-01
5.428354578677185849e-01
5.460434028186648137e-01
5.472970017789732244e-01
5.478892102271865072e-01
5.517458277759096363e-01
5.559916124133226223e-01
5.585706500507073846e-01
5.601232758261224243e-01
5.625910870155559351e-01
5.673034884182920345e-01
5.678918853533667654e-01
5.702634612146867399e-01
5.743631421149896221e-01
5.766424901990768737e-01
5.783778099296301711e-01
5.786030926067533553e-01
5.834577369776640099e-01
5.863658544091160385e-01
5.853277494558966065e-01
5.885598484608058900e-01
5.936807516016175956e-01
5.931135694320023299e-01
5.941114420897979365e-01
5.992205900718365896e-01
6.024974116574397520e-01
6.030030406846289548e-01
6.058121385173622642e-01
6.077822968486761290e-01
6.096686520169406487e-01
6.113171588691705960e-01
6.144658647343307356e-01
6.182417987143882243e-01
6.175213113914146401e-01
6.215496426142497199e-01
6.234782402084443342e-01
6.243405341158047017e-01
6.274342396588405979e-01
6.304502055027847440e-01
6.316257380813506961e-01
6.328906883082418000e-01
6.359883450437554542e-01
6.376448903958188419e-01
6.398611505369280472e-01
6.420367048020916290e-01
6.438919068165617210e-01
6.452158908143348359e-01
6.461501570110677051e-01
6.477985966958154096e-01
6.502754802515319232e-01
6.518980517125221308e-01
6.541983675322705638e-01
6.547964303525939389e-01
6.592654625115224043e-01
6.604633204156287185e-01
