-5.450344734453342740e-04
-4.170199100256106670e-03
-5.382496234331723799e-03
-3.759717347663413776e-03
-2.856603580735315832e-03
-3.034030001714455461e-03
-3.874029712189819025e-03
-4.275171763878499870e-03
-4.437889711197501481e-03
-3.865955265693688751e-03
-2.764951002480201241e-03
-4.671313433831970202e-03
-3.014627007404012057e-03
2.074452507769848208e-04
1.546586057488848719e-04
3.720070828286380256e-03
6.591171629348626868e-03
2.506325466376143219e-03
2.271530928769948440e-03
6.045911978682907452e-03
8.989837532205526699e-03
1.280899124352282911e-02
1.882103676588515323e-02
2.629122955335404591e-02
2.033111857264870495e-02
2.473380785651970934e-02
3.455576257016806235e-02
3.222051201160392592e-02
4.144076920465970815e-02
4.382905750229349612e-02
4.715168842430691315e-02
4.497640158160323698e-02
5.347309381625613145e-02
5.552846047842997096e-02
7.148807179657917787e-02
7.718251154244941403e-02
7.938339240600847391e-02
8.875681987910298554e-02
9.256286016909766323e-02
8.843110175011893725e-02
9.949174359968364356e-02
1.033215926982247734e-01
1.083427855535212397e-01
1.128863177208039720e-01
1.165906994422126614e-01
1.256745344170372702e-01
1.281971345448685573e-01
1.367918144601165398e-01
1.445354916808975765e-01
1.510739465741204046e-01
1.509646581654038866e-01
1.598701677634102036e-01
1.719557987076321959e-01
1.697450099078010588e-01
1.750235382105162496e-01
1.889688645236491382e-01
1.983453620406351592e-01
2.085257215757078397e-01
2.121182106742923457e-01
2.086041544895905764e-01
2.174154033002200226e-01
2.216765557115424612e-01
2.295234090981825570e-01
2.367577453904168017e-01
2.419182742175142731e-01
2.534736093916100108e-01
2.603006290517023702e-01
2.585590194749058379e-01
2.669849725691075260e-01
2.736768093151935588e-01
2.810505517668999143e-01
2.932619027068951167e-01
2.961564098330353723e-01
2.977750369982315459e-01
3.131628549333015932e-01
3.153402801484239681e-01
3.249769666915521271e-01
3.309751958928927595e-01
3.306978129027490776e-01
3.415682464010731390e-01
3.525594785774143203e-01
3.571587808425770172e-01
3.656907185050667364e-01
3.784463976291940757e-01
3.772049417626745504e-01
3.796155443816598418e-01
3.892754895381816960e-01
3.970460347244139654e-01
4.078073909277179498e-01
4.081743335839457809e-01
4.130055812859006470e-01
4.255398531254802053e-01
4.316895901141405423e-01
4.367724613943597678e-01
4.423495974598781744e-01
4.528306391808627485e-01
4.574042069890592588e-01
4.681076806941671387e-01
4.681914185995678102e-01
4.781404353367288418e-01
4.818127089021718157e-01
4.941230142480496079e-01
4.976526047328847513e-01
5.078808527603091427e-01
5.099422001450528708e-01
5.113646332136334571e-01
5.249045308338651239e-01
5.273471096685039550e-01
5.359464156891031728e-01
5.395163229073984823e-01
5.470132602869576255e-01
5.532596672964615880e-01
5.576389360586517796e-01
5.699716770337874827e-01
5.781557425662419147e-01
5.764397864424195550e-01
5.859953567649863748e-01
5.975784637285849188e-01
6.029025647680313904e-01
6.059272687660167689e-01
6.130841619127267439e-01
6.182705896892773945e-01
6.232349232069120948e-01
6.290264921248086560e-01
6.404651088773832823e-01
6.482534948141102094e-01
6.548672776589605782e-01
6.582758478262408230e-01
6.644743696204175043e-01
6.704791216909791185e-01
6.759092631332318524e-01
6.830050941577457957e-01
6.906278131221252892e-01
6.935954715737907561e-01
6.972252513963440590e-01
7.115807833293849027e-01
7.162488917076024197e-01
7.202870407851481582e-01
7.295970426429376765e-01
7.320466420959337306e-01
7.396885154639835092e-01
7.465473848733924500e-01
7.525643703832776144e-01
7.605644503589530370e-01
7.632095286301007198e-01
7.698363969866460765e-01
7.763353993996930935e-01
7.830779924403076242e-01
7.925819212807315717e-01
7.950635562992234284e-01
7.997381570763307801e-01
8.074151716499111675e-01
8.108627983870368983e-01
8.164911043150948622e-01
8.268159021254369856e-01
8.313216466327926213e-01
8.349109678517752098e-01
8.410192906226949816e-01
8.522478174911923832e-01
8.554610770809678577e-01
8.623346697906213443e-01
8.668680925226793788e-01
8.738929344841863678e-01
8.800598487581077212e-01
8.860622271500786518e-01
8.908258194102207650e-01
8.978677744783457593e-01
9.035021501253807097e-01
9.077246314811390215e-01
9.121599105625678439e-01
9.196382179346168639e-01
9.297650302914963749e-01
9.308581736424733633e-01
9.385402804614253469e-01
9.438710571705141161e-01
9.470917760435960675e-01
9.532205361573458102e-01
9.592912981504594372e-01
9.649404212312325813e-01
9.695368797752795809e-01
9.759695714792708809e-01
9.817167118276058924e-01
9.875291944433982616e-01
9.927372868607002854e-01
9.953764494341489355e-01
1.003744276549720649e+00
1.009627064604937896e+00
1.016843561732286849e+00
1.021639245278396446e+00
1.024756131562973849e+00
1.031477857021899647e+00
1.033247244091821004e+00
1.041195867021854404e+00
1.049814665622821108e+00
1.050684269959788919e+00
1.059516173570826725e+00
1.063524686141944731e+00
1.071534059553101770e+00
1.074109728287064192e+00
1.081263011967786403e+00
1.086812578123554252e+00
1.088548288477547477e+00
1.095096737231787909e+00
1.102249469715056440e+00
1.104527022477078457e+00
1.110933350114430729e+00
1.116900200202634919e+00
1.120464995920355422e+00
1.129933282398941641e+00
1.132701953448467913e+00
1.136628654817523065e+00
1.141184946456978766e+00
1.145636073779258579e+00
1.153121937094336191e+00
1.157487962816599714e+00
1.162715261771868569e+00
1.168150625813173082e+00
1.173344767033363878e+00
1.177303468548845933e+00
1.184158627640647277e+00
1.189995498933869245e+00
1.195806410689058241e+00
1.200055489396581798e+00
1.203470683755665460e+00
1.208669864009187300e+00
1.214728253937812363e+00
1.219289748843314092e+00
1.225003710390226486e+00
1.229427992373441469e+00
1.231818452327397839e+00
1.239448625086594147e+00
1.242071877809038050e+00
1.247848783223196811e+00
1.254446284894102259e+00
1.259452276741936716e+00
1.262917216633184792e+00
1.265494919119220407e+00
1.270882274994894479e+00
1.277141389783624792e+00
1.282533303005868319e+00
1.287328202326842863e+00
1.290598408155049892e+00
1.296157022581604368e+00
1.301241559022036975e+00
1.306385416738739869e+00
1.312625105970907091e+00
1.316424633056903160e+00
1.320684302637598728e+00
1.324802454982892952e+00
1.330245630834030468e+00
1.333436176784090099e+00
1.336857870969082596e+00
1.341932288562296183e+00
1.347535319788876862e+00
1.352173417656730603e+00
1.357930951496054028e+00
1.361918424134526351e+00
1.364997466694686690e+00
1.372051060220237151e+00
1.376948447036514089e+00
1.378862781361736900e+00
1.382451329705580934e+00
1.388230696837372991e+00
1.392862485400839789e+00
1.399913752718362270e+00
1.405492940125209866e+00
1.407432217517319284e+00
1.411019699395567262e+00
1.416395097926126834e+00
1.420663229334147237e+00
1.424091105936362789e+00
1.431511287538123955e+00
1.434419875718100146e+00
1.438846419027514312e+00
1.442624994783733516e+00
1.443057536084628056e+00
1.449421848372052679e+00
1.457356274805228669e+00
1.461820382381188166e+00
1.463036597630654079e+00
1.467174114386135653e+00
1.472803084996644030e+00
1.478291769563853331e+00
1.481507968874848480e+00
1.485011390652622776e+00
1.490629968552303897e+00
1.493042779816215360e+00
1.498523291733239615e+00
1.500873233957487285e+00
1.504695324768032805e+00
1.512225054066769436e+00
1.515384286640409250e+00
1.518291834625950409e+00
1.524334431931680056e+00
1.526564820168549552e+00
1.529712146007969675e+00
1.534568794162477268e+00
1.539484579923769081e+00
1.543016232165673518e+00
1.548497573713059072e+00
1.552745143455096066e+00
1.557159118642264861e+00
1.560118878261203657e+00
1.565134114337032978e+00
1.568958708477033115e+00
1.571863516860293242e+00
1.574887403394620078e+00
1.578568497072489807e+00
1.583750907624118076e+00
1.587024326838365695e+00
1.589624814001081132e+00
1.595363413063782154e+00
1.599690997688738348e+00
1.602946806076874564e+00
1.605995290494239836e+00
1.610836889403673755e+00
1.616800440156748397e+00
1.622117598397526672e+00
1.624232699926906554e+00
1.626506818660051312e+00
1.628466473386212865e+00
1.633391591538992715e+00
1.639307309045781036e+00
1.643905838784123441e+00
1.645779146654847702e+00
1.649719313184675240e+00
1.654232067807416939e+00
1.659422125423343886e+00
1.661005251880377509e+00
1.662884487106924825e+00
1.667864189788966112e+00
1.671944023954101244e+00
1.675046689860406390e+00
1.677922589390898445e+00
1.681828543357239303e+00
1.686104867045963074e+00
1.690711891181647442e+00
1.694243413365295270e+00
1.696323514292004786e+00
1.699980052240590789e+00
1.704623036749206566e+00
1.709287644482709645e+00
1.712259130497211679e+00
1.714532686090877611e+00
1.717823436811028115e+00
1.722289514806935040e+00
1.724388610119355070e+00
1.728814015556925598e+00
1.732677821388342476e+00
1.737818033385416294e+00
1.741443190935826113e+00
1.744774797393809029e+00
1.747964868038286657e+00
1.750520813408709575e+00
1.755599793100985018e+00
1.758836164863350149e+00
1.760367259731370426e+00
1.764246742082097530e+00
1.766821324302184415e+00
1.773303517594517320e+00
1.775551710560875573e+00
1.779211782268456332e+00
1.781177947958463514e+00
1.784097379475021006e+00
1.788646979874415566e+00
1.794047855280207937e+00
1.796100249005565308e+00
1.797839984989481277e+00
1.802138476178083426e+00
1.804470486658696471e+00
1.807780894546892725e+00
1.810868907188866173e+00
1.814694630731920277e+00
1.818573296043698884e+00
1.824192285315185291e+00
1.825524083435213551e+00
1.828850196722630495e+00
1.831932218147348523e+00
1.834657568404527650e+00
1.838054549060689880e+00
1.841583026312291649e+00
1.845603923870323237e+00
1.848678406134117491e+00
1.851501342478464318e+00
1.854399816104760790e+00
1.857926671254378492e+00
1.860393116249202672e+00
1.862847323047838843e+00
1.866846069577015044e+00
1.870122535938712360e+00
1.873970219259137204e+00
1.876298763459651298e+00
1.879470698421821906e+00
1.883691890562262605e+00
1.886713508904058978e+00
1.888146345417983651e+00
1.892487721130591716e+00
1.895933429889831823e+00
1.897283157547927424e+00
1.901017380875267282e+00
1.905041196469390297e+00
1.906843910757738181e+00
1.909909827922271486e+00
1.912524671967196443e+00
1.915931385872010617e+00
1.919115982982376512e+00
1.921566885511896805e+00
1.924003016073817518e+00
1.927420016076146547e+00
1.931716362544131593e+00
1.935422727031298251e+00
1.937587923226388398e+00
1.940889643055798475e+00
1.943344501477634712e+00
1.945755487245346194e+00
1.949572329005207383e+00
1.952703541854475366e+00
1.954686368838499222e+00
1.957786751363558286e+00
1.960102200576039788e+00
1.964551142984570786e+00
1.967345685938885147e+00
1.970341915405783961e+00
1.972593908711402388e+00
1.975363513080847788e+00
1.979278920441006173e+00
1.981326593884111142e+00
1.982975167719311260e+00
1.988847681903632481e+00
1.990716844053147305e+00
1.993137414099415583e+00
1.995457506225111644e+00
1.997902036307014795e+00
2.001590281010707351e+00
2.004718710119874014e+00
2.006566278684308813e+00
2.010761615643677835e+00
2.013411780382068361e+00
2.016309812626196241e+00
2.017144424579956130e+00
2.019875027069053086e+00
2.022199068015732237e+00
2.025491356161730927e+00
2.028106188864050363e+00
2.031836868318523948e+00
2.033993757918119538e+00
2.035672020492427237e+00
2.037963863409352427e+00
2.041687375413450578e+00
2.045218261137821347e+00
2.048162166746192003e+00
2.049730734129318055e+00
2.053977417020656837e+00
2.056791911605968970e+00
2.058466181535272277e+00
2.060457953224424710e+00
2.063049524940832491e+00
2.065918767676260703e+00
2.068907231094664567e+00
2.071220440097171878e+00
2.074718241427777610e+00
2.077100705567570316e+00
2.078697591597412409e+00
2.081206323812668568e+00
2.085029403386938096e+00
2.088237304578581810e+00
2.089852473689271850e+00
2.092764695994497437e+00
2.095126980497847402e+00
2.097580943304711010e+00
2.100436909587994894e+00
2.102634985840772242e+00
2.105894864100506414e+00
2.108337918730079696e+00
2.109324887133085191e+00
2.112297316532318003e+00
2.115389876487619780e+00
2.118022400736601085e+00
2.119722499527833204e+00
2.123136733886620053e+00
2.126031119765544819e+00
2.127593114235788008e+00
2.130756972191021337e+00
2.133449606056592174e+00
2.135343704807857623e+00
2.137950436588177183e+00
2.140455922983630632e+00
2.143166630099297976e+00
2.145518788075277072e+00
2.146949072890268706e+00
2.150226886857061093e+00
2.153855714553404521e+00
2.156684797382581564e+00
2.158557468041770733e+00
2.159872934749998308e+00
2.161833367465927580e+00
2.165574496379248703e+00
2.167674827051293107e+00
2.170294703220352339e+00
2.171920197290855725e+00
2.175364345912726094e+00
2.177361271326526460e+00
2.180204462622902017e+00
2.181766803061220283e+00
2.184852130650438706e+00
2.187237486976735923e+00
2.189938012182095495e+00
2.192494741158889759e+00
2.193763512839502106e+00
2.197306879192140627e+00
2.199755543571578098e+00
2.202566407590385023e+00
