7.091565872014778289e-04
5.132089480483989236e-04
1.319735765328790191e-03
2.726096428612613184e-03
4.083716455138147045e-03
5.384697044798892815e-03
6.542399139880829100e-03
7.440289982468577083e-03
9.173715973955463843e-03
1.040444800107409411e-02
1.181100987708534264e-02
1.301198650310221236e-02
1.551737012571656818e-02
1.628611220226310399e-02
1.898820055948045177e-02
1.965889547297949153e-02
2.001317507530242512e-02
2.115856339354666923e-02
2.184695084148533667e-02
2.278732492495199810e-02
2.286145817011289716e-02
2.470362660719701425e-02
2.619676218342161314e-02
2.844272162523655417e-02
2.864831651872384866e-02
2.925798960171008267e-02
2.921356338818890605e-02
3.019211611724020861e-02
2.938578333618671601e-02
2.886225903771973134e-02
3.002278982713437253e-02
3.050445728072230175e-02
3.131216153552239534e-02
3.305033117933078857e-02
3.359028800370404688e-02
3.384091166261738587e-02
3.519132756911512450e-02
3.462288307945581706e-02
3.520681662088309682e-02
3.513083777650985451e-02
3.630521436751278641e-02
3.572813592758011803e-02
3.674419353769643043e-02
3.700601653572997002e-02
3.785551221277713013e-02
3.948682114553928729e-02
3.947240732863654955e-02
3.989557206257923067e-02
4.101284006829995776e-02
4.111874325956033777e-02
4.171046072118552578e-02
4.367485707838676678e-02
4.433471570952759316e-02
4.486846542601156951e-02
4.449718294769887394e-02
4.680506075424638313e-02
4.734606870822175018e-02
4.763106844958177322e-02
4.890827280868648846e-02
4.892354528245333040e-02
5.008078217106931573e-02
5.193637789516539205e-02
5.200833347297866005e-02
5.232359636509382322e-02
5.312584704200353641e-02
5.403077504690455279e-02
5.530870046315914529e-02
5.582554818432799992e-02
5.588158607372606390e-02
5.729092912290992268e-02
5.843742584135926815e-02
5.810483016459320332e-02
5.973476306251235268e-02
6.293677876332366694e-02
6.170044428999508362e-02
6.170402490595384287e-02
6.417181581556125058e-02
6.409888780779732231e-02
6.461623691721074536e-02
6.597786753343741484e-02
6.473464425014233137e-02
6.727987215405172028e-02
6.811837914325837018e-02
6.854726198116226077e-02
7.036560617911458149e-02
6.840327441747552639e-02
6.837295751171121316e-02
7.083350641366495393e-02
7.129465360775358307e-02
7.247941344381264583e-02
7.305592901621631163e-02
7.380299743894373765e-02
7.602841421471086270e-02
7.360736417312443991e-02
7.692315735097607354e-02
7.691667549280221949e-02
7.703305106068054908e-02
7.668223844785108934e-02
7.822687453461407703e-02
7.936260843698790535e-02
7.995623835629710185e-02
7.926438825829905388e-02
8.149459832606434362e-02
8.062101607486314714e-02
8.029071580352642457e-02
8.238124137472295494e-02
8.261383678709038891e-02
8.282014585633401538e-02
8.400401324309487994e-02
8.417765713586632115e-02
8.276682809048152567e-02
8.522809485316758249e-02
8.528195489295078979e-02
8.513610503207170999e-02
8.493782825766055256e-02
8.786543076880043435e-02
8.657666797201557518e-02
8.830725232079880693e-02
8.749628043638538188e-02
8.782357585116175314e-02
8.852167497816090802e-02
9.002131813315780717e-02
8.681646744904299162e-02
8.851826415289275329e-02
9.028652902686072623e-02
9.054140120790650503e-02
9.149869814817550295e-02
9.075032373782805639e-02
9.081651345331863412e-02
9.265667769345618809e-02
9.124772237187867008e-02
9.145733500013886186e-02
9.301837807554708126e-02
9.277043958985180250e-02
9.256024734753300065e-02
9.081224118264845380e-02
9.249970991550009181e-02
9.364945755425092833e-02
9.431356086769175640e-02
9.464800065211421976e-02
9.379426337292626203e-02
9.365440658232586368e-02
9.617273775467813368e-02
9.381481828287087377e-02
9.401280318390732582e-02
9.470245290694276341e-02
9.537515247687732012e-02
9.436263766054668600e-02
9.513496268527359134e-02
9.386804396133700823e-02
9.457212426006794681e-02
9.462053209293135037e-02
9.437172353277015202e-02
9.658184017745709282e-02
9.581959286621223593e-02
9.523597440304040762e-02
9.634486145975965088e-02
9.510457949598140337e-02
9.563339900903551627e-02
9.578078021991531799e-02
9.664902988082052504e-02
9.487247054800204693e-02
9.457447629188879545e-02
9.623087326327459112e-02
9.525126026698996218e-02
9.627075536890976337e-02
9.512742147052444253e-02
9.629832964125477346e-02
9.640790195543487429e-02
9.608389770164144084e-02
9.574134917862464622e-02
9.714864011787950615e-02
9.526517135926317048e-02
9.543355940562252282e-02
9.483491287921978763e-02
9.544367356293724514e-02
9.636198192390696415e-02
9.481458801965586547e-02
9.550437769868957982e-02
9.516107008615518059e-02
9.500921083847596593e-02
9.455791136339858349e-02
9.596365895534086921e-02
9.523567399847253367e-02
9.443470320158010856e-02
9.458926330397192384e-02
9.463565840337311019e-02
9.484764111156153421e-02
9.411858150754144614e-02
9.458173727541351050e-02
9.532354408463229734e-02
9.360915162966726433e-02
9.443833237875708109e-02
9.445097495688209444e-02
9.312030714544221321e-02
9.472799627676918577e-02
9.427415543799913533e-02
9.414906958129823367e-02
9.329367886175755908e-02
9.377013034587246276e-02
9.360060023698790754e-02
9.320861601128109519e-02
9.375729295803318653e-02
9.375886606256939038e-02
9.280942821714946445e-02
9.280486454726881440e-02
9.290268753841439409e-02
9.306442518434404620e-02
9.256236551531134282e-02
9.223408198059172836e-02
9.247368957878825124e-02
9.288229709553751101e-02
9.193855694953539937e-02
9.168908055419974779e-02
9.198804896729489977e-02
9.241231041636095711e-02
9.150349643829294721e-02
9.144975861883235246e-02
9.184785235964777750e-02
9.128482014039582260e-02
9.202907567002246991e-02
9.074307626415090144e-02
9.118222979884040014e-02
9.157218446312283266e-02
9.065859018761371346e-02
9.096844249004436278e-02
9.094013538044849743e-02
9.061008981222214154e-02
9.056887801359139734e-02
9.071236800213371143e-02
8.985041219845379956e-02
9.005883300320202678e-02
8.963200040523651435e-02
8.998930777774148682e-02
9.038161788536812347e-02
9.053098650394579561e-02
9.015929749462189835e-02
8.958373457553030217e-02
8.951008247169064957e-02
8.972799206079405676e-02
8.938117956549693210e-02
8.890435115961906054e-02
8.920987690978549045e-02
8.932107556679305671e-02
8.845598062863477273e-02
8.875258195813361117e-02
8.857393860918598427e-02
8.873741748443127186e-02
8.809410021629809906e-02
8.888920168774973318e-02
8.854355274183961511e-02
8.848491375075527576e-02
8.866099357431048156e-02
8.812602494684475263e-02
8.881732479518814061e-02
8.749630867478760954e-02
8.850619099659313982e-02
8.818395603473418165e-02
8.805808269099851815e-02
8.764176494238386239e-02
8.798364800347899251e-02
8.804502201372201020e-02
8.828266885721536283e-02
8.835191083734496298e-02
8.809120248402177444e-02
8.807821421366456016e-02
8.791161895096261114e-02
8.759025558878022477e-02
8.767043745838139224e-02
8.795640984922295513e-02
8.821919087919728730e-02
8.802285930321772367e-02
8.767059825724012045e-02
8.809094851181253905e-02
8.821848482326528906e-02
8.816333654311148127e-02
8.805321022624608418e-02
8.773409790639938310e-02
8.806549204905736450e-02
8.818370433516332929e-02
8.797522424113525530e-02
8.837210516495405677e-02
8.860539093087954621e-02
8.828113830036161958e-02
8.801559364517959339e-02
8.891282396629753004e-02
8.812492064867170904e-02
8.857734842349059001e-02
8.856293803902297312e-02
8.852389701997649685e-02
8.889375992844605889e-02
8.830042623202777330e-02
8.858032437556244421e-02
8.845421818839240002e-02
8.911580226518575620e-02
8.892460664615747801e-02
8.929904779692497685e-02
8.859025243083060164e-02
8.927797633561827817e-02
8.940866367974079076e-02
8.932028458504993884e-02
9.005162458429731565e-02
9.022326681935016746e-02
8.999378714607456087e-02
8.983784068174643922e-02
8.955163852002251401e-02
9.057983042648233563e-02
9.030651273459942840e-02
9.027321006022892558e-02
9.052384127858177643e-02
9.034804395820998646e-02
9.055244770009496236e-02
9.097202519918898278e-02
9.099601708390987753e-02
9.105635781307873378e-02
9.134151499890910686e-02
9.162178852742246249e-02
9.155468227330985920e-02
9.136478297538820625e-02
9.207002574136850803e-02
9.205447480451046938e-02
9.192677262953057038e-02
9.269574288008095020e-02
9.280481563256966215e-02
9.325658268227435266e-02
9.307920718656194359e-02
9.306176796645450333e-02
9.363261566119665535e-02
9.303463478106248352e-02
9.395161509941866995e-02
9.361946803405245265e-02
9.392653776912014696e-02
9.448050100636005977e-02
9.439553028917178901e-02
9.467603313129972775e-02
9.488834705533139013e-02
9.487824740048565741e-02
9.515701221721488412e-02
9.563979809233945362e-02
9.547328939895761979e-02
9.633759441356677666e-02
9.605095114339573525e-02
9.609701011689836259e-02
9.646684924386794702e-02
9.656759982452102486e-02
9.705542020726634633e-02
9.716694591149317717e-02
9.716500169623833172e-02
9.780631690750871132e-02
9.803027301793400261e-02
9.784893244951539670e-02
9.807307524158903611e-02
9.862252468943404071e-02
9.878310670625609080e-02
9.860795458818866210e-02
9.907237508447272467e-02
9.956031054557473725e-02
9.978250662268231541e-02
1.001958363162745863e-01
9.984144206529654841e-02
1.009666126068453906e-01
1.006821801480828060e-01
1.009234896206127191e-01
1.011673724809401681e-01
1.016149017065494653e-01
1.016846388063477324e-01
1.019351638480619493e-01
1.022581315841373795e-01
1.025981972626185124e-01
1.030796733470104726e-01
1.026738086825128154e-01
1.031980560957990456e-01
1.033319529637285739e-01
1.034754724424467170e-01
1.038193902592588064e-01
1.041960127832117639e-01
1.043402103879209064e-01
1.045630807836331888e-01
1.050354245738703146e-01
1.050203665662020336e-01
1.051217614535536193e-01
1.058780340470262954e-01
1.061927811735266930e-01
1.066082761923023148e-01
1.064155752194761023e-01
1.070914641875141821e-01
1.067900145083780228e-01
1.072406046776803457e-01
1.076290422722015749e-01
1.079295519173616852e-01
1.078533862695216228e-01
1.085834291533657875e-01
1.086688207730250738e-01
1.092082722725783717e-01
1.093908263307303425e-01
1.099468978750170328e-01
1.099500733778591699e-01
1.099752104153867843e-01
1.105022203578555906e-01
1.105187907612084353e-01
1.112663531571795733e-01
1.114806858134353151e-01
1.111188695133230597e-01
1.117208606924716269e-01
1.120236801518321029e-01
1.124269164049614134e-01
1.127082577916256184e-01
1.130230043126510681e-01
1.135860503949479849e-01
1.139504797773246980e-01
1.135934628219464060e-01
1.142277099475131480e-01
1.144025717516733570e-01
1.146865578417723130e-01
1.158123186242151215e-01
1.156937796754704678e-01
1.157579266343701507e-01
1.156966130581776886e-01
1.162019562961568164e-01
1.162855055666461440e-01
1.170480972404326914e-01
1.172181965851000068e-01
1.172673582366592637e-01
1.175524849646953501e-01
1.180172816472328523e-01
1.183529629238476710e-01
1.188544306869426248e-01
1.185822512182269362e-01
1.191342111008568405e-01
1.193880346572635115e-01
1.194880022529886815e-01
1.200705503019395270e-01
1.203632924066182081e-01
1.205460894650954157e-01
1.210054486164484355e-01
1.210500048328913419e-01
1.215369807636687005e-01
1.217239927602178917e-01
1.217594141908083377e-01
1.220015319167694900e-01
1.224363988695453959e-01
1.230042361877293627e-01
1.230046299608668486e-01
1.236212307505496211e-01
1.237882208359179920e-01
1.240303075174679914e-01
1.244367563209335253e-01
1.244446887441006400e-01
1.249585381319486127e-01
1.253647764374758167e-01
1.256978570604333212e-01
1.259354858019316459e-01
1.259289220506293050e-01
1.264966353326426318e-01
1.266553259085533567e-01
1.270199146045418725e-01
1.271708759814070278e-01
1.274598798284253265e-01
1.281999157201043071e-01
1.282285467552966574e-01
1.281771321970329169e-01
1.287601364683511884e-01
1.289797510702447580e-01
1.292985675511610089e-01
1.295678560818676051e-01
1.298473637636537448e-01
1.302069686739981136e-01
1.302935020694145629e-01
1.305681280668151978e-01
1.311468087363729940e-01
1.315857812650842729e-01
1.316209110931209625e-01
1.320190412920385914e-01
1.321922565994523568e-01
1.327761466694605819e-01
1.328319614943260507e-01
1.332026793632006545e-01
1.332902606652834887e-01
1.339813822160351442e-01
1.340813681558342962e-01
1.339242398645355825e-01
1.344955534023362931e-01
1.347814284979128030e-01
1.348998369519014973e-01
1.353969238891114535e-01
1.355289733456489509e-01
1.361871079605599943e-01
1.364738253904399790e-01
1.364708145502672998e-01
1.367910331623263254e-01
1.373981945615336542e-01
1.371130925735901396e-01
1.375201598865094799e-01
1.380714301704662195e-01
1.380959339451535151e-01
1.383350028034105450e-01
1.387182831846497932e-01
1.390179191952116977e-01
1.391383942525220851e-01
1.395088834731584293e-01
1.398475174979462166e-01
1.402227840296160766e-01
1.404299262982932894e-01
1.405899801705102203e-01
1.409761819330185018e-01
1.411267164479595437e-01
1.415905940419471265e-01
1.413913511721942018e-01
1.421030251062995742e-01
1.423981631592934893e-01
1.425608589077987653e-01
1.425576847955597193e-01
