7.071904685387865553e-04
6.007627211745991160e-04
1.500196620792156261e-03
3.028518788305965652e-03
4.529775340514340456e-03
6.008422510599250622e-03
7.359858750895818987e-03
8.391648717142137157e-03
1.041617254963235657e-02
1.178241272768809807e-02
1.337969517285597133e-02
1.462528037767153212e-02
1.738454477196684292e-02
1.816535155035190613e-02
2.106709261663666094e-02
2.177185345454191179e-02
2.216771035368848147e-02
2.343496618517404428e-02
2.414838756055899191e-02
2.514794539743293866e-02
2.521176441120603906e-02
2.715163157813957340e-02
2.865902053073303424e-02
3.102752407384818181e-02
3.127006981079911985e-02
3.178928982519908797e-02
3.181980651625147816e-02
3.291423437334357188e-02
3.198892924151815892e-02
3.137991842080298244e-02
3.269151079337559440e-02
3.299308653042041378e-02
3.393828693627917725e-02
3.557013524923114539e-02
3.610265079407030953e-02
3.651195958570534889e-02
3.777411535060804654e-02
3.731894033401503968e-02
3.777830179328936500e-02
3.796323857342486646e-02
3.908775638417322229e-02
3.853062312894134367e-02
3.945069725711387171e-02
3.989951815326050338e-02
4.069339038687547899e-02
4.233610796768927376e-02
4.211708275493703663e-02
4.296864722418584220e-02
4.382073281054127412e-02
4.405319095237431037e-02
4.484821246353524332e-02
4.681464032003183201e-02
4.727702871466293172e-02
4.774276855088020050e-02
4.741093430380327600e-02
4.988913404500473076e-02
5.074400602193624571e-02
5.066420264817401986e-02
5.236588079226104503e-02
5.196899701420090029e-02
5.343916381708121305e-02
5.527865101202747433e-02
5.517367048953767533e-02
5.521678827823790076e-02
5.662581918389716917e-02
5.767653206191090953e-02
5.843745095354845043e-02
5.855179838301625278e-02
5.890367239934592158e-02
6.072509069799913312e-02
6.165041247162129923e-02
6.123588054691429111e-02
6.321024816314718686e-02
6.581358756299558743e-02
6.507912771455533207e-02
6.473438477721564499e-02
6.807887592131658949e-02
6.695184282450056257e-02
6.800863588694225359e-02
6.913260560476171268e-02
6.828804158504539479e-02
7.020484364593868043e-02
7.054954036346333668e-02
7.138475905654532994e-02
7.356199646377828416e-02
7.193660364055508294e-02
7.135785517949717882e-02
7.408164289296859106e-02
7.397015235210362138e-02
7.516043162079051598e-02
7.525050858062402870e-02
7.653951934428966652e-02
7.827900013262582835e-02
7.681178428026444460e-02
7.941396502299306881e-02
7.949098461596297571e-02
7.920858615189230179e-02
7.913369554875626655e-02
8.062592461118091303e-02
8.138529785758730206e-02
8.189058215543365549e-02
8.172711824934605906e-02
8.357234462936677377e-02
8.216617485381962072e-02
8.270620187105527654e-02
8.451927248713417273e-02
8.450842333676893137e-02
8.414835822202551552e-02
8.563881610166565461e-02
8.587980471942931182e-02
8.442254094513380880e-02
8.653003328810150718e-02
8.678588865642367089e-02
8.653875144069388126e-02
8.656612501414823191e-02
8.889857352579426386e-02
8.767922223603949461e-02
8.945408169423198219e-02
8.814170997164672006e-02
8.910861203195884206e-02
8.907677808262590147e-02
9.082881884707573461e-02
8.723346096785816739e-02
8.940544461061541992e-02
9.054993308981161559e-02
9.078371355025413592e-02
9.199871117585571578e-02
9.091929117864162857e-02
9.141670224734632644e-02
9.321713515420508578e-02
9.107475546034855818e-02
9.130282315810943350e-02
9.303819614394312487e-02
9.255227543529231937e-02
9.271384037062398165e-02
9.094471433161410712e-02
9.179219936212416886e-02
9.374046622118785421e-02
9.393290988425756494e-02
9.375714140298538335e-02
9.311094505391247222e-02
9.320712574976616760e-02
9.563250824950723927e-02
9.324706100727413183e-02
9.347848279277200245e-02
9.472737909018859315e-02
9.504107877423513540e-02
9.329094084048590585e-02
9.485232420147940435e-02
9.342903469086612234e-02
9.378009363602592130e-02
9.324766447038142225e-02
9.352931696656595351e-02
9.499552945492638345e-02
9.478416195329283922e-02
9.421564321381953322e-02
9.493165076994579399e-02
9.467323524395961087e-02
9.513940820978276924e-02
9.428760153381866849e-02
9.513828326860260254e-02
9.399277436670634700e-02
9.302710283468509922e-02
9.457753453483751238e-02
9.381275121744533929e-02
9.454976497822514814e-02
9.424741965382957276e-02
9.507126021980787101e-02
9.460506997943145258e-02
9.450816549663038080e-02
9.420446464875607828e-02
9.524718592663446171e-02
9.363996642638522383e-02
9.386689279354987203e-02
9.308170230319735838e-02
9.422846052110205040e-02
9.462150977078088998e-02
9.321234471300839097e-02
9.344375468607159230e-02
9.370116907485730173e-02
9.350035773532727745e-02
9.327394668814797951e-02
9.396577081775008000e-02
9.348408681385478314e-02
9.304781197087744204e-02
9.286629019693158626e-02
9.303718249594213063e-02
9.303303427330962549e-02
9.253431610893417258e-02
9.310525716554551856e-02
9.361367189183172899e-02
9.204386718564312730e-02
9.260224566229480203e-02
9.261176861396168414e-02
9.170304791647886089e-02
9.290996163483893067e-02
9.266850174974501642e-02
9.220717339884386410e-02
9.182359544224669157e-02
9.214890703313109721e-02
9.207509988943905765e-02
9.138813356942013244e-02
9.179609163168971075e-02
9.212821538531584808e-02
9.157657530091885267e-02
9.142438135600393367e-02
9.150761114604524793e-02
9.135698658521258786e-02
9.098074683763132664e-02
9.088418387806562748e-02
9.141323844726462200e-02
9.136317003032745632e-02
9.117352973996219190e-02
9.081461151390003705e-02
9.084550825439474675e-02
9.145207354799914090e-02
9.051083888899572050e-02
9.068100438729068125e-02
9.095987997242126200e-02
9.062421828103904564e-02
9.075724567407214560e-02
8.973592057225235341e-02
9.073852404854930442e-02
9.063033291844353745e-02
9.031746893853946634e-02
9.027722081085236272e-02
9.050676643256246046e-02
8.992121263135391396e-02
9.020979034775612748e-02
9.036578056053010122e-02
8.975892665275082838e-02
8.956520717035042212e-02
8.943973155389443874e-02
8.994443589366940550e-02
9.063207758259894664e-02
9.044382874556929075e-02
9.020914925732245737e-02
9.004475776396751729e-02
9.002670732267026299e-02
9.039434445730475109e-02
8.989446634030728855e-02
8.976585735918997389e-02
8.987657155873081394e-02
8.987846027507266633e-02
8.946406010376069251e-02
8.938866439921720752e-02
8.988290314095348510e-02
8.988914213353800531e-02
8.945410310775785134e-02
9.007987106272627442e-02
9.021547305184061949e-02
8.999981815809869612e-02
9.018916556379111271e-02
8.974616053388184689e-02
9.031261316208190337e-02
8.959874527964258040e-02
9.054453010323373907e-02
9.002942881793660201e-02
9.033614054911474900e-02
9.007773733803664529e-02
9.025615348276473660e-02
9.068534089467500392e-02
9.073601164978345457e-02
9.084600534340039890e-02
9.091521586834755420e-02
9.088945979011991971e-02
9.083561745747253946e-02
9.075829880692445895e-02
9.062352496171485750e-02
9.122257532022569337e-02
9.152517232567591865e-02
9.143198721768498738e-02
9.114402767269139116e-02
9.176631362843425122e-02
9.220058401805066028e-02
9.181688046972008577e-02
9.193107984474692407e-02
9.178005369895454735e-02
9.218612825234430430e-02
9.245466370508012566e-02
9.228815549655712547e-02
9.291899181115208239e-02
9.296077148075197749e-02
9.293497277813229929e-02
9.277099519517846560e-02
9.357358449567446113e-02
9.310708026863036280e-02
9.378822102910226721e-02
9.377118002718126677e-02
9.406475867688401937e-02
9.430749814176422885e-02
9.364853424087465905e-02
9.429725753779932829e-02
9.400505494613825563e-02
9.503520301187842745e-02
9.487757276934019601e-02
9.533154610466008927e-02
9.472117288081201292e-02
9.552543218035230987e-02
9.577582051846465772e-02
9.559178916945262894e-02
9.652531236671636761e-02
9.647892256785836618e-02
9.668493512764375630e-02
9.652485806504898513e-02
9.642777058117039946e-02
9.753821280449979925e-02
9.720385617525126309e-02
9.718396642701214450e-02
9.774419991433419552e-02
9.765249660443568736e-02
9.800421783634445660e-02
9.844467399041936795e-02
9.853377057147286178e-02
9.860899443181626867e-02
9.922584687737610876e-02
9.940482467796785127e-02
9.941886589070110525e-02
9.936917568593904571e-02
1.002798851391492191e-01
1.003291632787366855e-01
1.001796672984377884e-01
1.007918622327954178e-01
1.012573663569140137e-01
1.015639650674066696e-01
1.014891885447555819e-01
1.016951972929080739e-01
1.023431569066858837e-01
1.017551189588403876e-01
1.030073267491954658e-01
1.027291153126939915e-01
1.029002229685588576e-01
1.034022370755063452e-01
1.033270876564118673e-01
1.039988051298503247e-01
1.041956472241314519e-01
1.041154973099536474e-01
1.047746366372305088e-01
1.050909298596191255e-01
1.050653773537980895e-01
1.060637493075689275e-01
1.057889667757344332e-01
1.058003741121070762e-01
1.062824985553923185e-01
1.064603362636364903e-01
1.070601945402573085e-01
1.073183632921549668e-01
1.073341510378007929e-01
1.080723873789469630e-01
1.082173585990690995e-01
1.081599535079395685e-01
1.081540538843454718e-01
1.088617106036699339e-01
1.094126666509177698e-01
1.090595529457144830e-01
1.097176580615241009e-01
1.103060314357446059e-01
1.105262007845280031e-01
1.108006100425130147e-01
1.105319783692211844e-01
1.115649607585466052e-01
1.116544824129112601e-01
1.118392971866744579e-01
1.123578338300575269e-01
1.127761869456769539e-01
1.129931444681375741e-01
1.131254463979049635e-01
1.133218345140374617e-01
1.138277733817095044e-01
1.143085687501137898e-01
1.140843242590287993e-01
1.145901249151456830e-01
1.148948455291986109e-01
1.151817866846951421e-01
1.153646702953137343e-01
1.157337002318575697e-01
1.160468822970426445e-01
1.161424487945381528e-01
1.167547377060142166e-01
1.165642306888248908e-01
1.169660735403781071e-01
1.176986889281066567e-01
1.179875692996521230e-01
1.185161407776914311e-01
1.182645904099052792e-01
1.188499878892396167e-01
1.187315651680969919e-01
1.192674156380402195e-01
1.197767941341100900e-01
1.198974441898794235e-01
1.200777543775907868e-01
1.206431693949258921e-01
1.206957631167039219e-01
1.213474943058483607e-01
1.215477566783456781e-01
1.221268021993406477e-01
1.222686646289624646e-01
1.221369600552445200e-01
1.226657463434021600e-01
1.228340781421104755e-01
1.236163655063436395e-01
1.238728053480071534e-01
1.235013562597194192e-01
1.240045542744914603e-01
1.243883479905860262e-01
1.249445902518745988e-01
1.250215666098798695e-01
1.253308750486531453e-01
1.260717561254712238e-01
1.264984607816392048e-01
1.260341962233133273e-01
1.268139525814974966e-01
1.270399093025608439e-01
1.272365185414637001e-01
1.281784547123780982e-01
1.282581327203448363e-01
1.283033513276854720e-01
1.280841001215184682e-01
1.288919893165068054e-01
1.287954901367379112e-01
1.294387614215091742e-01
1.296793009233072891e-01
1.297957405791986263e-01
1.301973836027301989e-01
1.306775059965313568e-01
1.309755869607275025e-01
1.313294577660417128e-01
1.312784077827619800e-01
1.316845256662829422e-01
1.319628774118804804e-01
1.321490286260594837e-01
1.326840016490277441e-01
1.331095423514195575e-01
1.332905688337333583e-01
1.335654903306094932e-01
1.336993321674616320e-01
1.341366340324921802e-01
1.344312414904763608e-01
1.344777414049579956e-01
1.346323484854410613e-01
1.350565633908121788e-01
1.357310500211318938e-01
1.356976190412527150e-01
1.363117855688129876e-01
1.363728442504887894e-01
1.368009107955948656e-01
1.371235004272560454e-01
1.372127352174673798e-01
1.374927055213346905e-01
1.381547782669385604e-01
1.382358661133041566e-01
1.386273851137234114e-01
1.386442366685969596e-01
1.391923394279942494e-01
1.393244029309217424e-01
1.396919580770498159e-01
1.397952467751543137e-01
1.402265843403031065e-01
1.406439049687316922e-01
1.408298876078304951e-01
1.409463003156128935e-01
1.414048225201344211e-01
1.416203222771559300e-01
1.419530465944024988e-01
1.422491154048340645e-01
1.424452460343513527e-01
1.427924879573040096e-01
1.427715217117036250e-01
1.430612596495659528e-01
1.437603769210376303e-01
1.440386363463908026e-01
1.441327875126298397e-01
1.446124971017974659e-01
1.447432326747968012e-01
1.451695436996918720e-01
1.452397720106046453e-01
1.456062813054563310e-01
1.457476496340158467e-01
1.464253310385041640e-01
1.465467453553523092e-01
1.463996107802821578e-01
1.470281236147343018e-01
1.473010845896118859e-01
1.473517552931354058e-01
1.477295882341206901e-01
1.478298895912415478e-01
1.484609354808342219e-01
1.489902839770689269e-01
1.489319562235967565e-01
1.491283886450903706e-01
1.496541887386623471e-01
1.494122167469849327e-01
1.496920239882272019e-01
1.503962300425199239e-01
1.503910492446136893e-01
1.505903419275059496e-01
1.509487285824134550e-01
1.512935498333958517e-01
1.513023611688227299e-01
1.515605179786101708e-01
1.518053527961024107e-01
1.523792444239070731e-01
1.526030635510556843e-01
1.527269692856794703e-01
1.529961404350926035e-01
1.531907984864298577e-01
1.535343469109386461e-01
1.534480849290295046e-01
1.540235086209001680e-01
1.542885118087563845e-01
1.545086104385783865e-01
1.544951931228671083e-01
