4.985833467884450329e+03 5.521368408382464966e-05 1.091535802184363302e+00 8.174377940596370351e+00 3.365949751359117670e+01 5.543105543332215390e+00 5.899154109734890739e+00
8.763820024695034405e+00 1.974797395875312944e-06 6.918519719580226157e-01 2.946482906270309066e+00 1.251267811915356809e+01 2.083504855408562673e+00 2.119040875636601484e+00
4.146354868958913364e+00 3.838444368024345813e-06 8.515465297257993615e-01 3.617799792143868931e+00 2.571096964481279201e+01 2.770133670027764783e+00 2.833083127801839574e+00
1.257193033417997041e-02 7.572188605669715030e-07 4.462108310117933740e-01 1.559534637928734480e+00 3.065463969685926493e+00 1.298635402981005660e+00 1.229444018700994068e+00
2.287230182677916428e-04 3.857157416072419941e-07 2.910102801950242846e-01 9.455279193696768392e-01 4.291625601005713442e+00 5.443442130329469997e-01 5.892525415445146741e-01
2.761780617050380019e-05 1.885023465487019997e-17 2.277634986059229594e-01 7.707197914084080725e-01 2.196598632008619489e+00 4.612669009763423755e-01 5.019423400417794001e-01
2.234677701163990439e-05 7.534140673123053993e-09 4.271593274742673807e-01 7.774680794028150377e-01 1.706301576832173872e+00 3.529698646390973527e-01 4.554289708568974304e-01
2.127734772905765859e-05 4.225082629323366734e-11 2.010695839521772221e-01 5.131527059862097673e-01 2.738645338504613669e+00 2.768014057056867872e-01 3.011751389613314123e-01
1.818008888656048798e-05 6.599149505941246632e-14 3.354058305899930703e-01 6.570695832731170416e-01 2.101970181533430182e+00 3.392103604768548220e-01 4.202144125395575469e-01
1.726832549672408152e-05 7.167472133379965613e-12 2.605519528052672174e-01 5.607137167815131606e-01 1.718884119886515460e+00 2.982017715111399681e-01 3.422632385107650110e-01
