6.792131394228847512e+02 1.718265402420245222e-06 5.172935062109202953e-01 2.404095683139832573e+00 7.485532229064023824e+00 1.610511215059406087e+00 2.029489087235968103e+00
7.196152876809219379e+01 1.262925712786736381e-06 4.242133661600571148e-01 2.076836018452947297e+00 5.136378503925207006e+00 1.312534989579252853e+00 1.827036190550496597e+00
3.040806166802602073e-01 1.263018736557500420e-07 3.577289511451259285e-01 1.764980252872581090e+00 3.141707763211989413e+00 9.362139406141447573e-01 1.450433562209553440e+00
3.725603126021497652e-02 5.079597630793314954e-08 2.743129558257290102e-01 1.280119682520272084e+00 2.169354330319014590e+00 6.762093423878876575e-01 9.705968279399933563e-01
7.799561211165511937e-05 2.237911914811237657e-14 3.097637135064327807e-01 9.743811179340616802e-01 2.367152745826321514e+00 4.958500681638379759e-01 6.686440443594896532e-01
5.012719614013821213e-05 1.329576248919554780e-13 3.512539067290890160e-01 9.629396413678003031e-01 2.556459311167922355e+00 5.047493246273289103e-01 6.917555444833768385e-01
1.261692077779236415e-04 5.587020707560393452e-17 2.615339028187355086e-01 8.897102240991456856e-01 2.089960259894044103e+00 4.692407685487463009e-01 6.843105656910709600e-01
4.361985104163343613e-05 1.662627586004349789e-12 3.830447809009498994e-01 7.482589902586794794e-01 2.386064325738519898e+00 4.538497374408996254e-01 4.957639416951023503e-01
1.328575436778640496e-05 2.456681635669138227e-22 2.780264917521408918e-01 7.284262807882067037e-01 1.522931499077007311e+00 4.415735884486841067e-01 4.878922451027682961e-01
1.601106220956380750e-05 5.016803120864738301e-13 2.493755979753713992e-01 5.652875250307167754e-01 1.875377765083942716e+00 3.664311716538424246e-01 3.957598623659171477e-01
2.214340376988487843e-05 3.232498847244965305e-19 2.303890842516642112e-01 6.039693089808573223e-01 1.560637065964612269e+00 3.879521603232342075e-01 4.301506614274887563e-01
