3.455204851137796442e-04
4.971400995624893028e-04
4.317953901962795927e-04
1.283649412015969073e-03
2.386866621496844948e-03
2.986999514509790839e-03
3.471957815698772758e-03
3.896934511301128942e-03
4.448949636154651312e-03
5.081249903417979670e-03
5.749577325449400575e-03
6.490781650416171597e-03
7.797455781834497328e-03
8.655000883701698122e-03
9.861435307565320427e-03
1.061864126704188671e-02
1.117179403500453971e-02
1.143118351756509943e-02
1.172906909454807418e-02
1.224236354371744696e-02
1.227997300366235299e-02
1.335549642571675494e-02
1.425603129566064935e-02
1.595395295894678003e-02
1.593186567378274826e-02
1.634659922325637504e-02
1.642987181099951274e-02
1.634306518119083701e-02
1.632522624812843964e-02
1.635823898337507992e-02
1.642850860759877130e-02
1.737316065034426316e-02
1.775257321817721654e-02
1.857856718598350707e-02
1.929608305463155135e-02
1.912996056979285667e-02
1.991917946451092145e-02
1.952600571711434960e-02
1.966959914779713159e-02
1.946087207526274454e-02
2.063429163924259541e-02
2.072325106206561462e-02
2.129489179897514975e-02
2.156910300302521122e-02
2.217952363278351269e-02
2.310709152513736389e-02
2.388515468359486693e-02
2.324406245499541571e-02
2.427442593896130332e-02
2.504300173318325592e-02
2.536463513358645089e-02
2.623810557168350377e-02
2.718975927512757781e-02
2.780069067882873224e-02
2.827410898877097054e-02
2.929138365771489366e-02
2.967100038984360477e-02
3.078121181473608692e-02
3.112085205798078083e-02
3.233047685562086965e-02
3.235651819344361607e-02
3.366134518310267415e-02
3.519403974487247261e-02
3.584149372362273323e-02
3.627048576471703784e-02
3.737769772695449105e-02
3.782995255319913236e-02
3.942688468479017133e-02
3.995405068820546274e-02
4.019559970183722575e-02
4.092989580587855225e-02
4.256969376454484283e-02
4.345901930330874074e-02
4.468723820780627631e-02
4.487062747071545593e-02
4.626279819259030562e-02
4.640539440448426811e-02
4.750451150435943543e-02
4.825249697612123828e-02
4.960980153901656253e-02
4.929326341127262395e-02
5.148539326594422233e-02
5.275718567307241536e-02
5.355207050495878335e-02
5.457670504954165169e-02
5.536518853465954848e-02
5.618572837921950724e-02
5.761792189948806292e-02
5.836072445625564015e-02
5.974122846652779595e-02
6.168538787789789452e-02
6.189567150822698066e-02
6.272313307872565136e-02
6.250434535869235642e-02
6.409560774944154937e-02
6.491468666481882421e-02
6.571398656596097454e-02
6.748281491561096412e-02
6.890165655026668501e-02
6.896669101710278804e-02
7.045402752432776416e-02
7.086645178535184997e-02
7.072908671321367913e-02
7.297293587013535532e-02
7.358425681990614364e-02
7.449285916262336771e-02
7.461948084479971821e-02
7.691653895236616467e-02
7.699342069664953658e-02
7.783638389427703641e-02
7.928585281253676398e-02
8.011778087820382865e-02
8.071389994600740303e-02
8.108005097049555965e-02
8.181962663192192398e-02
8.342575651278090476e-02
8.421793252532669416e-02
8.505113854389975692e-02
8.600967653756996789e-02
8.638513826304806964e-02
8.735395519058676561e-02
8.782305094514054888e-02
8.986714356776766277e-02
8.950324643232436539e-02
9.039215369172325099e-02
9.159952158446940662e-02
9.106253416800144662e-02
9.224650865684609624e-02
9.289444945728447811e-02
9.380517971537477573e-02
9.463404514882303720e-02
9.602879780012087141e-02
9.689897515392949245e-02
9.753884301142434765e-02
9.769394241576198623e-02
9.860919835222160812e-02
9.917128728902012413e-02
9.988217586142827953e-02
1.001743551654729614e-01
1.007332667378651042e-01
1.021602468444541140e-01
1.016913682908388156e-01
1.036614208905430878e-01
1.035631242947458591e-01
1.046393019078126901e-01
1.053576136767289950e-01
1.056294856793976722e-01
1.056485070530746306e-01
1.062175482927389947e-01
1.074973568717481204e-01
1.074540749710830856e-01
1.085225118767265962e-01
1.101134201648427818e-01
1.099925927214619320e-01
1.099591406073917449e-01
1.113195690111776909e-01
1.103452103299283477e-01
1.118059660342652500e-01
1.130536083663277597e-01
1.133066037750591892e-01
1.135882955222955598e-01
1.145639968435159944e-01
1.149075409693342403e-01
1.153113845365009021e-01
1.153493749845000138e-01
1.159843585353756701e-01
1.169397396105367887e-01
1.170896680687121411e-01
1.175466200420570290e-01
1.186730778684392945e-01
1.197445803520436336e-01
1.191348399853863899e-01
1.200444250470258795e-01
1.212384903984926598e-01
1.212542459787091798e-01
1.216243039207289406e-01
1.219908632549740746e-01
1.221598874770951498e-01
1.225271238248169248e-01
1.229598319418361285e-01
1.237455231751939388e-01
1.239181386464200674e-01
1.242852534108132845e-01
1.247855043479365322e-01
1.253126263567999055e-01
1.253522611136400622e-01
1.259750724667915156e-01
1.261961619066986617e-01
1.272079037599154749e-01
1.276304685598655120e-01
1.276359935994112182e-01
1.283533383586764887e-01
1.290119546200992617e-01
1.290061504946192483e-01
1.293938450799172191e-01
1.291366817864676719e-01
1.297423143157226677e-01
1.293449306564150858e-01
1.304621468871839107e-01
1.304732311057355543e-01
1.309897999743332986e-01
1.312562529277631340e-01
1.317270326636598154e-01
1.315579392933466096e-01
1.325147528404555242e-01
1.328430971230001034e-01
1.332839811343127234e-01
1.337666053133806654e-01
1.323475215238436031e-01
1.333247183979903161e-01
1.339140684520660207e-01
1.334622223601256708e-01
1.346360873483508636e-01
1.352101868767667248e-01
1.352184949741074282e-01
1.353746302077557806e-01
1.356353485132349435e-01
1.353393913969705153e-01
1.355236279811007638e-01
1.365140184487757258e-01
1.364720595438187467e-01
1.362491145938474202e-01
1.358713758069784172e-01
1.361482625344083153e-01
1.372735030939210288e-01
1.365322641982650020e-01
1.373363271836388066e-01
1.377134327375198752e-01
1.380908460419218442e-01
1.385002064540429845e-01
1.385736379755728720e-01
1.378595771953995686e-01
1.384813414820902089e-01
1.383000409623584281e-01
1.388735234345809810e-01
1.383541402366694761e-01
1.391614370103962661e-01
1.391998043516916028e-01
1.394954977985676248e-01
1.396345349736422270e-01
1.393944966287520293e-01
1.394329678422535912e-01
1.392292673917615020e-01
1.392499962704925598e-01
1.394028572681237088e-01
1.398318171018372025e-01
1.398874032126288247e-01
1.401358855223346911e-01
1.401858576226560904e-01
1.406988030302411263e-01
1.407368212346990222e-01
1.407322773178300013e-01
1.408557181581917561e-01
1.407155585711019896e-01
1.401151379734427993e-01
1.408113705768107571e-01
1.416842733759884898e-01
1.412514162677841467e-01
1.413751308278101138e-01
1.417857948948397784e-01
1.415590920526532681e-01
1.416524069223232540e-01
1.424190012357877955e-01
1.416529454393952170e-01
1.411089654676087879e-01
1.414786507006380034e-01
1.414388110626084716e-01
1.417602591139625057e-01
1.415063844902350598e-01
1.415610224503961734e-01
1.415782607161504836e-01
1.413173261372412948e-01
1.416871323706822006e-01
1.414268260438565350e-01
1.412308144014256805e-01
1.425123828954735217e-01
1.426368386085304085e-01
1.421476557255799966e-01
1.421139885405168779e-01
1.416421665986948020e-01
1.416798508755504338e-01
1.420057022578226635e-01
1.417321791756439298e-01
1.413873826579818138e-01
1.419596345215903832e-01
1.417310461680493516e-01
1.416445153511943778e-01
1.416128640844892261e-01
1.416968689628043399e-01
1.422673016777264987e-01
1.415652428325890333e-01
1.414760024916682790e-01
1.419066609275829449e-01
1.418699321836103255e-01
1.413475320069970398e-01
1.409579318106368717e-01
1.412713512998254317e-01
1.416111517391389907e-01
1.415511303079469707e-01
1.410013335604426155e-01
1.413671341695827977e-01
1.413263983310312222e-01
1.405816648348278131e-01
1.410653610752171661e-01
1.413655344133976921e-01
1.406922286303271263e-01
1.404100024708415106e-01
1.407095683781445783e-01
1.404627740989049245e-01
1.406506778122541546e-01
1.408425684732343974e-01
1.406601171041360898e-01
1.405230136450765499e-01
1.403602689624661726e-01
1.399039685022996915e-01
1.399783516211234591e-01
1.394416537587066240e-01
1.398018773472191889e-01
1.396886884408523044e-01
1.398529349123376897e-01
1.398551439740679248e-01
1.397852894518885614e-01
1.396394189978818479e-01
1.395669258823273862e-01
1.390724629803036239e-01
1.394386647753798614e-01
1.396479045467533542e-01
1.390346526872058563e-01
1.391373180047620894e-01
1.393577934444322208e-01
1.388188607133506447e-01
1.384259604520023113e-01
1.385322100457258288e-01
1.386299707969982364e-01
1.380400879777754219e-01
1.381130855223355880e-01
1.377166317289201525e-01
1.376631367737045641e-01
1.379045593808560233e-01
1.380695075369310354e-01
1.375414892154845914e-01
1.376330874197790599e-01
1.375267401057728156e-01
1.374396427348361927e-01
1.368827339229279627e-01
1.366446486611516686e-01
1.372704676070023722e-01
1.370483051183396250e-01
1.372687175340418231e-01
1.365153628071485437e-01
1.360628805416470577e-01
1.362406170806517158e-01
1.360649480760612040e-01
1.362494938025653468e-01
1.355116219809016087e-01
1.353968129598847880e-01
1.353023862603256744e-01
1.350279874420505510e-01
1.350256955380942647e-01
1.350781193180857209e-01
1.350161371900390483e-01
1.347003373493594058e-01
1.345354474885099294e-01
1.348028933960764009e-01
1.344547931819783659e-01
1.338215711982989609e-01
1.338173812591845202e-01
1.338245451817455522e-01
1.334240858800960772e-01
1.339042250262864053e-01
1.331980392623269283e-01
1.333357250342987188e-01
1.331034302405055547e-01
1.328655675572985861e-01
1.323329270308521988e-01
1.324691590214638892e-01
1.323640372571565638e-01
1.321314138913982639e-01
1.320547404127847269e-01
1.320831009953022384e-01
1.314940165259717852e-01
1.313581494711060227e-01
1.313955880918686314e-01
1.316192375411978366e-01
1.311913761446547311e-01
1.308178875591068657e-01
1.307104582191313258e-01
1.309505531978091830e-01
1.305146318193057264e-01
1.308119315163181473e-01
1.300207783651610438e-01
1.297346696112375297e-01
1.297246402841070179e-01
1.297547276590097776e-01
1.293431972436985267e-01
1.289639702665447973e-01
1.288163725232894519e-01
1.290551758457088305e-01
1.290289864102515116e-01
1.286366040303458247e-01
1.284566700725649491e-01
1.283931724780293659e-01
1.281473532546963112e-01
1.281063898154252423e-01
1.279679487724905695e-01
1.279596027790271540e-01
1.276969676095416339e-01
1.272466888104337168e-01
1.271929147524150094e-01
1.268171733205978868e-01
1.266170809451035717e-01
1.267640279047706209e-01
1.265596616529634788e-01
1.260377687257368817e-01
1.257012309942158179e-01
1.257859719831896095e-01
1.257573524981392132e-01
1.256013222332573731e-01
1.254649511091289193e-01
1.253108137873031047e-01
1.247732091251754494e-01
1.247328636101319027e-01
1.244291259533658184e-01
1.243704109420718240e-01
1.241056875633464174e-01
1.239290349060120644e-01
1.240291827327499735e-01
1.241104816260719806e-01
1.236303087627164815e-01
1.231286364382513376e-01
1.231592489151320108e-01
1.228612720105865530e-01
1.227077022047093485e-01
1.226603112889788350e-01
1.224638888724200875e-01
1.223754070509772834e-01
1.222501153390108952e-01
1.219146443054287821e-01
1.217081110659883475e-01
1.214319416823870235e-01
1.214351348343883502e-01
1.211090920814346245e-01
1.211402214062906602e-01
1.209930447669384790e-01
1.204433098701330057e-01
1.205004976968615249e-01
1.200686208151059142e-01
1.200632493887545116e-01
1.200507714168343454e-01
1.197524814999179205e-01
1.192854346585041359e-01
1.193520155473971750e-01
1.190538801818639691e-01
1.190452333428409504e-01
1.188477745567126653e-01
1.187928020537727253e-01
1.187826681499212500e-01
1.185710899526190298e-01
1.182490872519173092e-01
1.183499713859850200e-01
1.177908377167006110e-01
1.174619247811029138e-01
1.173803638669047578e-01
1.172118084603441385e-01
1.167987681974619746e-01
1.167516983770798267e-01
1.167584557964254782e-01
1.163426523629131487e-01
1.163284264198923140e-01
1.159126880548977528e-01
1.156470847069281244e-01
1.156445337047753569e-01
1.152568167737880456e-01
1.153166361186094696e-01
1.152876224339680761e-01
1.151167917671000324e-01
1.149691345680045607e-01
1.147106437415337382e-01
1.147131006960556004e-01
1.142335740892861107e-01
1.139605548376771277e-01
1.136877366577915688e-01
1.139016940088425078e-01
1.134260959115140077e-01
1.133698058451812207e-01
1.134231324958372977e-01
1.129824653703421916e-01
1.129238854640925438e-01
1.125912688763390651e-01
1.125752353822247753e-01
1.121986500845887219e-01
1.121344006004483390e-01
1.116429321548693676e-01
1.115808339025731732e-01
1.116578804784286033e-01
1.114808445721396923e-01
1.114607848829519271e-01
1.110760758335472137e-01
1.106212231177451377e-01
1.106564735722920523e-01
1.103392673146120773e-01
1.102941183846558593e-01
1.101001381031185833e-01
1.097909465974735016e-01
1.097368277211576565e-01
1.095241451111403780e-01
1.093006998589893114e-01
1.091456160782753038e-01
1.088761186903683675e-01
1.087762963113192705e-01
1.085888264495335209e-01
1.082305587798580854e-01
