1.901318434610750721e-05
-4.532862196421107159e-03
-5.494025701546305894e-03
-3.748107750530326777e-03
-2.023149142496512547e-03
-1.889797202038789046e-03
-2.146831342125979109e-03
-2.213385387649521863e-03
-2.670850267271775245e-03
-2.351936372805471607e-03
-1.905248144967543406e-03
-3.123458197363332238e-03
-2.058804639161363609e-03
3.346290905555327692e-04
3.330627531304787342e-04
2.960641341545602531e-03
5.256810629525595496e-03
2.511248294533161094e-03
2.420623139140834924e-03
4.866638172399638355e-03
6.490919006573431412e-03
9.043242938010287446e-03
1.266480617399390850e-02
1.784348643973404647e-02
1.381919617602987531e-02
1.697127612306631797e-02
2.415261987175183409e-02
2.250145092461800292e-02
2.927797304061013212e-02
3.105380384989779932e-02
3.291766266437957944e-02
3.127945977684288420e-02
3.636550194981418016e-02
3.789043608855383050e-02
4.839834023914966338e-02
5.244646682863991771e-02
5.346170222787960391e-02
6.084818846096542999e-02
6.450031469206177204e-02
6.152739350492384546e-02
7.007951453796200381e-02
7.181818298021039326e-02
7.426093130893401950e-02
7.746169651361566044e-02
7.857844579811347485e-02
8.512763579071284947e-02
8.839909146426278008e-02
9.347297077384833508e-02
1.003243987926043662e-01
1.050018438178771663e-01
1.053838360581318412e-01
1.117471360386345092e-01
1.191352644936427146e-01
1.185397719969448066e-01
1.209068273954543721e-01
1.283066045723440518e-01
1.354921020180195057e-01
1.451679508630713544e-01
1.464072740713663612e-01
1.438719317615882731e-01
1.512888696742032413e-01
1.530661599258169303e-01
1.588368796602963318e-01
1.650198476099617728e-01
1.669048298365400362e-01
1.722004862421319393e-01
1.816867199796563803e-01
1.801940420748843752e-01
1.870490793113141759e-01
1.902631783595850612e-01
1.960827848707111520e-01
2.062890777359880912e-01
2.067798158359849814e-01
2.080785914063356667e-01
2.186290327632359476e-01
2.195155137545365953e-01
2.269937576548795299e-01
2.309538743663512306e-01
2.315795875307345708e-01
2.426111695513444022e-01
2.502007232664656411e-01
2.503168366015207091e-01
2.579011855070216797e-01
2.689054691931211938e-01
2.649031287703782489e-01
2.649712552242093899e-01
2.717322621451674358e-01
2.778238862944009679e-01
2.867061654028605355e-01
2.855085246607749205e-01
2.891743776901319340e-01
2.997000523217523416e-01
3.044474172389379785e-01
3.082308619001590810e-01
3.133713707373390611e-01
3.220037356807037843e-01
3.227442739602455757e-01
3.320554867954991773e-01
3.309350241063688802e-01
3.374068258312830082e-01
3.426823877824196063e-01
3.511293418024143964e-01
3.520975044168511148e-01
3.579747444010856761e-01
3.599651362546373301e-01
3.661503522225656448e-01
3.730960306026180895e-01
3.744254931921494611e-01
3.832441543044134979e-01
3.838026233048445479e-01
3.887141979920689661e-01
3.924781503852397546e-01
3.961391291889209132e-01
4.058352879463975604e-01
4.119942928053522690e-01
4.100911171321080517e-01
4.185736006686994748e-01
4.256663251195377806e-01
4.281891132987108439e-01
4.316296898239877500e-01
4.392803582170933807e-01
4.412343238373356291e-01
4.468208339374120652e-01
4.526135367872514137e-01
4.596879925670757649e-01
4.636742150608453850e-01
4.699067021060804317e-01
4.720964965770307331e-01
4.770522440595182379e-01
4.830705371653502556e-01
4.853747789468554341e-01
4.922117756714654568e-01
4.959357274999493526e-01
4.986153293960731703e-01
5.020305286389215027e-01
5.120706381901615201e-01
5.138897043489181193e-01
5.194007225259646976e-01
5.293440484812309554e-01
5.290481841083535253e-01
5.335944422964555844e-01
5.406848227119885886e-01
5.445541736376260378e-01
5.504286533081284016e-01
5.529254454187360057e-01
5.565186264559093265e-01
5.629381764899892282e-01
5.690662740417705701e-01
5.768166905929384969e-01
5.770809521822879429e-01
5.808205596592419528e-01
5.843174841013355492e-01
5.893393341516004469e-01
5.942077981207690707e-01
5.968757670735633791e-01
6.044877163714018620e-01
6.071343892102799567e-01
6.120053380316540226e-01
6.170656843423713012e-01
6.229420476204119428e-01
6.252339827896438162e-01
6.307112105171053251e-01
6.353511968087395267e-01
6.410001239303898535e-01
6.477640862024511836e-01
6.507971978547490988e-01
6.530246919076165835e-01
6.580691553928255111e-01
6.628971836740570334e-01
6.655348416313661142e-01
6.726101027444090219e-01
6.795528014052647503e-01
6.797956244982027441e-01
6.838515985450844825e-01
6.903122895613715837e-01
6.935493474855810581e-01
6.984866198735217857e-01
7.042913976234729256e-01
7.069903315935686106e-01
7.103421412866535167e-01
7.166308582439951946e-01
7.191029738063577925e-01
7.247798497810303830e-01
7.304621079200473988e-01
7.324666744115002626e-01
7.369678308414685519e-01
7.415408620519335914e-01
7.455386420532146285e-01
7.502066304407902786e-01
7.561712791206316453e-01
7.615860531864352412e-01
7.611081585845386188e-01
7.677177494635708532e-01
7.729510217143992223e-01
7.751918333692728869e-01
7.800552663158538680e-01
7.863648613152505185e-01
7.901865545031180327e-01
7.936528655510463048e-01
7.969791288921600492e-01
8.031427445332599557e-01
8.059317335131561677e-01
8.097095899722774881e-01
8.146904858546341055e-01
8.180578923676761205e-01
8.212284441305408578e-01
8.264199545143071646e-01
8.294710620163242565e-01
8.364488645379912768e-01
8.387588335297104791e-01
8.429166034244164329e-01
8.500899790627951536e-01
8.518100995725125246e-01
8.552082847512293418e-01
8.618032896233654983e-01
8.664401643111295792e-01
8.692967069230839172e-01
8.723269495464964773e-01
8.769869968506986968e-01
8.819563274901024430e-01
8.844723164956566075e-01
8.883552467592504831e-01
8.952889583463294887e-01
8.968859485658748909e-01
8.993855663796482824e-01
9.060064693538243397e-01
9.093125697456762024e-01
9.133006096368054827e-01
9.174504099470808249e-01
9.217436711574085173e-01
9.261593518899754462e-01
9.285020916097657118e-01
9.330248859108949411e-01
9.386098498967057058e-01
9.415717939134935488e-01
9.461897784240392850e-01
9.492880853606947555e-01
9.524810654638752316e-01
9.570921182614047229e-01
9.623972347660522120e-01
9.660595189426836038e-01
9.676501784216128277e-01
9.727646717653930519e-01
9.774652199687261511e-01
9.810166930736119451e-01
9.853411808232538371e-01
9.895479445072680180e-01
9.921223923213514650e-01
9.950959909085054234e-01
9.993942089259298944e-01
1.002060607247407642e+00
1.005547707746821784e+00
1.010805708306058870e+00
1.014444570205056850e+00
1.018343877083295768e+00
1.023173858050076435e+00
