3.429774584693195353e-04
5.939663537083719703e-04
1.467279370484226404e-04
6.910734681088689978e-04
1.484819742774828692e-03
1.618367611761607630e-03
1.676736185326488382e-03
1.665693768524792407e-03
1.575059868639977620e-03
1.591415845869960767e-03
1.760128123198080119e-03
2.099359830870625634e-03
2.751884467712829418e-03
3.277358324119053392e-03
3.792096453587081532e-03
4.097536951242802990e-03
4.169102924670044577e-03
4.058417323432077922e-03
3.989048388508882430e-03
4.101055291329413002e-03
4.138755275713851094e-03
4.734448210005554221e-03
5.262835618867535772e-03
6.018129142561941085e-03
5.969092089344440327e-03
6.117248453415679611e-03
5.995359498748989609e-03
5.853665347688283629e-03
5.842585385107622840e-03
5.804920535533616456e-03
5.798225232713270262e-03
6.328739104266787804e-03
6.577487999297428577e-03
7.157079288603374057e-03
7.618323224836620437e-03
7.388859387023417012e-03
7.613709552697335570e-03
7.473690311128254084e-03
7.696703331982970679e-03
7.224581688877679611e-03
7.922018169329780521e-03
8.511548963548295696e-03
8.582388580951744866e-03
8.789374053466242689e-03
9.160863301673925416e-03
9.686826189037245002e-03
1.010687720670605354e-02
9.938676816716276660e-03
1.061383178886071525e-02
1.110350549010412358e-02
1.119573277806052911e-02
1.177905476520369095e-02
1.254799035422041707e-02
1.275628351182481364e-02
1.324585364185336053e-02
1.379875679737224518e-02
1.418409062103217870e-02
1.499132236877958116e-02
1.545047231795327984e-02
1.591426930664719200e-02
1.656665683752845536e-02
1.681821030670608771e-02
1.747339408604551073e-02
1.833180651373882142e-02
1.856026726757810386e-02
1.965235610851082809e-02
2.048431368596089278e-02
2.055954153535238457e-02
2.146346263032975626e-02
2.192887228956911377e-02
2.245032266081080016e-02
2.397471545687437922e-02
2.444136392026946200e-02
2.435536139447372003e-02
2.530200609755545865e-02
2.646135823410802196e-02
2.721035837656020015e-02
2.754457704565742987e-02
2.843923155391213375e-02
2.931562341234787358e-02
3.019297788327234347e-02
3.059188436052353091e-02
3.154302671062333974e-02
3.279662281484565373e-02
3.324311322911398248e-02
3.392401759981060472e-02
3.512356131596273967e-02
3.566698289597289295e-02
3.670256543537789989e-02
3.766263101341921216e-02
3.821288215767724983e-02
3.895645699312232091e-02
3.949196325043116684e-02
4.062953917210301857e-02
4.163837288937119463e-02
4.219748198267265354e-02
4.341759971777853222e-02
4.394847001348947679e-02
4.431273784434192758e-02
4.582014391091131927e-02
4.589955889105725578e-02
4.756219809647951879e-02
4.791288908470667240e-02
4.905341664047997707e-02
5.003000944253708365e-02
5.047565204627650626e-02
5.150236373488946418e-02
5.202725209706936943e-02
5.282742039197063644e-02
5.457449845330235999e-02
5.443487438453555732e-02
5.527873926250166658e-02
5.691683354992061600e-02
5.803180141947698184e-02
5.878949114674975746e-02
5.911836454016889536e-02
6.094484047205089849e-02
6.158707234930010932e-02
6.211032744098226449e-02
6.331104947547450124e-02
6.367082306665149127e-02
6.438135655194283935e-02
6.584315244786527466e-02
6.650036594604735729e-02
6.784686542675637255e-02
6.892562390254773630e-02
6.929145401199551801e-02
7.010565036068722167e-02
7.103859497984868487e-02
7.251632271089884785e-02
7.280856703146622311e-02
7.357953747714086890e-02
7.440552990163898373e-02
7.549221856243562567e-02
7.635586282192935448e-02
7.768067635445521923e-02
7.849330277276583834e-02
7.964055464189145894e-02
8.085650058230910153e-02
8.084382848707177827e-02
8.169739105131053336e-02
8.285364161314143217e-02
8.370395082924543539e-02
8.547290861717365962e-02
8.604402222088820829e-02
8.710089988888064516e-02
8.761661728173848751e-02
8.926943869455301883e-02
9.007287548415250644e-02
9.054305174071174134e-02
9.087722879966039780e-02
9.319222988640447902e-02
9.353939390727483705e-02
9.373968811408514568e-02
9.561973977727945828e-02
9.568808154133512378e-02
9.669869753860509121e-02
9.791419142010454602e-02
9.907012221940703078e-02
1.003281509839514668e-01
1.007898968754643576e-01
1.016849321962416813e-01
1.023080349438419828e-01
1.033724955158268621e-01
1.045480799548812595e-01
1.054555867311712386e-01
1.072692247550036254e-01
1.079630477134154859e-01
1.083278670936946575e-01
1.089643640722399026e-01
1.102129584507041266e-01
1.115415340404958822e-01
1.121281378549457836e-01
1.122468336533571504e-01
1.141334624020364230e-01
1.152615333168694883e-01
1.152948279818522687e-01
1.167714437754173162e-01
1.176723271039377267e-01
1.188879496037417716e-01
1.197842678388477827e-01
1.205136639063681681e-01
1.212354641638880987e-01
1.221380663841720587e-01
1.231475299482143182e-01
1.246489431857058655e-01
1.257460248764075417e-01
1.265479544604215523e-01
1.275906974831824692e-01
1.284658945724628520e-01
1.297543570760579801e-01
1.298371688056572937e-01
1.311698829055447102e-01
1.319454659853880885e-01
1.327463534739004025e-01
1.336381653891095256e-01
1.350395641316007311e-01
1.357518361500759385e-01
1.370879195309561982e-01
1.379715834133629915e-01
1.388008445373215272e-01
1.395317143248916703e-01
1.401896336373264773e-01
1.415138543131792825e-01
1.431389038345179110e-01
1.435074966324428047e-01
1.442545234392104414e-01
1.452162779649468216e-01
1.472800774593622797e-01
1.470204915739979912e-01
1.479136288730414639e-01
1.494273881148701355e-01
1.500917714446781681e-01
1.511586747679351528e-01
1.521979404167461969e-01
1.533033671087913885e-01
1.536544203857163338e-01
1.553660621006376086e-01
1.559751657431062422e-01
1.565238229762780098e-01
1.578124648794657081e-01
1.588598496234702728e-01
1.598917755349400782e-01
1.610340169152486289e-01
1.618453649001845851e-01
1.625966887030058650e-01
1.624361126514085873e-01
1.646339062305524070e-01
1.655173993165272306e-01
1.665158203714780238e-01
1.673590780008970824e-01
1.681523551250471149e-01
1.694726637333985875e-01
1.702149977554086036e-01
1.711661201819423272e-01
1.724557234193162814e-01
1.731926686070045240e-01
1.741345062636848740e-01
1.747821657395480233e-01
1.761101450066200613e-01
1.778422086654818379e-01
1.775510336972875303e-01
1.787649199892553109e-01
1.799872457368051071e-01
1.810838879179520189e-01
1.824808134441568974e-01
1.828972101806358164e-01
1.834269124152263231e-01
1.848477018638281510e-01
1.861791849655524966e-01
1.862549921271391407e-01
1.876118623290770893e-01
1.889913608968663561e-01
1.902739186750639910e-01
1.903260309283909546e-01
1.920541960886581190e-01
