3.967160352648891816e-04
4.904069211532617210e-04
1.295469355946928230e-03
2.783085095063754424e-03
4.669062066082143095e-03
6.136555223462396291e-03
7.586873613683186787e-03
8.794763615734361648e-03
1.067661790402171448e-02
1.224628568545575030e-02
1.378897978592493259e-02
1.514937026092699583e-02
1.759903064672039413e-02
1.883234466252171890e-02
2.095473877110830274e-02
2.235264133409649301e-02
2.346066973788410101e-02
2.436809927896933445e-02
2.521946113460050293e-02
2.607307198091176823e-02
2.593418514164481242e-02
2.758655620361061961e-02
2.858171406315912835e-02
3.145860670076350979e-02
3.173709571350528252e-02
3.229093849718839282e-02
3.249880084979706735e-02
3.258574954097082782e-02
3.217619548163749149e-02
3.239986354216141395e-02
3.275195891115718905e-02
3.373014992032470627e-02
3.428495347483625361e-02
3.474878754407872278e-02
3.562670714365152175e-02
3.586615250768780683e-02
3.673369864934930562e-02
3.671334579930468633e-02
3.696870720281422718e-02
3.786509531281748164e-02
3.890985590376965647e-02
3.839652025266864638e-02
3.908847426825697718e-02
3.975578555204734021e-02
3.996424706789858394e-02
4.139236174144011321e-02
4.208521653048881428e-02
4.237446675435138643e-02
4.306787227239096405e-02
4.396868923318677375e-02
4.475249728063671745e-02
4.642581694626356226e-02
4.683050994531318123e-02
4.747694766012026946e-02
4.768657873870958686e-02
4.927641181628368561e-02
5.035331386990622021e-02
5.015235429047625038e-02
5.197427818877958100e-02
5.248016118697086674e-02
5.366229282816713936e-02
5.545633114834942756e-02
5.551171455626029150e-02
5.661140423597389726e-02
5.729371015212960522e-02
5.776549012016478357e-02
5.927756605455560684e-02
6.020664852454130772e-02
6.008808602116601227e-02
6.179048770274776781e-02
6.245225703441981829e-02
6.290695841256231657e-02
6.509272992958418935e-02
6.662549560572741947e-02
6.661124630335782393e-02
6.672274028489681708e-02
6.890134016043304721e-02
6.874909320975319815e-02
7.065185149822170163e-02
7.077318418795185140e-02
7.068244542552896970e-02
7.236826609775072472e-02
7.210263980654572913e-02
7.312614615423546072e-02
7.556746813195287793e-02
7.474230504408571618e-02
7.477276684449732369e-02
7.718882179704761315e-02
7.719688791972999231e-02
7.824164178581001494e-02
7.883158046672314456e-02
7.936362052804235567e-02
8.016230159627946161e-02
8.032281272321628585e-02
8.234460431834321470e-02
8.200807614891919561e-02
8.284910029912369300e-02
8.299757679592802140e-02
8.373292911416413409e-02
8.424496680427405459e-02
8.524967903167744721e-02
8.576784950110820371e-02
8.785969724173856021e-02
8.555582331126698747e-02
8.631042586822453011e-02
8.837849446426594702e-02
8.855863530446139720e-02
8.841519624230009811e-02
8.987928079868257036e-02
9.035323950183285491e-02
8.965656138822904186e-02
9.098805045297021776e-02
9.135254993988493888e-02
9.124497318243846022e-02
9.110935720236200408e-02
9.238668156297995260e-02
9.244159536714567638e-02
9.333703603229595580e-02
9.275380313328770998e-02
9.373082220182989144e-02
9.428254225176042891e-02
9.512169474187072427e-02
9.346872423668886598e-02
9.528025954299401690e-02
9.497773154551872321e-02
9.528055265409293706e-02
9.644487600766707414e-02
9.626239817280658750e-02
9.713470040994216792e-02
9.777676350120746707e-02
9.660890567528630790e-02
9.698793651624440515e-02
9.768922076293731771e-02
9.750528176876004094e-02
9.799923746780506151e-02
9.765364432345757795e-02
9.817687645493093640e-02
9.892835429323917906e-02
9.930755027074368579e-02
9.883100677180961524e-02
9.903945419388864024e-02
9.917688975797614437e-02
1.002782161490799323e-01
9.893753318972739463e-02
9.921846118083126054e-02
9.989386454702693652e-02
1.003662561016754051e-01
9.913373335153903565e-02
9.977651627235865905e-02
9.967047209018657650e-02
1.002118894582860187e-01
9.913362437358287649e-02
9.981992611293563633e-02
1.006622811629517694e-01
1.006128741359542528e-01
1.003675800610543539e-01
1.009803603921249626e-01
1.007751654451969486e-01
1.005218915247039907e-01
1.003225461983938832e-01
1.010175413728604810e-01
1.003166063853696693e-01
9.973252732340980031e-02
1.007349004457901154e-01
1.005154217345906459e-01
1.004816259783985338e-01
1.001090464350312681e-01
1.009163775831247167e-01
1.006183988453644707e-01
1.006791408978839480e-01
1.001282047191586339e-01
1.005968335332916436e-01
9.971554756236690464e-02
9.954881991652193840e-02
9.917517084067739574e-02
9.979698507014875264e-02
1.000074140915945542e-01
9.908516288007269968e-02
9.953591625352355143e-02
9.941435400589973548e-02
9.908847907330373128e-02
9.920477663787824474e-02
9.946666139849902333e-02
9.920568799817217065e-02
9.854502094809761137e-02
9.900539739164608555e-02
9.841968860018898702e-02
9.874638390243353769e-02
9.830041391759065939e-02
9.913187881033491688e-02
9.907252541346601993e-02
9.795324100216418195e-02
9.840344110798650290e-02
9.825565705212928325e-02
9.723083260639532599e-02
9.836408897649506766e-02
9.826379832217772836e-02
9.766875716968087540e-02
9.704140987541549912e-02
9.786804106952658178e-02
9.720502325219369799e-02
9.693344145657041555e-02
9.731210918889816874e-02
9.723046518902629665e-02
9.677435616639626370e-02
9.687770671857894034e-02
9.657045577122483349e-02
9.630063390942381063e-02
9.642433767949071255e-02
9.615011339413653824e-02
9.609122980792607349e-02
9.616250803694502414e-02
9.598707980759496605e-02
9.562016174987923722e-02
9.574550764536533809e-02
9.564681402829859624e-02
9.514080669264772527e-02
9.525053949467736369e-02
9.511356165662152029e-02
9.509667806764758591e-02
9.490801693252765014e-02
9.453305170447953709e-02
9.500259187248055737e-02
9.455542040102048185e-02
9.478267828035794040e-02
9.461942122335832706e-02
9.473029818331513141e-02
9.407051075996412937e-02
9.394026313123281235e-02
9.367314270564620904e-02
9.317639877845135254e-02
9.340466367420217908e-02
9.282153752296479210e-02
9.344320244733336778e-02
9.351007445701389753e-02
9.335712419019397135e-02
9.299281260425301676e-02
9.301864513948929214e-02
9.287001037005467030e-02
9.275819310186556033e-02
9.247299974191269811e-02
9.212401293244108780e-02
9.213681491971702220e-02
9.256609727586707914e-02
9.165864294185412098e-02
9.153653658460197962e-02
9.189498855754882345e-02
9.195423681138817362e-02
9.151112843571893030e-02
9.168369915699833839e-02
9.157211423998708189e-02
9.166938834558793769e-02
9.162327290301362781e-02
9.123152475480472701e-02
9.151643696013737894e-02
9.095852031886382527e-02
9.119521015821520360e-02
9.085578094115320802e-02
9.095355489513129443e-02
9.037717736976469407e-02
9.098956309118680363e-02
9.118177407848028493e-02
9.054893425482278546e-02
9.068283116895854701e-02
9.064013753336595813e-02
9.049991672790809460e-02
9.033913946140109674e-02
9.044067566731008034e-02
9.026692955706720756e-02
9.039334099744408824e-02
9.063437392641947310e-02
9.044565735985185539e-02
9.043502518804652501e-02
9.033122905500096111e-02
9.048917899573248602e-02
9.037176381254252711e-02
9.033775445041378194e-02
9.023342198027740901e-02
9.016396346388053096e-02
9.021703236290556926e-02
9.004898062685436078e-02
9.048801207595356944e-02
9.039651728981601408e-02
9.010818339821953515e-02
8.991838461658059611e-02
9.037400748197003952e-02
9.015155355192343289e-02
9.041342198659908791e-02
9.042595166924756456e-02
9.041110779056335534e-02
9.055709061885489075e-02
9.016523648788841994e-02
9.028987064089522008e-02
9.004733409126830512e-02
9.061457735602561347e-02
9.052009698431381923e-02
9.072179194549170878e-02
9.042495268078594439e-02
9.062472058914505801e-02
9.093877931253761815e-02
9.063831200118538378e-02
9.099815313122971983e-02
9.087909807635875803e-02
9.077380996957067072e-02
9.097790070103123350e-02
9.088192105969401802e-02
9.095094693976119027e-02
9.098734434656910453e-02
9.113343138638434204e-02
9.145005905167329086e-02
9.122583432903876022e-02
9.135289429855522614e-02
9.145760890240627050e-02
9.139573119110031008e-02
9.148351688591713216e-02
9.177922330402264739e-02
9.188044295709613118e-02
9.189729683269522165e-02
9.184882518212676705e-02
9.219883594870474652e-02
9.219495011704122167e-02
9.212219131494084334e-02
9.259723235488243054e-02
9.277494032707118976e-02
9.265874546083538443e-02
9.260926595173644971e-02
9.286990636563743906e-02
9.305047940603018708e-02
9.276318775594140364e-02
9.326827616097281559e-02
9.324833220800912703e-02
9.330497636198098466e-02
9.351943819222297005e-02
9.363560845195116611e-02
9.384629745634878728e-02
9.387826748949883171e-02
9.375401920630788144e-02
9.416877681056370908e-02
9.442779427012841509e-02
9.434703423681919943e-02
9.447058093411664359e-02
9.464519833486399747e-02
9.457511593782545745e-02
9.492640982757026558e-02
9.536019880275359295e-02
9.547849049658774234e-02
9.552252258009460983e-02
9.564388548277684421e-02
9.594776989253069044e-02
9.589122987340673032e-02
9.586197345829004790e-02
9.585628816194931290e-02
9.624101012929955901e-02
9.636802043947668983e-02
9.634725717764991426e-02
9.673864205212860667e-02
9.706874752348428059e-02
9.718427777102135734e-02
9.717080474486863850e-02
9.720185917278988119e-02
9.768067076785502678e-02
9.766791751509050490e-02
9.782199151545484250e-02
9.808377660368579332e-02
9.828072671402353355e-02
9.869225729088081100e-02
9.866064218424512589e-02
9.869715352035313138e-02
9.893835367195177866e-02
9.911577863208485828e-02
9.915462658317789058e-02
9.933049572527699600e-02
9.955222568233650093e-02
9.974694425116513441e-02
9.974802784218243790e-02
1.000635343688013462e-01
1.003030155341315816e-01
1.002104700498657602e-01
1.003743707020606779e-01
1.005406161585720576e-01
1.010275229715706380e-01
1.010948503089433015e-01
1.011844694004362250e-01
1.017888565279888302e-01
1.017177653882722077e-01
1.017458676360173397e-01
1.018803175178870507e-01
1.020665257549330240e-01
1.024602349625310521e-01
1.025619009376959739e-01
1.028400625748921299e-01
1.029322150886479853e-01
1.030240670714927809e-01
1.033935276832093075e-01
1.034246508262518516e-01
1.037659511100218340e-01
1.039667826278670854e-01
1.041497515710468891e-01
1.043792228448675724e-01
1.044225649019417529e-01
1.047343903226731349e-01
1.048721754416980512e-01
1.048871730136811675e-01
1.051251274751146131e-01
1.054493265847371158e-01
1.057388995394711456e-01
1.058992202978052133e-01
1.060075922227729506e-01
1.063282565281335745e-01
1.066044999724046621e-01
1.065041383185274804e-01
1.068681775668629819e-01
1.069960638446546680e-01
1.070074942114036670e-01
1.073431113700687306e-01
1.075683841750433994e-01
1.077417289036544101e-01
1.078107260646159749e-01
1.081199315969288699e-01
1.081958858556819753e-01
1.085520196382705055e-01
1.087642132718917992e-01
1.088970696827513129e-01
1.091085666647448327e-01
1.092616543700329623e-01
1.095469645863983987e-01
1.097713271096959764e-01
1.100244718020811224e-01
1.100520325746355832e-01
1.101763429413167156e-01
1.103407550150152239e-01
1.105466341743031600e-01
1.108562201482649334e-01
1.110458279307474233e-01
1.112591182525562300e-01
1.113205266412396477e-01
1.116013162496901356e-01
1.118771572608996678e-01
1.119954724245975364e-01
1.121333039250286961e-01
1.123794173962696652e-01
1.127768877574355511e-01
1.127989899193512918e-01
1.131999049442085348e-01
1.131472381343573697e-01
1.134066046881046924e-01
1.135950129811024722e-01
1.137799128365186291e-01
1.138758842823087425e-01
1.142004187611725813e-01
1.143538285163534368e-01
1.146348990553289621e-01
1.148723437600913527e-01
1.150888319053495618e-01
1.150705886176084658e-01
1.153514137128570510e-01
1.155501663301356091e-01
1.158174963453596495e-01
1.160144503941909211e-01
1.162661501885773191e-01
1.164969595564439991e-01
1.166602490620036459e-01
1.168333299529336067e-01
1.170918253267573955e-01
1.171166330006312428e-01
1.173382428172471265e-01
1.174964273889014393e-01
1.176961036091815627e-01
1.179320024638323833e-01
1.182508514182462889e-01
1.183919644986812375e-01
1.184018793741518361e-01
1.185316656816787911e-01
1.187273796907973439e-01
1.190658329180161040e-01
1.191945960129562609e-01
1.195332967860860268e-01
1.196059559631258568e-01
1.199675764886916768e-01
1.201182594704366530e-01
1.202030912080057634e-01
1.204852474624059921e-01
1.206885164749072897e-01
1.208144201468795698e-01
1.210202859553540233e-01
1.210930630132477231e-01
1.215027580249426892e-01
1.217661171923240943e-01
1.218134091354829696e-01
1.218938568934236494e-01
1.221704118307124359e-01
1.223729933052275232e-01
1.225054015906777427e-01
1.227603108310571928e-01
1.229393890947529100e-01
1.231234169301175102e-01
1.232948441496163061e-01
1.235825494258571272e-01
1.237116479317393741e-01
1.237164042857304136e-01
1.240046290109862170e-01
1.243221589288465850e-01
1.244211621221354147e-01
1.245790719647051070e-01
1.246022400879573389e-01
1.249070546366011780e-01
1.251551435143255231e-01
1.252857925104207126e-01
1.254521143306469855e-01
1.255596460576601237e-01
1.257522290627900718e-01
1.258970625670189636e-01
