2.703089191329332712e-05
-6.829153540951974320e-03
-8.642230885235739624e-03
-9.629111593940902630e-03
-1.278046619500541187e-02
-1.490028878085696701e-02
-2.070835624976554920e-02
-2.202852013826034350e-02
-2.105171032856445815e-02
-1.722864002953133911e-02
-1.195450902116368570e-02
-1.898243587336584381e-02
-1.497386650498056318e-02
-4.846464194773155050e-03
-8.012623120091951975e-03
2.511446311332415221e-03
1.315567517758268329e-02
3.293365915468058052e-03
5.030647043123751168e-03
1.686837956298149754e-02
2.735534667017537960e-02
3.632701781813890002e-02
5.478071720101058278e-02
6.953718340293640887e-02
5.609762889229061994e-02
6.912592292680844186e-02
9.327600406835913349e-02
9.616607691181877637e-02
1.215236633084662426e-01
1.242497953860678267e-01
1.352638381242736720e-01
1.430856236549983840e-01
1.611751773842332591e-01
1.603440235747986831e-01
1.873809258470442163e-01
2.057411667777142295e-01
2.220479555482565426e-01
2.408135162876899049e-01
2.481449994303149276e-01
2.507860331217430239e-01
2.730206778911447585e-01
2.830247634667609202e-01
2.968344628873207380e-01
3.096626148402874534e-01
3.202118831052627734e-01
3.426721174435818917e-01
3.606487255676759651e-01
3.710177719336065216e-01
3.817197022671905970e-01
4.076260492594372398e-01
4.138973972057900519e-01
4.233987252600058260e-01
4.441490675977098346e-01
4.452421602073232121e-01
4.640924154809021873e-01
4.865818570418395939e-01
5.046407994673746122e-01
5.205463867280993862e-01
5.347552993915165587e-01
5.440244834527987461e-01
5.577434998693090451e-01
5.705321115140219446e-01
5.901132604144778693e-01
6.002452784656887586e-01
6.154322871574557929e-01
6.293938690856607510e-01
6.411873365029954197e-01
6.575389272060389034e-01
6.696250720136356360e-01
6.824318439445854478e-01
6.888694100180654534e-01
7.139873456383241113e-01
7.298332390324845376e-01
7.296390226403520751e-01
7.553796688800029635e-01
7.655691023990912614e-01
7.778091936541216000e-01
7.895899205353048567e-01
8.043420876201070602e-01
8.120520434103121188e-01
8.291692450488422628e-01
8.429925783578100518e-01
8.517298967674825638e-01
8.692672011323215875e-01
8.830156427369590943e-01
8.996093080426130761e-01
9.125485676852804762e-01
9.233959090456913543e-01
9.363933124054780732e-01
9.462507865004032848e-01
9.613524168025169292e-01
9.754188977522360027e-01
9.856656261149526754e-01
9.952397187378217991e-01
1.010034524502336994e+00
1.018748985822741870e+00
1.030283055522986491e+00
1.044165321993621554e+00
1.051211290888594219e+00
1.069207038662657538e+00
1.086859286852747131e+00
1.094207453221975879e+00
1.108122240474648468e+00
1.116318624160652861e+00
1.128111458795861388e+00
1.134653992980009463e+00
1.149014689449964433e+00
1.161987611074539961e+00
1.176834046570507386e+00
1.189221176813953784e+00
1.194665199222536778e+00
1.205104053245590556e+00
1.215243444576177723e+00
1.228010214411101808e+00
1.235476517688126608e+00
1.246891978909368648e+00
1.263544234843973380e+00
1.271500234671998575e+00
1.280179069424716154e+00
1.291311580350493982e+00
1.302493831349399889e+00
1.310185627275796794e+00
1.329591053472798601e+00
1.335066682129796067e+00
1.341184459402638085e+00
1.352891357544181883e+00
1.361106033358222556e+00
1.372702546459872330e+00
1.385508623968288111e+00
1.393326334467948735e+00
1.404971291954996149e+00
1.414946479765306853e+00
1.420848871321720663e+00
1.432650573690121831e+00
1.441288867527835027e+00
1.454081994139371670e+00
1.462477464104454006e+00
1.471067046561678193e+00
1.480836674460123792e+00
1.488381033081769056e+00
1.497802530182836156e+00
1.507507821849124241e+00
1.516753021486326514e+00
1.528797063400026524e+00
1.534316488731122696e+00
1.543957588666430958e+00
1.552017887534959728e+00
1.559176097889281465e+00
1.566312557010691497e+00
1.578885306792475296e+00
1.587210220356397361e+00
1.593918224240028714e+00
1.605647151457914923e+00
1.612960114163954684e+00
1.620784809561149009e+00
1.629611494146951500e+00
1.637669836466335349e+00
1.645512639970366564e+00
1.654068230836686748e+00
1.662959282041003073e+00
1.671673567773561242e+00
1.679502164146021714e+00
1.685861027918776900e+00
1.693038788568339337e+00
1.700620825536224068e+00
1.708289047430245011e+00
1.717185660781344936e+00
1.726746855151189752e+00
1.736388450671416894e+00
1.741994596283119368e+00
1.747818286903196183e+00
1.755141208528277152e+00
1.764110569694831376e+00
1.770712719959424586e+00
1.778394989628047762e+00
1.785753933198390708e+00
1.792052200457211253e+00
1.800116346107260012e+00
1.808508649815158353e+00
1.817088275119087104e+00
1.821815238491397926e+00
1.829202339912040731e+00
1.835637137466709978e+00
1.843211772170549434e+00
1.849313341715470349e+00
1.857369491271022577e+00
1.862747588909157370e+00
1.871647338621697854e+00
1.878262386686949004e+00
1.885185066725148184e+00
1.892569801785552563e+00
1.898484174330843377e+00
1.904560638360526914e+00
1.913409679021699894e+00
1.917855652534413702e+00
1.924844427454754037e+00
1.931409180605871079e+00
1.937632772154431748e+00
1.943062912389751817e+00
1.950868317601512469e+00
1.956796861870850224e+00
1.963466252219649544e+00
1.968424098271862155e+00
1.975259081989716226e+00
1.981083576045982619e+00
1.988944261502838318e+00
1.994034807451943614e+00
2.002770432313093707e+00
2.008616674510967925e+00
2.013714057616848407e+00
2.017889584979085882e+00
2.023130287979849840e+00
2.030333127608573207e+00
2.036335410464381823e+00
2.041996823975261055e+00
2.047299703759201783e+00
2.054347609177106460e+00
2.060484977647649263e+00
2.064979584663864109e+00
2.070417936263796221e+00
2.075638558752280094e+00
2.083262130248467958e+00
2.088634936493936944e+00
2.092424913078589466e+00
2.099421968560163165e+00
2.105524048270934756e+00
2.108997936796198847e+00
2.114962964458433348e+00
2.120113647662646539e+00
2.125308801517114432e+00
2.130947490020096868e+00
2.136601296770033631e+00
2.140965174877022648e+00
2.147876433047126721e+00
2.152639774271327688e+00
2.157572929126523320e+00
2.160952230262690232e+00
2.166668188979682608e+00
2.172879238079574282e+00
2.177050250605713888e+00
2.180995326933861556e+00
2.185750391827925743e+00
2.192377998029708674e+00
2.198527203849951039e+00
2.201296718636179595e+00
2.206529690468224558e+00
2.212503929418574433e+00
2.216576602887661007e+00
2.221928018139214256e+00
2.226065849139985620e+00
2.231382129926112512e+00
2.237000093345067775e+00
2.241952538008268547e+00
2.246076465611371642e+00
2.249832642202712396e+00
2.254306308618427845e+00
2.258857777697138580e+00
2.263382762565950834e+00
2.268506497926857879e+00
2.273700576254087835e+00
2.278945459568371579e+00
2.282780016768986009e+00
2.286360741670889318e+00
2.291410712219504653e+00
2.294766475058915844e+00
2.299020487241639543e+00
2.304644278947559854e+00
2.308514703926003442e+00
2.313363854648118334e+00
2.317811939529724086e+00
2.321714133152451343e+00
2.325522371965664803e+00
2.329980879433035668e+00
2.335038245264635215e+00
2.339189839739750365e+00
2.343465844749347937e+00
2.347694438413896911e+00
2.351738013454724552e+00
2.355862959495147457e+00
2.358998042379076399e+00
2.363196035741093493e+00
2.367442570001025093e+00
2.371355972037610726e+00
2.374916718112678460e+00
2.379490609075622931e+00
2.383603356341194690e+00
2.388601563179274745e+00
2.391931095576281141e+00
2.396063325204249139e+00
2.399829782161221114e+00
2.403587817608892507e+00
2.406993581670158200e+00
2.411122767812721612e+00
2.414876903935205821e+00
2.418723390400463913e+00
2.423159181240523541e+00
2.426395908023310621e+00
2.430186570883562602e+00
2.433490325859750669e+00
2.437134738099628439e+00
2.442286568397270763e+00
2.445299665924156152e+00
2.448110531692583081e+00
2.452549077917145492e+00
2.456755166186060269e+00
2.460215060988899527e+00
2.463648223737890497e+00
2.467206853316407322e+00
2.470679493154984918e+00
2.474616381599206161e+00
2.478566892011181633e+00
2.481561686072295103e+00
2.484856884251240849e+00
2.488397031442988627e+00
2.491697440555947107e+00
2.494891546202888666e+00
2.498691268399941379e+00
2.502210223309643489e+00
2.505375104158963140e+00
2.508575180561836593e+00
2.512048765606711420e+00
2.515465789869394175e+00
2.519476933721612966e+00
2.523022777257208915e+00
2.526250094335805940e+00
2.529240476308903141e+00
2.533109707795214938e+00
2.536293610658026054e+00
2.538952009982525571e+00
2.541705784521700817e+00
2.545386882234430548e+00
2.548677278486962461e+00
2.552652245243831608e+00
2.555216676340973159e+00
2.557865331934983111e+00
2.561065291829451862e+00
2.565080558951489120e+00
2.567996007844681738e+00
2.571064785036123013e+00
2.574379561572580855e+00
2.577802933264288221e+00
2.580584558696387365e+00
2.583109541231387141e+00
2.586191092826087168e+00
2.589661255623063152e+00
2.592525163599388005e+00
2.595162978449286673e+00
2.598175037192222980e+00
2.601439168251481693e+00
2.604823533419354131e+00
2.606919985070700996e+00
2.609635674476566081e+00
2.613039803742618794e+00
2.616233597730336147e+00
2.619363665599916846e+00
2.622595333287125019e+00
2.625661855682759782e+00
2.628134661696267305e+00
2.630427816734168811e+00
2.633027621352435510e+00
2.636476797264605043e+00
2.639362012159783610e+00
2.642127898703203748e+00
2.644957835181118710e+00
2.647755410832205669e+00
2.650593934166262766e+00
2.653247568527877576e+00
2.656181382948339387e+00
2.658492322231947202e+00
2.661540389724101008e+00
2.664433743721641878e+00
2.666930352172176111e+00
2.669587144097429920e+00
2.672592481715477142e+00
2.675468459702866841e+00
2.677796446762942484e+00
2.680449592454577701e+00
2.682967437808347899e+00
2.685642967353139898e+00
2.688364978785447779e+00
2.691375729489925206e+00
2.694420042097121826e+00
2.696823521064076523e+00
2.699152252985404843e+00
2.701871720477133643e+00
2.704763468143753791e+00
2.706960753437474665e+00
2.709396380026819262e+00
2.711982844837825368e+00
2.714913444868193526e+00
2.717197034562211400e+00
2.719396060535908877e+00
2.721858695279566032e+00
2.724574031680068842e+00
2.727240262051972675e+00
2.729588961025439353e+00
2.732057333526854315e+00
2.734236852391175976e+00
2.737006674623613023e+00
2.739287143782271006e+00
2.742057136758546676e+00
2.744306659756802880e+00
2.746331461897885795e+00
2.748758373068966865e+00
2.750866487192447085e+00
2.753580681997044088e+00
2.756343037627470682e+00
2.758831542015653948e+00
2.761311242925554854e+00
2.763739223052232852e+00
2.765687043629135644e+00
2.768141774017737866e+00
2.770402048846043908e+00
2.772531342020429612e+00
2.775346232305788252e+00
2.777748989654390765e+00
2.779970540693211589e+00
2.782088908651666248e+00
2.784472831871863896e+00
2.786595973835603868e+00
2.789151518436067345e+00
2.791343745248075159e+00
2.793930284688815657e+00
2.796316573325846377e+00
2.798217424688946409e+00
2.800423779393544255e+00
2.802292305041042653e+00
2.804598669464933192e+00
2.807116245366195528e+00
2.809448941263513522e+00
2.811522945503612370e+00
2.813535969405620563e+00
2.815804803390343558e+00
2.818038147547987204e+00
2.820482545737911018e+00
2.822431313625612059e+00
2.824446487992785304e+00
2.826632505123995553e+00
2.828544947901125983e+00
2.830700557981419507e+00
2.833084765871111355e+00
2.835270070979766022e+00
2.837197152100689124e+00
2.839477574057790665e+00
2.841655397134234207e+00
2.843611541500288720e+00
2.845704147326471922e+00
2.847709021266779938e+00
2.849709466222952070e+00
2.851748310526199592e+00
2.853802426039829587e+00
2.855985293222461863e+00
2.858097852911471115e+00
2.860127804749020175e+00
2.862406441807731738e+00
2.864493703490180287e+00
2.866529767962866515e+00
2.868194987225201054e+00
2.870283090139575055e+00
2.872169365662452289e+00
2.874111258109731448e+00
2.876382693522498535e+00
2.878222097603275742e+00
2.880017235924661190e+00
2.881943772436616591e+00
2.884092537225212638e+00
2.886242870012452943e+00
2.888300159097093367e+00
2.890114801603269612e+00
2.892115522763017310e+00
2.894082096817168548e+00
2.895803783141626120e+00
2.897455758318768559e+00
2.899175517229631183e+00
2.901371202517177394e+00
2.903514115351574887e+00
2.905752288405101247e+00
2.907548472488879820e+00
2.909458597524715806e+00
2.911104174745830164e+00
2.912685292149176597e+00
2.914750042863043955e+00
2.916768368090284724e+00
2.918664509731710321e+00
2.920544142550883571e+00
2.922213893030367604e+00
2.923983051674309053e+00
2.925696833245755357e+00
2.927506970553367172e+00
2.929414891722346148e+00
2.931287349765352435e+00
2.933280269540488927e+00
2.934933788386606679e+00
2.936899538486847927e+00
2.938732795950318000e+00
2.940729867194006086e+00
2.942357815366829499e+00
2.944265591537285065e+00
2.945941099736486546e+00
2.947759964233946928e+00
2.949504269274081381e+00
2.951128307673844375e+00
2.952994595552965507e+00
2.954843640415620865e+00
2.956691415207568951e+00
2.958670157049839489e+00
2.960041742091087613e+00
2.961698263270784892e+00
2.963421065917550834e+00
2.965182731629985025e+00
2.966916144012077261e+00
2.968674293647873164e+00
