4.964853605556999213e-05
-4.931834908623164079e-03
-6.056253435982294694e-03
-4.829552271094738648e-03
-4.031691428451826542e-03
-4.366433059105664233e-03
-5.700596673439809609e-03
-5.977955554378115537e-03
-6.118276268203336025e-03
-5.084982307507398061e-03
-3.586007979364328347e-03
-5.913936343345681593e-03
-4.253483011669245174e-03
-1.990457257391088533e-04
-9.391561453865014675e-04
3.593037817843372766e-03
7.778286120008161102e-03
2.915794120628575903e-03
3.285208750055023264e-03
8.126206732427154050e-03
1.157465049046673203e-02
1.606922829760664209e-02
2.281663331344227844e-02
3.137238367957017465e-02
2.398347178524663087e-02
2.949296464749350324e-02
4.189556086528819362e-02
3.987457776133253307e-02
5.214282561392245136e-02
5.478366431191064589e-02
5.865647373126642999e-02
5.721632073727922485e-02
6.627932180937715079e-02
6.736190562278203398e-02
8.489249189108175053e-02
9.225352796719862858e-02
9.542078960229016804e-02
1.075740647844791731e-01
1.126569546452924203e-01
1.092216684206005067e-01
1.232924372778052141e-01
1.265954793459156680e-01
1.316333869471621176e-01
1.379555527101094803e-01
1.408926406256584551e-01
1.502564767997131845e-01
1.556296345756162380e-01
1.647529142026903370e-01
1.749796647349168288e-01
1.846205671859124098e-01
1.858193449878925430e-01
1.945264287081792942e-01
2.062191931231206476e-01
2.051250584646541752e-01
2.109020923858910823e-01
2.261815688744739927e-01
2.367680824520796423e-01
2.481995341320581694e-01
2.529903371790750977e-01
2.523411715731726512e-01
2.615715147684551933e-01
2.663863919882834552e-01
2.771077285357007591e-01
2.839805840137593074e-01
2.895905692502847573e-01
3.029360004769894865e-01
3.086161624607804410e-01
3.096791058818147979e-01
3.195195732066933303e-01
3.275115186272624102e-01
3.341542443506335114e-01
3.491083246043625299e-01
3.537679551296865066e-01
3.544760554822349308e-01
3.711606863740214979e-01
3.753104807907484686e-01
3.847196301698755927e-01
3.913757104716517055e-01
3.921883295311210937e-01
4.048787769315859153e-01
4.163883969987575151e-01
4.224937826484844172e-01
4.324728088841530149e-01
4.460603241420891263e-01
4.460134896014594785e-01
4.504319681608780490e-01
4.608294603752552399e-01
4.689734197762644996e-01
4.805700087112912411e-01
4.822270671568241185e-01
4.886256683236600562e-01
5.015752050088236880e-01
5.094254373979769657e-01
5.134559968233416427e-01
5.210473340813281951e-01
5.330023835143944400e-01
5.371462622503574424e-01
5.497614688419510953e-01
5.511071740255079066e-01
5.621238091695011097e-01
5.673832887663112778e-01
5.786004434797188400e-01
5.828222424767685039e-01
5.945604686340179024e-01
5.988060956969954995e-01
6.005356356724137479e-01
6.139091974303551025e-01
6.178732369007408076e-01
6.276442512354771797e-01
6.324026072690764888e-01
6.401956413469573892e-01
6.468374087871672229e-01
6.527260092571965933e-01
6.647183204820257263e-01
6.747849516244143198e-01
6.740130341516503698e-01
6.844831540349106680e-01
6.965957969319241938e-01
7.025761769261016365e-01
7.061557170644684467e-01
7.143569223245929134e-01
7.202698373511803309e-01
7.265522554501427921e-01
7.319756119367391012e-01
7.444888032553068635e-01
7.537220594331718315e-01
7.596529921766421722e-01
7.627985923512441424e-01
7.709639083482403565e-01
7.810758094456875522e-01
7.839985910179935180e-01
7.918605656980389762e-01
8.013402749175725370e-01
8.054305842522957448e-01
8.087288058433210747e-01
8.210610784849111665e-01
8.297539459932649075e-01
8.349895929956587803e-01
8.422289711211290442e-01
8.466573234483534272e-01
8.554511226735457274e-01
8.611998268469220896e-01
8.691184891296168669e-01
8.776632164854575313e-01
8.829274856665055848e-01
8.900229148911538157e-01
8.954693524918923009e-01
9.036904439018746960e-01
9.124401632494918424e-01
9.171320482983517097e-01
9.214621514162205651e-01
9.294392222150339444e-01
9.341434255732322667e-01
9.412050428516898215e-01
9.499567064644357517e-01
9.562863828176147996e-01
9.595575673754254131e-01
9.665688043792908246e-01
9.789815568205320062e-01
9.827449778663157609e-01
9.908307812033908535e-01
9.954370211884659980e-01
1.001196643508536654e+00
1.008087466360315876e+00
1.013641474460230896e+00
1.021755676349779485e+00
1.029265837607476142e+00
1.033849246873218997e+00
1.038976326402382577e+00
1.044418294749008824e+00
1.053418525342791900e+00
1.062790107250324967e+00
1.066402939975542363e+00
1.072724712802230362e+00
1.079080526817364438e+00
1.084092130381674179e+00
1.090577579994009394e+00
1.096156528771081051e+00
1.102332299117129155e+00
1.108040165922341558e+00
1.112646710257954030e+00
1.118750491832859684e+00
1.127188512855838098e+00
1.132675389975771774e+00
1.137372922513830042e+00
1.144274917860012675e+00
1.150635664907446287e+00
1.156940195228404189e+00
1.163126512010681068e+00
1.166895925432934744e+00
1.174593974246951555e+00
1.177697105587892423e+00
1.184448332628615486e+00
1.193002788024059901e+00
1.195634616465030886e+00
1.203737952998330085e+00
1.208543993115886783e+00
1.215758907757080731e+00
1.220344455496625402e+00
1.227252794381426648e+00
1.232404615931720127e+00
1.235625137893486603e+00
1.242592384788048232e+00
1.249392333928881271e+00
1.253622116978228895e+00
1.258883550764860360e+00
1.265996396049714035e+00
1.270769742055156915e+00
1.277078728078282266e+00
1.281989519314145287e+00
1.288561218927357199e+00
1.291803516221206705e+00
1.296243166311496386e+00
1.304308375000729603e+00
1.308842588578735811e+00
1.314588180961828945e+00
1.320341929434827977e+00
1.325445534374763756e+00
1.330596955161227113e+00
1.336743553839979448e+00
1.342947027096680568e+00
1.347835930202371690e+00
1.352932109955316653e+00
1.357660153112828505e+00
1.364847809994464978e+00
1.369089040577071481e+00
1.374832371559603139e+00
1.379939308573576273e+00
1.384700459453267918e+00
1.389450211007236424e+00
1.394987437819369847e+00
1.399695573595539422e+00
1.403802127680622069e+00
1.410791367594278700e+00
1.416533448108189486e+00
1.419505267615373434e+00
1.423758177153033877e+00
1.429564898576005660e+00
1.435958165751014759e+00
1.441530286941925088e+00
1.445808538834302048e+00
1.450108166961916689e+00
1.454946360091193824e+00
1.460286188471406010e+00
1.465700040152967176e+00
1.470987496840548969e+00
1.476001111659756226e+00
1.480519960318042783e+00
1.484985505231767755e+00
1.490353241281726415e+00
1.494349283727232969e+00
1.498603660902734447e+00
1.503697689360421252e+00
1.508687247603314185e+00
1.514194937514936168e+00
1.519152652348388477e+00
1.523722136051263387e+00
1.528173239561347652e+00
1.533005207683938886e+00
1.537857426660819593e+00
1.541765009035056089e+00
1.546336531369791212e+00
1.551474250782812314e+00
1.556377837355197968e+00
1.561399360029395611e+00
1.566527408186986214e+00
1.571418653945860777e+00
1.575559188555029300e+00
1.579649245062622720e+00
1.584109235483303513e+00
1.588986750250496849e+00
1.594638733031358502e+00
1.598617245098237216e+00
1.602700214985826044e+00
1.606231841290780338e+00
1.609335731608650510e+00
1.615118127737044107e+00
1.621504689398564070e+00
1.625887525235022002e+00
1.628539018036615049e+00
1.632791408027628899e+00
1.638816074275146750e+00
1.644264586649727189e+00
1.646003312358111481e+00
1.649087458234670844e+00
1.655149414580570522e+00
1.660124124655919742e+00
1.664060826834284246e+00
1.667808383635014380e+00
1.671853684200039769e+00
1.676564038167878357e+00
1.680512177242987404e+00
1.685262093280888385e+00
1.690992427959394862e+00
1.693304780649745211e+00
1.696400820860617609e+00
1.701722628309056073e+00
1.706526779923918546e+00
1.710362423433578583e+00
1.714545330493144171e+00
1.719155905293663356e+00
1.723439382614212922e+00
1.727424131000895313e+00
1.731631579711869096e+00
1.735478652591805337e+00
1.739287167062960826e+00
1.742828075793489750e+00
1.746240421655963493e+00
1.750367580687193447e+00
1.754349671926750842e+00
1.758122761878164741e+00
1.762460875153764039e+00
1.766818315937582540e+00
1.770461399013786741e+00
1.774236825997396183e+00
1.778997930874953504e+00
1.784317138713780393e+00
1.788444626019959127e+00
1.791545647831092936e+00
1.794321963970035405e+00
1.798004150169680404e+00
1.802418294650454111e+00
1.806846732918898635e+00
1.810661416937465740e+00
1.814014869678139297e+00
1.817954661290237972e+00
1.822262491104679638e+00
1.826163605841281790e+00
1.829089039886686585e+00
1.832259615979632494e+00
1.836666270160083325e+00
1.840470112270157887e+00
1.843937438717340616e+00
1.847108309259468006e+00
1.851350723843097956e+00
1.855239131991124779e+00
1.858686985824875348e+00
1.861951139860970050e+00
1.865317752575265109e+00
1.869037666359526728e+00
1.873053231428583265e+00
1.876701203616104374e+00
1.880556540915583552e+00
1.883965298170687808e+00
1.887188242745209799e+00
1.890783295619888893e+00
1.894131269758111857e+00
1.897895095745248284e+00
1.901149546838177828e+00
1.905208967778149631e+00
1.908718173221389591e+00
1.912263118827308483e+00
1.916062766099089432e+00
1.919359048343306950e+00
1.922865559069481201e+00
1.925920384328888346e+00
1.928961751192342255e+00
1.932373998875847709e+00
1.935469171116456222e+00
1.939223870913584502e+00
1.942962930221134865e+00
1.946616267111837884e+00
1.949516499168302275e+00
1.953007671331695283e+00
1.956787265105381479e+00
1.960852350190324112e+00
1.963091728663852065e+00
1.965724264444454805e+00
1.969263553712759185e+00
1.972721353801488275e+00
1.976192877000575665e+00
1.979319854589115080e+00
1.982766268207830862e+00
1.986304070681249145e+00
1.989947662634155012e+00
1.992839273834548397e+00
1.996084483290046396e+00
1.998959679038600390e+00
2.001967382471233403e+00
2.005311310474442443e+00
2.008883611322112017e+00
2.012104432866769876e+00
2.015275228956860953e+00
2.018391053336421770e+00
2.021436245282215438e+00
2.024622063607366407e+00
2.027793706382336136e+00
2.030971797824930647e+00
2.034432638711486163e+00
2.037177606624970494e+00
2.039863823027139311e+00
2.042513275337494161e+00
2.046225589244381915e+00
2.050085719749474844e+00
2.052815380692622593e+00
2.055300258153053949e+00
2.058745017552803702e+00
2.061344129991240504e+00
2.063965095099302260e+00
2.067030081307135170e+00
2.070548394686700711e+00
2.073313910282382544e+00
2.076051782272597901e+00
2.078899489668533551e+00
2.082168224824553437e+00
2.085043387207344612e+00
2.087386622852798190e+00
2.090559004144827426e+00
2.094025772755265358e+00
2.097533208101605595e+00
2.100380712939157402e+00
2.102932226270242566e+00
2.105770332126444266e+00
2.108730625148224735e+00
2.111433290533418994e+00
2.114113921762175163e+00
2.117258942391098131e+00
2.120122571428859626e+00
2.122522925438029784e+00
2.124806548854938359e+00
2.128333090091424129e+00
2.131596947033850054e+00
2.134693818353636807e+00
2.137209958021494494e+00
2.139872791765709881e+00
2.142493048934827726e+00
2.144981605666457014e+00
2.147773021745241540e+00
2.151144524665918656e+00
2.153989151706461325e+00
2.156548721741227581e+00
2.159127536821555893e+00
2.162135472925753810e+00
2.164963516621399631e+00
2.167560444723370505e+00
2.169838634375735431e+00
2.172642547002737068e+00
2.175648404226061317e+00
2.178313072025853891e+00
2.180746918903324172e+00
2.182858991321011022e+00
2.185577932957068814e+00
2.188298091974108406e+00
2.191005137333491337e+00
2.193911175572758943e+00
2.196126611324273448e+00
2.198568275978904030e+00
2.201006754985918246e+00
2.203808197104789812e+00
2.206685183557814511e+00
2.209484606578894006e+00
2.212013039395787306e+00
2.214759578214811508e+00
2.217494476917781121e+00
2.219753345937147238e+00
2.221989554361407659e+00
2.224424319462420474e+00
2.226982984058505810e+00
2.229672098192460705e+00
2.232073151587189219e+00
2.234790964903979660e+00
2.237541194313977577e+00
2.239812695780208252e+00
2.242077409683033373e+00
2.244630076021284282e+00
2.246872138216309267e+00
2.249290429826904969e+00
2.251987109520249497e+00
2.254545246465638364e+00
2.256939279771852380e+00
2.259164192938404092e+00
2.261639732601490760e+00
2.264550143785242664e+00
2.266834801951727041e+00
2.268964580238788997e+00
2.270773129394897172e+00
2.273350470724300187e+00
2.276265245649399027e+00
2.278760961030877663e+00
2.281252248008001970e+00
2.283409415520664787e+00
2.285626504857330321e+00
2.287766579744267670e+00
2.290368142718052891e+00
2.292742654025398341e+00
2.294838134955144771e+00
2.297261272698813528e+00
2.299379952579359454e+00
2.301727044403619082e+00
2.303953612547230634e+00
2.306705975896172323e+00
2.309241098006606485e+00
2.311785308545766693e+00
2.313688100652564028e+00
2.315597272996028355e+00
2.317649462968580210e+00
2.319888156813150637e+00
2.322421319762783654e+00
2.325077516557082280e+00
2.327152976292547581e+00
2.329280460924052498e+00
2.331173814109892550e+00
2.333426682112423656e+00
2.335997128266646961e+00
2.338379490704939112e+00
2.340788589343507642e+00
2.342980031440038857e+00
2.344947139439393702e+00
2.347173544971727033e+00
2.349239563365144612e+00
2.351449298156967238e+00
2.353591177444891436e+00
