9.134991132648229457e-06
-4.418408242701721972e-03
-5.324958784573015358e-03
-3.447711173370599999e-03
-1.467647343527298063e-03
-1.193065129187079318e-03
-1.154913980031556158e-03
-1.173673192448000538e-03
-1.731029980940991227e-03
-1.629708918736249732e-03
-1.488678219348070313e-03
-2.405243931658481750e-03
-1.523473061895489833e-03
3.655809912370097431e-04
5.503020486355553447e-04
2.577315299226734698e-03
4.279250890464747145e-03
2.200758943849785362e-03
1.947250741249086179e-03
3.636317598581972205e-03
4.726078154920770533e-03
6.615874846740549958e-03
9.308308606368139240e-03
1.328403802492985133e-02
1.039653754067799973e-02
1.279308485570779426e-02
1.816107115161738270e-02
1.680241227748106164e-02
2.176641710438089600e-02
2.311035786946203860e-02
2.439791913776119536e-02
2.300431790228168322e-02
2.677067219588842931e-02
2.816532321505605535e-02
3.611539780665933702e-02
3.914132541838254153e-02
3.971682858634890956e-02
4.532148360102703638e-02
4.823976917160489875e-02
4.575825481955979324e-02
5.224675942975098158e-02
5.351507379522162100e-02
5.519505897786979726e-02
5.744283191665305877e-02
5.818313431512953798e-02
6.351483775869373738e-02
6.611094914029101710e-02
6.971737711693748452e-02
7.497556877151034804e-02
7.830004169129187175e-02
7.853526774306690550e-02
8.366525478245856462e-02
8.933343443827709840e-02
8.889363870969757553e-02
9.048870360324552664e-02
9.537760968171540843e-02
1.011189351071024173e-01
1.096454986553769412e-01
1.098447065068946515e-01
1.071325117605648053e-01
1.135252970187144994e-01
1.144016486423575923e-01
1.190060039069600617e-01
1.237725879596333067e-01
1.253652927399262762e-01
1.278164363641804135e-01
1.370673281903240504e-01
1.356817867633570984e-01
1.412070263871081088e-01
1.427607423486147720e-01
1.478500558415077049e-01
1.560578292003314271e-01
1.557586071871750466e-01
1.571160741021254692e-01
1.652668783243014250e-01
1.651831227840966643e-01
1.712880740812746660e-01
1.739306805056839156e-01
1.750173167510131744e-01
1.848358514820673815e-01
1.907138090735528424e-01
1.888813772620518416e-01
1.953139704513036368e-01
2.046449304838187100e-01
2.000621794096069106e-01
2.001143736313674981e-01
2.050758037935552502e-01
2.094057645181835181e-01
2.169137708283753185e-01
2.148145622710909697e-01
2.181715849938072049e-01
2.277388642522059914e-01
2.310458401406545181e-01
2.338608956207637313e-01
2.385887775339442796e-01
2.456392908677763331e-01
2.434361555064084581e-01
2.530051615839012946e-01
2.520923461649307029e-01
2.561510927202608201e-01
2.619451725760358340e-01
2.671147353687937098e-01
2.676001815321532029e-01
2.716697759317800442e-01
2.732505830878420028e-01
2.805935248550892047e-01
2.845240859124240074e-01
2.856157253320707468e-01
2.936018895371213522e-01
2.926746240492154594e-01
2.966756203721805929e-01
2.984106964801341300e-01
3.015314931007223032e-01
3.083241780707565161e-01
3.152152285392740283e-01
3.136663077899402019e-01
3.186005354125123756e-01
3.246070705104728837e-01
3.258898114336761243e-01
3.288387806140058434e-01
3.371231273156073405e-01
3.376593383576583784e-01
3.412155897207953537e-01
3.465492702478487619e-01
3.519083489869042625e-01
3.549510656558316768e-01
3.602700974375485088e-01
3.618326975301330850e-01
3.662069284968714755e-01
3.692445891166730720e-01
3.711713712366856988e-01
3.786673383324594688e-01
3.797701600498794572e-01
3.822344899426891596e-01
3.858388333009207805e-01
3.927360624496106234e-01
3.938054617131190871e-01
3.988916709667587046e-01
4.075013142590911408e-01
4.072337230730932456e-01
4.104651576200584739e-01
4.166938747828421441e-01
4.188233879601643839e-01
4.231780956622691048e-01
4.259966229931940185e-01
4.284000859424221264e-01
4.339822344396778719e-01
4.377930743814388848e-01
4.452255755110585134e-01
4.440352005231432697e-01
4.481230720903228715e-01
4.478045492707917186e-01
4.542966162539186503e-01
4.583751102706591918e-01
4.583084480133242655e-01
4.671952118756325101e-01
4.681673083789630874e-01
4.729032770372499916e-01
4.748917593742429388e-01
4.798864588969306011e-01
4.822130521964070882e-01
4.868026888023619936e-01
4.916725983110596943e-01
4.950434363842051710e-01
5.020596510036949844e-01
5.026871281678462200e-01
5.027430464565615376e-01
5.080292454058482621e-01
5.128743914383042668e-01
5.147368345263367839e-01
5.200719080004894135e-01
5.252993440984276008e-01
5.263967912549364359e-01
5.300420941242549588e-01
5.346258188812631484e-01
5.374018567759487608e-01
5.407787180208100120e-01
5.448214161928907062e-01
5.460303730170706915e-01
5.498605098351865283e-01
5.546961079034722353e-01
5.569053308375401246e-01
5.618785546983227075e-01
5.677551604548113362e-01
5.695137961450809083e-01
5.715352053250377651e-01
5.739024859831831638e-01
5.783854494516478262e-01
5.814073386028630885e-01
5.877393761564672081e-01
5.911393344983715270e-01
5.913472305902910398e-01
5.960185849505744704e-01
5.992376614800699608e-01
6.025296434473972340e-01
6.052310182257932825e-01
6.115293791990495942e-01
6.138898649948729691e-01
6.174579788045663209e-01
6.184908026491116040e-01
6.239983010947963704e-01
6.277224484178711705e-01
6.297544005465182115e-01
6.334670434113301996e-01
6.360407590698639035e-01
6.382591471400947958e-01
6.428629441075537354e-01
6.461208247848609920e-01
6.507987138675580541e-01
6.528355697279308867e-01
6.567087937307062306e-01
6.626157521277542539e-01
6.630292492108136315e-01
6.665701819090057434e-01
6.725035110213439804e-01
6.758188525806985147e-01
6.778338267877684897e-01
6.797286566953597564e-01
6.841391728708012820e-01
6.878496595461943697e-01
6.892384172789975949e-01
6.922930381088836516e-01
6.994526178321546217e-01
7.006413713328175641e-01
7.021264636272109838e-01
7.072395290213208119e-01
7.108713543763829357e-01
7.139694112062370257e-01
7.170221362599245030e-01
7.202608205192724267e-01
7.235152495532515271e-01
7.259733128123558865e-01
7.299218646158767143e-01
7.345094725362687482e-01
7.356322351665298687e-01
7.401409252083207546e-01
7.430414722007252504e-01
7.458667060758140677e-01
7.496346255915640189e-01
7.534438528908499189e-01
7.555837803743756798e-01
7.584902048086114013e-01
7.622311932060302775e-01
7.653419817149329507e-01
7.686610068964603304e-01
7.721579221559863315e-01
7.756117656617980138e-01
7.784624192397875397e-01
7.792922600280624001e-01
7.831845155102753475e-01
7.863234962183440757e-01
7.893768859496326229e-01
7.932399647310274249e-01
7.948122141567612875e-01
7.993013654511056387e-01
8.037623026490512412e-01
