4.507577511271163641e-05
-4.864469328082693562e-03
-5.964143521880230746e-03
-4.649197412040575149e-03
-3.699630159431121709e-03
-3.961299514749240351e-03
-5.119724080628020729e-03
-5.360802350497548968e-03
-5.549168245054299925e-03
-4.626699653237260901e-03
-3.291857094570419667e-03
-5.435625618955660515e-03
-3.868346987936720216e-03
-7.453847665931134282e-05
-6.946647414856937019e-04
3.543568196136374915e-03
7.436444183532342489e-03
2.891973564117395964e-03
3.199178017544836248e-03
7.681087443549160579e-03
1.084349344155869851e-02
1.506042393765293953e-02
2.131251608232140674e-02
2.939803129277521881e-02
2.248433053596402345e-02
2.763043979516809079e-02
3.928958670782436297e-02
3.726261491754896682e-02
4.872816353200807443e-02
5.128780766302800526e-02
5.484274382398019593e-02
5.327565267105518337e-02
6.176385285454872448e-02
6.297116472859985714e-02
7.954726337561102145e-02
8.639254739417197293e-02
8.915190325716532138e-02
1.006671684045261222e-01
1.056023972018293733e-01
1.021299693346819082e-01
1.154627242759487527e-01
1.185215870505564734e-01
1.231618869568472802e-01
1.290170304597030859e-01
1.316121487914234944e-01
1.405910360979954477e-01
1.456075572984709132e-01
1.542094094406112892e-01
1.640979858169986372e-01
1.729247645553091683e-01
1.739590574915922394e-01
1.824337176973739039e-01
1.935704197997565046e-01
1.925350710917135000e-01
1.977058896273107547e-01
2.118949171215686600e-01
2.220548944266808322e-01
2.332673150821502894e-01
2.375427067149341598e-01
2.365600579143924131e-01
2.455538577849193105e-01
2.499265127916431850e-01
2.597635873519050786e-01
2.668715120728563650e-01
2.716408055898214546e-01
2.840437254860804228e-01
2.904320548908545518e-01
2.908817977207706074e-01
3.002891432026406071e-01
3.077743242257579559e-01
3.143581844664615210e-01
3.286943778808348871e-01
3.326652605158252340e-01
3.334428921358020825e-01
3.493292546156787637e-01
3.530033671385868765e-01
3.622019644750139600e-01
3.686559776590818127e-01
3.692173327508891933e-01
3.817732303877904854e-01
3.928343970967199672e-01
3.982266452880863783e-01
4.078509031933614803e-01
4.212027671602710521e-01
4.204844309274117231e-01
4.239355567710478834e-01
4.340229201644959511e-01
4.421281825306964119e-01
4.534262361464929114e-01
4.546001993007302566e-01
4.604478072126692023e-01
4.730923023088949853e-01
4.804791144999892016e-01
4.846685516248637193e-01
4.917381469066833266e-01
5.034361379113371227e-01
5.076320621640979525e-01
5.194545399913994554e-01
5.200715812627417778e-01
5.307673797437962859e-01
5.356676876324495407e-01
5.470182911837746520e-01
5.508091802802596026e-01
5.617837929081338499e-01
5.654654009507370516e-01
5.675561211927789840e-01
5.805572748470044786e-01
5.838655417623183075e-01
5.935554097736406298e-01
5.978479764454215362e-01
6.051690153566157138e-01
6.116184834163572726e-01
6.170735245267378044e-01
6.293523174073342163e-01
6.384955230330319198e-01
6.371755066360825781e-01
6.479656536640091558e-01
6.594551625128980410e-01
6.649218091930392260e-01
6.683596612459039576e-01
6.763001393801555405e-01
6.819296351935719702e-01
6.881711295345084300e-01
6.935872519566527172e-01
7.057528737136978814e-01
7.143088980703902191e-01
7.202176200408623163e-01
7.231376748296211021e-01
7.306347879595239680e-01
7.405221609542301797e-01
7.434499751642041909e-01
7.510350393449076734e-01
7.600094575928767471e-01
7.637155446824706040e-01
7.668708143493256912e-01
7.794221619787052857e-01
7.870487792204210464e-01
7.923767925786977528e-01
7.999670222175802037e-01
8.036067946437325249e-01
8.120060576416624487e-01
8.179739171092685890e-01
8.254308020530212175e-01
8.338589022875750878e-01
8.385451689344464166e-01
8.450629546228756173e-01
8.508378847150551705e-01
8.590596954692586440e-01
8.676721980728149264e-01
8.715743143236308610e-01
8.759446796130445634e-01
8.839850296550120223e-01
8.880936098655249911e-01
8.948007163699217559e-01
9.036552055197010214e-01
9.095524723922812083e-01
9.128381218665576613e-01
9.194802630152338896e-01
9.310134681418570368e-01
9.350547423610755526e-01
9.425802203536276513e-01
9.473950930381001001e-01
9.530730071046680241e-01
9.597316484484885724e-01
9.653313962942552395e-01
9.729564998545224830e-01
9.799220956790049009e-01
9.844693002357913780e-01
9.895564629512170196e-01
9.943466942528941255e-01
1.003383285574376949e+00
1.012757588973107303e+00
1.015540634621998839e+00
1.021725039515008149e+00
1.028152885686827833e+00
1.032655134304635958e+00
1.039140189065920428e+00
1.045232269559247751e+00
1.051063259331946664e+00
1.056145656034699343e+00
1.061314787949823479e+00
1.067043782436093213e+00
1.074630430844125906e+00
1.080284748174044962e+00
1.084539350273103997e+00
1.091497215752478267e+00
1.097687915348192433e+00
1.103828401919567659e+00
1.109808905950529390e+00
1.113697592469986342e+00
1.121021444774422671e+00
1.123552630520055384e+00
1.130364263978908435e+00
1.139204375706374339e+00
1.141391832252206084e+00
1.149340469515178098e+00
1.154103754587583408e+00
1.161483168213195416e+00
1.165265524061806834e+00
1.172345301380652405e+00
1.177376296805126454e+00
1.180353783249982191e+00
1.187262207317272056e+00
1.193779370645223770e+00
1.198036203555800761e+00
1.203006452733351717e+00
1.209765418257187974e+00
1.214286809578608572e+00
1.221376582439362091e+00
1.225727918778373615e+00
1.231793138965874279e+00
1.235599813322230345e+00
1.239675346813360113e+00
1.247323335732306360e+00
1.252060283113900274e+00
1.257773029479670068e+00
1.263418850492185053e+00
1.268281038228762814e+00
1.273310129342012820e+00
1.279489876692229355e+00
1.285454031686434462e+00
1.290352064619447292e+00
1.295556936528718506e+00
1.299662925487056864e+00
1.306382512383788219e+00
1.311284518700774893e+00
1.316528760877452964e+00
1.321698581821689089e+00
1.326099543596772623e+00
1.330549424314539264e+00
1.336622349824171829e+00
1.340996570368109930e+00
1.345001095264433566e+00
1.351878549156319886e+00
1.357287363872905717e+00
1.360868696450043824e+00
1.364522694365034594e+00
1.369957399959745192e+00
1.376428840665840037e+00
1.382056756567710432e+00
1.386634888768525808e+00
1.390420298135703447e+00
1.395294219151836934e+00
1.400512698359784647e+00
1.406007026858433484e+00
1.411379474409112822e+00
1.416076609908096806e+00
1.420266093249813011e+00
1.424589394978213130e+00
1.430056884865101852e+00
1.433905419424364558e+00
1.437936301438994979e+00
1.443032663970092999e+00
1.448292460990004527e+00
1.453602331016810467e+00
1.458418256596523355e+00
1.462626921233569632e+00
1.467041802451769295e+00
1.472387857081157714e+00
1.477118839960961161e+00
1.480808643806417413e+00
1.485062041860420345e+00
1.489997377376393706e+00
1.495226433387044196e+00
1.500622827132664705e+00
1.505663551057382366e+00
1.510232836028654546e+00
1.514350964775158515e+00
1.518294673995758570e+00
1.522704352380648718e+00
1.527462318343909109e+00
1.532900792305104565e+00
1.536564319019661617e+00
1.540996429598367801e+00
1.544825359525609842e+00
1.547107830579134147e+00
1.553030570836324120e+00
1.559468270614825958e+00
1.563725769296975043e+00
1.566723726807190520e+00
1.570952205868155760e+00
1.576655540674175793e+00
1.581729862389394947e+00
1.583744568110677209e+00
1.587073267268580556e+00
1.592944209701240288e+00
1.597718613372106189e+00
1.601636446880636111e+00
1.605080406005715332e+00
1.609212893919715226e+00
1.614143785878206616e+00
1.618031185422382556e+00
1.622595732586227912e+00
1.628377465091429110e+00
1.630692570132280528e+00
1.633875058294271376e+00
1.639178787416611272e+00
1.643777261516473853e+00
1.647733429344756306e+00
1.652063061731422922e+00
1.656187110568925203e+00
1.660381367410788123e+00
1.664526768858742845e+00
1.668644431186377286e+00
1.672436245463250648e+00
1.676271296372834785e+00
1.680034251777084986e+00
1.683500764913405501e+00
1.687452068539664563e+00
1.691480477930973558e+00
1.695050199566384252e+00
1.699401593485275974e+00
1.703932845526134443e+00
1.707474096589523427e+00
1.710921010644678608e+00
1.716034858412710529e+00
1.721403113172513155e+00
1.725668663923720869e+00
1.728613101856663725e+00
1.731164550463908380e+00
1.734252132420496029e+00
1.738748276036555795e+00
1.743422593314791991e+00
1.747489739507270157e+00
1.750667263008560237e+00
1.754646386623460286e+00
1.758981827116389951e+00
1.762927390034978892e+00
1.765813310946291681e+00
1.768797405185461136e+00
1.773061344428414898e+00
1.776998341843637697e+00
1.780600342330615593e+00
1.783751952254279960e+00
1.787600496025911534e+00
1.791516335098093604e+00
1.795349575628219618e+00
1.798620466953480435e+00
1.801930211068713872e+00
1.805749748823765266e+00
1.809704202994727229e+00
1.813297308980671430e+00
1.817308495207980101e+00
1.820734396069526362e+00
1.823827413851030421e+00
1.827363691867957218e+00
1.830670969002509363e+00
1.834365061630344185e+00
1.837761121176710200e+00
1.841915092206968696e+00
1.845591338345449417e+00
1.849216800110985659e+00
1.852784297506256506e+00
1.855931322759973856e+00
1.859571279044089698e+00
1.862790080660507330e+00
1.865672607561178697e+00
1.869023527477836399e+00
1.872228376673562344e+00
1.876405493405905789e+00
1.880168725080529235e+00
1.883524629102682812e+00
1.886107578564149234e+00
1.889601812948966453e+00
1.893606035005920729e+00
1.897823994094843147e+00
1.900036022526384372e+00
1.902497260586528904e+00
1.905964079682204826e+00
1.909555862935886861e+00
1.912944654844335401e+00
1.916106211361315426e+00
1.919489593217481138e+00
1.923263235198862775e+00
1.927187494975275639e+00
1.929969579568683979e+00
1.933307037120064242e+00
1.936154677277631242e+00
1.939166212927360355e+00
1.942601767870830054e+00
1.946094063260005225e+00
1.949286331127377814e+00
1.952403774614153376e+00
1.955636307585355782e+00
1.958698519813445227e+00
1.961939037497061777e+00
1.965061201585383888e+00
1.968095337447024473e+00
1.971379453870969911e+00
1.974288701655208866e+00
1.976980131814007668e+00
1.979752396652448621e+00
1.983494271189620184e+00
1.987390478209323463e+00
1.990315781198399359e+00
1.992788706599111892e+00
1.996155219486819510e+00
1.998707282813381392e+00
2.001268340304202198e+00
2.004405940233064953e+00
2.008129348768732392e+00
2.010822377556714891e+00
2.013570395195277918e+00
2.016409939526880191e+00
2.019682325321460858e+00
2.022725163190921549e+00
2.024999648269572017e+00
2.028129486021002847e+00
2.031756059761658406e+00
2.035264726671576874e+00
2.038248617430577170e+00
2.040783511091208258e+00
2.043729361611003714e+00
2.046523063348336002e+00
2.049324305080065134e+00
2.052070702252996703e+00
2.055166949606190840e+00
2.057939758724214308e+00
2.060573637061444252e+00
2.062883068868103020e+00
2.066343628699548240e+00
2.069778558217204800e+00
2.072875214275358147e+00
2.075412551081427637e+00
2.078030805983907658e+00
2.080717505139746404e+00
2.083330537238633706e+00
2.086245672822430564e+00
2.089610321355067413e+00
2.092365565994510401e+00
2.094999697037220443e+00
2.097547796527243325e+00
2.100464628202413753e+00
2.103297225426060901e+00
2.105961714036689525e+00
2.108300983018730701e+00
2.111264807764813067e+00
2.114248034089201145e+00
2.117018074196995503e+00
2.119377670000642588e+00
2.121536044373078411e+00
2.124221269654249955e+00
2.127082386022734362e+00
2.129890199107100202e+00
2.132747449286600094e+00
2.134886530785288450e+00
2.137188902470180452e+00
2.139777639035199464e+00
2.142873541077543909e+00
2.145875695089673130e+00
2.148603287805145090e+00
2.151082348999514338e+00
2.153903280796646502e+00
2.156523465710115328e+00
2.158892835181521086e+00
2.161239400319185489e+00
2.163745404369501912e+00
2.166456621751867040e+00
2.168964110090381148e+00
2.171449723686720734e+00
2.174047778143286092e+00
2.176760678061479659e+00
2.179158158113899901e+00
2.181601317490231562e+00
2.184364948300038467e+00
2.186780128813659019e+00
2.189108360945164922e+00
2.191631284411135194e+00
2.194271504649868643e+00
2.196674835145631555e+00
2.199094431237773595e+00
2.201563771968150451e+00
2.204383941990252005e+00
2.206624613520522526e+00
2.208860959256288670e+00
2.210777599196573018e+00
2.213467490610047328e+00
2.216387923439607111e+00
2.218894541417164135e+00
2.221435507035617984e+00
2.223639416276287584e+00
2.225699881852716722e+00
2.228050312413142109e+00
2.230562918785611526e+00
2.233004676155092127e+00
2.235258001812786777e+00
2.237628039004784242e+00
2.239864578431440378e+00
2.242230231043412569e+00
2.244530495308274531e+00
2.247294564070243972e+00
2.249908377245112945e+00
2.252353948609139067e+00
2.254318221742526607e+00
2.256224269300674212e+00
2.258451624193326790e+00
2.260841221965542491e+00
2.263325209446688024e+00
2.265945680296851616e+00
2.268119121736980492e+00
2.270324725930700893e+00
2.272178758845279756e+00
2.274510747319689941e+00
2.277006668899133945e+00
2.279504105268078451e+00
2.282045492208721438e+00
2.284267177718215969e+00
2.286261792049964381e+00
2.288433907119275190e+00
2.290594340375406546e+00
2.292897669215738787e+00
2.295070985513967710e+00
