9.371069936557533504e-05
-6.691871612205118475e-03
-8.468629912733763657e-03
-9.322091420540811607e-03
-1.222524856490450271e-02
-1.423421946445387748e-02
-1.976941352177568820e-02
-2.102279107387561297e-02
-2.011937890687963762e-02
-1.647588207552317177e-02
-1.142576110371101329e-02
-1.817023495746891357e-02
-1.432032027879047778e-02
-4.550998282004952919e-03
-7.601634619229595026e-03
2.606699614473451804e-03
1.288705116233166900e-02
3.167394277526112793e-03
4.806958852922990112e-03
1.630021155672287114e-02
2.634313609013344548e-02
3.513033632567343079e-02
5.288478668168208885e-02
6.747110889752928886e-02
5.414615052965542769e-02
6.679616206107270859e-02
9.046550116700990962e-02
9.286854541756553449e-02
1.177290602430193928e-01
1.204092186624040883e-01
1.310783834394554093e-01
1.381529546554287058e-01
1.558947491654422979e-01
1.549678141736153814e-01
1.819605634096493896e-01
1.997154996158811702e-01
2.151992653895465901e-01
2.339160996733710418e-01
2.410088203856585731e-01
2.432008103169225888e-01
2.652664962573156870e-01
2.748228711673878499e-01
2.880985988632591699e-01
3.007358678916429162e-01
3.109904679015958462e-01
3.324977622920105014e-01
3.497003214558110917e-01
3.602739435668332879e-01
3.708628069753762690e-01
3.961566424530860719e-01
4.021439463750625665e-01
4.116799114576292773e-01
4.319350157448483274e-01
4.327575500712206313e-01
4.510512239590475092e-01
4.736581709783307392e-01
4.912865863151099632e-01
5.070386737103048658e-01
5.208314154960460574e-01
5.293472417154989618e-01
5.430011677668875603e-01
5.551699324985844841e-01
5.750574425227718001e-01
5.840502733105961131e-01
5.995530120596408441e-01
6.137871073106526687e-01
6.244949435258356774e-01
6.402737172812345001e-01
6.527376407546970905e-01
6.650247608942069233e-01
6.715381610798071277e-01
6.961617647899870365e-01
7.113655845456648974e-01
7.111693535843062186e-01
7.369017471193892721e-01
7.467337567711779256e-01
7.590982819966676232e-01
7.702580249915113031e-01
7.843934494088432574e-01
7.923431803025297038e-01
8.091777992065914971e-01
8.226452270421988899e-01
8.315744702730678561e-01
8.491226411206361790e-01
8.623874088232826862e-01
8.786905626669816449e-01
8.912647064550099918e-01
9.018148710892939235e-01
9.145149103341140284e-01
9.241584614396548547e-01
9.390423320218246328e-01
9.533041143625733405e-01
9.637715756067470885e-01
9.728254618773585216e-01
9.872334528236438311e-01
9.958417078410078949e-01
1.007070150363843952e+00
1.020834944910149478e+00
1.028060368746568365e+00
1.046021558515843219e+00
1.063548555166992315e+00
1.070502761633852939e+00
1.083955259180236164e+00
1.092404767787702458e+00
1.104411803404002024e+00
1.110065190541172031e+00
1.124439631550215646e+00
1.137544979197324890e+00
1.152059284310598786e+00
1.164221369850280796e+00
1.169392881539974782e+00
1.179758808868627717e+00
1.189949052980330046e+00
1.202588944297826812e+00
1.210068636639388018e+00
1.221500885549198001e+00
1.237921640842177373e+00
1.245753259119206646e+00
1.254508759352194414e+00
1.265293696327930872e+00
1.275965374766816929e+00
1.283937937721457923e+00
1.303385452300179104e+00
1.308415530103546276e+00
1.314964028746746560e+00
1.326557504964612999e+00
1.334594603795404844e+00
1.346072408898647543e+00
1.358492641641193321e+00
1.366230729451559878e+00
1.378044729786172651e+00
1.387964669830296760e+00
1.393497393221890146e+00
1.405306249174793409e+00
1.413853576780846444e+00
1.426643737236561904e+00
1.434548438662749170e+00
1.443419834494602760e+00
1.453103622778316506e+00
1.460735000006519790e+00
1.469817047591406745e+00
1.479749607302498715e+00
1.488863763952940955e+00
1.500932933588947860e+00
1.506323749256986311e+00
1.516019440811508634e+00
1.524043482209314071e+00
1.531235401153600684e+00
1.538432161097534667e+00
1.550557101496480517e+00
1.558619981426960566e+00
1.565623141227336035e+00
1.577462119689055475e+00
1.584369651836811332e+00
1.592219386684609272e+00
1.601012554447155845e+00
1.608992573193135600e+00
1.616977533670884926e+00
1.625555563896704969e+00
1.634275713835460220e+00
1.642969190989188144e+00
1.650821419358888820e+00
1.657055735216311554e+00
1.664100882742331367e+00
1.671402116486598866e+00
1.679231579682842757e+00
1.688532468759501137e+00
1.697765534282604127e+00
1.707250515595764684e+00
1.712919814577539501e+00
1.718822234260346082e+00
1.726079273687572968e+00
1.735004543136749566e+00
1.741771548932840918e+00
1.749452835670562534e+00
1.756779704580939239e+00
1.762895172252512355e+00
1.771052011717751284e+00
1.779373604724874935e+00
1.787686565197005306e+00
1.792534058930653762e+00
1.799895775807472287e+00
1.806372853721251115e+00
1.814013300096544823e+00
1.820292266676433401e+00
1.827855688978063053e+00
1.833531933368322209e+00
1.842220093577762619e+00
1.848969928859189871e+00
1.855668964543071731e+00
1.863124242373098705e+00
1.869238926263585787e+00
1.875249062637681430e+00
1.884122423142545522e+00
1.888799370431247793e+00
1.895395426571303998e+00
1.902017595630962399e+00
1.908201383650612870e+00
1.913790318216763264e+00
1.920970223517258990e+00
1.927329060010486650e+00
1.934096523115313992e+00
1.938844699645786873e+00
1.945723085216346293e+00
1.951532205644503914e+00
1.959505104118540286e+00
1.964557644182269858e+00
1.973285838173539863e+00
1.979132662100375084e+00
1.984135563998852714e+00
1.988365979849998189e+00
1.993672159158977442e+00
2.000987719635971107e+00
2.006690221023148535e+00
2.012442273061479270e+00
2.017824380646862537e+00
2.024698272355974105e+00
2.030913934067256843e+00
2.035640318493315615e+00
2.040876386990467584e+00
2.045793497362764946e+00
2.053572628836951797e+00
2.058950820517411184e+00
2.062577176924021760e+00
2.069684357282397080e+00
2.075787235728478120e+00
2.078937152793676191e+00
2.085145203750181420e+00
2.090538938716425932e+00
2.095602169346562071e+00
2.101522145220484195e+00
2.106726293404614481e+00
2.111444656980018042e+00
2.118028924672582747e+00
2.122989247615827857e+00
2.127871061475630210e+00
2.131083190025448104e+00
2.136956509931996706e+00
2.143396492509949347e+00
2.147549703501315133e+00
2.151461014413421413e+00
2.156182924169650850e+00
2.162930071025503498e+00
2.168690930793393701e+00
2.171969604310818536e+00
2.177235847286624892e+00
2.182918480255370053e+00
2.186688071249863086e+00
2.192365151544984680e+00
2.196560604085056045e+00
2.201809777512389044e+00
2.207382951112304870e+00
2.212302922989042742e+00
2.216284914487806290e+00
2.220246470690136587e+00
2.224844884054286265e+00
2.229393927887293181e+00
2.233854373201249022e+00
2.238889701240643682e+00
2.244268129087696906e+00
2.249211707096186785e+00
2.253137333555081057e+00
2.257039809616363968e+00
2.261988699724441165e+00
2.265278633919100226e+00
2.269595428750539323e+00
2.275258916882247462e+00
2.279075678304983033e+00
2.283902822166482771e+00
2.288268294916295797e+00
2.292193134773313101e+00
2.296152529450603996e+00
2.300587997603075863e+00
2.305562778847608740e+00
2.309729883711558518e+00
2.313984409791095320e+00
2.318233169579836161e+00
2.322323361954157672e+00
2.326526845501116103e+00
2.329595485588977333e+00
2.333825442735860900e+00
2.338146570570843519e+00
2.341989248448515859e+00
2.345709376565617621e+00
2.350159870353158986e+00
2.354130698121349230e+00
2.359158257921736723e+00
2.362657324121393732e+00
2.366727154503171615e+00
2.370303680005824365e+00
2.374215005782589483e+00
2.377737218364338823e+00
2.381768250501524520e+00
2.385552977012795228e+00
2.389453066244618284e+00
2.393866623286553974e+00
2.397036007335073826e+00
2.400839365081529397e+00
2.404178960779318253e+00
2.407748033786888175e+00
2.413182654505477309e+00
2.415975140313436853e+00
2.418634671847112561e+00
2.423367126781002856e+00
2.427769977400001000e+00
2.431107429367276307e+00
2.434383536078531751e+00
2.437935394856284077e+00
2.441597841694185700e+00
2.445459599268134721e+00
2.449285154930827879e+00
2.452318762895660420e+00
2.455697760735979340e+00
2.459137314573458077e+00
2.462473596478913507e+00
2.465601325298689694e+00
2.469479405044413323e+00
2.472958898400220207e+00
2.476186576093983405e+00
2.479366942576763044e+00
2.482886568808154948e+00
2.486331868157438674e+00
2.490221976820205185e+00
2.493685584294872637e+00
2.496946036682461845e+00
2.500033620357263509e+00
2.503874252236055753e+00
2.507075498944881353e+00
2.509860879036108550e+00
2.512524282582643487e+00
2.516207828970268068e+00
2.519564794461016444e+00
2.523503988124743636e+00
2.526136353728182016e+00
2.528813345258758893e+00
2.531928819874326830e+00
2.535857094306119386e+00
2.538873736012036808e+00
2.541866559023192806e+00
2.545169520055403201e+00
2.548508366230652467e+00
2.551407937806758675e+00
2.553846706538819955e+00
2.556964053372166923e+00
2.560506321508779326e+00
2.563306642713637729e+00
2.565948097730539335e+00
2.568994022066930949e+00
2.572139008328323762e+00
2.575572862618744185e+00
2.577738447437782909e+00
2.580423619800216617e+00
2.583849428712419627e+00
2.587001679745634330e+00
2.590173840751017309e+00
2.593494817507028483e+00
2.596651989752462697e+00
2.599066702921053462e+00
2.601182386100183486e+00
2.603888433059678320e+00
2.607409609369315096e+00
2.610274499968104678e+00
2.612873545676569709e+00
2.615747594681643751e+00
2.618617917127956662e+00
2.621508617479910708e+00
2.624102762535668987e+00
2.626917479401753575e+00
2.629230961034126235e+00
2.632334871258951825e+00
2.635329301853611916e+00
2.637703634410778708e+00
2.640196166869683836e+00
2.643365793702883604e+00
2.646388340442951126e+00
2.648686913722989367e+00
2.651222663936511736e+00
2.653704676496109194e+00
2.656394436257230929e+00
2.659072314678508242e+00
2.662006378141258622e+00
2.665094555681247979e+00
2.667584242974317288e+00
2.669877264133938333e+00
2.672702222655009674e+00
2.675617984877979083e+00
2.677710156883322590e+00
2.680162805679169313e+00
2.682716474946972074e+00
2.685635082575989596e+00
2.688037864358151285e+00
2.690059358637787224e+00
2.692634440368860460e+00
2.695371522545755738e+00
2.698015144797638598e+00
2.700419111023808938e+00
2.702809567323130047e+00
2.704864939738505836e+00
2.707658351289272680e+00
2.709980665461204641e+00
2.712701574764072365e+00
2.714999528328765344e+00
2.717083551475488523e+00
2.719519949966954009e+00
2.721702108987027025e+00
2.724328379653063070e+00
2.727012829678284511e+00
2.729471041232266248e+00
2.732052034746227154e+00
2.734554927274170488e+00
2.736496441984606953e+00
2.738802090602197481e+00
2.741027973179014587e+00
2.743194135452513116e+00
2.746054119538716698e+00
2.748478624453402297e+00
2.750788344403348074e+00
2.752826582774569708e+00
2.755234818825952559e+00
2.757363467310411043e+00
2.759970412609860535e+00
2.762108775202689603e+00
2.764624004617596498e+00
2.766899139430086585e+00
2.768879901012644584e+00
2.771175640955150676e+00
2.773062843135579936e+00
2.775295586242332746e+00
2.777703987547559539e+00
2.780055258613312930e+00
2.782165871055403805e+00
2.784245662056784809e+00
2.786461307869805282e+00
2.788610931233623802e+00
2.790987841949016168e+00
2.793024918858012295e+00
2.795152996335609874e+00
2.797269456037184021e+00
2.799122179374897712e+00
2.801282578523334177e+00
2.803720303934949420e+00
2.805859171578906519e+00
2.807789621764915200e+00
2.810052926836507314e+00
2.812242838261046263e+00
2.814151979595007180e+00
2.816290623779235336e+00
2.818277715336754419e+00
2.820367475458352313e+00
2.822386117474677825e+00
2.824451218681810261e+00
2.826596924323445226e+00
2.828629062942391137e+00
2.830679891945764748e+00
2.833022178036547878e+00
2.835066090051423959e+00
2.837144298709212364e+00
2.838783227380886842e+00
2.840802394961705613e+00
2.842649605402888913e+00
2.844633964014509520e+00
2.846812695816009153e+00
2.848799593948157405e+00
2.850548361448504764e+00
2.852421988130348751e+00
2.854634903376777721e+00
2.856786307659057833e+00
2.858819261083403784e+00
2.860688450611573064e+00
2.862634995939656424e+00
2.864539617338232258e+00
2.866338205992367882e+00
2.867927611569260904e+00
2.869658320189113265e+00
2.871887312752987587e+00
2.873990813099055242e+00
2.876218400124604724e+00
2.877997469444591783e+00
2.879968045626814188e+00
2.881618879364528762e+00
2.883147755465448547e+00
2.885109265232450593e+00
2.887135240986917761e+00
2.889052713955426288e+00
2.890895063313530411e+00
2.892700502944710816e+00
2.894425261666072835e+00
2.896095605188152788e+00
2.897878964717817141e+00
2.899775354642930569e+00
2.901712960078945969e+00
2.903717925649154097e+00
2.905318602640001746e+00
2.907294461598147084e+00
2.909053037499801153e+00
2.911090325316254557e+00
2.912591929320176298e+00
2.914598326481395496e+00
2.916211981932878228e+00
2.918067211459341337e+00
2.919887098017880156e+00
2.921466239871304271e+00
2.923309215906319203e+00
2.925162356819582588e+00
2.926937210734614325e+00
2.928915035631032282e+00
2.930347130262461519e+00
2.931997173582935101e+00
2.933676038331246794e+00
2.935481830450713758e+00
2.937159382179459488e+00
2.938873693463779357e+00
