-4.485301019485632709e-17
2.210587268791641633e-14
3.413977434085779610e-15
-3.111594315541310588e-15
-8.316958233223203894e-16
1.687899819913241184e-15
1.672995075807648484e-15
3.458622277463518995e-16
-1.068867216957869404e-15
3.750888488696091190e-16
2.131628207280300602e-17
6.684652831268067427e-16
-5.842548667089886491e-16
7.494005416219807141e-18
-1.943445404606336463e-16
1.874056465567264179e-16
-4.117817198334705691e-16
-1.313393838131560245e-16
3.291811268013588985e-17
1.306732499983809299e-16
-2.081668171172168513e-16
-5.803135749715693584e-16
8.634204462509842565e-16
-4.377609386096992306e-16
-7.500666754367557840e-16
1.800781745942004029e-16
1.453837050746642561e-15
-4.659161945141932057e-15
-1.357136625301791377e-15
-5.765388166878437488e-16
-2.206235194535111065e-15
-2.721600722566108671e-15
-7.520650768810810428e-16
-3.386069202804264797e-15
3.816724714056363167e-15
-2.422062550522241392e-15
1.901812041182893043e-15
4.638733841488828666e-15
-2.571498569636787472e-15
-2.847277968953676552e-15
-7.462253037715527019e-15
-9.539036227579345579e-16
4.405587006317546424e-15
-4.019007349143066795e-16
-7.751355113327917694e-15
3.174571716613172744e-15
8.768097359279636193e-15
1.951772077291025009e-15
8.715694832517329448e-15
5.895506305364505901e-15
-3.197886400130300732e-15
3.118838520776989615e-15
4.115818796890380630e-15
1.344035993611214494e-15
1.057687271099894141e-14
-3.264499781607810282e-15
-5.468070440883821264e-15
-6.182832024137496718e-16
-8.515410598874950586e-16
4.967692923685262656e-15
6.295297616532025459e-15
2.707389867850906654e-15
-8.430145470583738883e-15
1.341249333819405337e-14
6.568856569799663879e-15
5.943023850818462693e-16
4.077627124843275112e-15
1.992628284597231003e-15
3.252065283732008715e-15
-4.078737347867900048e-15
2.801092691129269999e-15
-2.031930179668961456e-15
5.663247648612923489e-16
6.460720847201173216e-15
3.452460539676849439e-15
5.056843832562663212e-15
-1.050493025900323090e-15
-1.353073209031663229e-14
-1.363475998772401077e-14
-1.137467897649457810e-14
-6.488587445119265175e-15
-3.592681707687006798e-16
-1.041366992637904352e-14
9.293454894532260192e-15
3.473443754842264904e-15
5.817568649035820508e-16
1.422240103465810683e-14
1.314559572307416614e-14
4.270472864220665011e-15
2.402189558381451257e-15
-3.164801753996471259e-15
-7.279510327862226164e-15
2.424394018873954309e-15
2.987943226173683826e-15
5.559996907322783765e-15
-1.243438685349929021e-14
-1.222910661624609992e-15
-5.607403430474277905e-15
2.300493129325786877e-15
-1.136313265703847656e-14
-4.352851412647851330e-15
4.311884183039183079e-15
1.888156297980003889e-15
-1.097233415237042111e-15
-5.180855744413292901e-15
-2.283950806258871943e-15
6.055378420910528979e-15
-1.963984530561901815e-16
-5.648592704687871459e-15
7.922551503725117207e-16
-1.057154364048074085e-15
1.287403517125085308e-14
-5.181965967437917837e-15
4.245603868469061088e-15
-6.825651155395462063e-16
9.037215420448773638e-17
8.151035402192974995e-15
-5.476730180475897025e-16
-1.187938636348917419e-15
1.035260766002466023e-14
6.116218642659987760e-15
3.556710481689151644e-15
-1.065270094358083879e-14
-8.632650150275367221e-15
-1.263678051088845708e-14
2.353450767600406879e-15
4.306555112520982126e-15
7.866818307888934669e-15
-1.917133118922720390e-15
4.659161945141932057e-15
-8.019307440321199124e-15
-1.108724223541912522e-14
1.753042155883122083e-15
-9.737322059777398294e-15
-1.466349264234167984e-14
8.520795180544383457e-15
7.989164885202626165e-16
-4.056310842770472088e-15
2.110311925207497454e-15
1.006333905095857498e-14
4.421241150964760935e-15
-1.921407477567527141e-15
1.400990434774485013e-15
-7.801759238645900659e-15
-1.002309346631591377e-15
1.594741005916944318e-14
1.461275545011631128e-15
-3.053834962685186734e-15
-2.409905608402595861e-15
-1.103556135362282512e-14
8.756551039823534653e-15
-9.184708549270225932e-15
-3.055833364129512091e-15
1.296657226035335997e-14
7.249978395407197985e-15
5.747124998123354417e-15
-1.822875184132044577e-15
-1.436073482352640090e-16
1.041233765874949328e-14
1.662225912468784360e-14
-5.786482404346315605e-15
4.247213691854767363e-15
7.421896430770402365e-15
1.273703365001210857e-15
-1.699085316886339599e-15
1.245442637909377530e-14
1.410210836993996946e-14
-9.641620835054708803e-15
2.133127008363544497e-15
-6.735167978888511663e-16
3.682942839589031993e-15
8.641865001379755844e-15
-9.987066729166826993e-15
-2.228028872508502819e-14
-2.179811886549032389e-15
-2.233119245076409329e-14
3.599065490078600868e-15
1.428479556864203879e-14
-1.830718909801021290e-14
1.014721640046900532e-14
-3.687772309746151607e-15
-9.528322575391711755e-15
-8.177347687876590427e-16
-1.298161578233703009e-14
5.973221917088267175e-15
-1.850464226293979790e-14
-1.375777269885247699e-14
7.185030348466625444e-15
-5.655087509381928871e-15
-1.847866304416356825e-14
-3.331834808051326080e-15
3.252897951000477219e-15
7.323142092729994892e-15
5.336120434407120879e-15
-3.779032642370338989e-15
-2.086691930358597195e-14
-6.090461468488683415e-15
-3.639644141628650825e-15
-1.930400284066990856e-15
-1.885402944878933370e-14
-6.818767772642786358e-15
-3.729794251228213567e-16
-1.308569919089563852e-14
1.087840928448713325e-14
2.134958876354176075e-15
-5.546674231027282565e-16
6.674549801743978580e-15
-1.464850463150924123e-14
1.297340013195480415e-14
-2.478073302114580558e-15
-4.833411448856850143e-15
5.504929845301376543e-15
-1.410932481960003272e-14
2.684130695485009795e-15
2.590594405660340230e-15
-2.708888668934150672e-15
-1.869698840195610488e-14
-9.173994897082594080e-15
-1.670580340729088637e-14
-1.276134753425139963e-14
4.482636484226531789e-15
5.135114555798736559e-15
4.978129020116739260e-15
-3.430145056881883736e-15
-4.276079490495022001e-15
-1.334149457576927481e-14
-3.568034756540327881e-15
-1.879763011913837467e-14
7.326583784106333534e-15
-1.395183968355695487e-14
-2.979338997732838799e-15
1.103284130721249312e-15
-4.635070105507566299e-15
-2.222888539904488255e-15
-9.610701123818898863e-15
-8.976208665245621521e-15
-9.151512880833934597e-15
6.232403482187009799e-15
-1.016570161382901409e-14
6.924072426528482765e-15
2.567390744445674500e-15
8.987255384340642165e-17
-9.518164034716391977e-15
-1.548150496688549502e-15
1.200439747606196814e-14
3.310074436768672844e-15
5.152545057285351125e-15
1.134048410733612409e-14
2.641098451050538754e-14
3.790134872616590712e-15
-1.741995436788101882e-14
-3.747224752714828627e-15
-1.229827351068024612e-14
2.182043434828528881e-14
-1.239858216095512992e-14
2.882805105741681593e-15
-3.622435684746960773e-15
-1.548872141654555946e-15
-2.129363352310065152e-14
5.089206833730486437e-15
9.653167154510810343e-15
-1.043548580881292788e-14
-5.166866934303016188e-15
-1.806776950274979855e-14
-3.742450793708940536e-15
1.123667825453367170e-14
6.672939978358272305e-15
-4.307110224033294988e-16
7.715494909632524896e-16
6.266598351345464601e-15
2.025768441882291998e-15
-3.078926003041715565e-15
7.428502257766922231e-16
1.927213943986316667e-14
1.996791620939575103e-15
-3.696987160850540230e-15
-1.212407951811655876e-14
4.849343149260221480e-15
-7.143896585404264202e-15
-1.468614119204403389e-14
1.035971308738226044e-14
9.515555010608523023e-15
-4.553191157441460531e-15
-2.266836718334275401e-14
1.756139678121826387e-14
1.050437514749091804e-14
-1.403932525789741724e-15
-8.443801213786628825e-15
-4.214184556872169019e-15
2.240863050673169694e-14
1.236066804466417965e-14
1.853101005977464347e-14
5.314748641183087121e-15
-1.624633760854976607e-14
-1.527544757351506617e-14
1.409944383468086898e-14
8.160194742146132095e-15
-2.204236793090785707e-14
-2.786310071556386058e-14
2.939926080358645695e-15
2.805772281178064895e-14
8.020140107589668812e-15
2.009226118815377065e-15
1.098288127110436076e-14
-4.356293104024189183e-15
1.554839590411916257e-14
-2.340311278103968205e-14
-3.405609128037667767e-15
-2.461320036672987021e-14
5.129840996431767129e-15
5.813294290391013362e-15
1.332040033830139709e-14
6.724565349003341674e-15
4.812816811750053761e-15
-1.424643736314124107e-14
1.136879479446406507e-14
3.146127802722275945e-14
9.132639089415306747e-15
-2.551847622100922245e-15
-2.965111489672267721e-14
1.898259327504092539e-14
1.632988189115280885e-14
-2.740696558589661429e-15
-1.346017741710170434e-14
-1.076472244676551712e-14
-4.381772722439336702e-14
2.182365399505670136e-14
-2.169930901629868648e-15
-7.362721543557881382e-15
-2.822964084714385491e-15
3.960443084594089606e-15
-4.608924353277643661e-15
5.373312905732063718e-15
4.577060952470901775e-15
3.942562942782501755e-14
-1.670297233857809291e-14
-1.840194663316196887e-15
2.750022431996512605e-16
-4.523603713835199843e-16
-5.369538147448338306e-15
3.465894238274813685e-15
-2.831535006464491761e-14
8.173517418441634478e-15
1.467409527222685180e-14
8.809397655795692003e-15
6.195433055466992262e-15
2.233380147487195987e-15
-2.165539969567475856e-14
7.992217998520345330e-15
-1.419953044035082669e-14
-1.840483321302599623e-14
-1.575878316728562772e-14
-9.323652960802065068e-15
1.759858925254320750e-14
8.834488696152220440e-15
6.489087045480346515e-15
1.416911032947609730e-14
-1.945998917562974239e-15
-2.921868302863117444e-14
2.703742785215013035e-14
2.790156994336712055e-15
-2.939537502300026770e-14
2.101097074103108832e-15
4.510170015237236189e-15
-3.078559629443588776e-14
2.704181323309740014e-14
4.199196546039729627e-15
1.511218927774393834e-14
-1.889971512625265773e-14
1.691485840282780444e-14
-2.721795011595418133e-14
1.308408936750993224e-14
-1.234456981080711532e-15
7.323919248847233057e-15
-1.769528967798805651e-14
8.705758336446934183e-15
-7.605582830194634375e-15
-9.837686221203512830e-16
-3.840372464480879109e-15
8.566258813402782973e-15
1.268363192252763836e-14
-2.642108754002947342e-15
-1.719158149171562546e-14
-4.533251551919193121e-14
2.277178445808658732e-14
1.352051803849008099e-14
1.262878690511115565e-15
1.084710099519270423e-14
7.801648216343437614e-15
1.286637463238093960e-15
1.415711992081014673e-14
-1.638311708518358528e-14
-3.258138203676707973e-14
-1.126010396035326234e-14
-7.435385640519597739e-15
-1.715017017289710503e-14
-1.940447802439848614e-14
-9.482414853323462422e-16
1.971278695833689065e-14
1.574862462661030794e-14
3.670219683726827533e-14
-7.792877454448898019e-15
2.838063117849287535e-15
-1.975131169729138451e-14
-2.479649818809548472e-14
1.623201573153210259e-14
1.673738925234147301e-14
-1.031519314409479208e-14
9.713341242445495187e-16
-5.969114091897154203e-15
-3.697486761211621569e-15
9.416023516450877386e-15
-4.666267372499533263e-16
-2.596856063519226114e-14
-1.241973190957423916e-14
4.411360166045597193e-15
-1.060385113049733215e-14
3.480382648746172132e-14
-3.639311074721263167e-16
-2.105982055411459416e-14
-1.415745298771753429e-14
5.739186903497284510e-15
9.631073716320769942e-15
-1.962541240629889172e-15
-2.275957200481570908e-15
2.207123372954811092e-15
-1.011979389176076397e-14
-2.302780188756514655e-14
9.757417096523113337e-15
3.073430399069820832e-15
1.547983963234855840e-14
-7.970291093783999103e-16
-2.698841150561293151e-15
2.107358731961994557e-14
4.019640176267103197e-14
-2.069344695598829203e-15
-1.531708093693850954e-14
1.526878623536731498e-14
-3.841038598295654228e-15
1.388911208266563378e-14
1.301181384860683388e-16
7.492451103985331896e-15
-9.333422923418765764e-15
3.238509460601335513e-14
-9.784395516021505269e-16
-2.115674302416436927e-14
7.439049376500860894e-15
3.886513333384300207e-14
-1.304489849474066484e-14
7.104428156878839180e-15
1.403188676363242906e-14
1.380984215870739776e-14
4.021682986632413142e-14
-2.400324383700080923e-14
8.544165375212742573e-15
2.167155344068305441e-14
-5.692113447253177338e-16
-4.899081140763428537e-15
-1.498501323027312684e-14
2.244204821977291279e-15
2.825073508461173500e-15
-3.933742220851854894e-15
1.595612530991274967e-15
2.964684053807787045e-14
-2.936206833226151805e-14
1.017863571206589739e-14
2.742805982336449044e-15
-9.546807788751721312e-16
8.829825759448794606e-15
1.320665798942854944e-14
2.507138940899267338e-14
5.260236690673992170e-16
3.215983035431690812e-15
-3.099032142017677228e-14
4.572120460011319905e-15
8.265166329124440154e-15
2.055255965416336143e-14
-2.201017146319372841e-14
1.053557241448288559e-14
4.098499317706227531e-15
1.304178987027171375e-15
-8.675282714420973270e-15
-1.535105376149203944e-15
-2.349787031619143881e-14
3.996469821743175986e-15
-2.206645977054222441e-14
-7.916778343997067028e-15
1.757305412297682688e-14
-1.280064942932313008e-14
-4.013678278624866039e-15
-1.354205636516780932e-14
5.841993555577573432e-15
2.300348800332585627e-14
1.702504803802185198e-14
-4.000133557724439240e-16
1.702560314953416405e-14
5.342171149891328475e-15
9.126477351628636105e-15
-4.711675494206701848e-15
-1.858657672215713440e-14
-1.320299425344728628e-14
-2.994915426768329573e-14
1.727062937106893421e-15
4.467093361881779534e-15
-8.313127963788247156e-15
-8.092193581887841572e-15
1.285982431653565106e-14
1.963562645812544302e-14
2.381983499333273168e-15
-4.762190641827146281e-15
7.389089340392730112e-15
1.148969808184574526e-15
