3.486779858750288941e-04
5.411195215037052988e-04
2.830876903297206422e-04
1.011597876420828853e-03
1.976917370060637426e-03
2.383796208291971003e-03
2.683997187826568567e-03
2.930145765911176380e-03
3.205945685269940594e-03
3.589626279593327498e-03
4.051084108201519728e-03
4.626978516627749602e-03
5.662917663633698293e-03
6.391946603053221855e-03
7.327291174412711369e-03
7.906512484029661059e-03
8.272197016450476628e-03
8.374157190097061484e-03
8.521004742207240537e-03
8.881397805263251122e-03
8.923356894828430447e-03
9.824895370259104782e-03
1.059811531920989633e-02
1.192436387194765329e-02
1.187626223522695972e-02
1.219444744783889506e-02
1.219166980659347997e-02
1.208525427793259201e-02
1.208811234415418587e-02
1.209286632009265276e-02
1.211208441983157788e-02
1.291604259623782211e-02
1.324191209915129459e-02
1.402404709977279722e-02
1.468031924277142346e-02
1.444672622714991000e-02
1.503227683913653696e-02
1.468835917257911225e-02
1.485872411737713776e-02
1.446639759717144140e-02
1.549255658002483653e-02
1.586354522499674666e-02
1.622944348349348795e-02
1.646277312461500233e-02
1.703900984887691053e-02
1.780523782637392222e-02
1.840691170966399226e-02
1.790494575445315817e-02
1.887633812555562784e-02
1.956391733028188529e-02
1.977724835346819296e-02
2.048750950237780005e-02
2.145455651826666532e-02
2.195346706045124899e-02
2.244630848769595469e-02
2.329218226629096652e-02
2.370437508972488699e-02
2.471911566538097238e-02
2.506398186407696529e-02
2.611024909095681010e-02
2.621580653721156118e-02
2.721197703031232387e-02
2.845309742290885735e-02
2.925250766847478298e-02
2.957324709491567297e-02
3.093380665360953921e-02
3.122133944088425345e-02
3.238945030706988359e-02
3.302468265344485343e-02
3.350863653491133187e-02
3.399505061253607630e-02
3.591720336592105212e-02
3.664196250367966756e-02
3.701293324742809671e-02
3.766543116472084035e-02
3.929194647841999927e-02
3.938410588943177387e-02
4.019320014982043915e-02
4.102635000237423585e-02
4.233223920646307648e-02
4.273223072102585313e-02
4.422823460520296929e-02
4.533953734701842708e-02
4.636814503064380644e-02
4.733601647945843288e-02
4.830361517524129483e-02
4.933202726926149556e-02
5.025270468185456113e-02
5.137177260132390344e-02
5.247117197347701822e-02
5.393212146355287617e-02
5.436170830686058719e-02
5.490219038226332171e-02
5.533706354720432929e-02
5.663560275610654560e-02
5.771809709984181830e-02
5.870447490504122207e-02
6.018631432434921186e-02
6.096360025633410645e-02
6.175566579216540397e-02
6.240299320728116828e-02
6.341039988335533950e-02
6.324803572137296936e-02
6.549619904308275065e-02
6.653684489297496951e-02
6.692346171273827471e-02
6.764165391642780467e-02
6.865267138805856983e-02
6.941083640451983783e-02
7.108456226222446828e-02
7.176019799496542728e-02
7.221285697192371400e-02
7.350030753772307524e-02
7.411832207578461507e-02
7.534279744719214744e-02
7.590826243813453278e-02
7.717117619695475217e-02
7.852561394382957805e-02
7.879857670852756513e-02
7.952826729348579093e-02
8.046197029716797844e-02
8.108044065401347200e-02
8.280052093807478697e-02
8.275371835875290627e-02
8.395202217181219062e-02
8.535287374818224804e-02
8.520460052071303358e-02
8.577728536391297787e-02
8.687077990302570496e-02
8.852429151309934574e-02
8.844107872467626974e-02
8.979605533302055520e-02
9.132750033109718335e-02
9.170071251408111468e-02
9.204169472777919137e-02
9.274278121055617996e-02
9.410435904255584627e-02
9.530152807783345836e-02
9.479724603635036884e-02
9.558321405538235116e-02
9.720753899313340496e-02
9.687736364913872300e-02
9.844743418097326448e-02
9.934556486360181238e-02
1.006563102367167700e-01
1.019520535609204637e-01
1.019832568790436517e-01
1.023044457643186300e-01
1.024073106039298381e-01
1.045364160404104598e-01
1.039748290695270694e-01
1.059094981959960158e-01
1.067309093883747895e-01
1.067414790255295370e-01
1.077478583769236886e-01
1.088576308872142157e-01
1.086853955138904343e-01
1.100919969894063599e-01
1.112626305225239559e-01
1.115669967383043776e-01
1.123439279667519802e-01
1.138530815310087596e-01
1.137229894396115520e-01
1.143053893151789735e-01
1.143396589121430523e-01
1.153726528969718779e-01
1.165461712696928137e-01
1.168510090456549161e-01
1.177700181815170555e-01
1.184067718042386974e-01
1.196580014962610461e-01
1.197306794521226514e-01
1.209397738800938593e-01
1.216192940817217849e-01
1.221772585292667662e-01
1.229664978637609596e-01
1.232570453634395657e-01
1.235417792321730351e-01
1.246673396018703472e-01
1.249721493852106596e-01
1.253594515016065447e-01
1.260220078672673882e-01
1.267527824774999645e-01
1.274048874979507584e-01
1.288042031086955030e-01
1.290571946365103029e-01
1.290733418912143882e-01
1.307296229610828975e-01
1.307093197036137966e-01
1.315401808559561181e-01
1.310707306151341067e-01
1.327143232495779368e-01
1.324209814313374312e-01
1.330433763198853314e-01
1.343396780489764797e-01
1.346147047044469747e-01
1.350956466185212201e-01
1.354597047385224518e-01
1.362707184333533383e-01
1.365960662612258902e-01
1.368076460832623742e-01
1.381464035238845200e-01
1.383745163823820179e-01
1.387249862504604803e-01
1.395303805941794928e-01
1.398496311860336072e-01
1.404387861107419255e-01
1.412375557687556016e-01
1.407007589360469713e-01
1.417285545366665234e-01
1.430051084026452146e-01
1.421689809609859023e-01
1.430075031840403743e-01
1.440610323101045864e-01
1.440970905148506453e-01
1.444755195389856861e-01
1.449990467321661536e-01
1.456490167628946009e-01
1.459653525567850552e-01
1.461930401436654647e-01
1.472819696365558206e-01
1.473587767106378510e-01
1.475782065250909325e-01
1.480774806254164522e-01
1.496990759705115193e-01
1.491115374208999977e-01
1.504281141541281841e-01
1.506208263413660320e-01
1.506870755728565714e-01
1.519441769148588695e-01
1.518629662589537910e-01
1.516379587081715108e-01
1.520172497729966321e-01
1.527453939513063186e-01
1.527010292766783350e-01
1.526850904819003207e-01
1.539300688630921010e-01
1.545401129604691282e-01
1.544436790700824680e-01
1.548064239842897039e-01
1.557382732017828231e-01
1.555404410611076482e-01
1.558864214498186518e-01
1.558719110588665524e-01
1.566957925494809056e-01
1.571765306801614082e-01
1.572741192663261733e-01
1.575802367361917311e-01
1.581368864963860754e-01
1.587675399409498034e-01
1.591608144474833120e-01
1.596693046900694579e-01
1.601399609213497166e-01
1.602838267714918608e-01
1.600691326953225246e-01
1.605389473358389552e-01
1.610828256889366983e-01
1.609357665917370839e-01
1.611792724659910636e-01
1.620493548389010108e-01
1.626753700629364197e-01
1.627061599879750520e-01
1.632679951206562341e-01
1.625573124453600360e-01
1.628220401554900665e-01
1.636137267861142164e-01
1.637271887004784210e-01
1.641385594683612559e-01
1.646557718347295418e-01
1.646072946515816926e-01
1.655535210490813036e-01
1.652021464933127182e-01
1.659684609662132881e-01
1.657738679037991658e-01
1.658052734671992268e-01
1.675478320958258827e-01
1.670890381815973436e-01
1.670178622467251572e-01
1.677236828402937918e-01
1.669295332030884538e-01
1.671630882306527899e-01
1.677478013736436180e-01
1.677096009878004668e-01
1.678687364622269140e-01
1.684262311766276665e-01
1.685628362560332438e-01
1.695555572782092013e-01
1.690710078204142319e-01
1.697943706057797875e-01
1.705335169572847198e-01
1.699428591350882201e-01
1.702819471508367766e-01
1.709233647046269899e-01
1.710565957323113562e-01
1.708671536517292477e-01
1.702234475064599850e-01
1.709026953458606668e-01
1.714549770984516719e-01
1.717900143046053318e-01
1.717803998466003179e-01
1.723255353544471402e-01
1.724336350964397746e-01
1.722425942431068946e-01
1.723836297895030567e-01
1.729262334404506329e-01
1.729216704106529001e-01
1.729138006781826276e-01
1.729432909012559028e-01
1.732546778376815033e-01
1.738435936228012457e-01
1.739997743351866244e-01
1.734723430530464572e-01
1.740952032633404090e-01
1.741421270880759153e-01
1.741172688797271995e-01
1.748284859323737117e-01
1.752855229514318491e-01
1.751455387224103155e-01
1.749326632770149548e-01
1.752988688749777535e-01
1.761378525122957450e-01
1.759388095229734439e-01
1.757019710166504989e-01
1.761543230015269745e-01
1.763784608649148211e-01
1.762402375136894184e-01
1.766774719373324642e-01
1.763340051687613819e-01
1.766232146785069457e-01
1.769308155480247835e-01
1.763036147319493874e-01
1.766706497285381872e-01
1.769013138686122422e-01
1.773206097558219230e-01
1.774821611201901628e-01
1.775171846635092976e-01
1.770192400738559990e-01
1.773095983982952983e-01
1.777625478414601168e-01
1.777310556282027942e-01
1.775083208296472648e-01
1.779553091020541489e-01
1.777501339155212468e-01
1.782237435778135926e-01
1.784346788652358962e-01
1.783784656536935298e-01
1.788040421566056137e-01
1.786270011345040820e-01
1.788433792298936564e-01
1.782390059032553931e-01
1.787263123412101695e-01
1.790464035904596740e-01
1.789197530075200826e-01
1.791790632252923399e-01
1.788323224391883681e-01
1.787940773827385865e-01
1.792987178635236378e-01
1.789928908511766725e-01
1.792517495930355531e-01
1.788024849289441554e-01
1.794690384833855235e-01
1.795161241458401447e-01
1.799440251566701843e-01
1.799176351174564259e-01
1.799465353733193385e-01
1.796718103635059072e-01
1.797322855225965132e-01
1.798751938272917239e-01
1.799852711480926792e-01
1.803923291349688318e-01
1.802260617432538403e-01
1.803420531423836348e-01
1.800484450691051952e-01
1.803928590240944096e-01
1.801636596175018590e-01
1.809453621907015641e-01
1.805251389577871568e-01
1.804400580314146074e-01
1.803118278820272646e-01
1.802365208318653655e-01
1.804235292612402231e-01
1.809472075725357676e-01
1.810749058129632327e-01
1.808519784841457756e-01
1.806784255613619605e-01
1.805607621844824984e-01
1.807352405892863889e-01
1.810242362429936580e-01
1.812130448153110307e-01
1.813781569195530574e-01
1.809379172108419587e-01
1.808663980595928977e-01
1.809544240089858147e-01
1.810406010430720691e-01
1.807309287198353709e-01
1.808679364942617773e-01
1.807090496074100772e-01
1.810347170755872703e-01
1.811387222751620063e-01
1.811320304028979922e-01
1.810109947591994339e-01
1.812254386357654568e-01
1.810838689266300316e-01
1.811855088138602521e-01
1.814467968853528401e-01
1.812963691459244520e-01
1.813005313778837391e-01
1.812461045642794755e-01
1.812396162070182004e-01
1.810604794662464823e-01
1.808236345906353293e-01
1.812109576964169300e-01
1.811041473939547786e-01
1.809152718588752096e-01
1.808399315150602260e-01
1.811105759965638828e-01
1.810799366318848469e-01
1.812252492272779236e-01
1.810026680087320206e-01
1.813436142575555188e-01
1.811602165496967454e-01
1.811272423847108959e-01
1.808752369243066815e-01
1.809366347574174749e-01
1.810332137764825156e-01
1.811239714874976758e-01
1.812138321863727142e-01
1.815526543277742599e-01
1.810325809028627830e-01
1.813461744368459749e-01
1.813248389533765048e-01
1.810890419945608842e-01
1.809958692068771580e-01
1.811477273542705935e-01
1.810034535104913245e-01
1.811530143685040339e-01
1.810836874257360229e-01
1.810099279565191843e-01
1.809815431504828154e-01
1.809266664271173553e-01
1.809900757383725856e-01
1.807331695937689497e-01
1.808293843813714996e-01
1.811098635662636569e-01
1.809954236358930768e-01
1.810572160128300911e-01
1.806831760452543290e-01
1.807908548591209696e-01
1.804095986130835327e-01
1.801842893059844297e-01
1.802701851746193462e-01
1.805665805815991898e-01
1.802886966824325532e-01
1.803930020614468721e-01
1.803138228269463850e-01
1.805182392059737073e-01
1.804636759518067346e-01
1.801481749800890320e-01
1.802954707611914009e-01
1.805002938113604849e-01
1.802818003798910829e-01
1.798655574847543293e-01
1.803129753168267457e-01
1.802078011080807118e-01
1.798284769465791078e-01
1.794348008912488024e-01
1.796473321319838889e-01
1.797005310427459701e-01
1.796553570261082977e-01
1.794791685016948746e-01
1.793725463374933327e-01
1.792318052405407480e-01
1.792441462189348078e-01
1.794383806595702124e-01
1.793086103840208223e-01
1.795079852778388996e-01
1.793155556266355644e-01
1.789222073363497811e-01
1.790833447363980035e-01
1.789383850063326342e-01
1.789623291480634537e-01
1.792195447287401877e-01
1.789187839621606546e-01
1.786974448802894355e-01
1.788596993464383333e-01
1.786845317155026647e-01
1.784580816409400694e-01
1.782880170048865842e-01
1.782544722775416535e-01
1.783894551643476767e-01
1.783265905759046366e-01
1.785919977830662253e-01
1.783024198213649103e-01
1.779984945786793893e-01
1.780974748797585494e-01
1.777327407266965364e-01
1.777876313597923363e-01
1.776391055222139581e-01
1.773967898133054499e-01
1.774850220107177801e-01
1.772284948217389133e-01
1.771121793462376581e-01
1.769966300277309723e-01
1.770590965784132331e-01
1.773562072327847239e-01
1.770404947232957493e-01
1.767485198632374466e-01
1.768684907353498259e-01
1.768312121754973543e-01
1.763278203479193007e-01
1.763385725903418300e-01
1.761511649328658669e-01
