3.627625142836062412e-04
4.535013145280463289e-04
1.119328044130100562e-03
2.480270097319865839e-03
4.203512448039477441e-03
5.508780278889196039e-03
6.764424481523950705e-03
7.831258944479786710e-03
9.462179176294823607e-03
1.088015346540650852e-02
1.226739905838656816e-02
1.353154448633992445e-02
1.578684052165061844e-02
1.697299922238018968e-02
1.896316742897148633e-02
2.026149309992043498e-02
2.129973466678982547e-02
2.210852676040590825e-02
2.288336563906805121e-02
2.370838547677844507e-02
2.361945527387192614e-02
2.517977088965474286e-02
2.622559139784274435e-02
2.893858847727389869e-02
2.915249302054944563e-02
2.971515848552742228e-02
2.995282034629416848e-02
2.999034370244538228e-02
2.968679376530460046e-02
2.987245355538777417e-02
3.018134799969121942e-02
3.121589303699538048e-02
3.174032572342015690e-02
3.233286163120693835e-02
3.316319755975417199e-02
3.337042741854408245e-02
3.430617248426667820e-02
3.416387215275258626e-02
3.439616294458088669e-02
3.511989285820940609e-02
3.627021032039887127e-02
3.573235582652024844e-02
3.650445839910518991e-02
3.708326785973234396e-02
3.736071680178620902e-02
3.877028353080415324e-02
3.960379172954216903e-02
3.959183025122593735e-02
4.038711783926894616e-02
4.125577176288521691e-02
4.196238932300783153e-02
4.355293682653083032e-02
4.406855891128251546e-02
4.471985758926701887e-02
4.495094844078988128e-02
4.653858988541602348e-02
4.735040937974741015e-02
4.749368362840345609e-02
4.901107049047868230e-02
4.967218633973702335e-02
5.074868414682599804e-02
5.243576997946970686e-02
5.283438597864754255e-02
5.377439792599295054e-02
5.435689135727556770e-02
5.477179805153679915e-02
5.641117446978288763e-02
5.768009748939494780e-02
5.757136286506328582e-02
5.886307704594162526e-02
5.968903485163917777e-02
6.019518460635022578e-02
6.205717943766146660e-02
6.397314858563395157e-02
6.379585084253934502e-02
6.407119678381276162e-02
6.586433731486800169e-02
6.618355855806935806e-02
6.782480611851922359e-02
6.807656728630008536e-02
6.773780157470198071e-02
6.978084840405564260e-02
6.985373735828606656e-02
7.075199026205165886e-02
7.306845394474875688e-02
7.209491383633856443e-02
7.232005972803032257e-02
7.453277305382559337e-02
7.472280192452447622e-02
7.589695326268715292e-02
7.687334987164171074e-02
7.723486673259244428e-02
7.844898862934421291e-02
7.796759396505337225e-02
8.033760787231312983e-02
7.974743707040499174e-02
8.108476945283232817e-02
8.088715212402759758e-02
8.179690212813342520e-02
8.276388754245996016e-02
8.413870130957071258e-02
8.401895983457750849e-02
8.639433319971552561e-02
8.440510969924346074e-02
8.487073846608318706e-02
8.680162477822900291e-02
8.712435887105433874e-02
8.768338389675096878e-02
8.894485899624587910e-02
8.943155684416760620e-02
8.844692541491325222e-02
9.008772404923613697e-02
9.051423342191121379e-02
9.061846215081004186e-02
9.001161105810935592e-02
9.197156175810576595e-02
9.224221240093784246e-02
9.286077175750731549e-02
9.255204558264816528e-02
9.324002468336374527e-02
9.394886717107392426e-02
9.492315026330430672e-02
9.401816037481257327e-02
9.530281994376570143e-02
9.547984081195713679e-02
9.574323788882731223e-02
9.672717696414431798e-02
9.699359312744951223e-02
9.733798366419466053e-02
9.773559145728907827e-02
9.757000547598805584e-02
9.796647838440358802e-02
9.811821951072553782e-02
9.845425463666773735e-02
9.885168604732795516e-02
9.862590647609542627e-02
9.923392757933811870e-02
9.979252188070455998e-02
1.004835521688546285e-01
1.004126720893772085e-01
1.004053044026266689e-01
1.006851414661852073e-01
1.018014859812374773e-01
1.006369842084117172e-01
1.008157108453917317e-01
1.011552174050567021e-01
1.018957634973554904e-01
1.011443251759313183e-01
1.014339271449597873e-01
1.011568968084184533e-01
1.019275837646303889e-01
1.013246252645821910e-01
1.021030988778637710e-01
1.030799330382157625e-01
1.028164246406281651e-01
1.025987917086452206e-01
1.034984801214362954e-01
1.028630178795684746e-01
1.023562614950414423e-01
1.028032147779371630e-01
1.035984467110210999e-01
1.027232399497818027e-01
1.024418364420052741e-01
1.034977422639952321e-01
1.031338418217099956e-01
1.031544700195433373e-01
1.024483512729464779e-01
1.035129450900019316e-01
1.036629632896658576e-01
1.035761739153366334e-01
1.028610056626085012e-01
1.036052886191832501e-01
1.026460768667987189e-01
1.026020724653089744e-01
1.022687116482182274e-01
1.027379709424666165e-01
1.030529565046031104e-01
1.020766010567211307e-01
1.028851138646609403e-01
1.023683069803121015e-01
1.024484791617015084e-01
1.023092102333570119e-01
1.028183045749803404e-01
1.027745480985951254e-01
1.019268902590109993e-01
1.024046798874905378e-01
1.019398571080348120e-01
1.022533743904287251e-01
1.017031249671059706e-01
1.024400204047859197e-01
1.025086414401970430e-01
1.014834912670023181e-01
1.021917288139599506e-01
1.020337684694296032e-01
1.009508206763754662e-01
1.019999209079898439e-01
1.018648352678202390e-01
1.015042663004799284e-01
1.005740595493471723e-01
1.012600262621751457e-01
1.006370605595138801e-01
1.008501581586505602e-01
1.012429980176910160e-01
1.010513510835036183e-01
1.002507396093793024e-01
1.004878719551696026e-01
1.000290526627806292e-01
1.001347742821576264e-01
1.003225641668789719e-01
9.997790560839320273e-02
9.953913345710296845e-02
1.000734345419534710e-01
9.943129527989287564e-02
9.897568673374931847e-02
9.924089297138261045e-02
9.908380276226949612e-02
9.867596216412244381e-02
9.865924797304977123e-02
9.878779524132762224e-02
9.850577369546387185e-02
9.852802989110603926e-02
9.797992794284091089e-02
9.832945915401261616e-02
9.787032363035209903e-02
9.794719443970638373e-02
9.803331526120077910e-02
9.776498097795312259e-02
9.738454701504806188e-02
9.709283103079216493e-02
9.670007276639674965e-02
9.636814988765375622e-02
9.655497933987840231e-02
9.596574540054365887e-02
9.644446591867568419e-02
9.650673308929474947e-02
9.643570159613948367e-02
9.589415460177527772e-02
9.568216599889244056e-02
9.559193155743614390e-02
9.542787667953514519e-02
9.530344224919300167e-02
9.456938148998607352e-02
9.472869706284622882e-02
9.513414063860702041e-02
9.434374193267094921e-02
9.432541707602759562e-02
9.419331114123327686e-02
9.405261421386348908e-02
9.369561930707227815e-02
9.400431643957657402e-02
9.356917601530274908e-02
9.373826211679066323e-02
9.376155152407553151e-02
9.320916132865041115e-02
9.362256717909611670e-02
9.253903089506698709e-02
9.296835633036115709e-02
9.268697679602540263e-02
9.267437305324775776e-02
9.210704685402421044e-02
9.249412859856616376e-02
9.246735100613970304e-02
9.213098985745411806e-02
9.213300452723045819e-02
9.196834923758689939e-02
9.176722186409126680e-02
9.155807961392550820e-02
9.138484272909830342e-02
9.137912215180028774e-02
9.141317901511203381e-02
9.148779175411322906e-02
9.122400666700422600e-02
9.112404078407719543e-02
9.102450018933572196e-02
9.094328613269189732e-02
9.077794425823870750e-02
9.064309098580260182e-02
9.054140363675651504e-02
9.045311375738350479e-02
9.032444614643042602e-02
9.009480705591904615e-02
9.038662303896714822e-02
9.038370465223803663e-02
8.999748014726666190e-02
8.959854108737637379e-02
9.007955627705986623e-02
8.971183020710142564e-02
8.993703289274442014e-02
8.987233227483264197e-02
8.947410686911973221e-02
8.975392069531924755e-02
8.933015281652799400e-02
8.921424943255865103e-02
8.920160975837661266e-02
8.950741149370240735e-02
8.928825324515340944e-02
8.935511435496798494e-02
8.890642445360946722e-02
8.911407326469782120e-02
8.932310130230573797e-02
8.903944903106009168e-02
8.923608518642427156e-02
8.918449377498900710e-02
8.895320554403252089e-02
8.913386497200972980e-02
8.885221754171283848e-02
8.885384410328338312e-02
8.865478133928110516e-02
8.884715231994443074e-02
8.906906621966310944e-02
8.864787503098173205e-02
8.878207526825787621e-02
8.886832607972763864e-02
8.861354089573425519e-02
8.866061876542606635e-02
8.881345416360522660e-02
8.889194355885286780e-02
8.876932462399066137e-02
8.862923951467550909e-02
8.883847149143719868e-02
8.865337611552122354e-02
8.861551338496134744e-02
8.907917711962000384e-02
8.904341975428400890e-02
8.905473532757651745e-02
8.897278455190243962e-02
8.908758249791191852e-02
8.917366709561926064e-02
8.866649290177916476e-02
8.901527282143228970e-02
8.888861463713079725e-02
8.905920887582746692e-02
8.921243356436101002e-02
8.920167326112286854e-02
8.924300012512595415e-02
8.921343440212162190e-02
8.903357597722484640e-02
8.933969392598088699e-02
8.942295985222294130e-02
8.941712973414321641e-02
8.959979711544985292e-02
8.950532674060113214e-02
8.927120134295150888e-02
8.956677875064190941e-02
8.998236410590115808e-02
9.007158252074738691e-02
8.999144785215799913e-02
8.996037012318226778e-02
9.009485136480510636e-02
9.021307973659176138e-02
8.992353313352623168e-02
8.994138525116153471e-02
9.029465359136910896e-02
9.036486576459830389e-02
9.025317561616538753e-02
9.048413008283096026e-02
9.076081973188027119e-02
9.084383991772383704e-02
9.088271687228151319e-02
9.063013382790052752e-02
9.110127314527893816e-02
9.110575275713042598e-02
9.120578660730331577e-02
9.134806795208444408e-02
9.143307681551135491e-02
9.149899996030580462e-02
9.168210315113652087e-02
9.165482964273916067e-02
9.183271595803862986e-02
9.203280854357887009e-02
9.190388257375273207e-02
9.212059243539956477e-02
9.215440788539309980e-02
9.219239454169537995e-02
9.221923735858815474e-02
9.248489622565929380e-02
9.271494293129156627e-02
9.253544504118722813e-02
9.270289636222397989e-02
9.284969851233809690e-02
9.321307505913375979e-02
9.337774576396772053e-02
9.328797245080444611e-02
9.361314247349848683e-02
9.359998521279609685e-02
9.367085443739835149e-02
9.367422063437311208e-02
9.389543166851758993e-02
9.408182134806065966e-02
9.429296938844676512e-02
9.428211852322536390e-02
9.451208053156723299e-02
9.457935366926187304e-02
9.483885558569148111e-02
9.498031820736473063e-02
9.525725744864997624e-02
9.532932371732788512e-02
9.540438362885021728e-02
9.574203195685469792e-02
9.563326437978571237e-02
9.585272278317027994e-02
9.590454117577619508e-02
9.581244246917031138e-02
9.605210569625556583e-02
9.637983311326607516e-02
9.664374614867414504e-02
9.675446646726931776e-02
9.690105168158734406e-02
9.710534963584076251e-02
9.725426900083360138e-02
9.727689697354381659e-02
9.754906105763688773e-02
9.756856620576022376e-02
9.774617324319979927e-02
9.804152721721859365e-02
9.816768710953426014e-02
9.832353236280688691e-02
9.829275670532806874e-02
9.848531434761746695e-02
9.857233717711612331e-02
9.899276082915568764e-02
9.921584391912635637e-02
9.923663983296461544e-02
9.942996433032932901e-02
9.949063544566742745e-02
9.976382963925223279e-02
1.000860857098417739e-01
1.003038383794279537e-01
1.003006324360942586e-01
1.003752565918165224e-01
1.004500271460512795e-01
1.006138209886009854e-01
1.009217430290645784e-01
1.011699868161159560e-01
1.012791118457369716e-01
1.014154769425324037e-01
1.016544814815950742e-01
1.017640701508476381e-01
1.018329298692048357e-01
1.019951202609123003e-01
1.022836319644914588e-01
1.027134347288080757e-01
1.026447047163300819e-01
1.029766399406616684e-01
1.029220042664652363e-01
1.031245057008693539e-01
1.032778936424530170e-01
1.032684604123611516e-01
1.035736395383497765e-01
1.038943622082879881e-01
1.040464800249977090e-01
1.042961809448611638e-01
1.044450035293635337e-01
1.046549280030108914e-01
1.047761148749210974e-01
1.049871659428133902e-01
1.050436795498644882e-01
1.052371515644542066e-01
1.055717665446905124e-01
1.057302543896350838e-01
1.058630339006891574e-01
1.060213344046302408e-01
1.061611337110852371e-01
1.064416328504652204e-01
1.065470761371109382e-01
1.067571359221357735e-01
1.069610339189457499e-01
1.070590903151485002e-01
1.071383962185166322e-01
1.074911832731417771e-01
1.077248910032441720e-01
1.078529432669427385e-01
1.080425098451888583e-01
1.081429141499485741e-01
1.084235366419030872e-01
1.086004549362842714e-01
1.087796044305408411e-01
1.087844037981783862e-01
1.092137384760338975e-01
1.093962248637797147e-01
1.094186839412426698e-01
1.097057175918039890e-01
1.098755771625381655e-01
1.099235101600949255e-01
1.101173457209979473e-01
1.103351425389982876e-01
1.106363949047126372e-01
1.108461786676917943e-01
1.109804913260719339e-01
1.110949879035952742e-01
1.113686280068721807e-01
1.114338390003796336e-01
1.117150767595025823e-01
1.119535262922085050e-01
1.120224492933879351e-01
1.120908605389924345e-01
1.123734261791284328e-01
1.126025728233233103e-01
1.127373008650255914e-01
1.128350068761617558e-01
1.131192084942565512e-01
1.134141169647017028e-01
1.135101764266028268e-01
1.135603572440542497e-01
1.136561061482875279e-01
1.139299516891279923e-01
1.142843160638901123e-01
1.143434845079772666e-01
1.146011930181578681e-01
1.147401292038736642e-01
1.149125108332163248e-01
1.149496001598350470e-01
