8.837019535697970731e-05
-5.615095439994558651e-03
-6.993916177150883567e-03
-6.631319219985823930e-03
-7.334069886637796520e-03
-8.364966492024505929e-03
-1.142791658160509718e-02
-1.209152020479681462e-02
-1.178946005771531677e-02
-9.701558790528181861e-03
-6.677222164018019671e-03
-1.083079199170128987e-02
-8.294533507976225087e-03
-1.799323414382777032e-03
-3.636670299537172243e-03
3.479850480834221875e-03
1.031926953776127372e-02
2.849167261244404687e-03
3.748655171730802798e-03
1.169192623926026096e-02
1.786526733587029750e-02
2.456796060251045799e-02
3.600049593759029054e-02
4.799529988938461278e-02
3.707800857653410082e-02
4.581086456775791682e-02
6.401973588167411688e-02
6.301338517427884645e-02
8.177936703360022541e-02
8.455718227026001732e-02
9.150101040578116629e-02
9.264415648953536198e-02
1.062045985832953815e-01
1.059300879091035347e-01
1.298801584355434025e-01
1.418566776367309878e-01
1.497782685326414787e-01
1.662535727692575627e-01
1.720909175329659035e-01
1.703533763567676995e-01
1.894548127720691866e-01
1.951924745876580103e-01
2.037370067500871018e-01
2.137136717523034357e-01
2.202114073178119968e-01
2.336324766347480930e-01
2.433499429554940030e-01
2.550092892250272469e-01
2.660079289458312513e-01
2.833395127625210619e-01
2.864839062800989544e-01
2.960885496457072996e-01
3.117388399334965476e-01
3.108072775489520434e-01
3.225897382940178248e-01
3.442846095291295927e-01
3.580374271879119275e-01
3.717023634157154421e-01
3.806722856903669849e-01
3.830986855579733841e-01
3.947831559001561685e-01
4.027944384695679170e-01
4.209218682543028889e-01
4.248392865109601457e-01
4.385292937561585669e-01
4.551444247459286996e-01
4.584077328292818221e-01
4.663629329351203223e-01
4.796963839431857002e-01
4.889676530767739226e-01
4.959108849717001055e-01
5.153808957480987551e-01
5.251777256829456286e-01
5.257725885061262927e-01
5.480152213956214213e-01
5.553496643934867638e-01
5.672903945839650186e-01
5.743542678474959917e-01
5.802050440683297339e-01
5.921545036893137715e-01
6.065218582181945983e-01
6.161069260391146551e-01
6.280114959743841041e-01
6.434777523490010642e-01
6.492832975192550649e-01
6.615005422374279354e-01
6.725972320498376789e-01
6.806002681049942993e-01
6.930244828140035285e-01
6.997780567994013046e-01
7.108769011067700427e-01
7.254515626842628073e-01
7.371018239564057772e-01
7.409190181379136098e-01
7.522120614699785435e-01
7.631620250061378341e-01
7.684145315791360842e-01
7.833124589922713099e-01
7.910418377055814521e-01
8.048564919377948490e-01
8.170586847755314519e-01
8.244678557452189693e-01
8.314865344029620520e-01
8.455315692437850306e-01
8.552090433744740094e-01
8.572200057663992290e-01
8.700002333226933837e-01
8.816220433980694882e-01
8.919807951852123384e-01
9.011470954780791409e-01
9.076071439334726376e-01
9.166459555739715492e-01
9.257245466539609779e-01
9.366529976454872619e-01
9.483677546402530245e-01
9.557017584967311130e-01
9.661279795112005520e-01
9.778660306671813629e-01
9.860880675599613676e-01
9.928638813465168189e-01
1.001632196090864957e+00
1.009378616449875254e+00
1.022113437229108301e+00
1.026761919024446357e+00
1.038209541941105263e+00
1.048800405575921468e+00
1.055554937127225701e+00
1.063057739727045981e+00
1.073776744298889696e+00
1.084533676358997223e+00
1.091734315240109776e+00
1.100435569487010934e+00
1.108853996999008107e+00
1.117349720850854045e+00
1.123497293628742177e+00
1.133397671803910933e+00
1.142934971047652848e+00
1.151946834821545584e+00
1.159467929535461295e+00
1.168108945755438777e+00
1.175960261413045771e+00
1.183440403212919767e+00
1.193299957002583289e+00
1.203217479474848917e+00
1.209589474724455771e+00
1.219881563212285691e+00
1.225729051082422805e+00
1.232356252696708898e+00
1.241871330561906905e+00
1.249583395200204228e+00
1.255449232288066375e+00
1.263718800533286002e+00
1.273167789112022996e+00
1.281570815904228722e+00
1.288218308477550700e+00
1.295792323573974558e+00
1.301469785078789965e+00
1.309645530202075525e+00
1.323054818020365397e+00
1.328493357070276826e+00
1.336337528412902875e+00
1.343227963292019878e+00
1.348455346074929118e+00
1.355382038863079064e+00
1.361062158343369077e+00
1.371809551228263979e+00
1.382015692281755248e+00
1.387954758241446651e+00
1.394940283008437421e+00
1.401576754600989183e+00
1.409494113943883464e+00
1.417124014772148888e+00
1.424869770277875647e+00
1.432187868047432255e+00
1.439019376562417296e+00
1.446000544328149617e+00
1.453143351662099736e+00
1.460708533660761033e+00
1.467270661181989011e+00
1.474668260274406340e+00
1.479201058147046721e+00
1.486172289008283798e+00
1.494567679543530980e+00
1.500898130396385310e+00
1.507894591789575633e+00
1.513439756235564593e+00
1.521164744225399046e+00
1.527110134144594955e+00
1.535386881845530516e+00
1.538800293489816839e+00
1.547709027961583494e+00
1.554948997286247803e+00
1.559976466587081445e+00
1.567690931490958173e+00
1.574101721409113974e+00
1.579997935167970935e+00
1.587155527477294603e+00
1.591878444331742193e+00
1.600653888385839663e+00
1.604358508274808193e+00
1.613108458012854962e+00
1.617922389083416013e+00
1.622759730572430836e+00
1.630302893655133145e+00
1.636468974746276173e+00
1.642525714697770312e+00
1.651605631133635566e+00
1.658558446035896639e+00
1.660979249224676435e+00
1.666543672334988235e+00
1.673845320930422709e+00
1.678173456962317900e+00
1.685699994633300447e+00
1.690826689162359342e+00
1.696731278428743606e+00
1.703969302454738655e+00
1.708529505241062063e+00
1.714996481844365483e+00
1.720778537292759758e+00
1.725311947228642451e+00
1.730802872945939708e+00
1.737255188577508269e+00
1.742180268513046082e+00
1.747588482047345515e+00
1.753570741021796220e+00
1.758154916048742189e+00
1.763583159157248836e+00
1.770366699336764382e+00
1.777323295299505945e+00
1.783235485568465561e+00
1.787619883590913838e+00
1.792548403004381008e+00
1.798196993110630970e+00
1.802833637801521949e+00
1.809110551230039610e+00
1.813860365712495870e+00
1.818369484937889080e+00
1.824381159019169640e+00
1.831087870750498059e+00
1.836640571213367990e+00
1.839121513445899581e+00
1.845810170477683698e+00
1.852371079424057099e+00
1.854879281271190727e+00
1.859814643183290261e+00
1.865512071209176836e+00
1.870842907794994847e+00
1.876278822551617154e+00
1.880926779528246273e+00
1.886370585004815359e+00
1.891193296409366287e+00
1.896042114530533285e+00
1.900997166955723072e+00
1.905438235767696664e+00
1.909995158950068994e+00
1.916359046024310508e+00
1.920711651609998905e+00
1.925591257671827705e+00
1.929409275744094154e+00
1.934538314299841577e+00
1.939139532471820804e+00
1.943920048452630223e+00
1.950272676821790618e+00
1.954852848801378995e+00
1.957260683991601802e+00
1.961776893264411514e+00
1.968668812768244569e+00
1.972393440946879295e+00
1.975880322532049371e+00
1.980922121666419011e+00
1.986434996578946954e+00
1.990942682241360506e+00
1.995454614677117267e+00
1.998979197886290304e+00
2.003370557396704221e+00
2.009110222569750803e+00
2.013396374837034042e+00
2.017140284153555729e+00
2.021664260331268448e+00
2.026492186210328228e+00
2.030846829482224170e+00
2.034532389722584433e+00
2.038605997154397276e+00
2.043377705335477135e+00
2.047896005883999226e+00
2.051547150716110046e+00
2.055477257673592462e+00
2.059770081227372707e+00
2.064139853556232751e+00
2.068600057645090029e+00
2.071960356756327393e+00
2.076434514506652729e+00
2.081307431778189887e+00
2.085123005641387639e+00
2.088632213643497160e+00
2.092361891990463185e+00
2.096934101077369217e+00
2.101779023603544072e+00
2.105349549793234853e+00
2.108267008805116749e+00
2.114165974933321035e+00
2.117994412376039470e+00
2.120711594105988862e+00
2.125249367562291880e+00
2.128369539393104137e+00
2.131771348505654196e+00
2.136415336974589518e+00
2.140495574126226153e+00
2.143401476878439738e+00
2.147675681929194891e+00
2.151912874509033458e+00
2.155719315090914190e+00
2.159490474494657253e+00
2.163346899887458985e+00
2.166881854015485054e+00
2.170228586499867163e+00
2.174286749023895293e+00
2.178825833468435391e+00
2.181390598798643499e+00
2.185020302333990028e+00
2.189117419367549555e+00
2.193217337866247174e+00
2.196713631851665571e+00
2.199763361827562047e+00
2.203080824047086494e+00
2.206855779802695317e+00
2.210175574158078859e+00
2.214167739154739856e+00
2.217979652110039002e+00
2.221444364289196116e+00
2.224483866078426075e+00
2.227542880756308907e+00
2.231403825430400722e+00
2.235366984993789607e+00
2.237899130122952496e+00
2.241541720487722156e+00
2.245532253182904281e+00
2.249084295583122284e+00
2.251970486695057616e+00
2.254767768373711956e+00
2.258453531344200016e+00
2.262349274601933580e+00
2.265097129456997926e+00
2.268207187265743219e+00
2.271786338968871721e+00
2.274827611115903370e+00
2.277878166216303235e+00
2.281877718081240847e+00
2.285738074951470189e+00
2.288015413796306241e+00
2.291184058528545897e+00
2.294420128055949082e+00
2.298038826848695315e+00
2.301525592461484582e+00
2.304263267394063064e+00
2.307372032321167055e+00
2.310442548221124603e+00
2.313200893885031029e+00
2.316112917856561815e+00
2.319409256876410197e+00
2.322751275274703264e+00
2.325115159817961796e+00
2.328326951976356529e+00
2.332211815342429606e+00
2.335456861987831090e+00
2.338061943964576450e+00
2.340798806754446737e+00
2.343418195404098014e+00
2.346876586252625074e+00
2.349630350284250380e+00
2.352406235672000800e+00
2.355679399265231844e+00
2.359003322824349880e+00
2.361965436765533166e+00
2.364693437324750125e+00
2.367524512786714830e+00
2.370567039607844428e+00
2.373633195767330228e+00
2.376477624380892273e+00
2.378952993716993092e+00
2.381651630655716723e+00
2.384489335980341185e+00
2.387595001412945894e+00
2.390627829337429233e+00
2.393035505807231011e+00
2.395810187445828188e+00
2.398991839442298435e+00
2.401720875047055781e+00
2.404788631056987036e+00
2.407336416160759551e+00
2.409594191791913254e+00
2.411864773571247955e+00
2.414512004985886140e+00
2.417581481864841120e+00
2.420373332424469393e+00
2.423115612626434601e+00
2.425664209407614624e+00
2.428491888259630915e+00
2.431223092421396004e+00
2.434009683362887699e+00
2.436487838912493764e+00
2.438946350047056733e+00
2.441596053597056670e+00
2.444327368394845212e+00
2.446887328508887460e+00
2.449556920819006667e+00
2.452311963720079202e+00
2.455021586856692917e+00
2.457753640251047589e+00
2.460284977273115015e+00
2.462778470755623950e+00
2.465029916231090024e+00
2.467457320595754844e+00
2.469864449383346816e+00
2.472784973402932351e+00
2.475034527528878314e+00
2.477527396841271212e+00
2.480145357203628276e+00
2.482886044140864001e+00
2.485451784407103570e+00
2.487782365386990602e+00
2.490353726757667197e+00
2.492403077521756938e+00
2.494815913313209066e+00
2.497347112923733459e+00
2.499930507795240064e+00
2.502133722711867403e+00
2.504509679355864549e+00
2.507073463026425753e+00
2.509521478134236983e+00
2.511547549264775192e+00
2.513832297673896488e+00
2.516505360349191811e+00
2.518859950036114181e+00
2.521086914385810118e+00
2.523576879202699352e+00
2.525950566047022505e+00
2.527993652124591595e+00
2.530501759574613541e+00
2.532471689585202412e+00
2.535101143825980063e+00
2.537331596582826254e+00
2.539777198450253071e+00
2.541668589778083742e+00
2.543746975483774264e+00
2.546132897368330816e+00
2.548571279747683604e+00
2.550769867770004584e+00
2.552848921852651998e+00
2.555036534829767003e+00
2.557340534694435341e+00
2.559657551095050554e+00
2.562007948429457560e+00
2.564036141476710995e+00
2.566134633752268357e+00
2.568309744098075331e+00
2.570820544655040063e+00
2.572978738904151186e+00
2.574996591397806789e+00
2.577100568281482929e+00
2.579036960729493622e+00
2.581163677533429457e+00
2.583374832335667115e+00
2.585533334387702720e+00
2.587650829144587661e+00
2.589958407248433847e+00
2.591945283669673028e+00
2.593974398989845387e+00
2.595839265726147538e+00
2.597819901259431408e+00
2.599790393261928401e+00
2.601985117686126170e+00
2.604047953306023011e+00
2.606026389876102467e+00
2.608285695485697886e+00
2.610477547326659487e+00
2.612659717705613893e+00
2.614588860807324000e+00
2.616477271459342280e+00
2.618360875196983351e+00
2.620784819313408232e+00
2.622727872085500511e+00
2.624439361843554863e+00
2.626804754482227722e+00
2.628692605681243855e+00
2.630690059641660916e+00
2.632563144077304962e+00
2.634597443846163234e+00
2.636381682773120794e+00
2.638384759803984458e+00
2.640198266645096492e+00
2.642045216096431393e+00
2.643977589032878051e+00
2.645765238516574414e+00
2.647870347760903798e+00
2.649926258244440280e+00
2.651774540353883047e+00
2.653641569567999348e+00
2.655451726287922476e+00
2.657415606615872505e+00
2.659246708250170066e+00
2.661229980818071716e+00
2.663096205172267528e+00
2.664994567546784321e+00
2.667041217245396112e+00
2.668858923613386835e+00
2.670637601384263426e+00
2.672685384499620120e+00
2.674296496540438106e+00
2.676394861615886800e+00
2.677978627563392333e+00
2.679857281114517153e+00
