1.878497357665764809e-16
1.188604770163692539e-15
2.631020401544503894e-15
1.214306433183764966e-16
1.757677337010932155e-15
1.394023785294962221e-15
-5.937611513573414849e-16
-2.951805466722134893e-16
1.144445649359226907e-15
1.149080830487036961e-17
5.745404152435184653e-17
6.200595592531499239e-17
4.204969705767780495e-16
3.885780586188047972e-19
-1.454392162258955127e-17
7.904787935331114193e-17
-2.204902926905560875e-16
-1.017519402068955949e-16
-8.776313009661862235e-17
-5.695444116327053181e-17
5.810907310888069317e-16
3.113065361048938746e-16
-1.060262988517024452e-16
2.482458683061850257e-16
-2.368105711525458711e-15
-1.009636818594117293e-15
1.407318706014848448e-15
5.839773109528323659e-17
2.475131211099324045e-15
1.665334536937734749e-17
9.642286968869485106e-16
2.435163182212818473e-15
-6.508238392655130402e-15
9.814371537686383660e-16
-1.951327988081175192e-15
4.171107903516713253e-16
1.108779734693143848e-15
3.691602579181107754e-15
-2.729705350645872358e-15
1.970978935617040419e-15
5.949019055151439160e-15
7.382983113757291388e-16
-5.526468171979104082e-15
3.792521852119534363e-15
7.310929639459118233e-15
8.900657988419880174e-15
2.357003481279207383e-15
-3.539391002504999236e-16
-1.311906139278562442e-14
5.464517727205020366e-15
1.673550187319960952e-15
4.475531056868930781e-15
4.139688591919821085e-15
2.801425758036657558e-15
4.197309166897866526e-15
6.717959522006822400e-16
-1.899591595133642778e-15
5.214384479756972585e-15
-9.347078666621655707e-15
-2.387534614456399030e-15
4.764633132481321455e-15
3.544387006115812334e-15
-5.189182417097982088e-16
-8.587686117778048255e-15
2.385647235314536324e-15
-8.167910792167275911e-15
4.246158979981373951e-15
-1.791122805627764949e-15
-6.665668017546977517e-15
1.878497357665764809e-16
1.345701328148152292e-15
1.359334866890549191e-14
-1.491862189340054101e-14
2.671529664155514054e-15
-9.836020886666574244e-15
-9.622969088241007044e-15
3.925970659679478767e-15
-9.945377854592152494e-16
-7.631340004365937931e-15
-4.826250510348017612e-15
4.999223257584617771e-15
6.336264846140693710e-15
-5.916156453622533807e-15
1.256217352363364689e-14
-3.026467965128176706e-16
-1.151967410351062365e-15
8.134826146033447621e-15
9.833467373709936813e-15
1.100741719994857712e-14
3.440470131010897688e-15
-3.477773624638302784e-15
5.860867346996201282e-16
-3.445910223831560899e-15
1.809996597046392799e-15
-3.716915664142561493e-15
-6.307288025197976815e-15
-3.312128349364229330e-15
-5.674238856556712758e-15
5.230260669009112793e-16
-1.001942973033465022e-14
-1.130429083673334432e-15
-7.622902309378787474e-15
6.654676809603188051e-16
1.175382013940406975e-14
7.666423051944093156e-15
3.759104139078317726e-15
1.614264277804977515e-15
-1.434929952637276230e-14
1.186717391021829832e-15
1.398747784264742217e-14
5.265787805797117834e-16
-1.282474126895749584e-14
-3.912647983383976383e-15
2.357958273080384922e-14
-7.050360295579593848e-15
-1.232991486688206428e-14
-1.355027201555003565e-15
1.358846368759714157e-14
-1.761946144540615913e-14
9.477196805107723726e-15
-5.829892124609159819e-15
-4.372169293276328997e-15
1.578037700511458757e-14
-7.387646050460716828e-15
4.754308058352307897e-15
-7.244094213376683380e-15
-2.119582287463117521e-14
6.504574656673867246e-15
-7.907008381380364755e-16
1.050548537051554376e-14
-2.978284285859444992e-15
-3.045674823454191918e-15
1.928279758089956858e-14
6.511124972519155392e-15
-4.101718964477640870e-15
-1.303090968463038733e-14
3.339328813467545776e-15
-1.047256725783540847e-14
-2.703948176474568999e-16
-7.552958258827403116e-15
1.673217120412573392e-15
1.170780139503335658e-14
-7.848222072226462855e-15
7.030154236531416548e-15
6.158240584142049424e-15
-9.087397501161831744e-15
8.347100788341776656e-15
6.184441847523203585e-15
8.073763879679062750e-15
-3.048339358713292395e-15
-6.936007324043202598e-15
2.388006459241864844e-14
-1.605549027061670035e-15
1.882383138251952725e-15
8.034850562665951379e-15
3.182121233180623569e-15
4.282463272886616368e-15
6.398215290914777426e-15
5.273281811213337530e-15
-1.065020294177543288e-14
9.054978988842776996e-15
-2.990496739130321651e-15
-1.431132989893058051e-14
-1.752836764623566395e-14
-9.153233726522103524e-16
1.086197798372268136e-14
3.270494985940785960e-15
-8.968437104073246183e-15
-4.704292511092944803e-15
4.402422870697364607e-15
8.070155654849031117e-15
1.837024976580891997e-14
-5.771827460421263772e-15
9.135248113523175700e-15
-3.350097976806409940e-16
-6.697364884900025623e-15
8.232470261049229369e-15
-1.304756302999976531e-14
7.468636820107122174e-15
-3.576194895771323091e-15
1.480537914488877470e-15
1.981143027407483823e-14
-5.429934279987946481e-15
-7.088218900719311806e-15
1.251021508608118917e-14
5.333344876845558146e-15
-9.285572311057421808e-15
-7.825962100582727885e-15
1.022781859205679158e-14
-1.784628000933707931e-15
-5.657141421977484962e-15
-7.057132656029807100e-16
1.122613113579973284e-14
-1.990924092254431455e-14
-2.207894977956925552e-14
-3.132771819736035594e-15
1.248368075579264745e-14
5.152711590739044905e-15
-1.519778747294253642e-14
1.675626304376009928e-14
-1.212918654402983599e-15
-5.453637541563693945e-15
-2.777517105201354800e-14
1.678579497621513062e-14
-1.061828402981746026e-14
3.220590460983885518e-15
6.045830502898752797e-15
-8.379907878719450486e-15
-1.418970496658289447e-14
2.275735155876645763e-14
3.213429522475052986e-15
1.727262777251326075e-14
-1.194611076726914679e-14
-3.877675958108284205e-15
8.432143872028064240e-15
1.504557589626642643e-14
5.707823103051623175e-15
7.187805906028188966e-15
-2.181776981302618833e-14
-2.432726242673766056e-14
-1.171340802130771357e-14
4.214018023418475240e-15
5.222933197046586088e-15
-1.742772592905339456e-15
5.720424134381118917e-16
-5.544731340734188336e-15
-2.649408470389857813e-14
-1.980454689132216095e-14
1.044347941459022931e-14
-8.016476371608405657e-15
1.595779064444968905e-14
-2.057681802725141860e-14
8.628653347386716506e-15
-1.000327598532635437e-14
3.821498673062251258e-15
1.431099683202319137e-14
-3.469446951953614189e-15
2.779276808695385635e-15
-1.102679059172828553e-14
-9.588219107570239380e-15
2.885708338951076040e-14
-1.058086951388759212e-14
2.522515529790325655e-14
-1.610056532541648118e-14
-1.272160154996981857e-14
1.575506392015313304e-14
-2.361699724673371894e-14
-1.123701132144105926e-14
-2.270117427372042468e-14
-9.056422278774788703e-15
1.287581152809025235e-14
1.321809328658218951e-14
4.305444889496357190e-15
6.421196907524518249e-15
-9.027334435529611128e-15
-9.045320048528537768e-15
-1.044297981422914719e-14
-2.291367096063368139e-14
2.767530649094851323e-14
-1.863464937912340287e-14
-1.117561598817928840e-14
-2.275724053646399774e-14
-5.524580792837241770e-15
-1.195255006081197347e-14
-2.483102612416132471e-14
-5.792588630981753934e-15
9.252598687226054987e-15
-1.355027201555003565e-15
-3.925992864139971218e-14
-9.482414853323461633e-15
-1.536881732988604275e-14
-3.191891195797325054e-15
1.657141091016001160e-14
1.568489782499682259e-14
-2.732647441661128950e-14
-6.141531727621440711e-15
2.766120665853577426e-15
4.773181849770935748e-15
9.536926803832556781e-15
4.621969473816989219e-15
2.000510868072069545e-14
5.826117366325433617e-15
-5.716205286887543688e-15
1.342426170225508100e-14
-1.489541823218587489e-14
2.098432538844008355e-15
5.637157407534232176e-15
-8.454570377125492200e-15
-4.594880032016135424e-15
8.336664691910300841e-16
-1.015409978322168260e-15
-9.999001626681547615e-15
1.668409854715946348e-14
9.078071627754980075e-15
-4.616307336391400706e-15
1.102296032229332938e-14
-4.952038779038048460e-14
-2.676436849924357405e-14
-1.296229790170855321e-14
9.720002580593246379e-16
-4.678823994908043273e-14
1.442568287046697176e-14
6.942890706795879093e-15
-7.255418488227860406e-15
-3.497202527569243004e-16
-1.923272652248897475e-14
-1.119793147097425332e-14
2.682487565408564370e-14
3.465017162085359804e-14
5.155209592544451602e-15
1.853184272704311158e-14
1.296285301322086529e-14
-5.667577518408961566e-15
2.462308135164903395e-14
5.264011448957717385e-15
3.312394802890139378e-14
-1.142375083418301083e-14
7.354450382024423915e-15
-5.504485756091525938e-15
-8.115730310009893679e-15
-1.504907309879399659e-15
5.855205209570612769e-15
1.551037076552575084e-14
-1.820399386787130569e-14
-7.533196288989074055e-15
-9.603762229914991634e-15
2.434086265878931898e-14
-2.312772195978141127e-14
2.888200789641359900e-14
-1.998567977778975395e-14
1.913602609704412258e-14
3.953504190690182377e-15
-5.341838082983940915e-15
8.052780664513648073e-15
-8.768541448489486798e-15
-2.665057063921949488e-14
-2.029432177863554759e-14
9.463319017299909269e-15
-2.270161836293027687e-14
2.555178291174797841e-14
-2.502775764412490307e-15
3.100297796265749639e-14
3.881228671787085103e-15
1.771160995645004851e-14
2.633682161246042637e-14
-1.126276849561236281e-14
-7.957634551303272234e-15
9.068412687440740848e-15
-2.080979832896900785e-14
-4.983347068332477957e-15
-2.897726503192643789e-14
-2.122635400780836764e-14
1.790656511957422602e-14
6.284639475495623553e-15
-1.727185061639602259e-14
2.013511579690430042e-14
9.287126623291896560e-15
-2.822408973202073023e-15
8.494205339104610213e-15
-1.666078386364233746e-14
2.162969803265468810e-14
-1.817535011383597556e-14
1.427202800385884848e-14
-8.750666857793021626e-15
-9.460765504343271838e-15
2.873579152407046508e-14
-8.562039965909206956e-16
-1.721733866588692665e-15
-3.932631997827229800e-14
3.108469037726990680e-14
1.468092314382829598e-14
2.348810035357473811e-14
-2.823852263134085519e-15
2.152500400143253687e-15
-1.846789388082470330e-14
1.732913812446667968e-14
-2.680478061733993023e-14
3.523847880160246686e-15
2.808420163091795915e-15
2.017164213441446972e-15
1.952404904415061530e-14
-4.762856775641921598e-16
-1.985644981772338714e-14
-3.897981937228678246e-14
-4.090172645021539330e-15
1.932320969899592476e-14
2.828293155232586445e-15
4.246936136098611327e-15
-6.945555242054979569e-16
-1.450795039659169424e-14
-7.411071756280307467e-15
1.223143808459781284e-14
2.184663561166644139e-14
1.286926121224496420e-14
-2.542421828621854782e-14
1.333955168547618098e-14
-1.555788831097970723e-14
-7.791323142214423266e-15
-1.369682145480055596e-15
8.642198068287143403e-15
-1.961442119835510226e-14
-2.787214903321455542e-15
2.342537275268341702e-14
8.081979530061290271e-15
5.017763982095857273e-15
4.241051954068098300e-15
-1.421118778210938970e-14
-6.574740751830176709e-16
-1.112265834990466801e-14
-2.194244785869159314e-15
-4.619860050070201604e-15
7.022604719963964935e-15
8.224088077213308857e-15
1.706235153164925550e-14
-1.337885358054791143e-14
6.582845379909940593e-15
-6.463940493972586555e-15
-8.100298209967604471e-15
-2.672440047035706690e-14
8.329337219947774530e-15
-2.521205466621267947e-15
8.561706899001820185e-15
6.703415600384232429e-15
2.195899018175850728e-14
-4.811595566422965779e-15
1.778455160916791932e-14
1.496136547984861050e-15
7.385092537504079397e-15
7.746359109717104300e-15
-3.282984994967818971e-14
-1.021849271864994149e-15
-8.695266728864225267e-15
-1.342737032672403051e-14
8.899214698487866890e-15
9.604761430637154313e-15
1.513611458392460953e-14
4.160338740177848990e-15
1.244537806144307967e-14
6.478817482502563690e-15
7.676970170678032017e-15
1.480271460962967343e-14
-8.239298132650673552e-15
2.915379049284183500e-14
7.096434551101537750e-15
-6.593059431736491894e-15
6.850187084239678427e-15
1.156874596119905598e-14
-5.904721156468895313e-15
-1.091005064068895141e-14
-6.147304887349491678e-16
2.444444646698684528e-14
8.527512029843364594e-15
-2.045008606899045928e-14
1.256883486178139689e-15
1.455480180823087868e-14
-2.148115019195984284e-14
1.197397736518723875e-14
1.145750161413161581e-16
1.329680809902811188e-14
1.311450947838466163e-14
-5.733191699164308043e-16
1.076805311583939311e-15
-6.747935543671701776e-16
6.524558671117120032e-15
-1.092970158822481585e-14
1.211175604254322064e-14
-2.603472992745992304e-16
-9.769851594398914510e-15
1.259004012155173727e-14
-2.003330834554617339e-14
9.721556892827719948e-15
-1.155198159352721653e-14
4.646616424963667839e-15
-4.669709063875870918e-15
-3.238409540529119166e-15
1.434852237025552414e-14
3.036426665659064540e-14
2.713385072183882530e-16
-6.905809257773398511e-15
2.448541369659551353e-14
2.727817971504009454e-16
3.699707207260871441e-15
3.024036576704247323e-14
-2.364219930939271042e-15
1.200151089619794177e-16
1.134370375410753664e-14
1.755229295241633829e-14
2.042888080922011851e-14
-2.799427356592332201e-15
4.094835581724965165e-15
-1.376287972476575343e-14
1.715039221750203112e-14
-4.098388295403765274e-15
-1.357725043504842759e-14
-4.178990486991551538e-15
6.142086839133753573e-15
-2.333022663947303881e-15
-1.224353951556622645e-14
-2.114941555220184611e-14
-2.335909243811329464e-16
-1.573186025893846810e-15
1.404543148453285596e-14
5.357159160723767867e-15
-1.854094655584504032e-14
-5.691891402648252627e-15
8.256506589532363604e-15
-1.256117432291148421e-14
1.309474750854633415e-14
-1.465572108116930450e-14
7.027933790482165888e-15
-9.981793169799857562e-15
-3.976374784997460943e-15
