1.753407817947314129e+02 1.070869859327223212e-03 8.806384147101121718e-01 2.811174977358561922e+00 5.959779930457093755e+00 2.878451851882715129e+00 2.616433909323600204e+00 1.544014860579494108e+00
9.760182711930848853e+00 3.377866414405266923e-04 6.565743522169081858e-01 2.116899194057686451e+00 5.106141404327317446e+00 1.783269306872268922e+00 1.607732596714934070e+00 1.325506518461199601e+00
1.527100012986373878e+00 1.433524889799298796e-05 8.583560164104558909e-01 2.244616622801144157e+00 3.590295042062197961e+00 2.101701329464122026e+00 2.054185821477510832e+00 1.382536602002846671e+00
1.135642831665555422e-02 6.389536096802096207e-06 5.467101167986411214e-01 1.317244996214222308e+00 1.921795630973230029e+00 1.061003510875006661e+00 8.569494724886516090e-01 1.083105824762108593e+00
1.409617226346971926e-04 4.700815491043162553e-08 4.323013254708950592e-01 6.243197799805180193e-01 7.618071250016977825e-01 5.679043098491385333e-01 5.418239545197557350e-01 1.412698707569934431e+00
1.800753269604866524e-04 1.381228510092222706e-07 4.361007182471555166e-01 9.138168373382079546e-01 1.125180579686774651e+00 7.541529656619098132e-01 7.013822524938289060e-01 1.089420648878442588e+00
3.340360773021644372e-05 8.659498825297381917e-14 2.855777881415969000e-01 6.310375916692473330e-01 1.230685489967824564e+00 3.595881134076842622e-01 4.000764591159358674e-01 3.720852307554370908e-01
2.435263473762131275e-05 5.571161188625416479e-21 2.840155261858315905e-01 6.695647060362480696e-01 1.734542341932072906e+00 3.190247756613541208e-01 4.075079161286703777e-01 3.706053315160156569e-01
1.716847737029461574e-05 1.310414164264667610e-08 2.162688250936944945e-01 5.852204368350866215e-01 1.843209859129741890e+00 3.242958620667878988e-01 3.762577416444183864e-01 3.641671575212400147e-01
1.052012414141765298e-05 2.613320138024840988e-18 1.994540390509949301e-01 6.310237320625353696e-01 9.677437337954710728e-01 3.548143323180242281e-01 4.009719160665585203e-01 4.187155259451619815e-01
