2.124807407656329872e+02 1.310347344547897275e-03 8.632986404254299195e-01 3.096069179237030955e+00 6.280122711003697233e+00 3.113856705752221288e+00 2.604770267405460249e+00 1.601421691966091521e+00
6.270257354467677402e+00 2.146569727510660845e-04 6.683734097921106843e-01 2.530918703709853279e+00 6.467453180178587502e+00 1.788163801132768960e+00 1.549209842787426794e+00 1.290894286736250729e+00
2.687219232735009733e+00 2.035660034603577553e-05 9.138899656421388684e-01 2.814892663276030493e+00 4.666469119794758313e+00 2.505800405506221740e+00 2.347267899423765680e+00 1.436557135076820702e+00
2.102098484121789346e-02 5.321677698494726115e-06 5.607177407664070135e-01 1.452575167841142711e+00 1.552866186545480254e+00 1.005052908111674803e+00 1.000484243285495012e+00 1.172313857101008550e+00
2.419000809274148868e-04 5.075806514517343459e-07 3.719277653767137370e-01 7.976085696901151767e-01 1.269425190607251785e+00 6.273605324749031986e-01 6.347724060077011288e-01 6.031980030075217991e-01
2.452724424148236809e-04 5.042295798659835269e-07 3.870042981957355632e-01 8.528738961245259098e-01 1.154624231764357356e+00 5.747068703300440839e-01 5.783663728750523259e-01 8.281008035267471978e-01
7.389395552769068194e-05 1.205380371409965939e-07 3.608216398047691675e-01 7.098895468397170561e-01 1.419899573860132547e+00 6.105119308170395831e-01 5.136472052356904072e-01 6.802345024750574565e-01
2.092033182682451827e-05 1.718371307178331077e-19 2.946754644872887074e-01 6.929884695852777110e-01 1.652254066964346846e+00 2.861240793723213161e-01 3.983699402958378322e-01 3.119201703106403434e-01
1.517887432344547896e-05 3.717016940551016509e-13 1.988346719141517727e-01 5.107166505659344047e-01 1.465051224904984295e+00 2.547794058583159882e-01 2.940218041840339525e-01 2.627990605541011271e-01
1.567241268939565909e-05 1.616859187654579621e-22 2.494005227539156100e-01 7.395144017779510248e-01 1.359031439952473663e+00 3.187343909141713838e-01 4.847126579750425379e-01 3.028883226495492909e-01
