1.840902086504158603e+02 1.189494271235611370e-03 8.477448240228525611e-01 2.944306614055030913e+00 5.835547173026286671e+00 2.973089132925732070e+00 2.565857773448271040e+00 1.544903144885591217e+00
4.203136005503247397e+00 2.100744516163804770e-04 6.216391759429101826e-01 1.862478339874190203e+00 4.021065184031045625e+00 1.532684858171103670e+00 1.267096765858688912e+00 1.261402355882670356e+00
2.588790666387434047e+00 1.902451482765874454e-05 8.862154434250573143e-01 2.736243062402929027e+00 4.553709185232995615e+00 2.536625648313702186e+00 2.359502420464102634e+00 1.434615983995876309e+00
1.886528164850053910e-02 5.465007177779779665e-06 5.297277889140987739e-01 1.373249421924010338e+00 1.492840547890577740e+00 1.070267478904524117e+00 9.817237872219455319e-01 1.205991159368844379e+00
1.726658417712607560e-04 2.642183979951782965e-07 3.789961278538753753e-01 7.216276284867012558e-01 9.286440989157674908e-01 5.890348453440421572e-01 5.768785055106228077e-01 8.117175408283331395e-01
1.950962909544242535e-04 6.291466101974795148e-07 3.308239690706416547e-01 9.296456109637937226e-01 1.507464636393314628e+00 5.708762736163128793e-01 6.138551449913303149e-01 7.191179355528867223e-01
7.899229600990069196e-05 2.039490888609996970e-07 3.475972316792169114e-01 7.815369181846782975e-01 1.528589963415742714e+00 5.953860960791836909e-01 5.185412420105948161e-01 6.713946329302968863e-01
2.077849405590791632e-05 5.841789350054491171e-08 2.655589655798880622e-01 6.534536476304243502e-01 1.774273488704518398e+00 3.053267641972262636e-01 3.982240976497478657e-01 3.268286224150428465e-01
1.418425704109594448e-05 1.439471477519671681e-12 2.046698839181803620e-01 5.128268110633030785e-01 1.428412646831795030e+00 2.646252258386518341e-01 3.107777143130958653e-01 2.678404733202233712e-01
1.188345184942120910e-05 1.506018296321163183e-19 1.984895507871297649e-01 5.574616136966603630e-01 1.258306552725086069e+00 3.075415322785221561e-01 3.782732338816133799e-01 3.014229636641440613e-01
