1.715369192089817034e+03 1.024454667311576752e-05 1.058024056831213588e+00 5.200103209626322887e+00 2.169040523041806523e+01 4.252342304685666541e+00 5.001193705626968189e+00
5.331548507137518556e+01 5.826556422214655871e-06 7.579130846388779652e-01 3.322986869785915065e+00 1.296184243804349023e+01 2.559092876941637673e+00 2.862628707897056035e+00
3.010246801598249533e+00 1.418297893759713930e-06 8.235215229496203326e-01 2.781928135470432828e+00 1.757666827451174285e+01 2.335766694180239522e+00 2.558488341667781274e+00
3.016109858228787147e-02 1.099565318672239865e-06 5.141429011701834639e-01 1.720677940627533653e+00 4.357783369261120754e+00 1.318489331085078486e+00 1.377025826461801383e+00
4.331511582346015831e-05 4.260978386893912311e-16 2.913168269103171282e-01 6.965160965157132233e-01 1.717865652628765227e+00 3.896950738455198793e-01 3.980658517211266290e-01
3.056830010237992709e-05 2.157505620168639358e-14 2.787992563642641697e-01 6.949029307255196741e-01 1.931685572342242363e+00 4.039864801009032114e-01 4.232419706652311708e-01
2.266820998925568346e-05 1.070405322017613032e-12 3.068148594011963493e-01 8.189322970801988788e-01 1.918940594837853508e+00 3.895191850269487666e-01 4.622726712553774098e-01
2.067390301131645191e-05 2.393343787667500391e-20 2.913817454818642960e-01 6.665507525584121185e-01 2.507072422282655921e+00 4.337249944213409369e-01 4.509265475290611391e-01
2.733838450098606150e-05 5.939644516396031734e-08 2.105915872772771980e-01 5.221978371736387681e-01 3.074878707708678327e+00 3.796053510793381824e-01 3.523912566458752282e-01
1.031953732377706465e-05 8.534833733001166098e-15 1.922820236849396847e-01 5.134456799330763266e-01 1.702418892062125266e+00 2.862141398415711802e-01 3.118544043166554536e-01
