6.720974158672182966e+03 5.576783773334467074e-06 1.315087014222867223e+00 9.456142269218814178e+00 2.775941461736573146e+01 6.351917367375077283e+00 6.987356353396779518e+00 1.578324739048982073e+00
1.971989883548442180e+00 3.743345373846316584e-15 3.566715691085131645e-01 1.210672504006597539e+00 2.547720388711913309e+00 1.427477109913744879e+00 1.283020535141243812e+00 8.146981137508353399e-01
1.407612048109632674e+01 7.771595213450209394e-07 1.064187363804015352e+00 4.066728656706658285e+00 2.570533808603285664e+01 3.211657476491113439e+00 3.600815655792313219e+00 1.416638205464611167e+00
1.715539470436043892e-02 1.066604138538733770e-06 4.750526291964609626e-01 1.662704588130358818e+00 3.867314474362613552e+00 1.256921782071910965e+00 1.356824089696405666e+00 1.104457266069144961e+00
1.119478109374923841e-02 1.716137684381392963e-40 4.694395521893556800e-01 1.042341981085508573e+00 2.518313635249092641e+01 3.354778257058062874e+00 1.300120334366862584e+00 2.239213001387465152e+00
1.378701526278819714e-02 6.639122734761482466e-36 4.852295049593360332e-01 1.034010643093949078e+00 1.371220940203659389e+01 2.538656106430380976e+00 1.282401794580490195e+00 1.437899065000351584e+00
5.358790455969351463e-04 8.545246219171043111e-32 3.566983559301150630e-01 7.141937897064174479e-01 1.357127750191462745e+01 1.398506544811846108e+00 8.238131421247036901e-01 1.776485590734808939e+00
1.941301020221293105e-04 2.015165599658805890e-08 4.035668842002310130e-01 7.994044272857301348e-01 4.507846636033607801e+00 7.268389152160604771e-01 7.324143268887413072e-01 8.947693124543723009e-01
6.812687312999256013e-05 3.103889064653531338e-22 2.797692723445814322e-01 6.523888443860278441e-01 4.910604965499632435e+00 5.085320213122859201e-01 5.833815957584818079e-01 5.846579045491091531e-01
4.300757860449368680e-05 8.354358668860732540e-14 3.990193300123220932e-01 7.276452186025030855e-01 2.620957268655693895e+00 4.491218989939843587e-01 5.973835539606521250e-01 5.542953591778425615e-01
1.963415511402871993e-05 1.086169509845449507e-11 2.112329290339527987e-01 4.923656368185340138e-01 2.674486432530981173e+00 3.073523035369323808e-01 2.934948871944814686e-01 3.588100429403838776e-01
5.124230873765803326e-05 9.118698599399590760e-22 2.632789699903373415e-01 5.934808105190813032e-01 2.658052142921920158e+00 5.135058582491991430e-01 5.636580265890788199e-01 7.140206358988575586e-01
