2.542023809838481156e+03 5.003234808190846887e-05 7.662884220553776160e-01 5.057632118572990443e+00 1.353036331261121283e+01 3.163584134732112751e+00 3.555937373818202740e+00 1.723242904262833886e+00
2.765182281149763526e+02 1.846869336050442118e-05 6.530761942855508595e-01 3.710717851166554837e+00 1.060384035412099557e+01 2.463082814723610792e+00 2.746018693851889125e+00 1.884361286427980176e+00
1.639623824312412825e-01 1.704367435803398514e-12 4.671825424275882765e-01 1.626022399941495999e+00 1.627850164897838958e+00 1.469939000837885867e+00 1.580842338045977735e+00 9.025261588143737024e-01
3.889811749211905586e-03 3.378183821228496818e-14 3.830382119596050794e-01 1.064499094802468626e+00 5.922203118219908191e+00 1.431556248789302765e+00 1.170709940195733267e+00 1.829367025362449883e+00
1.002309866839407732e-02 1.351353005720151272e-17 2.751050348016707559e-01 1.091483044952058057e+00 3.835856828634469196e+00 9.596499981308926897e-01 9.057254892933583879e-01 9.849511124074222801e-01
1.558515137897434864e-02 4.972574955222911735e-16 2.797955648005451268e-01 1.107784772426234854e+00 3.925017064494182861e+00 1.012438858578699197e+00 8.982966412653088373e-01 9.888355840719231793e-01
4.745099643948721946e-04 2.226729155607075099e-21 3.440545569972011108e-01 7.450937624593332309e-01 9.594816273296714826e+00 2.279620879932846123e+00 9.957741220540846649e-01 2.829866337854994640e+00
9.356218421362359956e-05 4.356545231359106495e-16 3.588570186461457756e-01 8.099703932778110627e-01 4.062898977951619806e+00 7.352604230068834346e-01 7.229905587765680375e-01 1.298900473772075070e+00
8.492138591094737217e-05 3.071501147539191644e-13 3.797070762740747951e-01 7.437329854169205667e-01 3.571646598758527524e+00 5.852815154081770777e-01 6.358346933184785277e-01 8.988232590290055057e-01
2.042981972934738635e-05 2.786357442585722994e-22 2.615876927899880577e-01 5.851707160413580633e-01 1.938965632751101342e+00 4.016238152575255516e-01 4.330944593375726237e-01 7.800509643358473078e-01
3.803147379836625201e-05 5.193421279173993525e-09 3.304650729176470958e-01 6.907232018516981098e-01 2.472921678576765814e+00 4.599065190063333919e-01 5.016958441261097912e-01 9.793206790376463022e-01
2.477578928643489500e-05 8.169286761805245239e-09 2.865800693947950784e-01 5.402438892320139407e-01 2.100247276047384037e+00 4.005979560552330732e-01 4.601373684569081690e-01 8.262533230325730393e-01
