2.080309969867679683e+03 2.890526994895071728e-05 1.017599937163382595e+00 7.667217390428083590e+00 2.388884877396440132e+01 4.799380399395770880e+00 5.427370667445056363e+00 1.474712393040052083e+00
1.140555831847097856e+00 9.582898879314626226e-14 4.954244504305248542e-01 1.725756459707056489e+00 2.177829406737164852e+00 1.274969588839967471e+00 9.066350691569646791e-01 6.932119062306328905e-01
2.287814751204989339e+00 2.435546269730800373e-06 7.698528899256696922e-01 3.305172305720858184e+00 2.153251190441413598e+01 2.424128134640286092e+00 2.620737012480486072e+00 1.117680377693879734e+00
2.001346339968559929e-02 1.556470080578243280e-06 5.051938290212091287e-01 1.748668050674678565e+00 4.216391227695849508e+00 1.383554189404299084e+00 1.411427605394432794e+00 1.222411044657544243e+00
9.354257129557305359e-03 1.216786396000361897e-27 4.540570251502145105e-01 9.948611174280410641e-01 1.222115419523806068e+01 2.774431971393842566e+00 1.196614484880507145e+00 1.647517736516055376e+00
3.205571151123659535e-02 2.626233732655021281e-39 5.192425719002083939e-01 1.186593041897059830e+00 2.092766661765226033e+01 3.551043590746961076e+00 1.420570366490066405e+00 1.781506497017365742e+00
1.496032810096819383e-04 7.955899906725088906e-23 2.760411624782845297e-01 5.907875505404619476e-01 4.399437274260955988e+00 6.340778866865011132e-01 5.056262816073201494e-01 7.419923770055991685e-01
9.230912160490852946e-05 3.507460605978380900e-19 2.373726411144317650e-01 6.177305656732975381e-01 3.261670496735501690e+00 4.936525930350671443e-01 4.076419459771634668e-01 4.740346808629097852e-01
7.773995437584480060e-05 5.886913259662701499e-22 2.710918016251919749e-01 6.402638889503046160e-01 4.259933952838576232e+00 6.189928139920309880e-01 5.930925267491149455e-01 6.928439038179936560e-01
3.196266851980424892e-05 1.814318692144846423e-21 3.981011383527617853e-01 7.140402915308884380e-01 1.991239049901894154e+00 3.759390060948631374e-01 4.744663506495858663e-01 4.198281669748225586e-01
2.557893658209066889e-05 2.274508209956852693e-08 2.178116842360038330e-01 5.070893527151736357e-01 3.456658843792395963e+00 3.105363255246379461e-01 3.531528815533102605e-01 3.685988803159535587e-01
3.256171282788146773e-05 9.414564791968036949e-20 2.213203419262982641e-01 5.170589976224383433e-01 2.254184186512243393e+00 4.010340268170670130e-01 4.543225854256176532e-01 4.347316311615350704e-01
