2.616464994281428062e+03 4.557389934132959801e-04 6.149542310779378962e-01 3.073691697841187231e+00 7.939596088014741149e+00 1.939691416103798582e+00 2.059149189936791302e+00 2.161754493465600557e+00
7.720654540519039699e+01 2.095989231510486000e-04 4.707612964988919790e-01 2.141123180885852850e+00 5.087943557998875654e+00 1.329995057186727170e+00 1.316180860461676483e+00 2.754138054496698906e+00
8.844854712268963581e-01 2.055849452415426737e-05 3.845997149083302258e-01 1.614729793671092928e+00 3.395273140024889891e+00 9.561353382699286918e-01 9.599946000250069167e-01 2.318954285085674805e+00
4.076207039991015801e-02 1.722125390214175651e-05 2.888709127240913777e-01 1.016082261679989829e+00 1.944143639599157369e+00 6.244978515954320297e-01 6.272127758630052785e-01 1.522434498154688010e+00
2.514157539436797685e-03 2.110476237316187207e-21 4.309128097723851636e-01 9.794534660548059879e-01 1.502785857285753046e+01 3.710944938732506859e+00 1.169114434681406189e+00 2.969880541667345053e+00
7.194502856857807119e-03 9.485907794874247224e-27 4.820266536710217653e-01 1.098608193608336947e+00 1.817992109742120732e+01 3.989716189164200344e+00 1.346905986968012003e+00 3.106447423861199209e+00
6.047018744606476201e-05 1.525152916917409279e-21 2.594924767805405486e-01 3.776341830256731424e-01 4.014898666547085382e-01 4.879011767649654163e-01 5.413652479146682239e-01 7.630837194796473710e-01
5.694023209996287952e-05 6.926811157258908407e-17 2.653492053254814520e-01 3.857911465107412008e-01 5.578097988337008539e-01 6.894749179232326775e-01 6.514160285839247777e-01 1.132792356000617673e+00
5.333358047672650642e-05 3.192172644567040309e-13 2.936002813153282820e-01 7.145947257920555185e-01 1.626392063463024007e+00 4.979615480868572197e-01 5.551707745524026016e-01 8.988815747451047722e-01
2.022804282410704002e-05 1.932716611892759968e-08 2.492265559567561073e-01 5.662998341527452073e-01 1.228967950556208333e+00 4.023193541667308692e-01 4.685119925048552014e-01 8.332405377511893363e-01
2.510541124209105448e-05 2.671867254836668586e-15 2.896059720236320301e-01 6.786864664691439897e-01 2.316246073949259188e+00 5.406262899007692191e-01 6.400470042967584261e-01 1.196817878382416822e+00
1.062059962192153099e-05 2.779517118220131824e-09 2.380404742007326824e-01 5.606588288485301330e-01 1.323582229703940794e+00 3.411868608806216674e-01 4.022340091005849327e-01 7.186310277335928864e-01
