4.694905827606967418e-03
2.230193487385176594e-03
1.654634780116486480e-03
2.804309096887519330e-03
3.944939229431486567e-03
4.119496803763353886e-03
4.208390067406526762e-03
4.190869793543206684e-03
3.878006688789643625e-03
3.915748847927610216e-03
3.948855735616839391e-03
3.460033626473850172e-03
3.938165439584200185e-03
4.918771455071781207e-03
5.076983707992538918e-03
6.138951927961033665e-03
7.029357830173392670e-03
6.004645317592100483e-03
5.839276280386969734e-03
6.701179094082180231e-03
7.249413258644265418e-03
8.214894321962314810e-03
9.601040319147140928e-03
1.166282024009224899e-02
1.021461975630136645e-02
1.147832945591808172e-02
1.427399314401619525e-02
1.359349900330192318e-02
1.619382823902492871e-02
1.695178662255553831e-02
1.764080641304544700e-02
1.686087945874760463e-02
1.879233268334937548e-02
1.952547354701487589e-02
2.363950983372642423e-02
2.520533185413657840e-02
2.550435236866401348e-02
2.841617183485372830e-02
3.008705878051912835e-02
2.888583450926151056e-02
3.230810495510721275e-02
3.297539899014031994e-02
3.384224609537317408e-02
3.487944883218060954e-02
3.521441187702317038e-02
3.804594712770070775e-02
3.928027870189371162e-02
4.121041401616847011e-02
4.405037132168947850e-02
4.577215075809890760e-02
4.607938151795534787e-02
4.894611703859391011e-02
5.194499528003129057e-02
5.165139022376842581e-02
5.234791792552455358e-02
5.472725099723020625e-02
5.771273820531423737e-02
6.233421819628316707e-02
6.237239918817769763e-02
6.087939777566080818e-02
6.441123057928681284e-02
6.497304255472739765e-02
6.760541098802062832e-02
7.010992827491120682e-02
7.089240406867031163e-02
7.175561827434959183e-02
7.686870013892398157e-02
7.610972044740603459e-02
7.902981445840558117e-02
7.969628569970091392e-02
8.252500662966177902e-02
8.702740822986003433e-02
8.692541544461107605e-02
8.783259569286595847e-02
9.204576342813163004e-02
9.184218818231484893e-02
9.501254258893987448e-02
9.631108220650806684e-02
9.697671921245031024e-02
1.024073340897944245e-01
1.054774395078707239e-01
1.041920506710049404e-01
1.078069858450740187e-01
1.129067306689190836e-01
1.103099232079606529e-01
1.103535568603999789e-01
1.129826468991181887e-01
1.150784758924570661e-01
1.191851002836994550e-01
1.177643083034017740e-01
1.196459945267319414e-01
1.249971744907326654e-01
1.267534357649124088e-01
1.282254013615295452e-01
1.309530618859829354e-01
1.348228343179948829e-01
1.330473674500800840e-01
1.386242064816746722e-01
1.381455680029299304e-01
1.400835497854995004e-01
1.434376930984185006e-01
1.458996902530836637e-01
1.461168506293555602e-01
1.481967072508457162e-01
1.491600067267455088e-01
1.534634833871066917e-01
1.552352733323299760e-01
1.558099406280846200e-01
1.604005015063652562e-01
1.597139686601659891e-01
1.618797453367476213e-01
1.625418472020263849e-01
1.641601329368221895e-01
1.676163804233416210e-01
1.716652557690217795e-01
1.710092892625388328e-01
1.732211907794929673e-01
1.764654048376273487e-01
1.769645321500011026e-01
1.786637699061797979e-01
1.836965074175382351e-01
1.837202921824563906e-01
1.854585021192529659e-01
1.883476508494718593e-01
1.911828411132517058e-01
1.930398822371884315e-01
1.957910946304848576e-01
1.965872453991308333e-01
1.990102129731817215e-01
2.004074897026348612e-01
2.013816184296804979e-01
2.058442616139090908e-01
2.062323257655727105e-01
2.075138488525296587e-01
2.095915984448808445e-01
2.129741254401911199e-01
2.135514255044868304e-01
2.165733583427537079e-01
2.211993975396050749e-01
2.210275393737445304e-01
2.227642218936483898e-01
2.262537843988887687e-01
2.272454704624713162e-01
2.295699593844057751e-01
2.313821638155478255e-01
2.323972810499488617e-01
2.354754115671331138e-01
2.374641090722063308e-01
2.414132573916789037e-01
2.407442167833180879e-01
2.431604657559171268e-01
2.423107300782639251e-01
2.464408105938080407e-01
2.486096687853495135e-01
2.482538079110854778e-01
2.535876262274696646e-01
2.539768214840689708e-01
2.565619488884977040e-01
2.571530214099996270e-01
2.598830472645516920e-01
2.614635371670776531e-01
2.639491874583449471e-01
2.668716440723328254e-01
2.682933502752657962e-01
2.723339374903643306e-01
2.724651377662076213e-01
2.721769549906816743e-01
2.751014386122137556e-01
2.780326830608683686e-01
2.789994150019554642e-01
2.819993550234711766e-01
2.847435489505518169e-01
2.855370236554641838e-01
2.876523237351160667e-01
2.900800035032094493e-01
2.914704732461132486e-01
2.930505616333508589e-01
2.951956069591176179e-01
2.957760369582253523e-01
2.982307991075011100e-01
3.005412328435494440e-01
3.019668869900702934e-01
3.046043111615403531e-01
3.080415004148929214e-01
3.093291216699103896e-01
3.100168083538586417e-01
3.109382992983524274e-01
3.137257878191936356e-01
3.151856220414342991e-01
3.191378938928247644e-01
3.205652060007939119e-01
3.207206569935970308e-01
3.232235735054495573e-01
3.248239009472634331e-01
3.270163699859558459e-01
3.280839818351296566e-01
3.318381256713250904e-01
3.329683869711630440e-01
3.351706212517353012e-01
3.354174621577109550e-01
3.384145602024754562e-01
3.408881754565867284e-01
3.418289981415943979e-01
3.436285303271667813e-01
3.453063205475616071e-01
3.460683956470836375e-01
3.487694565282598025e-01
3.511810349015983546e-01
3.532724183136861651e-01
3.543080746084394383e-01
3.565668758531231886e-01
3.598670415486235896e-01
3.598072497369151912e-01
3.621495255429267313e-01
3.653401398036299486e-01
3.670957054464825675e-01
3.681609968114167852e-01
3.692237663923211843e-01
3.717854950984412210e-01
3.737268758424011073e-01
3.742016262068777466e-01
3.761079301429910982e-01
3.802068631619632821e-01
3.808686910464685882e-01
3.816873782842403195e-01
3.843127335318751170e-01
3.865976350714649401e-01
3.883695789371202078e-01
3.898689305799177829e-01
3.917386861819440735e-01
3.934526368440133259e-01
3.948148546460352182e-01
3.971071795418838479e-01
3.996708419326801542e-01
3.999610120868952734e-01
4.027558093466865885e-01
4.043051515431834719e-01
4.060238791349505827e-01
4.082306145149043886e-01
4.101570781822377332e-01
4.112624181483284791e-01
4.130258002000556927e-01
4.150254453314322634e-01
4.166590856638958673e-01
4.185867266634947237e-01
4.206660453180575687e-01
4.224356097617793515e-01
4.240856082429302343e-01
4.242133407580440108e-01
4.266323974736165869e-01
4.284590786483558622e-01
4.303716785845941861e-01
4.323104534614330419e-01
4.326811241386731566e-01
4.357120624710080214e-01
4.380746094309402872e-01
4.389961629553514877e-01
4.409801450126213385e-01
4.436145323046726263e-01
4.449641577395554992e-01
4.459774777411273372e-01
4.480749003681521736e-01
4.504350580439081542e-01
4.520820911252752539e-01
4.533094527594097589e-01
4.552034331450114935e-01
4.573022352314800587e-01
4.581522313663125567e-01
4.603185839282441516e-01
4.616612088308849060e-01
4.636107285542442891e-01
4.654819814915102105e-01
4.671309516453386323e-01
4.690669809855100292e-01
4.711260497506822298e-01
4.728697055444471831e-01
4.732486522216760028e-01
4.755282281418192758e-01
4.779871435224377074e-01
4.794629234321596822e-01
4.807905377592087692e-01
4.819988558947920221e-01
4.839157499377066407e-01
4.858244882335935877e-01
4.877698924882380993e-01
4.888929212252756118e-01
4.897978159710517088e-01
4.917775014388571786e-01
4.938091493017403022e-01
4.957007386599644461e-01
4.966152553331942832e-01
4.981799383870603726e-01
4.997113330326059533e-01
5.021374182507044592e-01
5.039693914583847079e-01
5.055432444729998087e-01
5.070792786180194911e-01
5.093574713860541392e-01
5.114464303173541504e-01
5.126548770457376447e-01
5.130744172206315179e-01
5.145532500582074009e-01
5.165168881918403843e-01
5.189323751304917298e-01
5.203106348010505533e-01
5.217603582718388644e-01
5.235635783738017413e-01
5.255277024245534889e-01
5.267556374160553556e-01
5.281148235297723481e-01
5.305648813546336440e-01
5.327515856436669806e-01
5.332733850417318289e-01
5.347238597823711359e-01
5.359039970869892144e-01
5.371726843559000431e-01
5.389558376838790021e-01
5.412801016553923095e-01
5.430236479888712608e-01
5.443011406730833279e-01
5.458540521901198428e-01
5.477058921517232726e-01
5.492590129220742412e-01
5.505929512994925945e-01
5.517435427242646240e-01
5.537135329249621707e-01
5.561812052467530743e-01
5.580242472624407091e-01
5.592962108733735560e-01
5.606915741984125345e-01
5.624219059662041165e-01
5.634314660454323720e-01
5.649492104988067531e-01
5.665945350430606764e-01
5.675313469189174898e-01
5.691382786314583830e-01
5.712353107802760066e-01
5.726798123884827563e-01
5.742307831598502110e-01
5.764651140202969870e-01
5.779558836041017722e-01
5.790435567725715771e-01
5.806034690351425942e-01
5.817925917497027699e-01
5.834766618077245059e-01
5.855569903027800782e-01
5.872255739435121580e-01
5.884226222500862358e-01
5.895624657985774064e-01
5.911813417885347643e-01
5.932673462171987877e-01
5.945791651676590739e-01
5.956932585297709526e-01
5.965570412567564595e-01
5.983294035226537355e-01
6.003865359607947205e-01
6.017250631340342881e-01
6.033292667945411303e-01
6.050563723963598983e-01
6.066200307503804012e-01
6.086346832199488466e-01
6.098498036331837513e-01
6.110108096042263792e-01
6.125313113987472802e-01
6.137282879660659329e-01
6.151382409904967430e-01
6.165050126225235516e-01
6.184246795633041582e-01
6.200613495822635546e-01
6.217576509515632122e-01
6.231983520235433449e-01
6.244905906947086915e-01
6.261107941831636214e-01
6.278205480785158388e-01
6.292856895438758702e-01
6.310106017184344829e-01
6.324723352846939317e-01
6.338004565494737008e-01
6.351614912775672694e-01
6.362474820698279521e-01
6.380665522823849578e-01
6.395443100109124979e-01
6.410706446349904164e-01
6.424905598803458684e-01
6.437701622339144780e-01
6.451423370606946817e-01
6.462792485733303005e-01
6.479243238714882391e-01
6.489714890144033799e-01
6.502185001743455706e-01
6.520714499652082718e-01
6.539175781691328737e-01
6.554125541504386421e-01
6.569210129166949130e-01
6.583979719892504301e-01
6.599053300731008154e-01
6.610881222589155559e-01
6.629873254587101972e-01
6.641298470821083155e-01
6.662137660383827820e-01
6.674347660261644721e-01
6.685721276783147538e-01
6.697954336645699502e-01
6.709497959429319147e-01
6.727151123123905618e-01
6.741927729727161811e-01
6.754817733922872103e-01
6.769300153380842788e-01
6.777286987006156949e-01
6.793974922034581310e-01
6.808232574030470552e-01
6.824076349567771427e-01
6.838618185192871790e-01
6.847883957988548653e-01
6.863697909627819449e-01
6.879255482220293372e-01
6.892300819032939341e-01
6.909786378524550576e-01
6.917607855256435734e-01
6.932280822703207335e-01
6.947690650756654929e-01
6.964673607115151599e-01
6.972426063993487633e-01
6.988310771016185141e-01
7.004552339763601143e-01
7.019144287434905261e-01
7.032289892910867923e-01
7.045052638444508908e-01
7.058394448320435277e-01
7.071824150595176217e-01
7.084072386545199329e-01
7.096352755875446894e-01
7.112629219164708916e-01
7.125481737156438289e-01
7.140091526251615139e-01
7.152263454817644472e-01
7.167805808297302850e-01
7.182527267208473898e-01
7.193990045776161857e-01
7.208055107964511654e-01
7.221826952156914503e-01
7.234652201764419921e-01
7.246666723226083962e-01
7.262622295860802213e-01
7.276254176054812728e-01
7.291821737569690320e-01
7.308968007510813214e-01
7.321044788371336987e-01
7.332591965762910169e-01
7.344488722433633043e-01
7.354347586631622136e-01
7.371297561500153028e-01
7.384511767993398035e-01
7.396908273696541913e-01
7.408788176624220290e-01
7.419529863184842755e-01
7.435812059208305458e-01
7.448251218261909834e-01
7.462408164789692266e-01
7.471868039203559686e-01
7.486933922934625452e-01
7.501748067814475451e-01
7.516609327838866816e-01
7.527804919865692668e-01
7.540442362097989903e-01
7.553410998669114473e-01
7.566240569498050572e-01
7.581740586581594554e-01
7.596313795815126113e-01
7.606018009879735864e-01
7.616467417387293715e-01
7.629613131878540955e-01
7.641343966669055243e-01
7.654500210779027203e-01
7.667443590601143999e-01
7.683637406395399383e-01
7.694998511658209805e-01
7.708913935711544374e-01
7.717253362750400303e-01
7.734847418026303822e-01
7.747305013740759527e-01
7.760126177227465449e-01
7.768961876141403655e-01
7.785422409149922451e-01
7.798876335777431557e-01
7.811469635968496528e-01
7.823429180585173004e-01
7.835345300725047313e-01
7.845486448187399819e-01
7.861711973466835035e-01
7.871812468509954419e-01
7.887415192732813995e-01
7.896750081820330669e-01
7.911682326233360207e-01
7.923453996902950491e-01
7.936500152585619361e-01
7.952802468074414710e-01
7.961901967163067528e-01
7.974616424037410667e-01
7.990920335829898580e-01
8.000809355642650722e-01
8.011657510984564468e-01
8.024382741022894061e-01
8.036606933627149507e-01
8.050580584870057343e-01
8.060224264992716936e-01
8.074263348974642929e-01
8.086850960676981170e-01
8.096890405895413867e-01
8.108567958157542055e-01
8.120827240040630057e-01
8.135080220037916865e-01
