3.810929586718856967e+02 1.434729499573550318e-04 9.236715129365078436e-01 3.542660331711632971e+00 6.472741527730570432e+00 3.255442534619380268e+00 3.554701327342078443e+00 1.345510062705977949e+00
1.639596983880228009e+00 5.873371296254961725e-14 4.610684464250600079e-01 1.759244556234380141e+00 2.943929073844262945e+00 1.579012196878022856e+00 1.280492905688570104e+00 5.570641579133700505e-01
6.391147167539982021e+00 4.083427291900841295e-06 1.002408695021623997e+00 3.723879994475718824e+00 1.224541524180777685e+01 2.736217419657978933e+00 3.085118986592900292e+00 1.309154937295370802e+00
1.517831480067513214e-02 1.667173551886054256e-06 5.239581535201489615e-01 1.481956030377139744e+00 2.359303831408483543e+00 1.258892655654574977e+00 1.259502535551923152e+00 1.016866805620036507e+00
1.141167149831868706e-03 6.757799763839144533e-07 4.314699611635867682e-01 1.179856766852531047e+00 8.459978814789266721e+00 6.912955986393353180e-01 8.109812909309863649e-01 5.738386051480657279e-01
7.265373554621838573e-05 1.180934112086328765e-07 4.287499499469017983e-01 8.900334057911672980e-01 2.812916135537809836e+00 6.624524910635278818e-01 7.624116985504288957e-01 8.428758000709456466e-01
2.399194662937999365e-05 1.186695592246347239e-16 3.378327107369306082e-01 7.768022111579164779e-01 1.605716357432095176e+00 3.354338375678954653e-01 4.756782830446558696e-01 3.993335245385591925e-01
2.217432879420462588e-05 3.082713011730477605e-08 2.011218722790211466e-01 5.426499274440790277e-01 2.835414502424412397e+00 2.943811265966040924e-01 3.282177256843332724e-01 3.001953024520844782e-01
1.783977030236375143e-05 3.793295642442534541e-08 3.019891565653470278e-01 8.283006800984534790e-01 1.478636007845422595e+00 3.677266602280562235e-01 4.830197011528276074e-01 3.847131170259011634e-01
1.678786278723388997e-05 2.177165395217947416e-17 3.451915109502323720e-01 6.492507326857409611e-01 1.162254448048761990e+00 2.962739505874675272e-01 3.863163979904226109e-01 3.516647054714575060e-01
