3.748425953511907238e+01 5.978162075404909181e-01 1.004519263589875866e+00 3.067913320652166043e+00 4.022322187409429262e+00 1.023758416688559159e+00 2.055725777972698953e+00 1.688577967190478368e+00
1.699600660658728657e+01 2.106959603363941017e-02 1.380358014100570241e+00 4.763307694568942097e+00 2.617646769675893026e+01 1.114625068532937080e+00 4.779573226983213630e+00 1.450578500405117932e+00
4.433272198956599297e-01 3.334665860848142881e-03 9.240367270039533398e-01 2.295583087883189322e+00 1.082625203744622013e+04 9.604045378119479004e-01 1.748611156733595573e+00 1.305509717302959283e+00
3.044008521523586946e-02 1.583639495298044082e-03 7.598942060957566413e-01 1.977543276621875679e+00 4.267600437812263614e+00 6.327633561206822410e-01 1.529089292679304268e+00 1.170366756899880567e+00
1.669381717683539009e-04 9.149728948058546299e-06 2.288464403699649541e+00 1.660094673545041033e+00 1.186768305749692054e+00 2.074345330970429543e-02 3.113933844968745035e+00 8.580522035124724667e-01
1.450627169636947678e-04 3.450675209449559366e-05 5.632419943418601749e-01 9.591277510128519701e-01 1.105805429049101063e+00 3.425782218300751358e-01 5.557580013597919200e-01 8.240652084753659068e-01
8.810648514739697343e-05 6.751968497947755617e-06 2.666814070903050116e+00 3.312447587223752432e+00 2.671295297452911832e+00 1.370261499893677022e-02 1.953265470750131350e+00 9.319060695779590731e-01
5.579859867884925576e-05 8.575752667148465869e-06 3.127006061029613981e+00 1.406065312592611916e+00 3.103069769492297070e+00 1.062304683397063097e-02 1.359127087933619471e+00 1.576192117228492293e+02
9.134309737420896606e-05 1.925465491537320663e-05 3.063120614811492004e-01 8.113760132914302758e-01 6.738293560768140011e+00 4.856147925130531728e-01 5.007921848782757035e-01 6.472735700109548684e-01
4.144442404849918698e-05 9.354262264328500414e-06 3.456132473938467453e-01 1.600411007146673947e+00 1.207335147888739302e+00 4.441521297265371704e-01 7.429166087021839004e-01 8.948656303492660280e-01
