2.151762067019677716e+02 2.911340655338106250e-05 9.043091381310184307e-01 3.012870466379218737e+00 5.350808557955462952e+00 2.865911679789553190e+00 3.120013193511545158e+00 1.137487815694925519e+00
3.066202464831664543e+01 1.504510901016487880e-05 7.360305741380761546e-01 2.799349285232073825e+00 5.198277902242899096e+00 2.492210296644260747e+00 2.507140843259787033e+00 1.142178369270179905e+00
2.148396476550238798e+00 1.906220090494716886e-06 8.177163716786036707e-01 2.796452606837263932e+00 7.053154298811918466e+00 2.321263260922818983e+00 2.447758153647614066e+00 1.149948467795717466e+00
1.380420439796106215e-02 1.865953505564232375e-06 5.109888640974376006e-01 1.485209410122634077e+00 2.584953551853224507e+00 1.184804135214911236e+00 1.174032946865950278e+00 9.054471573961313524e-01
6.491130959996292433e-05 1.064710225864543501e-18 3.017571001311210033e-01 7.833510404707848540e-01 2.344552479749766327e+00 3.913776352554275140e-01 4.454446893989400524e-01 4.202360298505920522e-01
3.914006249645245894e-05 2.540737552861156136e-08 3.028203830836623811e-01 8.439729645392729518e-01 2.505933999487226060e+00 5.295716411983714123e-01 6.086116053321596331e-01 5.943087416726986483e-01
2.774441503116738966e-05 4.427717263538347668e-09 3.342680173147615785e-01 8.749603510641507098e-01 1.871488354073574500e+00 4.930396447357144885e-01 5.810105402078798997e-01 5.579064418638556289e-01
2.542085807327067176e-05 7.053736210468875373e-08 2.098615355725765852e-01 5.644302501361648794e-01 2.603009919039608988e+00 3.346572855551088743e-01 3.557854665020270257e-01 4.036622852971346598e-01
1.627228766323902324e-05 1.261465654681838795e-19 2.528746344722330730e-01 5.995702381520452429e-01 1.584821954848246284e+00 3.313098129881686948e-01 3.932423734534719051e-01 4.595157278719920191e-01
1.965468330008945518e-05 1.207996893548020343e-23 2.850424174414213363e-01 6.452977001192214956e-01 1.355539437888226173e+00 3.728113190137611888e-01 4.764904544119926699e-01 4.236016523565898639e-01
