-4.628350090266116455e-03
-6.639685197340244177e-03
-8.299358932840715866e-03
-9.370389465768388937e-03
-1.213123961418217066e-02
-1.452781763767855422e-02
-1.951320827887073617e-02
-2.148587147395827901e-02
-1.982796544881600814e-02
-1.680396527544852914e-02
-1.129328210405850137e-02
-1.813089128119273891e-02
-1.439575587786104741e-02
-4.373168064000941893e-03
-7.181776006175037003e-03
2.881250153106122962e-03
1.318402121744311449e-02
3.471584500571329827e-03
5.137721036379990641e-03
1.675661937628075346e-02
2.694260047342823469e-02
3.595912800441620344e-02
5.409313168728204640e-02
6.859253169351582635e-02
5.537506835502387786e-02
6.819413959364027666e-02
9.168496546566634597e-02
9.470078763171914382e-02
1.190770757520288603e-01
1.216246886453009740e-01
1.325184710409825217e-01
1.400273508674586831e-01
1.581441261535760923e-01
1.582337678033564343e-01
1.850313588596806114e-01
2.032221676444555258e-01
2.190001084564312250e-01
2.372318576370083254e-01
2.439697847935956565e-01
2.454025020504168042e-01
2.674626241428602613e-01
2.778793397447615887e-01
2.916720845943979734e-01
3.047747840556540577e-01
3.160618509445403124e-01
3.386040195140121445e-01
3.557489626707395769e-01
3.659008755133080215e-01
3.759105965136769201e-01
4.009461217287219048e-01
4.068041581449982624e-01
4.157034574281114336e-01
4.374137546701604151e-01
4.384032130975987762e-01
4.576429731028449632e-01
4.806375998548556572e-01
4.981629402892888692e-01
5.145187941909867835e-01
5.276473535595408437e-01
5.363789633354076880e-01
5.500176067450651685e-01
5.621150322386253562e-01
5.812324983496199859e-01
5.913324683036600415e-01
6.072660765621857859e-01
6.217792204354982699e-01
6.336745030482164864e-01
6.498269087033796687e-01
6.619610977762406812e-01
6.739374625837762922e-01
6.805881668391642325e-01
7.053821832369809863e-01
7.204222554494421615e-01
7.203874749586224313e-01
7.465102141681094761e-01
7.560237043053791295e-01
7.692700607448377248e-01
7.809654751129803119e-01
7.948469942525178134e-01
8.029537711261443000e-01
8.198124976886476123e-01
8.331617961073074508e-01
8.422841982160236274e-01
8.599920711475778079e-01
8.732335321743276424e-01
8.900284348103700838e-01
9.025888007826248227e-01
9.136419079282478428e-01
9.265366839798295784e-01
9.362296303987680535e-01
9.514598856420751760e-01
9.658018364397686906e-01
9.754313672189058870e-01
9.854753543447482000e-01
9.996489407202503452e-01
1.007594473132492174e+00
1.020236642419756867e+00
1.033684000375793666e+00
1.040928486789069796e+00
1.058558113744123785e+00
1.077211196984603658e+00
1.084318123633461139e+00
1.098127116553175631e+00
1.105510422762520095e+00
1.118001916224380166e+00
1.124269776278946642e+00
1.137980339029979193e+00
1.152136801765910601e+00
1.166433087267834789e+00
1.179036525975300842e+00
1.183860751945269296e+00
1.194493820928749894e+00
1.204642271903208162e+00
1.217515293500082807e+00
1.224858284564316557e+00
1.235934472319448307e+00
1.253113263433125901e+00
1.261147746703010775e+00
1.269982668780210489e+00
1.280519715651076362e+00
1.291620018189500563e+00
1.299774264871082829e+00
1.319471843335934480e+00
1.324663045642621828e+00
1.330600662397755762e+00
1.342290693715885386e+00
1.350752165733527965e+00
1.362717558901239467e+00
1.375667441891837095e+00
1.382905488104321901e+00
1.394421815766005990e+00
1.404973375475451647e+00
1.409716587585773784e+00
1.422198826721604137e+00
1.430684054180745290e+00
1.444071010174651448e+00
1.452409323587486867e+00
1.460774130029439011e+00
1.471017246550351487e+00
1.477901232439356338e+00
1.487558650481108025e+00
1.497527832525021196e+00
1.506731835299321087e+00
1.518603765824199092e+00
1.524230389017112719e+00
1.533923994197717855e+00
1.542232989483878214e+00
1.548997982989951838e+00
1.556226073022054956e+00
1.568677845524992343e+00
1.577055997205421889e+00
1.584014673546344065e+00
1.595998775387400537e+00
1.603495510521802947e+00
1.610908922086966344e+00
1.620122314221408955e+00
1.628006675043873752e+00
1.636043194288419267e+00
1.644202170771275284e+00
1.653190753492422171e+00
1.662229633149274299e+00
1.670543598065440838e+00
1.676191280401160721e+00
1.683531480640919176e+00
1.691089378045481872e+00
1.698692867373684079e+00
1.707833366622169446e+00
1.717616486797757913e+00
1.726906060315403613e+00
1.732604311216578319e+00
1.738483414709346642e+00
1.746114661658437983e+00
1.754777790284110850e+00
1.761551912070743908e+00
1.768670018543487821e+00
1.776593104008962865e+00
1.782771232536981332e+00
1.790874893596783091e+00
1.799410134444618503e+00
1.807394483892775350e+00
1.812682145857469784e+00
1.820348233454177844e+00
1.826379658507393033e+00
1.834477765197170873e+00
1.840230849964132664e+00
1.848225152812622785e+00
1.853975796069603721e+00
1.862968402644035182e+00
1.869339331947501792e+00
1.876073565775687069e+00
1.883663015846773536e+00
1.889590651137286859e+00
1.896331680910782413e+00
1.904830087568761599e+00
1.909699615057007138e+00
1.915800567168633117e+00
1.923008880742741233e+00
1.928779385671600899e+00
1.934318597279143681e+00
1.941978619440470455e+00
1.947812545741711032e+00
1.954801933201117059e+00
1.960015280290928752e+00
1.967514005939398514e+00
1.973050572081309850e+00
1.980528723055897666e+00
1.985363871920845513e+00
1.994215735749295781e+00
2.000454786629814574e+00
2.005550032409781025e+00
2.009553731725173709e+00
2.015076404127325915e+00
2.022417317321303365e+00
2.028558415580009378e+00
2.033661268145660284e+00
2.038873791834453275e+00
2.045980006586657129e+00
2.052424871422827479e+00
2.056835019113091079e+00
2.062473844830059910e+00
2.067172981756498551e+00
2.074630927601847308e+00
2.080928691834390776e+00
2.083825987653303180e+00
2.091242377832008170e+00
2.097784287423421379e+00
2.100791408440914942e+00
2.106644117269554695e+00
2.111879663315945788e+00
2.116791401847514908e+00
2.123019543997365588e+00
2.128266705033440953e+00
2.132655656292660407e+00
2.139849251324855928e+00
2.144336716089156436e+00
2.149537174757139013e+00
2.152834473053203190e+00
2.158544009666261587e+00
2.164808160148911753e+00
2.169016654183321791e+00
2.172999770643035511e+00
2.177584909391873325e+00
2.184443783591735411e+00
2.190423826590929490e+00
2.193672924544483482e+00
2.198860140087993020e+00
2.204776190961119209e+00
2.208562097558845583e+00
2.214038773911350955e+00
2.217998276326829998e+00
2.223506403471971371e+00
2.229075379946024338e+00
2.234265771008558055e+00
2.237954003216704901e+00
2.241897406763438738e+00
2.246136718574151647e+00
2.251238874139227519e+00
2.255316395288073927e+00
2.260498335475911169e+00
2.266269714760999587e+00
2.270895111409746647e+00
2.274810592108177598e+00
2.278948373998694432e+00
2.283911070257604425e+00
2.287170810147604705e+00
2.291731225237779945e+00
2.296625065858245218e+00
2.300736592655880930e+00
2.305664947016396571e+00
2.310245877651199820e+00
2.313951074409593023e+00
2.317831418695957435e+00
2.322029319684394189e+00
2.327147570567332124e+00
2.331423237937859660e+00
2.336087662885339533e+00
2.340122221404344671e+00
2.343945316175239046e+00
2.348182192922821265e+00
2.350944780824119285e+00
2.355512499743840582e+00
2.359734026766248327e+00
2.363489348540398716e+00
2.367495351861230279e+00
2.371609653823228303e+00
2.376016942232323625e+00
2.380900302966965310e+00
2.384304255961707586e+00
2.388749236878550786e+00
2.391882833693063759e+00
2.395464862156750474e+00
2.399133143460470130e+00
2.403535684959192231e+00
2.406982148739582605e+00
2.411173757131328088e+00
2.415612509721850820e+00
2.418654128688489724e+00
2.422357769400281136e+00
2.426219477249906831e+00
2.429252273134656193e+00
2.434660172047064197e+00
2.437735305324504331e+00
2.440526525910181377e+00
2.445443576754979365e+00
2.449494926738056133e+00
2.452562690843350879e+00
2.456313116019944509e+00
2.459416907069302383e+00
2.462951747959067461e+00
2.467266446907135702e+00
2.470567072132286324e+00
2.473600304559021357e+00
2.477003891649515399e+00
2.480377927364020962e+00
2.483993870800222936e+00
2.486940029771754546e+00
2.491108934969240796e+00
2.494313251238618800e+00
2.497353601402181766e+00
2.500997825324638768e+00
2.504443761294520066e+00
2.507566756059795399e+00
2.511529124825922832e+00
2.515242821020177821e+00
2.518477974379256690e+00
2.521389474183983737e+00
2.525118511599967697e+00
2.528590722959859427e+00
2.531170214824904452e+00
2.534173980962194594e+00
2.537669997612976847e+00
2.540769940248570613e+00
2.544806976671919241e+00
2.547248482015024074e+00
2.549617683063310380e+00
2.552859449026393168e+00
2.556627402298232266e+00
2.560079101371838917e+00
2.562704491628943426e+00
2.566166179038007034e+00
2.569741549527607472e+00
2.572639869272852042e+00
2.574688069888489750e+00
2.578067721325688400e+00
2.581313430392973451e+00
2.584343612451807548e+00
2.587075115805946179e+00
2.590098045375460067e+00
2.592931484994964730e+00
2.596628878556868525e+00
2.598606329130652703e+00
2.601246276145597669e+00
2.604777024334432589e+00
2.608052222372879037e+00
2.610957192111229563e+00
2.614351023086675774e+00
2.617286734903749412e+00
2.619942200248309039e+00
2.622191096717144898e+00
2.624452190602637902e+00
2.628392781589852678e+00
2.630927124898287950e+00
2.633588417640205126e+00
2.636432750911321676e+00
2.639531693224287601e+00
2.641905147644791896e+00
2.644498030587367321e+00
2.647322635567591842e+00
2.650189485059282646e+00
2.653287758641396099e+00
2.655823104336767937e+00
2.658705673271716030e+00
2.660638619045188502e+00
2.664007712677909367e+00
2.666927124669666860e+00
2.669353245525694529e+00
2.671372456685340957e+00
2.674009878144561814e+00
2.676581585926945284e+00
2.679292789150289344e+00
2.682429417431057672e+00
2.685536653453991285e+00
2.688186603843458755e+00
2.690280191750368477e+00
2.692871699798318641e+00
2.696088354724441416e+00
2.698050290191908562e+00
2.700336246893631387e+00
2.702986396462459862e+00
2.706032837110255329e+00
2.708331979004045209e+00
2.710176915021337063e+00
2.712961522837517681e+00
2.715679769282997924e+00
2.718198657309815580e+00
2.720888290137462473e+00
2.723029996638436145e+00
2.725035177212333348e+00
2.727313758738723504e+00
2.730167680424803400e+00
2.733282031974595849e+00
2.735291679626063122e+00
2.737300101358238535e+00
2.739470175912432026e+00
2.741759981187446016e+00
2.744191746842606694e+00
2.746926756407265913e+00
2.749188102364146236e+00
2.752084977773997743e+00
2.754603802292208581e+00
2.756665417115117034e+00
2.758761751857773170e+00
2.760845142037518851e+00
2.763206984759092766e+00
2.766330373921252139e+00
2.768561949051951299e+00
2.770683137842766097e+00
2.772706411023714068e+00
2.775193855991759495e+00
2.777342229656139860e+00
2.779752379714085286e+00
2.782191812878940684e+00
2.784313706028436197e+00
2.786396668000322041e+00
2.788904546601714163e+00
2.791169572425454604e+00
2.792679764669587783e+00
2.795001630405670845e+00
2.797075453919528609e+00
2.799836013444464200e+00
2.801796346898064449e+00
2.803890159200199239e+00
2.806093754032425558e+00
2.808264302419817060e+00
2.810519549754330271e+00
2.812724115004817893e+00
2.814767490158773366e+00
2.816612471182920796e+00
2.818585380910600957e+00
2.820738413892374119e+00
2.823041480174838469e+00
2.825390871541307636e+00
2.827067456236910026e+00
2.829379076163945239e+00
2.831579777555220279e+00
2.833545204489698044e+00
2.835739073691348811e+00
2.837568544176928054e+00
2.839665143619896970e+00
2.841894201383987628e+00
2.843883945371162181e+00
2.845994856051710986e+00
2.847721110774506847e+00
2.849857146567902788e+00
2.852341470904027787e+00
2.854641823392793043e+00
2.856319125985289809e+00
2.857978290667817500e+00
2.860076079435855956e+00
2.861607172557143475e+00
2.863605256461366544e+00
2.865972709312915701e+00
2.867970679444839188e+00
2.869498603974155237e+00
2.871390622010870697e+00
2.873727735886898671e+00
2.875950980912654220e+00
2.877456147931444441e+00
2.879606464961443013e+00
2.881471755688681746e+00
2.883489886194182450e+00
2.885195090163625853e+00
2.886640849445014201e+00
2.888784235097686892e+00
2.890774933755130949e+00
2.892859568372575740e+00
2.895082051764619635e+00
2.896552422896143675e+00
2.898747830499502243e+00
2.900338335857594707e+00
2.901768154801225297e+00
2.903939543197296302e+00
2.905695497653733916e+00
2.907798089975934808e+00
2.909650020636012080e+00
2.911354280592426402e+00
2.912918147902573640e+00
2.914686646014627680e+00
2.916347937170435944e+00
2.918421256281345855e+00
2.920382770626608782e+00
2.922261828613529122e+00
2.923895272938772827e+00
2.925998233740094712e+00
2.927672049096333495e+00
2.929507475732125332e+00
2.931115623625548228e+00
2.933061322113279079e+00
2.934697522838057626e+00
2.936311569204144600e+00
2.938199923036128869e+00
2.939951684769789964e+00
2.941645757181232224e+00
2.943571697348573490e+00
2.945198327128963900e+00
2.947132424759287161e+00
2.948768971770638458e+00
2.950148939300394346e+00
2.951684985006549855e+00
2.953673409198928734e+00
2.955372201698315937e+00
2.957113003792810613e+00
