-4.639780191394927283e-03
-6.744051428332097260e-03
-8.461913967330822808e-03
-9.671287714226593432e-03
-1.267656898800611359e-02
-1.520421605701940439e-02
-2.043347446377413376e-02
-2.250770819519263763e-02
-2.074223169338333672e-02
-1.756467430844652761e-02
-1.180338323366414421e-02
-1.894058018251715617e-02
-1.504261323386300690e-02
-4.660384465934936521e-03
-7.570324476367146053e-03
2.797143518637565385e-03
1.346637788273914380e-02
3.609773088770865807e-03
5.372465500066429117e-03
1.733883661024370609e-02
2.797346021454190368e-02
3.718081240147384087e-02
5.603063795483210346e-02
7.069680371972487942e-02
5.736184926876241458e-02
7.056065006920192451e-02
9.452220306469483191e-02
9.804559313705839274e-02
1.229071639796424087e-01
1.254718101512684036e-01
1.367342699740087819e-01
1.449811423385539422e-01
1.634847430658595557e-01
1.636898991120189772e-01
1.905048397295456553e-01
2.093204946598478111e-01
2.259263723653617273e-01
2.441799968569062507e-01
2.511401679348352900e-01
2.530165679038567372e-01
2.752499599674114727e-01
2.861182801598446956e-01
3.004592704482573762e-01
3.137716547045648063e-01
3.253557592204064930e-01
3.488709725091988512e-01
3.668273971773990394e-01
3.767187720567776177e-01
3.868676004927975587e-01
4.124849893867337802e-01
4.186669848775496638e-01
4.274789797711545103e-01
4.496941675697033181e-01
4.509864145187300055e-01
4.707788812912737098e-01
4.936595479650535134e-01
5.115799989006469817e-01
5.281484578767106086e-01
5.416351324585609861e-01
5.511328169031197710e-01
5.648426503575393332e-01
5.775946898496587822e-01
5.963037501913510674e-01
6.076386906022753776e-01
6.232041533709700154e-01
6.374951872760616922e-01
6.505039032148718370e-01
6.672271773164689668e-01
6.789197847224649474e-01
6.914619074553896017e-01
6.980024483707687466e-01
7.233195358081236925e-01
7.390089118642194643e-01
7.389755588713952106e-01
7.651068676382059008e-01
7.749298858498333553e-01
7.881243342656819584e-01
8.004457700232646689e-01
8.149099224213131043e-01
8.227945017982800646e-01
8.399143556653076992e-01
8.536321385632855696e-01
8.625414046970903970e-01
8.802407494918503827e-01
8.939771709485131446e-01
9.110332987189160292e-01
9.239894696075221514e-01
9.353843200647399270e-01
9.485939301065949847e-01
9.584926816115664217e-01
9.739018032860518037e-01
9.880385491094287875e-01
9.973976977234443320e-01
1.008022861353416788e+00
1.022578992504330042e+00
1.030698295741554249e+00
1.043607814373339826e+00
1.057123782318216465e+00
1.064199666235622121e+00
1.081845807283949856e+00
1.100575430952157818e+00
1.108090199308915391e+00
1.122347825025331147e+00
1.129436436563038937e+00
1.141757552390470831e+00
1.148977001546359622e+00
1.162672381017182843e+00
1.176614409331720346e+00
1.191226924393279152e+00
1.204129442210318146e+00
1.209186842176799281e+00
1.219927813203177225e+00
1.230042451894033162e+00
1.242918107837714281e+00
1.250285094873977432e+00
1.261395562772390289e+00
1.278721003744956786e+00
1.287004026805625756e+00
1.295748890671251097e+00
1.306524625126803896e+00
1.318194646500056688e+00
1.326072325075986935e+00
1.345552675462168057e+00
1.351297198171428349e+00
1.356844336265521367e+00
1.368532931749423032e+00
1.377184236994677402e+00
1.389236965016321435e+00
1.402637405774798562e+00
1.410022598209666578e+00
1.421232365658467778e+00
1.431895860224844164e+00
1.437127545330414202e+00
1.449436503759199857e+00
1.458075186046482008e+00
1.471459206546415155e+00
1.480220266396107487e+00
1.488310273800052208e+00
1.498736835889251884e+00
1.505447734272110649e+00
1.515532476698043363e+00
1.525226434372968676e+00
1.534545990875493038e+00
1.546339193502555887e+00
1.552012835151125536e+00
1.561744641007377643e+00
1.570144005453032898e+00
1.576751472298861145e+00
1.583884837650130661e+00
1.596938633460978751e+00
1.605600896383053255e+00
1.612200359600380661e+00
1.624014032451581269e+00
1.631936669683290209e+00
1.639360078612049243e+00
1.648624798008160308e+00
1.656546137610614755e+00
1.664352678696060961e+00
1.672574022594238929e+00
1.681683832200768558e+00
1.690734814168411537e+00
1.699087629893317519e+00
1.704762761229771773e+00
1.712300897882889306e+00
1.720167791913420396e+00
1.727538181542812135e+00
1.736341730760109670e+00
1.746505276497438475e+00
1.755839624887321371e+00
1.761559057015770424e+00
1.767380263127822593e+00
1.775100205087954297e+00
1.783647996603904939e+00
1.790322954443023251e+00
1.797415518746864782e+00
1.805318801923869731e+00
1.811725728675290803e+00
1.819752908859811891e+00
1.828230046838394074e+00
1.836618686195456096e+00
1.841656495499635726e+00
1.849433182704100398e+00
1.855385795774834978e+00
1.863398935951366298e+00
1.869113832599098579e+00
1.877516714386205710e+00
1.882912014883663776e+00
1.892144360996449004e+00
1.898496113134453545e+00
1.905343700167878573e+00
1.912844915627441855e+00
1.918554469046454658e+00
1.925352013081732094e+00
1.933854643071803103e+00
1.938456426309685954e+00
1.945015827854793988e+00
1.951999431221869585e+00
1.957991103213430506e+00
1.963334356041043893e+00
1.971699658942165367e+00
1.977099702192202768e+00
1.983809678055966197e+00
1.989196172606854995e+00
1.996636871356791465e+00
2.002266810229291316e+00
2.009834833311697100e+00
2.014551343951805240e+00
2.023306109012745324e+00
2.029745756210480589e+00
2.034690473215637230e+00
2.038897398634276659e+00
2.044234529867174466e+00
2.051587888758206635e+00
2.057845691626893014e+00
2.062990606075343791e+00
2.068128186223561649e+00
2.075437152054059098e+00
2.081879304857292112e+00
2.085871095187866953e+00
2.091813087770824087e+00
2.096900848597900158e+00
2.104141404068103682e+00
2.110324310695108174e+00
2.113567164507141882e+00
2.120814325263648659e+00
2.127283435431126080e+00
2.130591882910490842e+00
2.136181780528099594e+00
2.141299875976793832e+00
2.146243779336322266e+00
2.152265081497010790e+00
2.157855794406709382e+00
2.162001245193909682e+00
2.169458055579010836e+00
2.173853459536441157e+00
2.179044215664252881e+00
2.182403179833014129e+00
2.188025640014371831e+00
2.194180812753935061e+00
2.198341521030513501e+00
2.202291499202713609e+00
2.206876499779274248e+00
2.213592407155647646e+00
2.219967408170521406e+00
2.222674246539814380e+00
2.227795124025055973e+00
2.234116276641488597e+00
2.238225148253730978e+00
2.243277833306481561e+00
2.247155602286844633e+00
2.252994035454412014e+00
2.258604524557525028e+00
2.263674895640546580e+00
2.267393713942861933e+00
2.271266069697749579e+00
2.275275825650151518e+00
2.280206103323356714e+00
2.284402586757362741e+00
2.289878086444901317e+00
2.295385001327460373e+00
2.300435433191666323e+00
2.304236303368682126e+00
2.307897293371765191e+00
2.312969363414303370e+00
2.316395195733510715e+00
2.320930909340028769e+00
2.325891773690591080e+00
2.329858808374521306e+00
2.334730448214022314e+00
2.339566901769192686e+00
2.343329778167995148e+00
2.346778313859083198e+00
2.351087298711291851e+00
2.356351776875669213e+00
2.360649465809410597e+00
2.365404801423569570e+00
2.369292095855001890e+00
2.372905865196238029e+00
2.377253091670952667e+00
2.380133414381003565e+00
2.384416736963628214e+00
2.388904043468028426e+00
2.392689634461648396e+00
2.396305141832818730e+00
2.400802811999489972e+00
2.405306169822450713e+00
2.409902500666047498e+00
2.413319947793972187e+00
2.417880681290222267e+00
2.421085290015944747e+00
2.424624928790060086e+00
2.428064869741056953e+00
2.432512421382272194e+00
2.436003672560604905e+00
2.440100348331823099e+00
2.444626742383632756e+00
2.447729751432436984e+00
2.451297291281717694e+00
2.455159380764857069e+00
2.458466180262787848e+00
2.463434039019313460e+00
2.466719599969271481e+00
2.469622919088897639e+00
2.474341950183305716e+00
2.478273425601122515e+00
2.481473677769672648e+00
2.485426907325722912e+00
2.488617610755257559e+00
2.491706649039578281e+00
2.496084979562498418e+00
2.499661413046020186e+00
2.502687235417410339e+00
2.505942865914638329e+00
2.509459593361545338e+00
2.513083826688106370e+00
2.515950236842962706e+00
2.519953750548324489e+00
2.523210878290853998e+00
2.526368784571739745e+00
2.530012412691684087e+00
2.533282402769249764e+00
2.536368054281309625e+00
2.540406022181326051e+00
2.544374549805115571e+00
2.547435143406103553e+00
2.550360749349033007e+00
2.554305332152647434e+00
2.557516845426993868e+00
2.560081309131919003e+00
2.563171499111595253e+00
2.566706380288869660e+00
2.569594020884535812e+00
2.573834514804981488e+00
2.576080353043989302e+00
2.578730307098776375e+00
2.581746117985864508e+00
2.585682024076240371e+00
2.589026855066516752e+00
2.591575400610547142e+00
2.595216791094006936e+00
2.598709150924254363e+00
2.601580047751576252e+00
2.603723269250360239e+00
2.607022281425112276e+00
2.610263442753229857e+00
2.613124834692686527e+00
2.615998983552317636e+00
2.619167735574349454e+00
2.621918254968416573e+00
2.625681617649120003e+00
2.627449502474322518e+00
2.630154512490886276e+00
2.633853450478730540e+00
2.637036759709920020e+00
2.639968237659948258e+00
2.643304821690277695e+00
2.645972218262422793e+00
2.648728345910688731e+00
2.651114218610414852e+00
2.653390693998201044e+00
2.657104629259171347e+00
2.659966291971043173e+00
2.662694679262470387e+00
2.665383037432113689e+00
2.668271406537749080e+00
2.670850167641613204e+00
2.673402530134791899e+00
2.676194699300611379e+00
2.678931753694350881e+00
2.682131782249553176e+00
2.684806919722566576e+00
2.687534593571573982e+00
2.689821784259786241e+00
2.693026057471523238e+00
2.695886447141011111e+00
2.698324774182153885e+00
2.700264455359566718e+00
2.703000168913419543e+00
2.705507394923426290e+00
2.708300020869292002e+00
2.711366853412654265e+00
2.714709389895820113e+00
2.717170545446576657e+00
2.719335439848950209e+00
2.721749928382250161e+00
2.724844913674084435e+00
2.726942719469958920e+00
2.729406819624840441e+00
2.732033785443887197e+00
2.734719577034180560e+00
2.737084375508571199e+00
2.739245457346180412e+00
2.741794123527721450e+00
2.744698717210390715e+00
2.747185201188135029e+00
2.749755342727413954e+00
2.751974577612813277e+00
2.754097948436804444e+00
2.756501903525893749e+00
2.759132897965833386e+00
2.762216375392055667e+00
2.764292904494791259e+00
2.766131712831192857e+00
2.768431024568069443e+00
2.770616045317790377e+00
2.773045284246446585e+00
2.775906382653843263e+00
2.778387386522451763e+00
2.781059603301025973e+00
2.783499901507220819e+00
2.785481545233443601e+00
2.787839405401452364e+00
2.790002302132575274e+00
2.792134066357466082e+00
2.795300791980068755e+00
2.797204883106215512e+00
2.799526847123741558e+00
2.801660453280474972e+00
2.804127609641865249e+00
2.806080937871745284e+00
2.808745604855869882e+00
2.811188283929613618e+00
2.813440316247774575e+00
2.815329988720137067e+00
2.817920347366521749e+00
2.820269216076619401e+00
2.821624262010964390e+00
2.824092629722297687e+00
2.826385424958617332e+00
2.828755733598476763e+00
2.830959281438852670e+00
2.833005298259349658e+00
2.835267904570712094e+00
2.837556793519741660e+00
2.839728786005650374e+00
2.841949224454835221e+00
2.844075928835037015e+00
2.845803685997058796e+00
2.847748722604709570e+00
2.849835604577335868e+00
2.852326496541627954e+00
2.854573781498972451e+00
2.856062903341803683e+00
2.858323349725543583e+00
2.860713901159062988e+00
2.862795444329333527e+00
2.864956416480491264e+00
2.866744996514494659e+00
2.868711774921860691e+00
2.870994942612421053e+00
2.872964991415203784e+00
2.875201135079985981e+00
2.876990236077014096e+00
2.879029167179017357e+00
2.881403909541992547e+00
2.883703588425051922e+00
2.885672821221081819e+00
2.887362840986295254e+00
2.889489089197791571e+00
2.890845554218071101e+00
2.892962476454208787e+00
2.895197187117215076e+00
2.897209906933619017e+00
2.898707200053469712e+00
2.900694964242291007e+00
2.903034476089906057e+00
2.905235811710486615e+00
2.906841804901587167e+00
2.908601504855061748e+00
2.910799270831919916e+00
2.912796664968025695e+00
2.914477552632305901e+00
2.916142039705078570e+00
2.918075679849278625e+00
2.919989267590021420e+00
2.922151663337555938e+00
2.924599959822690387e+00
2.925935618438113561e+00
2.927972690295375546e+00
2.929465937986577728e+00
2.931147699481526203e+00
2.933196774020085940e+00
2.935342182562886038e+00
2.937219116769504090e+00
2.939035899983964750e+00
2.940760929829650205e+00
2.942364627029763646e+00
2.944234210367064897e+00
2.945654976048075024e+00
2.947833728112162266e+00
2.949637052828260053e+00
2.951498977822987868e+00
2.953320777741069048e+00
2.955431075849836109e+00
2.957033224614323164e+00
2.959013123501414544e+00
2.960757481159757898e+00
2.962629864291234316e+00
2.964109962198553383e+00
2.965993311235623153e+00
2.967778864165907748e+00
2.969490793402559170e+00
2.971238420757105647e+00
2.973005973076668695e+00
2.974793581311380830e+00
2.976675855082606681e+00
2.978338988948092236e+00
2.979829836251833619e+00
2.981317657217110284e+00
2.983134739784962353e+00
2.984925106610312628e+00
2.986689445397801901e+00
