-4.586335432530196099e-03
-6.082309390942108700e-03
-7.446123316084581056e-03
-7.806802361437767575e-03
-9.321306917081344581e-03
-1.106152452024916633e-02
-1.477989825063835867e-02
-1.622896820838742871e-02
-1.511424251896707066e-02
-1.283306748787363914e-02
-8.596425351248602673e-03
-1.388049138067389172e-02
-1.091818927710453899e-02
-2.793783117944446514e-03
-5.003671998335497938e-03
3.379166130376954312e-03
1.172879386962591246e-02
3.101059286810647908e-03
4.345629819751897598e-03
1.402478248107439859e-02
2.194288178456126406e-02
2.985945983259035222e-02
4.432228264005647067e-02
5.761833268031011507e-02
4.544101801341940416e-02
5.611269968919042200e-02
7.678523673465974253e-02
7.751052336637317963e-02
9.886832066036495281e-02
1.015104403998718929e-01
1.103290615585011680e-01
1.142107171651389474e-01
1.300254021597064824e-01
1.300626789024924568e-01
1.559128613105635053e-01
1.707577487366775115e-01
1.821841729987551117e-01
1.997098586242082863e-01
2.056660449286075720e-01
2.048511961891415489e-01
2.255627795533844127e-01
2.337715328176376839e-01
2.446747820597541534e-01
2.564652787684501001e-01
2.657767620728572755e-01
2.833352114975646319e-01
2.959999962372801274e-01
3.073982416444180910e-01
3.173771865915618329e-01
3.385127394698305148e-01
3.426565640650766076e-01
3.519380289051736721e-01
3.708395235305851911e-01
3.705233609731013456e-01
3.864089923563489015e-01
4.096011760917772637e-01
4.250720943682215203e-01
4.401797767878962153e-01
4.510077296157192217e-01
4.558030421293214340e-01
4.685744501936397466e-01
4.779715720447997307e-01
4.977699255380611532e-01
5.030031278615977319e-01
5.196155201044504457e-01
5.356293686821630429e-01
5.420739349574515975e-01
5.541576022019421011e-01
5.680433109017163362e-01
5.775549104048477433e-01
5.846014029594652772e-01
6.063626535721450272e-01
6.182035089835651309e-01
6.187440041653290423e-01
6.435485930471338545e-01
6.517501882363190280e-01
6.651486838969354887e-01
6.737403644376976919e-01
6.834765502847968133e-01
6.936037221538622344e-01
7.092793151418882447e-01
7.202920116855129340e-01
7.313924960192750291e-01
7.481957784553514568e-01
7.575161177914579991e-01
7.726822703371126755e-01
7.839461859816203582e-01
7.931277442699125046e-01
8.052721239661750907e-01
8.139398668292356920e-01
8.276074719748079955e-01
8.427030599320892712e-01
8.537142475840695521e-01
8.602853482172324595e-01
8.724504093717462272e-01
8.812492524636766911e-01
8.907539051912027883e-01
9.045934057258109284e-01
9.129386662543338415e-01
9.289471534895296090e-01
9.457162517989394779e-01
9.517876118937151908e-01
9.618400985034700756e-01
9.730536063870789398e-01
9.848968775352737737e-01
9.877928546658233389e-01
1.000641081765148099e+00
1.015534614266387248e+00
1.027247602998824005e+00
1.038205323906871147e+00
1.042835346964231080e+00
1.053088142025761842e+00
1.063142365590179494e+00
1.075626958413850476e+00
1.084437620113125389e+00
1.094581231638306784e+00
1.108922212935624652e+00
1.117848696223324501e+00
1.126510264111494353e+00
1.135400980951055239e+00
1.144224304207178244e+00
1.152993163434693935e+00
1.170948596096504035e+00
1.175094821770408027e+00
1.184153842905088627e+00
1.194894769452354399e+00
1.202473614766789822e+00
1.213116523161611227e+00
1.223998272883357608e+00
1.232237872125074407e+00
1.243408680818571144e+00
1.252919468674397852e+00
1.257975946740707673e+00
1.269816437585036262e+00
1.277312540651835970e+00
1.289137480053938800e+00
1.296638283119395663e+00
1.306585821381216039e+00
1.315177563985646669e+00
1.323679733407468362e+00
1.331806960648880711e+00
1.341426772937567291e+00
1.350679144374465457e+00
1.362139106256857968e+00
1.367901748297851050e+00
1.377665810154819370e+00
1.385043138196978774e+00
1.391887701047275216e+00
1.400521312402533969e+00
1.409400165228632540e+00
1.416704389429141564e+00
1.425054187478187684e+00
1.436579536573099114e+00
1.443870787331663630e+00
1.451321616892707222e+00
1.459278447969789561e+00
1.466189084919012453e+00
1.474841683062739994e+00
1.484977185963282986e+00
1.492597167836952066e+00
1.500801607167115526e+00
1.509085795480155312e+00
1.514593237322287456e+00
1.521219139256741126e+00
1.527769790096631164e+00
1.536920328434460137e+00
1.547014210017338520e+00
1.554880852733189656e+00
1.563638394127227604e+00
1.569297267906035298e+00
1.576067460066257420e+00
1.583161817655047043e+00
1.591797813000932926e+00
1.599584980322552141e+00
1.606151740222295565e+00
1.614146437666673206e+00
1.620526817222797789e+00
1.628540709399804554e+00
1.636570808421143886e+00
1.644209241093672613e+00
1.650105382869468729e+00
1.656071635252894136e+00
1.663523465194279849e+00
1.671401472677342293e+00
1.677857095001495269e+00
1.684285679947836956e+00
1.691725683207128572e+00
1.698483123095066105e+00
1.705466846457986518e+00
1.710200443804754444e+00
1.719376744207671059e+00
1.726415245385403807e+00
1.731499417835915766e+00
1.740463781989711523e+00
1.746641573049219964e+00
1.751446050420309541e+00
1.759366944182569670e+00
1.764427025426745566e+00
1.771522686888149511e+00
1.775986246745227648e+00
1.784398934268227821e+00
1.791369078822241168e+00
1.795385808237736081e+00
1.803524008292439973e+00
1.809200175210506467e+00
1.815668642143896783e+00
1.822881659900073448e+00
1.831512601438599619e+00
1.835707022505775887e+00
1.840979796720390693e+00
1.845975084247505116e+00
1.851861709841692516e+00
1.859352488629123501e+00
1.863767614960742947e+00
1.869616222476414791e+00
1.876621932947363680e+00
1.882314953773244870e+00
1.888420391288176958e+00
1.894222569559618208e+00
1.898553390944719199e+00
1.903588843930049901e+00
1.910754743295236091e+00
1.916454583792118083e+00
1.920180641644087194e+00
1.926838950394750061e+00
1.932618058152627993e+00
1.935305765715316983e+00
1.942710874198960491e+00
1.949407417292638556e+00
1.954895467401644771e+00
1.960832438372276165e+00
1.965552080075339658e+00
1.971085809161279512e+00
1.976149017140182318e+00
1.981737722083126929e+00
1.986957535496344240e+00
1.990793694165581273e+00
1.996525214171617879e+00
2.003391551411479288e+00
2.008751985547981622e+00
2.012056567871454149e+00
2.017333658604515190e+00
2.024977900496205407e+00
2.027712532299720039e+00
2.032113082164601181e+00
2.038281096475052401e+00
2.043670064637479911e+00
2.047167103569384583e+00
2.053065634417968077e+00
2.057828056324747745e+00
2.063143329819904004e+00
2.068611523285945442e+00
2.073104677722261258e+00
2.077084773937333040e+00
2.081108191936914764e+00
2.087576863986364106e+00
2.092056380755721978e+00
2.096137058447981261e+00
2.100673307897919173e+00
2.106511674923571054e+00
2.110444263333832726e+00
2.115026989766793708e+00
2.120361119969663477e+00
2.125465261057249311e+00
2.128293150580640614e+00
2.132722613489588692e+00
2.138815899384728159e+00
2.142031790175253025e+00
2.147164272973074439e+00
2.151501883779710855e+00
2.155229473708783150e+00
2.160616136785261432e+00
2.164377504574284572e+00
2.169359322412770297e+00
2.174369234093164849e+00
2.178455362491175329e+00
2.182324666300284211e+00
2.186474362831927643e+00
2.191283571327231172e+00
2.194486747986463371e+00
2.199057029182521550e+00
2.203380115295793029e+00
2.207248298736447012e+00
2.211349655341497744e+00
2.215897846304729413e+00
2.219777789385077860e+00
2.223937786215904211e+00
2.228628918930753766e+00
2.231928417753353600e+00
2.235920448856074660e+00
2.239993344041179224e+00
2.244098637341075619e+00
2.248920662202394727e+00
2.252590723265187389e+00
2.255800176756642461e+00
2.259869197580937517e+00
2.263718912228985136e+00
2.267386814340086598e+00
2.271161736734556680e+00
2.274529802658117994e+00
2.280131233224769183e+00
2.283511468739961359e+00
2.285792116301040178e+00
2.291175363829740519e+00
2.294614278035277621e+00
2.298062196699645288e+00
2.302377727551051301e+00
2.306352554061198656e+00
2.309489104360310296e+00
2.312928524904011240e+00
2.316904941603381118e+00
2.320104265938242261e+00
2.323977923519111144e+00
2.327840624128832303e+00
2.331090917563700682e+00
2.333974779448539483e+00
2.338179121994663934e+00
2.341855113167893965e+00
2.344565417247610029e+00
2.347941252450668426e+00
2.352108595670624247e+00
2.355778105842011971e+00
2.359141428384939232e+00
2.362763505116620699e+00
2.365887461757594235e+00
2.369295371151330265e+00
2.372768292608684160e+00
2.375897535570568930e+00
2.379462375127334717e+00
2.383076390954820933e+00
2.386063436484497036e+00
2.388862048177657016e+00
2.392893644590157631e+00
2.396111888456258221e+00
2.399355846445843987e+00
2.402857502146910296e+00
2.406621243890883832e+00
2.409764024729355913e+00
2.412616293483292651e+00
2.415360041029336990e+00
2.418938765415392211e+00
2.422141679604578268e+00
2.424339723227916910e+00
2.427247183513388862e+00
2.431048798520039522e+00
2.434440232052629050e+00
2.436996282122859903e+00
2.440191313010868779e+00
2.443957003505988990e+00
2.446758107292782647e+00
2.449624711280611766e+00
2.452558968250126981e+00
2.455210001710974144e+00
2.458584406055658533e+00
2.462154664288640937e+00
2.465497504720463251e+00
2.468285799331414676e+00
2.470962098691855680e+00
2.473248367760801258e+00
2.476585245573196481e+00
2.480046646742990024e+00
2.482411495621959840e+00
2.484459167051063400e+00
2.488172819486933918e+00
2.491625994097001140e+00
2.494414550576117051e+00
2.496531866083830487e+00
2.499549542621855025e+00
2.502004519450111708e+00
2.504851006799511115e+00
2.507786891944260965e+00
2.510681715494832211e+00
2.513259439785592075e+00
2.516434962593485647e+00
2.519760443856038812e+00
2.521977980124070040e+00
2.524537313840656161e+00
2.527250599307854007e+00
2.530353762042328647e+00
2.532940619514263414e+00
2.535040231317646331e+00
2.538136149172085965e+00
2.541203654009036583e+00
2.543417524900014381e+00
2.546341580559020379e+00
2.549575787833747054e+00
2.551578553359994395e+00
2.554004883351522981e+00
2.556693929866980408e+00
2.559505441172663431e+00
2.562040305611602786e+00
2.564069942312735773e+00
2.566635213182848929e+00
2.569251906971934396e+00
2.572121159685638592e+00
2.575024384515109510e+00
2.577306295371787570e+00
2.579507574908042056e+00
2.581715739419188971e+00
2.584549516194635910e+00
2.586992203024182313e+00
2.589224856549147358e+00
2.591779094947790352e+00
2.594398098086764914e+00
2.597105748685529125e+00
2.599188910343666947e+00
2.601606533862526049e+00
2.604172709263083973e+00
2.607232064100894586e+00
2.610007353711115918e+00
2.611860928558929373e+00
2.613794523300930095e+00
2.616350814225840704e+00
2.618251217242249851e+00
2.621208877679674920e+00
2.623542766109168145e+00
2.626027868176959768e+00
2.628333835100365334e+00
2.631186360869652408e+00
2.633262509923255834e+00
2.635734043714470509e+00
2.637572866252204662e+00
2.640396392164289896e+00
2.641990329275339278e+00
2.644728871932216396e+00
2.647148082649370071e+00
2.649010578089356471e+00
2.650683263816343338e+00
2.653429200349352701e+00
2.655631419701770746e+00
2.658162022610985886e+00
2.660206219849808207e+00
2.662436562929885842e+00
2.664305628682398730e+00
2.666667336900104601e+00
2.668686275480585124e+00
2.671143865797844352e+00
2.673118270729170742e+00
2.675325263841979773e+00
2.677587458144627064e+00
2.679860686901717859e+00
2.681995043862740236e+00
2.684042339833912383e+00
2.685927231045595942e+00
2.688365796630442173e+00
2.690466103373019724e+00
2.692753205228328728e+00
2.694838372218005151e+00
2.696847917312226617e+00
2.698897252175330941e+00
2.701366573861578413e+00
2.703251119077665798e+00
2.704743796303779035e+00
2.706968653944797243e+00
2.709207559283770106e+00
2.711339760862725878e+00
2.713869816883014874e+00
2.715886841101899041e+00
2.717289294137032574e+00
2.719242855439465423e+00
2.721177904800901715e+00
2.723558793139309930e+00
2.726065032170034819e+00
2.727511185698078933e+00
2.729678101788342026e+00
2.731487008999820887e+00
2.733609178741942980e+00
2.735494643889713196e+00
2.737194910908103740e+00
2.739451502775043679e+00
2.741185091605180091e+00
2.743064493812977567e+00
2.744969567321943860e+00
2.746691730556400479e+00
2.748893291026162533e+00
2.750834371558743108e+00
2.752743321395272336e+00
2.754929135749875968e+00
2.756478471193232860e+00
2.758536940433784057e+00
2.760486991193292106e+00
2.762078870550295662e+00
2.763983111237545032e+00
2.766033317984006867e+00
2.768408614903610232e+00
2.770285734871677175e+00
2.771749455158749598e+00
2.773492707192395823e+00
2.774928757117172573e+00
2.777184035517931360e+00
2.778897294971908849e+00
2.780341245648445980e+00
2.782343303737242923e+00
2.784238864767877075e+00
2.786350633344333527e+00
2.788281010382279934e+00
2.789981544680919523e+00
2.791913581014613399e+00
2.793207593741891870e+00
2.795333755524992636e+00
2.797285981401094190e+00
2.798728739717848857e+00
2.800553449134966399e+00
2.802344223885975705e+00
2.804256580566605983e+00
2.806051107010100409e+00
2.807795617476821270e+00
2.809122091095937801e+00
2.811126572335065354e+00
2.812794907327573757e+00
2.814385613734415870e+00
2.816119835052851794e+00
