-4.563897059783664917e-03
-5.163466338847416508e-03
-6.063815815756453884e-03
-5.215742766512138258e-03
-4.645707193981058435e-03
-5.282480584312977331e-03
-6.820759837193384953e-03
-7.420822046283260739e-03
-7.206823710349654320e-03
-6.148463386556192282e-03
-4.152950611157227995e-03
-6.831193839396129154e-03
-5.044000042700444615e-03
-3.386549021413239654e-04
-1.194352828043141520e-03
3.860615727553974932e-03
8.639687288574731880e-03
3.174013294808283522e-03
3.704357164508804284e-03
9.350702366214040662e-03
1.343824185055035939e-02
1.863234809693782926e-02
2.656709909028368358e-02
3.602913157681173623e-02
2.776355977839742306e-02
3.418167604482449939e-02
4.789756430397518194e-02
4.624944726584281213e-02
5.989790347657563546e-02
6.277878905282470445e-02
6.737602092622142769e-02
6.651663231050894409e-02
7.676637424040419488e-02
7.811616912874891350e-02
9.756421660966317633e-02
1.061419867776225850e-01
1.103825251565421495e-01
1.235650839534690459e-01
1.288490047493212609e-01
1.252810760702255943e-01
1.404917409860575728e-01
1.451430552689605136e-01
1.510240611657802101e-01
1.584674231115978382e-01
1.627547380959701029e-01
1.735474411510669057e-01
1.792805686327273718e-01
1.895768181224120885e-01
1.998644308984077744e-01
2.110107136225509439e-01
2.122678626491825982e-01
2.214818091060170024e-01
2.350285893342134724e-01
2.337114652911609358e-01
2.414324119288142889e-01
2.594026371628345151e-01
2.709036996698243049e-01
2.828941875791037841e-01
2.886901132157198013e-01
2.883272756340753973e-01
2.979563225013518446e-01
3.036330502702777046e-01
3.162278311907441575e-01
3.224468462333264784e-01
3.308252371890101351e-01
3.460401676486680733e-01
3.505663551630802122e-01
3.530823304170014332e-01
3.639794094449697592e-01
3.725166223048387293e-01
3.793824084326597457e-01
3.954170905972900218e-01
4.013636266996359336e-01
4.020649096638572728e-01
4.206352076732890466e-01
4.258378573164840475e-01
4.361648830153882495e-01
4.431143983122007857e-01
4.447538528022018101e-01
4.574934902708666651e-01
4.701492583306293715e-01
4.773343047895077795e-01
4.880464924637759605e-01
5.019840712428826901e-01
5.035447178823310166e-01
5.105464837548614465e-01
5.214319710217515391e-01
5.296056425356072683e-01
5.418315348657902764e-01
5.446511119770383047e-01
5.525530271728164022e-01
5.662522006227862503e-01
5.747274165165588977e-01
5.788558255733649016e-01
5.874410740424446109e-01
5.995757851844318864e-01
6.033295730851662153e-01
6.178529963116453638e-01
6.211058032715270905e-01
6.326385048187274096e-01
6.390329115020620954e-01
6.500538684048833282e-01
6.547529975083371534e-01
6.683380301852774874e-01
6.740301719174062178e-01
6.753800427221534619e-01
6.887845054671576372e-01
6.946678320346741931e-01
7.044492588314612558e-01
7.104803759588408374e-01
7.191520849163928197e-01
7.261442928608269343e-01
7.329898934481535733e-01
7.443519132110830716e-01
7.563877421363837117e-01
7.571229274599887704e-01
7.669277566746869335e-01
7.799937543701243037e-01
7.868686804687297087e-01
7.913572271034868821e-01
7.998810307810102493e-01
8.061480641769026567e-01
8.133141910792696105e-01
8.189052271225346624e-01
8.313109374248331962e-01
8.417534585115207246e-01
8.481758342648966220e-01
8.520974726306103086e-01
8.618769400111050416e-01
8.717817768161556513e-01
8.751909196212401820e-01
8.836784195735849501e-01
8.937170190297224481e-01
8.989429082094165802e-01
9.028158755259181323e-01
9.148245911757890703e-01
9.249289485435455704e-01
9.302041987188467420e-01
9.372450192754872011e-01
9.433342725591472577e-01
9.524493433461336256e-01
9.583420869492940142e-01
9.669339757202014551e-01
9.757181010442522728e-01
9.820754846789931936e-01
9.907684808275153410e-01
9.956404345643034004e-01
1.003269782379304642e+00
1.012396792286453406e+00
1.019246125560168137e+00
1.022892920346204937e+00
1.030845713568563582e+00
1.037510987526384376e+00
1.044793007966700493e+00
1.052920431861236183e+00
1.060403480488496752e+00
1.063855786760714572e+00
1.071841913648537314e+00
1.086066864083615524e+00
1.089212759542519837e+00
1.097665396262435200e+00
1.102658531140621179e+00
1.108420137232768443e+00
1.115856662138716704e+00
1.121542302864104057e+00
1.130269514554818722e+00
1.139004476462692317e+00
1.143992257627879816e+00
1.149239870993778334e+00
1.156208965538194411e+00
1.164946182451277013e+00
1.173889130755386034e+00
1.179463428065060659e+00
1.186047633169573512e+00
1.192375141258955606e+00
1.198416042868459597e+00
1.204869743008588401e+00
1.209883398124608433e+00
1.216605244655469154e+00
1.223520812055931772e+00
1.227349715594265867e+00
1.234333450909437024e+00
1.243979265690562830e+00
1.248909249684131639e+00
1.254759574992152071e+00
1.261542060237304197e+00
1.268192352578764837e+00
1.274802040966324101e+00
1.282001815487207041e+00
1.285626207261880705e+00
1.293674890382312093e+00
1.298115503855240105e+00
1.304851161023945272e+00
1.312418144642736539e+00
1.316506585551123321e+00
1.324342799572812535e+00
1.329606762527506980e+00
1.336112509461454545e+00
1.342983336706980335e+00
1.348833269599559737e+00
1.354944415066226204e+00
1.358716866977049964e+00
1.365333609120328084e+00
1.372900382055927571e+00
1.377188980927451789e+00
1.383160003814645655e+00
1.391226263132233409e+00
1.396327603178787680e+00
1.400975339308902612e+00
1.406701053848959937e+00
1.414138417597152086e+00
1.416740067119313329e+00
1.422611343077033741e+00
1.431061771170633046e+00
1.435293785100354658e+00
1.441007528503608137e+00
1.446688349427017295e+00
1.452768497447457063e+00
1.457873226112276432e+00
1.463958856212925541e+00
1.470162316277620285e+00
1.475384773005814720e+00
1.480059124362391509e+00
1.485765323667548543e+00
1.493568020567499932e+00
1.496771323297657608e+00
1.503751634407578530e+00
1.508796610677105798e+00
1.514579581161239252e+00
1.520209605943522835e+00
1.524378589816658414e+00
1.528951655593018932e+00
1.534387874303388077e+00
1.541505652505835489e+00
1.547358426271635112e+00
1.549494348494642404e+00
1.555060140903359311e+00
1.561716922669812657e+00
1.567796032656426641e+00
1.573226991992750623e+00
1.576606948433824540e+00
1.582191573119964056e+00
1.586912986454619201e+00
1.592367046967095412e+00
1.597712771258819719e+00
1.602797462351390534e+00
1.608510794892666018e+00
1.613764790772466373e+00
1.618588470044497463e+00
1.623672694904916725e+00
1.628153212533971050e+00
1.632792045843053153e+00
1.637613213498864795e+00
1.642080115687084563e+00
1.647662271761236141e+00
1.653747640852057499e+00
1.658835231815138478e+00
1.663443968926433092e+00
1.667310258501418563e+00
1.672327696681734421e+00
1.676571112662092800e+00
1.681650055142584366e+00
1.687593337749294209e+00
1.691572244216429599e+00
1.695684298817490498e+00
1.700798907411572802e+00
1.706285055442854137e+00
1.710768518895585899e+00
1.714850709055269595e+00
1.719529724489436751e+00
1.724919794782054261e+00
1.730699057750988423e+00
1.735380243567544500e+00
1.738581988991948712e+00
1.741660765822583334e+00
1.746930011572135344e+00
1.752304088235459023e+00
1.758181891245471418e+00
1.762829995079313816e+00
1.765139929767466143e+00
1.769371729023721418e+00
1.775686826142381936e+00
1.781695171811655820e+00
1.783209346205291368e+00
1.786656692078566921e+00
1.792514337488607890e+00
1.797315861916506163e+00
1.801225398971746383e+00
1.805857977012288895e+00
1.809992275665412098e+00
1.814150657012784773e+00
1.818076437249699140e+00
1.823062158362847907e+00
1.828652353500665351e+00
1.831140982103288017e+00
1.834431698325006410e+00
1.839717557394448200e+00
1.845024202252110612e+00
1.848327326400398540e+00
1.851913788014855067e+00
1.857893621597157541e+00
1.862254614097292871e+00
1.865381204926139347e+00
1.870289428599819059e+00
1.874438500684563635e+00
1.877853510855343355e+00
1.880936924314604575e+00
1.884275996931575881e+00
1.888896484163792966e+00
1.892865698348109582e+00
1.897134460286245217e+00
1.901497987901851205e+00
1.905395650634258864e+00
1.909095940076375397e+00
1.913327627584299861e+00
1.917459817652471310e+00
1.922543216204605221e+00
1.926515015889524340e+00
1.929838970069047921e+00
1.933274356734987931e+00
1.937596810491150956e+00
1.942056119279075732e+00
1.946055245612831497e+00
1.949495485463231148e+00
1.952968739771693274e+00
1.956670790150516925e+00
1.961343315232672913e+00
1.965140864206501581e+00
1.968133150363802653e+00
1.971684440420600648e+00
1.976099582535202570e+00
1.979476387030190132e+00
1.982737416915606676e+00
1.986384424801288517e+00
1.990675517592312094e+00
1.994516504919511490e+00
1.997770926840356953e+00
2.001396049113270070e+00
2.004741442816976082e+00
2.008356003956992097e+00
2.012396053195205425e+00
2.016122325650694602e+00
2.019690873000583142e+00
2.023052704586278505e+00
2.025992531447451395e+00
2.029994484874042104e+00
2.033735364291885173e+00
2.037670551846001210e+00
2.040895657766486071e+00
2.044312190195064272e+00
2.047428667689862536e+00
2.050827620495269787e+00
2.055053911336359285e+00
2.058511614608946605e+00
2.061561927495218605e+00
2.064415538488796109e+00
2.068021661596362470e+00
2.071603020157047670e+00
2.074516847094020733e+00
2.077575758232537151e+00
2.080884764907661388e+00
2.084689343016302487e+00
2.088646888044237926e+00
2.092019634479492574e+00
2.095568050453266995e+00
2.099093068329504153e+00
2.101449464883613949e+00
2.104309708112356958e+00
2.108210590538139861e+00
2.111208900208018324e+00
2.114710518854157062e+00
2.118005021997305892e+00
2.121701275920472529e+00
2.124966005470688035e+00
2.127563531340582959e+00
2.130592407159611845e+00
2.133786743738924851e+00
2.136966516330984334e+00
2.139854847474643051e+00
2.143067593400792781e+00
2.146536481142819142e+00
2.149773919654891952e+00
2.153021321887976125e+00
2.156178427258490071e+00
2.159093427839555268e+00
2.162186266395710099e+00
2.165263024003207804e+00
2.168677244269325843e+00
2.172252428758048026e+00
2.174921023785914898e+00
2.177455183283488083e+00
2.180024867347230000e+00
2.183532417286448535e+00
2.187312697936089290e+00
2.189696413367460348e+00
2.191992916343595610e+00
2.195749257379986386e+00
2.198717438181335915e+00
2.201525002796079544e+00
2.204338132732885480e+00
2.207526196292684428e+00
2.210300473775196117e+00
2.213103915623138018e+00
2.216032547180412760e+00
2.218929985765992097e+00
2.221760704550862275e+00
2.224473014197515308e+00
2.227544261851357899e+00
2.230509153562468150e+00
2.233756932296535158e+00
2.236496569975129578e+00
2.239180383437171962e+00
2.241924177480328684e+00
2.244900232826257724e+00
2.247418345257922834e+00
2.249751425762030799e+00
2.253203467009683436e+00
2.256200127324767379e+00
2.258420218656281619e+00
2.260827250287213541e+00
2.264201118646780753e+00
2.267090032352501616e+00
2.269958679012326730e+00
2.272509219768973132e+00
2.275149813685667155e+00
2.277908823493656421e+00
2.280375798783158547e+00
2.282745258531061250e+00
2.286188799847503450e+00
2.288961570457059835e+00
2.291096111475570574e+00
2.293753112347376000e+00
2.296688449604779692e+00
2.299756200425085328e+00
2.302074689205953373e+00
2.304577654898581240e+00
2.307552243738458131e+00
2.310302685132707090e+00
2.312794374765295036e+00
2.314738496615388552e+00
2.317116487359303978e+00
2.319924640179011011e+00
2.322413479957923688e+00
2.324580493997794317e+00
2.327459107438076380e+00
2.329871890921605626e+00
2.332512900670045131e+00
2.335174171438285207e+00
2.337358758742840603e+00
2.339856726497860251e+00
2.342492634201964297e+00
2.344981270313502453e+00
2.348222161724948354e+00
2.350641020075089127e+00
2.353087947501827593e+00
2.354818586377902090e+00
2.357393808401731850e+00
2.359587962773005199e+00
2.362704478573654399e+00
2.365087519524950554e+00
2.367676904181741371e+00
2.370001363752306744e+00
2.371982279190118170e+00
2.374117886370554764e+00
2.376292671627842523e+00
2.378825283155771242e+00
2.381057534332863490e+00
2.383892909655708436e+00
2.386035628990384794e+00
2.388626006088677034e+00
2.390501109105584554e+00
2.393173346403249191e+00
2.396205033896993797e+00
2.398294027218055291e+00
2.400293820555570168e+00
2.401948603164194118e+00
2.404364352616155998e+00
2.407437010253525411e+00
2.409758002791648757e+00
2.412042261424053091e+00
2.414188392151884077e+00
2.416520378535528479e+00
2.418305273642631814e+00
2.421185729001961828e+00
2.423415308863514639e+00
2.425302106315983863e+00
2.428054784407781330e+00
2.429637070395082699e+00
2.432070918625035105e+00
2.434051411061596060e+00
2.436810941162278255e+00
2.439106775978864938e+00
2.441435322592527157e+00
2.443315929606240111e+00
2.445444049474163606e+00
2.447461446257722884e+00
2.449681746962197426e+00
2.451767148821628606e+00
2.454279639668608848e+00
2.456048090886554736e+00
2.458396923213719276e+00
2.460409043112157690e+00
2.462430608323400438e+00
2.464985599685438622e+00
2.467285416115424734e+00
2.469244274109390958e+00
2.471507667589604385e+00
2.473623686143270106e+00
2.475793710176911411e+00
2.477648641505576066e+00
2.479822762516514345e+00
2.481693198046134974e+00
