5.145115721712777450e-04
3.589074517732388251e-04
8.873270254563165628e-04
2.026583830388565838e-03
3.231336409487417516e-03
4.233748162546929761e-03
5.055400221390976556e-03
5.805779304453282524e-03
6.991321885682544660e-03
8.160599506984630644e-03
9.260195183797274854e-03
1.044240291684605734e-02
1.237010247456023920e-02
1.320401015994980033e-02
1.523916014249493064e-02
1.596278236687201715e-02
1.652163287244858350e-02
1.740259527358698280e-02
1.823752412178491350e-02
1.926779376485267259e-02
1.940604487299710246e-02
2.109953053995652916e-02
2.236254340075883792e-02
2.442480210590396855e-02
2.429274230086398909e-02
2.481350364414711129e-02
2.482957488007062410e-02
2.535474852753203182e-02
2.523600618687530522e-02
2.533743659557913946e-02
2.620478422569127303e-02
2.724045308558592851e-02
2.785224454966970728e-02
2.897193245123039912e-02
2.948264080674992474e-02
2.938300367657025597e-02
3.053196035539659445e-02
3.009036061105300683e-02
3.052767899891834294e-02
3.072157267757542540e-02
3.203833331248715638e-02
3.177258806723067680e-02
3.265771396373851748e-02
3.269439944467958381e-02
3.323427634546594761e-02
3.459421752968402236e-02
3.499043072388709208e-02
3.470455825364514996e-02
3.567253030035292399e-02
3.635831733936015220e-02
3.685445072046724529e-02
3.826825927346886452e-02
3.908154489829886863e-02
3.944097357440788654e-02
3.934526597840353607e-02
4.072614516077868729e-02
4.094671086806127291e-02
4.145291078361365567e-02
4.225139352317456437e-02
4.299323291895886662e-02
4.368572304585439936e-02
4.521717701172341120e-02
4.592803438482664230e-02
4.635485150436246399e-02
4.682729993838771754e-02
4.700518548642872857e-02
4.841304437725574977e-02
4.947761012804289399e-02
4.950174369868539509e-02
5.026571310634678907e-02
5.106358191362214693e-02
5.139094423499416392e-02
5.264657700483935804e-02
5.508483911896704804e-02
5.440303871761265758e-02
5.487229693457619517e-02
5.586896457273284045e-02
5.668952775823266760e-02
5.726060051767904724e-02
5.802867070728155025e-02
5.713235332784123710e-02
5.952168922727676947e-02
6.028712026014634157e-02
6.058723299674566992e-02
6.204911654143873551e-02
6.118971302666890294e-02
6.159593594145455764e-02
6.322288292427215295e-02
6.370842587596961537e-02
6.482129015877895195e-02
6.597397190111145560e-02
6.616958799814934289e-02
6.784345079194477324e-02
6.629484086213702221e-02
6.889571678244073294e-02
6.862266538209141342e-02
6.963028321469928728e-02
6.935455819577722447e-02
7.047959521566014851e-02
7.159125355626719256e-02
7.288084385218150663e-02
7.201264690653552680e-02
7.405810955511746285e-02
7.353287733616581390e-02
7.322221857108965337e-02
7.467916726289575147e-02
7.511009435112572796e-02
7.641920754127205784e-02
7.710667867025444711e-02
7.728343658060563004e-02
7.653940874457525190e-02
7.843441287779086279e-02
7.860395316543161703e-02
7.883022737162871663e-02
7.795071125549470070e-02
8.081622479444693086e-02
8.064587651354088171e-02
8.111556942532634207e-02
8.167036441991994133e-02
8.150868961283710967e-02
8.242832655114214202e-02
8.341819316955101371e-02
8.283477606854962316e-02
8.339937651569349908e-02
8.464399255914166476e-02
8.486971113085790830e-02
8.506101079570145551e-02
8.562428896737094008e-02
8.533458464559827428e-02
8.617161047384755412e-02
8.674724467567754282e-02
8.699996465873428841e-02
8.733666861218510047e-02
8.770812492134366645e-02
8.779323358864306315e-02
8.738283106634744946e-02
8.834843541776453424e-02
8.863396227817590955e-02
8.976810064139550960e-02
9.026337251663078820e-02
8.986748132689949264e-02
9.000779138971974624e-02
9.119901174053159087e-02
9.043106576662600371e-02
9.037081421529345737e-02
9.021139641193194614e-02
9.131407599951778253e-02
9.145962877738003649e-02
9.100450920047120640e-02
9.061999338005752302e-02
9.194947153246713079e-02
9.206227443106955455e-02
9.211172475287285333e-02
9.372292528322707927e-02
9.327412430030165846e-02
9.292516971608315302e-02
9.387846641477226584e-02
9.253825221454339833e-02
9.244593539326252662e-02
9.370942289335268405e-02
9.433823457642452615e-02
9.313128134069420527e-02
9.388116840519626638e-02
9.462526947496252561e-02
9.407401327825373749e-02
9.466383280790745258e-02
9.343988821225464314e-02
9.454413379494334968e-02
9.518740481970786038e-02
9.503035813073303084e-02
9.466237044047548510e-02
9.575780909273418073e-02
9.441632815372397181e-02
9.491786965589922576e-02
9.479949177019640627e-02
9.446545112262728916e-02
9.545315141977736562e-02
9.466960587328174248e-02
9.562207969449808276e-02
9.492874573207955857e-02
9.505014095093593240e-02
9.482276840075673507e-02
9.571798418933574748e-02
9.567663200844434002e-02
9.487602024496923081e-02
9.517903783761703929e-02
9.517966632522671666e-02
9.553540152419572051e-02
9.505869847489679947e-02
9.525714619613308287e-02
9.579128052745755628e-02
9.491937806582143033e-02
9.576291475020007327e-02
9.594103864330913445e-02
9.484673508904561956e-02
9.594572657140866545e-02
9.549396623370674797e-02
9.593931409478986816e-02
9.473830047008836852e-02
9.531180486015829179e-02
9.510979698497093460e-02
9.563772525464456220e-02
9.570731709274576948e-02
9.535851184044731588e-02
9.452532914398051322e-02
9.506414400836520062e-02
9.478208757235020987e-02
9.522036121442051249e-02
9.520949857448089693e-02
9.487037592801866870e-02
9.440765354084991456e-02
9.515628763739109042e-02
9.412439402884770212e-02
9.399230453048218470e-02
9.437903864714140834e-02
9.449033245550665649e-02
9.425229177356383992e-02
9.396686210132544625e-02
9.431435587380335162e-02
9.402602797555779934e-02
9.459276164997522385e-02
9.391940845395214954e-02
9.361256143262079721e-02
9.422100887464832097e-02
9.352137334411068925e-02
9.397188608948583988e-02
9.330362357450683319e-02
9.359900176377405900e-02
9.335384091822399033e-02
9.304388756304131369e-02
9.284440934505037990e-02
9.330489381277073946e-02
9.271899973023628450e-02
9.259693795978773956e-02
9.278645405424713888e-02
9.314043268946967102e-02
9.272340130115072632e-02
9.211335295271032286e-02
9.207672346162536214e-02
9.209512890598242629e-02
9.226022150774272623e-02
9.140851091246653126e-02
9.187046507577302512e-02
9.184636967965006948e-02
9.111069875715391286e-02
9.168386524491595191e-02
9.110338801518289009e-02
9.093399848353202197e-02
9.059961252793564956e-02
9.104678654378929592e-02
9.062547563463212164e-02
9.083560187573896938e-02
9.096162760019188553e-02
9.042332278525547218e-02
9.111386630974521728e-02
8.946233612367288091e-02
9.025538804265209603e-02
9.007963095278127830e-02
9.000951609305875289e-02
8.947260072545602794e-02
8.966495174213642838e-02
8.956617700506104562e-02
8.966687805864551053e-02
8.970093842418774832e-02
8.946723778039628039e-02
8.931563523133771720e-02
8.904514077930109073e-02
8.869969686000363229e-02
8.893272077435060430e-02
8.887665643768365153e-02
8.892938339195369246e-02
8.867536743624016005e-02
8.850846322632564822e-02
8.860432464580554612e-02
8.838712060254057257e-02
8.845138687966586089e-02
8.808889994034543869e-02
8.788816453138822982e-02
8.789752150967608535e-02
8.795697802806608234e-02
8.760288265685871323e-02
8.770965628705140738e-02
8.793942592872010244e-02
8.771698550754701562e-02
8.725665937152153606e-02
8.764088769599863438e-02
8.709318777677702017e-02
8.715947776328203389e-02
8.723350659919226757e-02
8.659774612998592802e-02
8.715186019366595593e-02
8.669108688640365934e-02
8.652586121286283405e-02
8.638866257642985325e-02
8.655363393114061388e-02
8.654428920909151834e-02
8.646388340516410198e-02
8.614679082343872085e-02
8.633371179516061145e-02
8.654597826345027112e-02
8.632294459668854447e-02
8.650413019409235182e-02
8.661476693737166221e-02
8.602902384337683672e-02
8.605831037466572797e-02
8.579789767022948099e-02
8.596979969548879108e-02
8.590687813308356402e-02
8.605904420737893468e-02
8.574204987253197796e-02
8.542163319209880590e-02
8.538991699872057473e-02
8.559511704637456919e-02
8.544226887168780704e-02
8.556959603665734160e-02
8.524686976215360701e-02
8.564355917406837881e-02
8.535539266658656588e-02
8.536797686481735481e-02
8.535978250697395797e-02
8.518365884240354513e-02
8.508291051707858599e-02
8.552326992554222518e-02
8.518302381748368846e-02
8.553342905352721848e-02
8.536649611707042284e-02
8.521580791081627415e-02
8.532058035100563431e-02
8.512125825315203231e-02
8.514717369701879646e-02
8.489241753997960049e-02
8.507516593549685480e-02
8.541996211197271094e-02
8.543742624499110760e-02
8.519304016476675345e-02
8.514352561063570635e-02
8.515632661048631868e-02
8.492165416351694918e-02
8.524499282795375277e-02
8.516252410790456362e-02
8.527935137706123270e-02
8.515886455679284872e-02
8.506838100145984460e-02
8.522119414929915648e-02
8.534256817056933009e-02
8.526278483144661413e-02
8.507976867930347464e-02
8.511710711285931652e-02
8.538495743835507190e-02
8.536504159039783046e-02
8.505638754912026034e-02
8.534529950898216144e-02
8.547108424447848185e-02
8.512410109862150742e-02
8.524463804462077687e-02
8.541784235939772763e-02
8.553376487486058499e-02
8.573791403903469055e-02
8.580349603693977756e-02
8.546226411979002124e-02
8.591232357186689983e-02
8.555465700532381701e-02
8.579544089400960305e-02
8.563706634338001666e-02
8.584443398144127324e-02
8.599373209590235878e-02
8.591497244139813250e-02
8.612085895043571082e-02
8.618692695100957368e-02
8.634951201891769013e-02
8.616129121864041229e-02
8.625036334997197851e-02
8.603645903020040731e-02
8.597816898435399480e-02
8.636966629695259912e-02
8.649607067972522878e-02
8.644523107864954259e-02
8.650043696300661888e-02
8.654576833306841521e-02
8.689995277726354772e-02
8.683350766656063036e-02
8.711608115916472106e-02
8.698558265342956619e-02
8.708273806828768782e-02
8.720560896211836110e-02
8.739135797189294397e-02
8.728170982872263117e-02
8.738232921928437702e-02
8.738183818656358737e-02
8.745364673433329850e-02
8.734848740474272788e-02
8.798898901387645910e-02
8.792584757366325721e-02
8.803636564660857755e-02
8.813217735664383157e-02
8.851982279023377920e-02
8.840407920990007995e-02
8.842764349687023961e-02
8.874157813308915232e-02
8.858646176280129958e-02
8.888432888207260796e-02
8.890627857488014874e-02
8.870660218178601231e-02
8.906144086215390943e-02
8.926402149907940176e-02
8.922548512447417424e-02
8.942712407039454803e-02
8.973156375282555219e-02
8.998586581284186148e-02
8.992752553811210470e-02
8.979509768204747833e-02
8.997222450172591424e-02
9.014903412040670139e-02
9.023478781934679560e-02
9.092723088800697129e-02
9.074204335322931525e-02
9.070429724697064156e-02
9.071616451465376596e-02
9.091486602010552531e-02
9.092270297039890814e-02
9.131661350012830469e-02
9.155729533098445894e-02
9.156905733418307936e-02
9.159028290714898990e-02
9.169988332969379596e-02
9.188398404101749684e-02
9.220092938064848587e-02
9.213680592232542654e-02
9.226021563281011639e-02
9.238691221422692945e-02
9.251040234221583058e-02
9.270380096304801920e-02
9.285558307591779137e-02
9.296963075262017207e-02
9.331677348385238047e-02
9.328823470798340567e-02
9.357363851909050734e-02
9.342432523733176786e-02
9.362380934162814472e-02
9.367471222293620448e-02
9.385432966852461090e-02
9.414750662003515402e-02
9.415376425209923128e-02
9.454267835162148692e-02
9.476644588198182562e-02
9.471745672371836844e-02
9.496616102174970653e-02
9.494596905969347744e-02
9.524154762018453846e-02
9.544100707991101662e-02
9.559509212332774342e-02
9.578516732257888466e-02
9.590685802627378631e-02
9.607012022246162741e-02
9.606364801835795553e-02
9.639102966599680244e-02
9.656658021847322471e-02
9.658396921093802268e-02
9.704962189546358087e-02
9.700913732732288630e-02
9.713185417164423019e-02
9.731697716762466310e-02
9.743338732766093635e-02
9.766201305629881868e-02
9.787602428122385567e-02
9.811695116254653959e-02
9.818696450430423883e-02
9.845295153025353241e-02
9.858117041980947459e-02
9.861876599133041765e-02
9.905260612530743247e-02
9.908158657458833452e-02
9.919835046294657455e-02
9.935263919588173398e-02
9.973647075609787249e-02
9.978143699998293092e-02
1.000437097222879601e-01
1.000755689165996193e-01
1.003780161782616420e-01
1.004142819621784005e-01
1.004923097116587061e-01
1.007169432068747428e-01
1.009661818810951989e-01
1.010423664970467456e-01
1.015181140600667775e-01
1.014102414343424907e-01
1.017966081416249308e-01
1.018715507722045832e-01
1.020830101679136848e-01
1.022412916862889543e-01
1.026281194949447279e-01
1.024330905932625269e-01
1.027522413798836742e-01
1.029398114651962765e-01
1.030689567180572835e-01
1.033010098969993906e-01
1.034233220241181084e-01
1.037304879788175094e-01
1.037108172251490490e-01
1.038983890981679120e-01
1.042297533636990098e-01
1.043458489898490549e-01
1.044527965607918024e-01
1.047581706892783820e-01
1.050231568059034892e-01
1.051047832727069892e-01
1.054509388862159419e-01
1.052688648023663714e-01
1.057131108653429352e-01
1.058590645523270063e-01
1.059865772074135293e-01
1.059791183339732212e-01
