3.939745376061335532e-05
-5.191148589771274816e-03
-6.465004529893176970e-03
-5.578664461928027618e-03
-5.447359328520231560e-03
-6.057780695781124145e-03
-8.124799923292598883e-03
-8.552184775694077548e-03
-8.538042395945587976e-03
-6.989809301871480543e-03
-4.858083775360514528e-03
-7.835995447423600019e-03
-5.809885001152610001e-03
-7.547149411760076514e-04
-1.847366598740938148e-03
3.740135641464582741e-03
9.055716142936875990e-03
3.121985376621581008e-03
3.870562472838508065e-03
1.019576845108315956e-02
1.478752873525222659e-02
2.050147168851907883e-02
2.922547154526285856e-02
3.940101767058747789e-02
3.022149369612609632e-02
3.714997563493666055e-02
5.218775326961517386e-02
5.058330709811023618e-02
6.603179496259509174e-02
6.898092375755526806e-02
7.444383895869349788e-02
7.397794260321831350e-02
8.506757695711987532e-02
8.556258861681413641e-02
1.061582442730660825e-01
1.154043347327032287e-01
1.204259924283131861e-01
1.348169516108488897e-01
1.408650884488438781e-01
1.380968386941964776e-01
1.550258004438685999e-01
1.593757735012402144e-01
1.659595795452497580e-01
1.737644163085482474e-01
1.780502816696117319e-01
1.888820985212621706e-01
1.957967188061657537e-01
2.066238818250287212e-01
2.180145825105515578e-01
2.310883855868702264e-01
2.333193000218053148e-01
2.430132179751113009e-01
2.566459541752824092e-01
2.553280473339105128e-01
2.633623976824459034e-01
2.822091771905927415e-01
2.941162875750310546e-01
3.066902465108757303e-01
3.135769663013865949e-01
3.144139323239386608e-01
3.247938827000391715e-01
3.314157222966391259e-01
3.458018017248732368e-01
3.512928174308738716e-01
3.603248609568566740e-01
3.760951899905489726e-01
3.796952584638421668e-01
3.835590659797842306e-01
3.951364066792608098e-01
4.043580926530201958e-01
4.114191675476394638e-01
4.286950344817236913e-01
4.359556117577541023e-01
4.368087961762457394e-01
4.560224267803918430e-01
4.617730475275085844e-01
4.721531718547370970e-01
4.791976012617799041e-01
4.815537489972545049e-01
4.946327955457826553e-01
5.074341240057619329e-01
5.159180289690447063e-01
5.274172685882612122e-01
5.416983045497998361e-01
5.442287071558119527e-01
5.524235781665161049e-01
5.634084706647548568e-01
5.716644768991842041e-01
5.840812449505345949e-01
5.878448627586303488e-01
5.967128701853369188e-01
6.105378438012436515e-01
6.203997267342574728e-01
6.237811294665696060e-01
6.336317212837625501e-01
6.458412918183350504e-01
6.494877956137833364e-01
6.645664457107222090e-01
6.691994895885943206e-01
6.811173642271057815e-01
6.887959696299483792e-01
6.987864840003635836e-01
7.041393964648411385e-01
7.184956086260950725e-01
7.249426625320155582e-01
7.264900787368075985e-01
7.399136266122349204e-01
7.472568279086796439e-01
7.571600185344991019e-01
7.636815166656242271e-01
7.724631701099309300e-01
7.800816641290482245e-01
7.873533761581461565e-01
7.982481438947794938e-01
8.107539287632131719e-01
8.134189455511118272e-01
8.227721977650729324e-01
8.360445062477590561e-01
8.437663013912599652e-01
8.483759843964964187e-01
8.573279041885101259e-01
8.639016566485547832e-01
8.717609304670831394e-01
8.771725434722311698e-01
8.898358845238690806e-01
9.008114858073921205e-01
9.070162884094712386e-01
9.115759100502954793e-01
9.218677254717323466e-01
9.326073772372777126e-01
9.363856791159834714e-01
9.450423219927617247e-01
9.552559175394150781e-01
9.609527407703123414e-01
9.652434155793909731e-01
9.764354203163118084e-01
9.873289056856120460e-01
9.932374300231147091e-01
1.000438068534560410e+00
1.007306303596430919e+00
1.016429513565818121e+00
1.022134734384259946e+00
1.031266754663199281e+00
1.040380009484110024e+00
1.047057934382753297e+00
1.056204240200528721e+00
1.061112328487357814e+00
1.068791523369119201e+00
1.077552411410442890e+00
1.085208553158278244e+00
1.089569285403500620e+00
1.097021043876526658e+00
1.104777446886250791e+00
1.112469481313677955e+00
1.119967057357815321e+00
1.127723625223697512e+00
1.131428200458562294e+00
1.139259267644848750e+00
1.154112402918185731e+00
1.157871570485406121e+00
1.166196853404861233e+00
1.171142549000335098e+00
1.177048739365181396e+00
1.184607059702631249e+00
1.190016313042879581e+00
1.199980247580784809e+00
1.208908556348811114e+00
1.213838482445013911e+00
1.219144858028851308e+00
1.226855689405095928e+00
1.235511499935360913e+00
1.244340033827631142e+00
1.250503673810042571e+00
1.257102327396502295e+00
1.263805350271940853e+00
1.269986971975320955e+00
1.276729581202204367e+00
1.281955347872439921e+00
1.288512958312028722e+00
1.295558558035752705e+00
1.299193573377781075e+00
1.306637617163861398e+00
1.316637670389649184e+00
1.321677293745074699e+00
1.327566393629987074e+00
1.333957010652998987e+00
1.341085574315528106e+00
1.347175227920608398e+00
1.355663512697433459e+00
1.358587155902968302e+00
1.367082218871212174e+00
1.372408491313257928e+00
1.379306222631639045e+00
1.385978769443121150e+00
1.390856444302541739e+00
1.398319158446200916e+00
1.403837117885397889e+00
1.409982138131765428e+00
1.417610693902383368e+00
1.423154333530251892e+00
1.429784553092074528e+00
1.433512411919895646e+00
1.440150148550506159e+00
1.447316691356866691e+00
1.452051862314258646e+00
1.458255277101317748e+00
1.467164661384708024e+00
1.472144717599450203e+00
1.475621223294855788e+00
1.481709189007561323e+00
1.489349045565119711e+00
1.492358855082074776e+00
1.498554327935200270e+00
1.506587943069872093e+00
1.510732303821802125e+00
1.516897019059422203e+00
1.522504005483120926e+00
1.528518583307927559e+00
1.534325247550327953e+00
1.539809976252664470e+00
1.545618214145784375e+00
1.551215635711175489e+00
1.555799086371188134e+00
1.561777042728915044e+00
1.569637027645149674e+00
1.572561469745017426e+00
1.579715270290517726e+00
1.584896518284013123e+00
1.591204063434721538e+00
1.597015083401861046e+00
1.600180610052041263e+00
1.605166179240787194e+00
1.610564178903292953e+00
1.617476878317616995e+00
1.623414359272093543e+00
1.625670921568671545e+00
1.631644624868809235e+00
1.638197264714882806e+00
1.644290835753493996e+00
1.649900198737295876e+00
1.652595066057275019e+00
1.658579813214894116e+00
1.663550649020685057e+00
1.669000045912856889e+00
1.673857461217553411e+00
1.678413064258635012e+00
1.684536719068498778e+00
1.689866901086159778e+00
1.695017448588078235e+00
1.700056490704962231e+00
1.704226288052377969e+00
1.709227272261765851e+00
1.714289590773833361e+00
1.718398293482369388e+00
1.724168263090925635e+00
1.729814151502920838e+00
1.735282957236512491e+00
1.740024843285998157e+00
1.743599063960599826e+00
1.748160579802920500e+00
1.752589297095837217e+00
1.757885900266018764e+00
1.764403391658597720e+00
1.768373859667467407e+00
1.771576128395576211e+00
1.776392503237080644e+00
1.781909960235199764e+00
1.786719612225794229e+00
1.790391711623085191e+00
1.795175845806753712e+00
1.801206817140370120e+00
1.806028809096159371e+00
1.810958514000933217e+00
1.813978495152689385e+00
1.817099693697803442e+00
1.823102880604678511e+00
1.828397725922244588e+00
1.833324571280156245e+00
1.837749153064642593e+00
1.841214289708607676e+00
1.844989723613654986e+00
1.850978770281122898e+00
1.857171046529480840e+00
1.858659377468428575e+00
1.861996112428248029e+00
1.867484111486361620e+00
1.872249105199383257e+00
1.875930921771104654e+00
1.881076505343024508e+00
1.884964156493622145e+00
1.888693195341443198e+00
1.892811486190814518e+00
1.897603021730570383e+00
1.903022728274393893e+00
1.905941225148954921e+00
1.909479412960965128e+00
1.914300452112288164e+00
1.919907538964850113e+00
1.922783806325264466e+00
1.926146515686420813e+00
1.932209976132436058e+00
1.936516573321232393e+00
1.939654697460317712e+00
1.944297827663015621e+00
1.948145040664496896e+00
1.951319543745071217e+00
1.954793923813616052e+00
1.957906873975044482e+00
1.962490358512485322e+00
1.966572547285081463e+00
1.970722771696199027e+00
1.975248829680128049e+00
1.978810099995933269e+00
1.982430611992409997e+00
1.986157936052615813e+00
1.990281857277777178e+00
1.995442061058874339e+00
1.999092685494786137e+00
2.002615111302779471e+00
2.005793699266505747e+00
2.010125392631749275e+00
2.014922271168185564e+00
2.018677809445456273e+00
2.021620310731106152e+00
2.024817480383515722e+00
2.028534422821232752e+00
2.033389696741545905e+00
2.037088931966055227e+00
2.040164670138250091e+00
2.044302283305603041e+00
2.047931339241593651e+00
2.051122944094039280e+00
2.054360292880023309e+00
2.057862401987689438e+00
2.062024787232778156e+00
2.065363653472744421e+00
2.069116497464813076e+00
2.072772671749501860e+00
2.076077169448082405e+00
2.079415616361680375e+00
2.083553133634029830e+00
2.087178153015228688e+00
2.090242009468367357e+00
2.093307202160088920e+00
2.096980282487919123e+00
2.100797581359783450e+00
2.104154477361965814e+00
2.108426232171870751e+00
2.111485731422746870e+00
2.114548589772700549e+00
2.117477962129527658e+00
2.120904500862308861e+00
2.124480703232186851e+00
2.128150116839579553e+00
2.131006211930191352e+00
2.133860566804008929e+00
2.137546589033896716e+00
2.140949797371418217e+00
2.144574663806662507e+00
2.146748301781294277e+00
2.149611769282936180e+00
2.153290771044461316e+00
2.157527774801261344e+00
2.160880696738869844e+00
2.164486950322417336e+00
2.166985503232359278e+00
2.169815174054868123e+00
2.172746322787400430e+00
2.176284465029307835e+00
2.179396390336199474e+00
2.182820769662860094e+00
2.186365155207265598e+00
2.189548650274973696e+00
2.192331842391857410e+00
2.194994950556352631e+00
2.197934519230379191e+00
2.200899847938124321e+00
2.204328635973403561e+00
2.207207931430121395e+00
2.210127967797751669e+00
2.213472661673834718e+00
2.216230357572009257e+00
2.219354884820978313e+00
2.222734986344199193e+00
2.225305149946114280e+00
2.227964997786434420e+00
2.230966809279753438e+00
2.234823283759777901e+00
2.237785787502518886e+00
2.240660136541191338e+00
2.243398290401346529e+00
2.245804496437610709e+00
2.248989005438792432e+00
2.251991278070050395e+00
2.254821509878330854e+00
2.257226307078402883e+00
2.260811409718401332e+00
2.263672382733345589e+00
2.266462448267045460e+00
2.268814151895650166e+00
2.272036001644631042e+00
2.274708979595979841e+00
2.277463198809770883e+00
2.280442123278746180e+00
2.283098748038508763e+00
2.285818534188648776e+00
2.288645696400050333e+00
2.291716713124071880e+00
2.294112661430190325e+00
2.297163472404720075e+00
2.300082196870834039e+00
2.302127039659688013e+00
2.305097115738716340e+00
2.307958109023326099e+00
2.310183060431748814e+00
2.312829099277698752e+00
2.315823203289743226e+00
2.318538551475251897e+00
2.320756760266324825e+00
2.323352486054494737e+00
2.326529653916435514e+00
2.329398445646029270e+00
2.332113476390345497e+00
2.334163155195313699e+00
2.336989968797356099e+00
2.339799641277910514e+00
2.342232657843622334e+00
2.344575454672905845e+00
2.347431003298959151e+00
2.350202388076223947e+00
2.352348303862259460e+00
2.354679095962592505e+00
2.357156378680097752e+00
2.360097846089506124e+00
2.362842812100748979e+00
2.365092175060672819e+00
2.368023128476032468e+00
2.370725195543563313e+00
2.373020722366082413e+00
2.375149400667357469e+00
2.377090338813117043e+00
2.379699120713973048e+00
2.382191664716003299e+00
2.384348246653059888e+00
2.386660719928843655e+00
2.389302718375896362e+00
2.392300638044104311e+00
2.394409722308267430e+00
2.396091078928855200e+00
2.398605278792302453e+00
2.400987199795554972e+00
2.403910784374439835e+00
2.406724630139003285e+00
2.408840283531170634e+00
2.411481783563409476e+00
2.413397385294860698e+00
2.415630942111985480e+00
2.417714146769811112e+00
2.420420543014726089e+00
2.422813639689706200e+00
2.425462040113905982e+00
2.427393250863387308e+00
2.429463621638299653e+00
2.431197775080325307e+00
2.433737039640739841e+00
2.435820456872482165e+00
2.438193429457163663e+00
2.440515989155034760e+00
2.442295422850814468e+00
2.444627117432055297e+00
2.447464285301456766e+00
2.449722282204978008e+00
2.451906971698095461e+00
2.454058309916932412e+00
2.456071446107144229e+00
2.458076883998146833e+00
2.460294397220322171e+00
2.463248032677324062e+00
2.465593816752085665e+00
2.467620010014254017e+00
2.469458529412109637e+00
2.471471034381705678e+00
2.473602266050542564e+00
2.475871592594015791e+00
2.478049001913662064e+00
2.480035517105301235e+00
2.482501369131521862e+00
2.484482750619133817e+00
2.486232133014474321e+00
2.488478248507033364e+00
2.490667097011537212e+00
2.492786094932941232e+00
2.495001495725289953e+00
2.497025499654494496e+00
2.498821537792288439e+00
2.501112338944447622e+00
2.502942285759642171e+00
2.505180255343942619e+00
2.507351531650140686e+00
2.509020162174818047e+00
2.511222188442301828e+00
2.513199048870305319e+00
2.515369996460591562e+00
2.517533966318162619e+00
2.519736753618091463e+00
2.521658071857691752e+00
2.523513286520755905e+00
2.525503407867482952e+00
2.527779004503929450e+00
2.529787036353472462e+00
2.531557506388275147e+00
2.533278517321768675e+00
