8.092155139890127658e-05
-6.136429507768507464e-03
-7.768353193406752830e-03
-8.016312370147231706e-03
-9.886110255944957972e-03
-1.138055673791648834e-02
-1.572982472570016305e-02
-1.667607468261774264e-02
-1.613301160929128675e-02
-1.316632306352306936e-02
-9.135337286861904341e-03
-1.445044537779588238e-02
-1.129936092714956333e-02
-3.171858343842529158e-03
-5.527175808372621069e-03
3.130181047334551318e-03
1.170880620451839917e-02
3.037074626896090878e-03
4.517373103468802845e-03
1.456870182664283218e-02
2.268960523331715190e-02
3.079457215256554622e-02
4.544071074483784639e-02
5.897991167374917743e-02
4.634799824103348620e-02
5.710594297274979719e-02
7.838219829211300060e-02
7.907894311358779071e-02
1.016641004644482926e-01
1.044920385028813292e-01
1.140196336185576170e-01
1.180420315757708671e-01
1.338865217234209704e-01
1.327855736795244546e-01
1.587827620838248022e-01
1.736402953493285384e-01
1.854385781638615005e-01
2.037101586861756464e-01
2.106781247792717249e-01
2.112020534838097430e-01
2.326301371584112432e-01
2.402217279817552564e-01
2.511279217961622789e-01
2.625240279345611438e-01
2.709683595347419649e-01
2.881113725464622410e-01
3.014821822710102572e-01
3.133702617989549410e-01
3.243039356724789490e-01
3.465445200746840593e-01
3.514827251697523192e-01
3.615973222231819717e-01
3.795908218758693442e-01
3.791177767240255236e-01
3.943148478968934723e-01
4.172890987743058666e-01
4.330023478809612580e-01
4.479750117122257569e-01
4.599721566921985416e-01
4.652958328669540289e-01
4.787259205610365775e-01
4.888047864966053591e-01
5.093097827868984240e-01
5.140179634633742500e-01
5.301522610457738427e-01
5.457782698224638018e-01
5.518301617654935987e-01
5.642914234930443973e-01
5.782458172254629769e-01
5.884799215097638037e-01
5.957710917625289593e-01
6.179595952283279958e-01
6.305933087896961053e-01
6.310732301137551570e-01
6.558356414589058270e-01
6.641241579067310719e-01
6.772354093623611515e-01
6.854055220264255732e-01
6.960552490177766005e-01
7.059976282433503281e-01
7.216654187220724603e-01
7.332698015216905230e-01
7.442672424256815411e-01
7.612841674064849684e-01
7.712697231910917717e-01
7.860867808857748829e-01
7.973311586115129357e-01
8.065684161549350195e-01
8.186833526498632496e-01
8.275185048572810675e-01
8.412557699595272220e-01
8.563803364703981291e-01
8.679941902673775633e-01
8.742576687686279824e-01
8.871196060058553767e-01
8.961857583832891772e-01
9.050680684892906669e-01
9.188555159836855335e-01
9.273786323824207978e-01
9.440022435204433737e-01
9.603480588103635585e-01
9.661519795545215894e-01
9.767451914597637952e-01
9.880481764738691108e-01
9.996888320594297106e-01
1.002902900680258558e+00
1.016270332901823004e+00
1.030342148669313396e+00
1.042722381188895930e+00
1.053538830031137463e+00
1.058214291123126705e+00
1.068696631142319164e+00
1.078792949167792559e+00
1.090942493296856552e+00
1.099686793404961449e+00
1.110598811436058764e+00
1.124647865140159020e+00
1.133809375013408394e+00
1.141990742476555187e+00
1.151382251008747248e+00
1.160049116572400063e+00
1.168963924140456356e+00
1.186539512168944599e+00
1.190873966352566038e+00
1.200238747498733494e+00
1.211044741617592235e+00
1.218614881326514521e+00
1.228931621917386696e+00
1.239803200717006337e+00
1.248509847443460830e+00
1.259670354650899604e+00
1.268955825878204324e+00
1.274549464240607222e+00
1.285960947136094878e+00
1.293782880755620868e+00
1.305256910409881899e+00
1.312274880905050845e+00
1.323076404218798796e+00
1.331405401174996284e+00
1.340174392760904665e+00
1.348130870221896593e+00
1.357701015290704527e+00
1.367265753319009347e+00
1.378438342800488492e+00
1.384174599724413479e+00
1.394220031238059487e+00
1.401878422862681273e+00
1.408369527633746676e+00
1.417206806467738334e+00
1.425969170974744404e+00
1.433270602293737150e+00
1.441414730779675635e+00
1.452914598205457208e+00
1.460259271654110957e+00
1.467734482188438383e+00
1.475439987919253904e+00
1.482659728816055011e+00
1.491217494467923288e+00
1.501654044683194966e+00
1.509190675998383968e+00
1.517159043834858778e+00
1.525102114595820790e+00
1.530708266529173578e+00
1.537505651023381992e+00
1.543798792485691518e+00
1.553063863043817605e+00
1.563387121186680551e+00
1.571366824344335278e+00
1.580095672733910606e+00
1.585738186626955981e+00
1.592202807642910667e+00
1.599123956498981203e+00
1.607934972600773005e+00
1.615479284315643360e+00
1.622393316799957130e+00
1.630453912296773167e+00
1.636395789076859897e+00
1.644524763864413819e+00
1.652395247580859428e+00
1.660185360915448438e+00
1.666077102187140335e+00
1.672112666728737596e+00
1.679207204383727614e+00
1.687452279286073775e+00
1.693658477128816564e+00
1.700071080732867168e+00
1.707283529126515154e+00
1.714091475719580426e+00
1.721297246411940041e+00
1.726087603464315112e+00
1.735057596314890427e+00
1.741777871898148033e+00
1.746846784620920801e+00
1.755777137491106643e+00
1.761999884034554542e+00
1.767067124287953872e+00
1.774774222583341166e+00
1.779595541443440787e+00
1.787064288667635559e+00
1.791207218517261834e+00
1.799607330197012800e+00
1.806402975256758081e+00
1.810532112071136623e+00
1.818090406765759726e+00
1.823662806853014073e+00
1.830699171513494150e+00
1.837772883811340519e+00
1.846003215302610689e+00
1.850394978156114423e+00
1.855919057954056983e+00
1.861067438605474633e+00
1.866421129115896083e+00
1.874054501006998885e+00
1.878220659442702001e+00
1.884496558363950136e+00
1.891386044514862030e+00
1.896733790794096208e+00
1.902789192689835041e+00
1.908776077399897408e+00
1.912793467847318851e+00
1.917321160305702543e+00
1.925007929404382701e+00
1.930688595066143431e+00
1.934242875017710972e+00
1.940611910675433815e+00
1.946399973469884470e+00
1.949325667994309841e+00
1.956672225926041175e+00
1.963558767345221723e+00
1.968781438271484552e+00
1.974630436823971769e+00
1.979252411345063578e+00
1.984645469090080550e+00
1.989267562315710114e+00
1.995729651809226457e+00
2.000162392067197370e+00
2.003962300078606429e+00
2.010161490751098068e+00
2.016959859467032157e+00
2.022089413912974809e+00
2.025277189591513594e+00
2.030280416921834252e+00
2.037937145682715556e+00
2.040887964374705099e+00
2.045298776149493403e+00
2.051036552808663593e+00
2.056394907456434940e+00
2.059870185487561844e+00
2.065636179043331300e+00
2.070787201715952097e+00
2.075784566992798563e+00
2.081239085180618176e+00
2.085843023449196920e+00
2.089425121003432917e+00
2.093844387014194286e+00
2.100230798710720492e+00
2.104298130554376645e+00
2.108889333727888005e+00
2.112917937894174258e+00
2.118518461400902719e+00
2.122472819933547417e+00
2.126984991842945316e+00
2.132744151721768677e+00
2.137463859344037598e+00
2.140292055178033781e+00
2.144114067834337778e+00
2.150689217327475866e+00
2.153777504168689738e+00
2.158819674903541763e+00
2.163199379829649605e+00
2.166738960360210520e+00
2.172291091041437472e+00
2.176191655267288638e+00
2.180560622916197566e+00
2.185624092566117227e+00
2.189460926405485619e+00
2.193470622438596251e+00
2.197700055860130952e+00
2.202208459377370087e+00
2.205457645693602586e+00
2.210149734050422143e+00
2.214044778292121318e+00
2.217905681364007897e+00
2.222175670088669008e+00
2.226302575988639898e+00
2.230266946832336838e+00
2.234803161441886399e+00
2.239151487272705410e+00
2.242363039367827326e+00
2.246226051888676079e+00
2.249949606610995634e+00
2.254851447172711243e+00
2.258960922762323520e+00
2.262888226959177462e+00
2.266183636971998983e+00
2.269831436488484400e+00
2.273714481310829427e+00
2.278055810391780511e+00
2.281337878937729435e+00
2.284467254202607212e+00
2.290093561294175739e+00
2.292987429077254724e+00
2.295366136507630994e+00
2.300900160176663434e+00
2.304241670749024085e+00
2.307932330860278825e+00
2.311979798294543809e+00
2.315366807696306761e+00
2.319048960556942873e+00
2.322334133338124218e+00
2.326071405296169736e+00
2.329765891638476472e+00
2.333579979288050943e+00
2.336612988168874416e+00
2.339881953982677398e+00
2.343424119124114302e+00
2.347245296976945284e+00
2.350844954993727143e+00
2.353767170926210461e+00
2.356831298880053271e+00
2.360752742725708675e+00
2.364777805608605288e+00
2.367837782639765631e+00
2.371421699970432950e+00
2.374291315511375622e+00
2.377866772076475232e+00
2.381193774382160733e+00
2.384440366458933536e+00
2.388050721937681864e+00
2.391268128877245047e+00
2.394534963137466832e+00
2.397689228229040737e+00
2.400772811515012428e+00
2.404274593503958446e+00
2.407406805768998126e+00
2.410734275806030169e+00
2.414360870914111779e+00
2.417731470847600761e+00
2.420405296283784313e+00
2.423124327841545078e+00
2.426756977132901838e+00
2.429909535510466512e+00
2.431885798818532507e+00
2.434893002072706647e+00
2.438865460481780101e+00
2.442227256214892783e+00
2.444709249189419786e+00
2.447873698219671823e+00
2.451283017005856824e+00
2.454128530875159253e+00
2.456867321612063559e+00
2.459820647046770059e+00
2.462606098923151521e+00
2.465995105891843675e+00
2.469488640997658635e+00
2.472481827465195181e+00
2.475730517111719209e+00
2.477986775593027158e+00
2.480067723695614124e+00
2.483258285952994804e+00
2.486651823022203445e+00
2.488944148346662999e+00
2.491313937479788354e+00
2.495192926934893141e+00
2.498433553724589640e+00
2.500547639621442553e+00
2.503273025105404059e+00
2.505930647350372187e+00
2.508660785132634352e+00
2.511379358590861699e+00
2.514273295499969585e+00
2.516967904311477433e+00
2.519544108886286438e+00
2.522391534622273390e+00
2.525973890418065082e+00
2.527991498252235125e+00
2.530673353073020770e+00
2.533297926672090306e+00
2.536307166436109206e+00
2.538780917351536104e+00
2.541418663548219659e+00
2.544218353801969368e+00
2.547048993357377444e+00
2.548902571796718419e+00
2.552318280976225040e+00
2.555408362541969680e+00
2.557806010206474578e+00
2.559698892217348920e+00
2.562580508746547636e+00
2.565358470031303462e+00
2.568061342001366487e+00
2.569664561200383890e+00
2.572085588086863606e+00
2.574656634012747691e+00
2.577449210457550155e+00
2.580458862821219945e+00
2.582695940843425575e+00
2.584584177253292481e+00
2.587223911520028619e+00
2.590028620896423384e+00
2.591991610886463793e+00
2.594554897425115580e+00
2.596840369471581589e+00
2.599301348841515313e+00
2.602128547015410298e+00
2.604459969210390025e+00
2.606519794649872157e+00
2.609069469819804254e+00
2.611852838465172244e+00
2.614707489944668062e+00
2.617109379263052649e+00
2.618546037458466369e+00
2.620623587506082597e+00
2.623122925847643394e+00
2.625487041155073697e+00
2.628374799635614600e+00
2.630378277692033695e+00
2.632819296621150329e+00
2.635719511432428330e+00
2.637971064280509648e+00
2.640062787157549717e+00
2.642059634979990967e+00
2.644453193443686345e+00
2.646745251516008590e+00
2.649025728641838384e+00
2.651026137767128699e+00
2.653236454701549007e+00
2.655012015341495335e+00
2.657699383470537580e+00
2.659997868628624307e+00
2.662094159307941243e+00
2.664156010312525247e+00
2.666222307748072229e+00
2.668497494115737112e+00
2.670531457670030306e+00
2.673097069519872360e+00
2.674871111328089857e+00
2.676887515969126774e+00
2.679038843590417773e+00
2.681588341777821682e+00
2.684010125258135648e+00
2.685868552993676328e+00
2.687906790464168694e+00
2.689853970336198774e+00
2.691729841471465878e+00
2.693735626550913143e+00
2.696277959303963634e+00
2.698198524207865656e+00
2.700212498075580836e+00
2.702406538514611434e+00
2.704573859167142214e+00
2.706634015208214006e+00
2.707989298602140327e+00
2.710291478647608443e+00
2.712819141708481929e+00
2.714899277980790782e+00
2.716887337543314018e+00
2.719003645267179525e+00
2.720433055667891509e+00
2.722496567937569001e+00
2.724347434163628900e+00
2.726652283053868420e+00
2.728915908067530705e+00
2.730945572131270094e+00
2.732853949808137450e+00
2.734384516957791167e+00
2.736386810063911490e+00
2.738316457478741306e+00
2.740261690305267450e+00
2.742035354458906227e+00
2.744067864098661325e+00
2.746138719859035238e+00
2.747652994953538652e+00
2.749440364608139120e+00
2.751593395123459018e+00
2.753709019240786926e+00
2.755202354693806921e+00
2.757763915008394129e+00
2.759110319787597021e+00
2.761286007865505709e+00
2.762906346835138915e+00
2.764834722532053313e+00
2.766287469802446441e+00
2.768451676798492578e+00
2.770632428983250239e+00
2.772359706227291998e+00
2.774087683649077096e+00
2.775773646211640688e+00
2.777613158571804686e+00
2.779519668992215475e+00
2.781291486567266880e+00
2.782860273050174360e+00
2.784722503316607867e+00
2.786536124151410831e+00
2.788541107985726075e+00
2.790537079219927552e+00
2.792093646763048831e+00
2.793799393422260469e+00
2.795587665935361787e+00
2.797537351120827687e+00
2.799414493208705057e+00
2.800878258113677965e+00
2.802635238104043136e+00
2.804263468021066075e+00
2.806280017029340712e+00
2.807933215734097487e+00
2.809779697985308022e+00
2.811261827830414450e+00
2.812974715261852054e+00
2.814787880397956243e+00
2.816241460496460292e+00
2.817817807714285028e+00
