2.414735078559715463e-17
-1.215583189662083839e-14
-5.997979890537408052e-15
-1.402766791613885265e-15
2.292610545850948197e-16
3.019806626980426007e-16
1.148525718974724512e-15
-8.326672684688674053e-16
1.643130076445231660e-16
1.602606936046413521e-15
8.382183835919931930e-17
1.407207683712385994e-15
7.382983113757291388e-17
-3.996802888650563398e-17
-1.498801083243961428e-16
-6.661338147750938996e-17
6.206146707654624903e-16
1.798561299892753714e-16
-7.993605777301126795e-17
3.524958103184871819e-16
6.161737786669619342e-17
9.769962616701377605e-17
-1.387778780781445676e-16
-1.994515663739093709e-15
1.959543638463401185e-16
2.006173005497657900e-15
-6.206146707654624903e-16
1.071365218763276027e-16
5.961897642237090740e-16
-3.125277814319815602e-16
-1.514066649832557153e-15
-1.640632074639825062e-15
-2.256528297550630590e-15
-1.052768983100804682e-15
2.573358193203034811e-15
3.402833570476104737e-16
-1.157823836805960222e-15
3.941291737419305521e-16
1.669497873280079108e-15
1.085451173388207782e-15
2.955968803064479387e-16
-2.392148978902497479e-15
-3.316895369476213678e-15
-5.154834892273640795e-15
3.845604390484425292e-15
6.655370698993578931e-15
5.401165625862347402e-15
-5.721742524222861669e-15
1.749989042565402918e-16
-2.731842529968275733e-15
-8.847089727481716182e-16
-1.712102681850069593e-15
-3.631955847183121193e-15
-2.134681320598019643e-15
2.901567874857846792e-15
-4.607703107950555679e-15
-9.087730568069219303e-15
1.396938120734603170e-15
5.456468610276488202e-15
-8.645306692756094485e-15
-6.265821195228227225e-15
1.246502900897894411e-15
5.240530231986895223e-15
-2.583211422546582791e-15
-1.849076447513198344e-15
-7.384648448294228792e-15
-4.060918268322666399e-15
-3.702871342881053257e-15
1.977307206857403656e-15
1.377231662047506617e-15
-1.430522367229514179e-15
9.172107517940730191e-15
-6.189493362285247664e-17
-3.824718319833664597e-15
-5.831446436843635162e-16
5.107858580544188985e-15
6.626921233987559137e-15
3.766986722553156110e-15
-3.441136264825672807e-15
1.499356194756273995e-15
-6.195044477408373180e-15
6.543654507140672397e-15
-5.150879722748414116e-15
-1.050437514749091804e-14
1.630362511662042317e-14
6.815104036661523203e-15
-3.422262473407044957e-15
2.971511925409231544e-15
-2.603472992745992304e-16
1.303734897817321401e-14
2.693956169252942408e-15
5.462852392668082568e-15
-8.437694987151189707e-15
-5.462297281155770100e-16
1.259548021437240166e-15
5.134781488891348999e-15
4.507505479978135712e-15
-1.436073482352640040e-15
-1.087296919166647083e-14
5.111466805374220617e-15
-1.015854067532018274e-15
-8.843481502651684549e-15
-1.092459456231154099e-14
-2.593480985524365615e-15
2.166600232555993052e-15
2.240985175205878335e-15
-6.439293542825907737e-16
8.325562461664048329e-15
-9.708900350346994262e-15
5.245803791353864259e-16
1.066424726303694191e-14
-2.244315844279753931e-15
-9.973688541720093087e-15
-1.659505866058452676e-14
9.331424521974440407e-15
1.328215315510306084e-14
3.513855872938620490e-16
5.930256286035273566e-15
-1.005806549159160555e-14
7.827072323607353413e-16
-1.496192059136092060e-14
3.513855872938620490e-16
-1.940447802439848614e-14
-2.275402088969258440e-15
-5.258016244624741312e-15
3.226308109560704764e-15
1.492250767398672868e-14
-5.371814104648819700e-15
3.567146578120628248e-15
4.324318680914985040e-15
7.033262861000366841e-15
-4.019284904899223029e-15
1.584843367652411001e-15
-2.465805337692472771e-15
-9.671707879022050634e-15
4.863609515126654230e-15
-1.001976279724203778e-14
7.346900865456973091e-16
3.379518886958976651e-15
1.423250406418219351e-14
-1.727451515165512306e-14
-8.242295734817161588e-15
-1.190963994091020980e-14
-3.916311719365239539e-16
-3.760880495917717978e-16
1.820377182326637959e-14
8.815170815523743365e-16
1.602051824534100856e-15
1.437738816889577641e-16
7.655265310546610698e-15
-8.843481502651684549e-15
1.247613123922519662e-14
4.869993297518249385e-15
-1.113803493879572727e-14
-1.871280908005701396e-15
-9.381662113838728803e-15
-1.037531172087824422e-14
7.583933481214444580e-15
2.053440750771074022e-14
1.345645816996920966e-14
-4.920786000894849855e-15
7.474021401776553073e-15
-4.120315200140111895e-15
3.690936445366332635e-15
-3.211875210240577840e-15
8.285039321265230683e-15
1.032451901750164375e-14
1.598721155460225359e-16
2.585209823990908149e-14
1.466327059773675375e-14
2.808864252301646126e-15
3.358424649491098436e-16
-1.511374358997841152e-14
-2.537969834293107788e-15
1.770528168520968369e-15
2.473937721347852062e-14
3.398115122621448070e-15
1.433714258425311401e-14
-9.957590307863028759e-15
7.863987239176139623e-15
1.833255769412289658e-15
1.148914297033343240e-14
-7.188694084447888205e-17
-1.293132267932151175e-15
2.034539203776830568e-14
1.573463581650003044e-15
1.704830721038774805e-14
1.078553912847723881e-14
1.085159739844243707e-14
1.728173160131518633e-14
1.497774126946183047e-14
-2.782774011222955011e-15
8.002765117254284191e-15
-1.667610494138216520e-14
-2.670641485735814026e-15
5.874190023291702877e-15
-2.450067926318411133e-14
2.687849942617504079e-15
-4.246603069191223841e-17
-6.185885137455216080e-15
7.521760991835435956e-16
1.172117958248009049e-14
-5.989930773608875888e-15
6.994405055138486205e-15
5.088984789125561529e-16
6.572381527902848228e-15
7.949196856316120987e-16
-6.736278201913136993e-15
-4.199723901976426255e-14
8.596873213306821905e-15
-1.496733292860596963e-14
4.170275236248244255e-15
-9.451606164390113160e-15
-2.029362788924515750e-14
1.050409759173476200e-15
1.635677704392435468e-14
5.552502901906563872e-16
1.379549252611411772e-14
-6.701167398759366797e-15
1.081634781741058728e-14
4.489186800071820724e-15
-1.052866127615459334e-14
1.011191130828592558e-14
3.062813891396842489e-14
-9.821032875834134062e-15
-6.752376435770202110e-15
-3.655409308578327594e-15
3.621408728449182333e-15
7.083361674986577220e-15
-2.813888011488074729e-14
9.413303470040545386e-15
1.478372979590858411e-14
4.081651683307540957e-14
-1.639549607190815651e-14
4.580363865969161807e-16
8.905445825213576540e-15
4.142519660632615539e-16
-8.785056015980785181e-15
4.198655312315225040e-15
8.204339985162788860e-15
-4.322237012743812399e-15
6.699918397856663054e-15
-3.321301567105194705e-15
1.321331932757630063e-14
-1.442686248243063649e-14
-2.419939248987645897e-15
-9.580183868429514702e-16
-3.757029409801049616e-15
-1.347012779095990709e-15
5.464587116144059375e-15
1.153244166829381425e-16
5.285234055962817510e-15
-5.707934125354086418e-16
-1.012663911059696829e-14
7.559525921907451409e-15
-4.583590451634478692e-15
2.785654302714379961e-14
-2.580882556280084054e-14
1.201407029416401485e-14
-9.715015250599811875e-15
1.557716629296823601e-15
1.423096016028857516e-14
-2.285189398820719362e-14
9.268627532144080256e-17
5.725506874165731466e-15
1.762843343522391201e-14
1.344081096421589968e-14
-2.545814253851475112e-14
-1.101223279231788846e-14
-5.553786597278786922e-15
-1.282973727256830923e-14
-1.154895623578511352e-14
-6.155492782156101860e-16
-2.215824745910310968e-14
-5.724934415418658457e-15
1.312568109756995158e-14
2.282063427117009237e-15
2.164497747703109023e-14
-8.777215065869370834e-15
-3.013145288832674914e-15
1.675271033008130075e-14
-3.247402347028582881e-15
-8.984271659961961960e-15
3.470557174978239519e-15
-1.420003004071190882e-14
-1.897933199490609038e-14
-8.070349943878340658e-15
-1.959085671465743518e-14
1.459901644018657445e-14
-2.676844856885906969e-14
-8.760769887317109882e-15
2.827321710086039133e-15
-1.320679676730662746e-14
1.107919311849059385e-14
-1.113859005030803934e-14
-1.706801366907484559e-14
-5.882933029610626710e-15
-1.203245836300936806e-14
-2.855354841457824477e-15
1.926292458875877805e-14
2.671016186006625149e-14
-2.457797854127363697e-14
-5.697942118132459434e-15
1.793898363189328077e-14
-6.058764601135635309e-15
1.511443747936880161e-14
1.818184491853003376e-14
-1.012134820399524029e-14
-3.452793606584236703e-16
-1.737499033538369927e-16
-2.503025564593030898e-14
4.362898931020708852e-15
-1.639383073737121713e-15
-1.115843528687321332e-14
5.106609579641486031e-15
1.774136393351000278e-14
1.277547512223975515e-14
1.566802243502252049e-16
-1.486866185729241023e-14
1.400463078837788070e-14
2.763900219804327160e-15
5.521971768729372027e-15
-6.461498003318411381e-16
-1.042194108791250099e-14
3.227973444097642562e-15
5.638545186315013937e-15
-4.025668687290817395e-15
-1.093819479436319783e-14
8.850142840799435741e-15
-1.869893129224920029e-15
-1.092931301016619677e-14
-1.776107039219709716e-14
5.429268146173172150e-15
-1.530719995201934580e-14
-1.878969202451230634e-14
-2.765565554341264958e-15
-1.319250264586457894e-14
-8.698597397938101455e-16
6.234457394782566679e-15
2.586514336044842783e-14
-1.743771793627502095e-14
6.955269693520449531e-15
-7.386313782831166590e-15
-1.073696687114988821e-14
-1.317002062961592025e-15
3.703426454393366119e-15
-1.157129947415569341e-15
-8.501532811067136524e-15
5.855593787629231852e-15
1.384115044800182678e-14
8.142098106844742409e-15
-2.506606033847447242e-15
-1.524613768566496211e-15
1.835781526793311880e-14
-2.932099008035038439e-15
-4.206635040304718195e-15
4.185263247080683647e-15
-2.021716127842410155e-15
-2.074729277268261285e-15
9.039990978010336815e-15
-2.509104035652853939e-15
1.530997550958090775e-15
3.057831765573837449e-15
-9.796607969292380745e-15
-4.947153797729697797e-15
5.171141292947822939e-15
2.147171329625052733e-15
1.074695887837151500e-14
1.029454299583676497e-15
-6.642186800576155355e-15
-1.928013304564046810e-14
8.711642518477447210e-15
1.623978729270447674e-15
1.054711873393898713e-15
7.907563492892677025e-16
-8.162637232800306480e-15
-2.270017507299826358e-14
1.433325680366692634e-14
-3.648914503884270971e-14
9.399703237988888544e-15
1.106198466160890380e-14
1.672717520051492013e-14
1.410288552605720762e-14
-6.123157536563894988e-15
-9.848788451449762976e-15
2.544936483772630620e-14
-1.217914658013796796e-15
8.253397965063414100e-15
1.541183847209026630e-14
8.938128015500978261e-15
-5.156985949383852446e-15
4.137523657021801948e-15
5.549449788588844904e-15
3.987365992941249620e-15
1.156907902810644354e-14
1.929012505286209489e-15
1.446454067632885161e-14
2.381150832064804664e-15
-6.729339308009229765e-15
-2.137429122583967089e-14
-1.052186116012876413e-14
5.336286967860814659e-15
-1.397298943217606412e-14
-4.446443213623751629e-15
-8.275324869799759932e-15
1.494332435569845037e-14
1.112748782006178841e-14
-5.793143742494066796e-15
6.360467708077521725e-15
-1.916605762986023289e-14
1.287525641657794027e-14
1.974531649295840923e-15
1.577626917992347539e-15
1.169064844930289766e-15
-1.872058064122939009e-14
-1.387778780781445676e-16
6.801226248853708746e-15
-8.035239140724570461e-15
3.372302437298912992e-15
9.941214518249808394e-15
-6.181444245356715549e-15
7.548683900182596365e-15
-1.048883202514616618e-15
-8.125167205719208394e-15
-1.025929341480491517e-14
-7.216449660063517513e-15
1.200622934405259893e-14
-1.408678729220014172e-14
-9.739986595036498771e-15
-1.280642258905118006e-14
1.071642774519432335e-15
-1.179584208088613221e-14
-6.485645354104007873e-15
-1.163041885021698287e-14
1.218691814131034290e-14
-2.155803313641513442e-14
1.850741782050136142e-15
-1.275091143781992224e-15
-6.419587084138811185e-15
1.650624081861451455e-15
7.906453269868052681e-15
3.395894676572197410e-15
9.061640326990528188e-15
-1.506156310782102929e-14
1.116495784714288650e-14
1.309952146755222145e-14
5.687672555154676609e-15
-1.110417313654465924e-14
1.713768016387007391e-14
-8.172906795778089304e-15
6.857570067353435472e-15
1.355554557491700469e-14
-1.162125951026382538e-15
1.247141279137053927e-14
8.689715613741099800e-15
-2.129768583714053534e-14
1.194072618559971431e-14
1.373290370310087307e-14
4.769240558033516556e-15
2.408628851924277146e-15
-2.604388926741307955e-14
8.187617250854373449e-15
6.578071420904052305e-16
-1.675853900096058068e-14
-2.261468790010212539e-14
-2.130795540011831580e-15
1.397132409763912632e-14
7.038536420367336272e-15
-1.330907606345022007e-14
-4.363454042533021714e-15
7.371325771998726408e-15
-1.992239706538612078e-14
2.559064071760986003e-16
1.508432267982584638e-14
-2.115058128637770021e-14
-1.194877530252824648e-15
6.815659148173836065e-15
2.377126273600538424e-14
-3.579636587147660944e-15
-3.459454944731987796e-15
9.586775817638226095e-15
-2.892130979148532867e-15
1.481648137513502800e-14
-7.219225217625081035e-15
3.706479567711084889e-15
-7.357447984190911952e-15
5.682121440031551142e-15
3.959055305813307844e-15
-6.239453398393379876e-16
8.560929742884582020e-15
-2.658984143977249835e-15
1.419697692739418926e-14
-1.478372979590858411e-14
1.930955395579303639e-14
-1.790512182964221274e-14
-2.825906175729642162e-14
8.025247133502943674e-15
8.287814878826793416e-16
-1.277700167889861335e-14
-9.959810753912278630e-15
6.308287225920139494e-15
1.127820059565465202e-14
-2.776445739982591615e-14
7.938094626069869658e-16
-1.581734743183460511e-14
1.234123914173323972e-14
-1.749378419901859085e-14
-1.659672399512146613e-14
1.861732989993924977e-14
1.917743741586264302e-14
4.554689958524704549e-15
2.144673327819646273e-14
