4.949333429619387145e-04
4.057548350116482370e-04
1.090489616704944749e-03
2.375140126569150537e-03
3.748413957726587191e-03
4.971870866354840927e-03
6.009304804310830646e-03
6.954466421940050901e-03
8.464688886230370066e-03
9.874762198270860269e-03
1.119189504265147989e-02
1.252066736643158915e-02
1.473588297814417900e-02
1.561168906881737865e-02
1.789908681219665523e-02
1.870934111902565478e-02
1.936025286514890184e-02
2.042757415751536576e-02
2.139662022570633718e-02
2.254721449536891895e-02
2.267411653066326097e-02
2.448946307357310892e-02
2.577268842660021889e-02
2.803628149742591266e-02
2.794763215766861084e-02
2.839020727925068571e-02
2.848468578581038121e-02
2.910768830478478730e-02
2.886979510346306815e-02
2.899034802580816028e-02
2.997713453332250672e-02
3.088735402606266126e-02
3.157831150412501037e-02
3.256203211464854530e-02
3.301007325323676578e-02
3.303561883527387361e-02
3.414872331012010903e-02
3.383187742592375785e-02
3.416904442866831870e-02
3.460890109559618122e-02
3.587446129003980799e-02
3.555290214583986530e-02
3.634864983273262268e-02
3.646679915173288433e-02
3.688831920244878965e-02
3.830866908651151675e-02
3.852393389184852190e-02
3.862329124848520867e-02
3.941206416401139140e-02
4.019338006139049069e-02
4.083986767913379973e-02
4.223369122930589054e-02
4.287828555737650815e-02
4.316619370006324202e-02
4.301965620777029042e-02
4.451731894085760727e-02
4.497510337320932000e-02
4.505445316868474104e-02
4.628117593860262696e-02
4.674686491819305539e-02
4.778312318329008823e-02
4.933156575953237533e-02
4.957601491358169798e-02
5.004210210434852785e-02
5.075999832371493048e-02
5.094465453285076245e-02
5.224400695638858200e-02
5.294445623125558498e-02
5.291545341204200587e-02
5.429490913318736622e-02
5.484316261255656189e-02
5.503096528633671936e-02
5.664450048989119746e-02
5.860479976681786524e-02
5.820244331965856305e-02
5.833854348481611052e-02
6.013234414841591574e-02
6.010860359859668961e-02
6.109867114819537981e-02
6.160677885006262539e-02
6.114467683728076752e-02
6.296238566766901301e-02
6.319612196832166684e-02
6.379386052485791492e-02
6.572780385146981263e-02
6.486425177278239140e-02
6.482710758096726922e-02
6.666217355802353528e-02
6.688095262894883097e-02
6.785835308776416719e-02
6.839487553406990716e-02
6.902507639862476285e-02
7.028243511052285897e-02
6.936806419200766682e-02
7.175286392161234206e-02
7.149328825716773361e-02
7.213351129800243955e-02
7.175141401342097214e-02
7.270225305434739604e-02
7.378654514402242792e-02
7.466735613985429898e-02
7.422430455491595136e-02
7.633602040443954184e-02
7.495194274752900454e-02
7.528634469499212445e-02
7.687760104911164905e-02
7.717714951209488083e-02
7.726996005109496024e-02
7.855446261753142034e-02
7.908778461646039093e-02
7.781987462264157440e-02
7.947999153058236954e-02
7.977143296673794293e-02
7.981492555086447394e-02
7.941488281296955887e-02
8.151023085442010707e-02
8.123050319610716774e-02
8.214582275124651667e-02
8.145033006827719080e-02
8.216119873378083249e-02
8.268845220617913883e-02
8.384294558691311738e-02
8.222336854326278699e-02
8.346050111256674009e-02
8.409155438774974789e-02
8.436075049521778169e-02
8.521831960432132980e-02
8.503926492594317266e-02
8.536160515602260468e-02
8.629648302385882486e-02
8.551936788662678479e-02
8.582109858868541830e-02
8.664965064423646446e-02
8.680995621715317800e-02
8.692669983440495796e-02
8.595106700499574592e-02
8.701576883913698934e-02
8.782642243569240004e-02
8.841439151522556550e-02
8.840348068180801933e-02
8.797863214356922701e-02
8.815557006086691127e-02
8.991751075125066495e-02
8.836879019460315565e-02
8.845419713660272742e-02
8.913239991971255716e-02
8.960698666016850278e-02
8.877107703094136437e-02
8.941541441109837618e-02
8.886581627649706161e-02
8.932943336746143603e-02
8.927350730520854094e-02
8.944010524151439767e-02
9.061345066437516416e-02
9.026100451175324280e-02
9.008120829412757935e-02
9.113191769418607646e-02
9.043275736426388545e-02
9.032435765019830587e-02
9.036147920214000762e-02
9.121540800974890784e-02
9.027608932111579054e-02
8.971534581745259362e-02
9.106171626303105615e-02
9.059864937288210351e-02
9.089646279358493119e-02
9.025297818044950016e-02
9.129491805350063716e-02
9.148021259546257333e-02
9.124733477139550242e-02
9.072530340974561958e-02
9.177983152272607692e-02
9.069034415082780076e-02
9.072370504421348181e-02
9.024420987449832676e-02
9.083916288709950604e-02
9.136106362109772117e-02
9.031364948748839272e-02
9.087483903800328000e-02
9.079911811950650002e-02
9.074212594885887329e-02
9.053917512037423787e-02
9.131112814497821528e-02
9.089420988140509139e-02
9.045820918456229376e-02
9.059025743646546835e-02
9.046280704061249178e-02
9.081196406072673810e-02
9.015284381632143740e-02
9.100582244936498977e-02
9.132586577594606347e-02
8.991536893647034123e-02
9.067283849288619579e-02
9.058051191438327987e-02
8.963923485715317996e-02
9.083962226810880780e-02
9.058697980191880716e-02
9.044965820419317848e-02
8.977303148059004312e-02
9.019880993791273838e-02
9.003614360526303317e-02
8.987295472577778999e-02
9.037123487257717191e-02
9.021548386013698850e-02
8.966522130067665353e-02
8.982631019894191104e-02
8.950239798824638493e-02
8.971761827997945526e-02
8.972179742877677000e-02
8.941265395656100567e-02
8.945510951352443618e-02
8.971897881509398320e-02
8.924757052519272094e-02
8.901974135088967788e-02
8.926460907153248303e-02
8.948333837181091099e-02
8.880515740235374322e-02
8.898259403911652765e-02
8.908339234272570628e-02
8.882305943255783265e-02
8.908452421809694155e-02
8.840988598023501177e-02
8.893851147872786078e-02
8.892769964057886667e-02
8.853211896065669995e-02
8.881542908058370767e-02
8.870106142375490388e-02
8.833678415723504596e-02
8.827830037306121092e-02
8.844886787992831123e-02
8.778791113300619953e-02
8.786897901318158066e-02
8.762873509060725707e-02
8.806869339075765191e-02
8.845679824112397116e-02
8.839092538570746116e-02
8.797115571961448832e-02
8.781629359446867233e-02
8.770004793064120618e-02
8.772034999128951183e-02
8.747884026642285815e-02
8.718879608484778054e-02
8.739397128162795791e-02
8.764819239020799069e-02
8.696457577496617686e-02
8.713588670671630620e-02
8.701621953015144240e-02
8.719183801688627777e-02
8.675655521572456230e-02
8.728792198703619332e-02
8.721950060606137312e-02
8.705787225142265495e-02
8.719127132210459374e-02
8.679597344447452512e-02
8.723986775398268056e-02
8.648784353416016923e-02
8.706041436071185191e-02
8.680132967124140619e-02
8.682124646743938357e-02
8.651150838042680202e-02
8.698927426307380417e-02
8.688624473981114427e-02
8.692945924425907189e-02
8.688560975848085011e-02
8.675708614322134860e-02
8.662673079604993331e-02
8.684580313146463004e-02
8.657806492496290807e-02
8.647444547055334330e-02
8.679194622160839312e-02
8.697599561849338190e-02
8.680111217959904368e-02
8.649054422566275491e-02
8.686638178772719543e-02
8.702281963650687624e-02
8.674746696526103307e-02
8.677381376461500151e-02
8.657992298436142931e-02
8.684117947073830002e-02
8.688878997829806161e-02
8.660954102627693718e-02
8.709376668430887647e-02
8.715597567700890391e-02
8.682771659098142969e-02
8.670619910000822161e-02
8.734227173331791938e-02
8.693058180493329345e-02
8.735606832307599157e-02
8.713133380203602618e-02
8.730143242144759730e-02
8.744461450998264329e-02
8.708554057164487328e-02
8.715163252290354656e-02
8.704844686761521733e-02
8.768631577815109990e-02
8.734848708542237994e-02
8.759611098006156449e-02
8.711475692628396772e-02
8.759525327542926065e-02
8.786596191544274181e-02
8.748623962832448309e-02
8.799297188729042485e-02
8.810610185094247537e-02
8.802159214381077845e-02
8.812504733937864820e-02
8.793222211202941785e-02
8.842618579462795114e-02
8.823173685719391812e-02
8.835951095090641139e-02
8.849360940300581013e-02
8.838624004384587618e-02
8.862165264395591158e-02
8.880266566121423899e-02
8.871731024060706960e-02
8.875563812072793934e-02
8.908754306190043437e-02
8.922111822837723583e-02
8.912706859157147610e-02
8.898207090685185394e-02
8.944591316949453141e-02
8.952871382142993384e-02
8.931345422620529106e-02
8.995874131784077632e-02
9.009055952223182784e-02
9.022521046989435967e-02
9.020710391427957942e-02
9.031746522262155963e-02
9.054888550932607694e-02
9.009262738593054598e-02
9.062559129159461491e-02
9.055183820805522144e-02
9.092343432026434025e-02
9.104264318549885882e-02
9.106853169103897028e-02
9.133488812134807344e-02
9.146303336505842707e-02
9.130932070847805337e-02
9.155712162715300140e-02
9.203191376910145605e-02
9.182941254112830798e-02
9.228973666590958858e-02
9.220079751617338282e-02
9.221544881355576984e-02
9.248449279763326647e-02
9.265513447426555749e-02
9.292645296863663584e-02
9.301824875908180912e-02
9.300954657147529614e-02
9.363985585397154032e-02
9.347862619217767177e-02
9.338937386593418322e-02
9.351165224007244869e-02
9.396447421613919604e-02
9.408309773937108267e-02
9.393775520416633440e-02
9.424777570622930312e-02
9.441210938315061640e-02
9.466336753901818946e-02
9.487151338462131156e-02
9.475711637334793824e-02
9.545123474917617534e-02
9.528339740512486999e-02
9.543663558323156604e-02
9.561612437841124357e-02
9.587383388348351410e-02
9.608666725565391531e-02
9.620342458669456365e-02
9.637999192025327455e-02
9.667286391263076040e-02
9.686594916527838106e-02
9.663456616476857886e-02
9.707931234953451338e-02
9.716647966618234544e-02
9.706235047671611660e-02
9.737357693626938482e-02
9.770275769771988306e-02
9.778357559586409176e-02
9.791490181020168215e-02
9.822595207511972126e-02
9.842651349990341747e-02
9.853903904339517128e-02
9.885574633617996709e-02
9.903305181515198452e-02
9.934345316497716905e-02
9.924540134450075823e-02
9.956644963452221386e-02
9.962523800506152549e-02
9.974041776111791657e-02
1.001286328476147375e-01
1.002152830245292281e-01
1.001953886731081489e-01
1.006790782129081963e-01
1.006540270945586180e-01
1.010139657729718504e-01
1.010807958583717775e-01
1.014973989555134903e-01
1.016133100004951995e-01
1.017745922536239245e-01
1.020086568835737173e-01
1.020572702353992472e-01
1.024270973197454054e-01
1.026570641616858237e-01
1.023905720887206411e-01
1.028353801111699939e-01
1.030744815830792610e-01
1.033982540770258390e-01
1.035261594536401319e-01
1.037795907616203411e-01
1.042206645568733991e-01
1.043337490793921352e-01
1.042229279668384079e-01
1.045013460901070279e-01
1.046521040231514904e-01
1.048209889225252128e-01
1.055488279983772815e-01
1.055186173545880901e-01
1.055745609688720915e-01
1.055236750135640500e-01
1.059160331681372608e-01
1.059557989988872267e-01
1.064702019667925215e-01
1.066369317334675548e-01
1.066484333523286254e-01
1.068152151514035197e-01
1.070770191656012504e-01
1.073094994333951419e-01
1.077759806707828394e-01
1.076537829072693048e-01
1.079984893566652143e-01
1.080617796035603234e-01
1.081571967904558229e-01
1.084466813124019130e-01
1.087289485490884611e-01
1.089540692308237080e-01
1.092120678980076226e-01
1.092072064605726922e-01
1.096023195851810877e-01
1.095841071526496846e-01
1.097188451710721241e-01
1.098690553718382479e-01
1.101725781899081241e-01
1.106335531864009597e-01
1.106043980023190682e-01
1.109664336527124984e-01
1.109801253720356234e-01
1.112676885112504482e-01
1.115391191727665710e-01
1.116358384412292348e-01
1.118484110701209316e-01
1.120488020399292850e-01
1.123967761483368188e-01
1.125469307758837495e-01
1.126252680518700228e-01
1.129526233633290633e-01
1.129825220419437976e-01
1.132741980183172292e-01
1.134602863801277423e-01
1.136254845625406795e-01
1.140950457130839452e-01
1.141083977411655737e-01
1.142381022696756648e-01
1.144728538893278469e-01
1.147294753976362963e-01
1.148817779573973741e-01
1.151235196326104854e-01
1.152576820411507080e-01
1.154971860336955897e-01
1.157439992588055050e-01
1.156883151743107602e-01
1.161955296906913848e-01
1.164736583394661851e-01
1.165854555372498047e-01
1.167852232807249091e-01
1.168108476281785324e-01
1.173217663032306984e-01
1.173284700937747976e-01
1.174734750333642913e-01
1.176450104137152924e-01
1.179810560832350447e-01
1.181931754706016940e-01
1.181847401429548389e-01
1.185260947505773488e-01
1.185859846309001153e-01
1.186983105260636245e-01
1.190776086536458472e-01
1.192260299780426164e-01
1.196228351693125747e-01
1.198188877613804298e-01
1.199395407656024398e-01
1.201899975536643433e-01
1.204375123415848403e-01
1.201573169604182173e-01
1.205986250046221231e-01
1.209243653416738201e-01
1.210127121161030661e-01
1.212037695504490087e-01
1.213952929543283266e-01
1.216114388866442464e-01
1.216497649505774853e-01
1.219717886958673891e-01
1.222873028229960607e-01
1.224766797946571922e-01
1.225297947469052989e-01
1.226234237442551805e-01
1.229385746321884770e-01
1.230311091213923264e-01
1.233838991886184178e-01
1.234283623974962024e-01
1.237616233128592813e-01
1.238612088290273333e-01
1.240284358872233289e-01
1.240585967094856162e-01
