3.343837862778146537e-05
-5.058922135360609425e-03
-6.283602555350269354e-03
-5.225178628870080604e-03
-4.798730272534751026e-03
-5.275085762977635602e-03
-7.002111916854511682e-03
-7.357819551066748474e-03
-7.425995021371067581e-03
-6.089445718474082066e-03
-4.255949565145474012e-03
-6.890810399659819813e-03
-5.033446301794457928e-03
-4.556966733441631507e-04
-1.339731827336332944e-03
3.734155721675872994e-03
8.524600216331577884e-03
3.120999573097084714e-03
3.751187859236595947e-03
9.436536579140519104e-03
1.349774142286181561e-02
1.873807509580405553e-02
2.654003552617851050e-02
3.597783831123753384e-02
2.756567294400230281e-02
3.385312208585972149e-02
4.767535145677899433e-02
4.591198073791047385e-02
5.999511409810423523e-02
6.288329466025312231e-02
6.770131275289330286e-02
6.680588902240833238e-02
7.696240267983561756e-02
7.774832426561147092e-02
9.693539791894748014e-02
1.052579484462994042e-01
1.093893025267470703e-01
1.228228765374538012e-01
1.286673750032109043e-01
1.255892618433107066e-01
1.413977058223132022e-01
1.452996940665077230e-01
1.511811129508544016e-01
1.582268939003282360e-01
1.618175084763940064e-01
1.719319749099386674e-01
1.780673219520345907e-01
1.882045925780440887e-01
1.993319388958777472e-01
2.108487411126744870e-01
2.127061433464442208e-01
2.221429669821416708e-01
2.349498452709161134e-01
2.336757076035705094e-01
2.405226777873015476e-01
2.578299114075213172e-01
2.691015833795458168e-01
2.812303252655010688e-01
2.872470922801771409e-01
2.875011619915462946e-01
2.973663846772042207e-01
3.033003466454693431e-01
3.160742257980138081e-01
3.223128886335354659e-01
3.295592836454237506e-01
3.444145256291755164e-01
3.488604824961188400e-01
3.513788185424743249e-01
3.621771428852391672e-01
3.710596040130523243e-01
3.780306824611877614e-01
3.943812078505552488e-01
4.005260046160185605e-01
4.013739209147657583e-01
4.194067728542495987e-01
4.244418704725353431e-01
4.342807573510749086e-01
4.413296739599863461e-01
4.428083963002545920e-01
4.558868612777364215e-01
4.680887308048790052e-01
4.757934201187271617e-01
4.867153952614413082e-01
5.006673159751983126e-01
5.020163775679075124e-01
5.084758681481390541e-01
5.193007170315250276e-01
5.276150207461962616e-01
5.397767871709701071e-01
5.424775355464925841e-01
5.503264882267788760e-01
5.637905775331411018e-01
5.727269553053627726e-01
5.763993272332830209e-01
5.852990370949462395e-01
5.976104612363961621e-01
6.014697811423600493e-01
6.156646615111277532e-01
6.187036531753249413e-01
6.302185749749998900e-01
6.366215184773558189e-01
6.473399799889564266e-01
6.522110672968056688e-01
6.657423506838374694e-01
6.710359772517979771e-01
6.724571096391558367e-01
6.861650670855642398e-01
6.918356827357214911e-01
7.017341187900210109e-01
7.073850288901045724e-01
7.160609727014753956e-01
7.233026441471889223e-01
7.298233616091566178e-01
7.412964081439177289e-01
7.529100816764494608e-01
7.539009228699837806e-01
7.636537635385959311e-01
7.766946392468857541e-01
7.838081983637450456e-01
7.877866478652303384e-01
7.965174960336548482e-01
8.028371955257220804e-01
8.096783729160620391e-01
8.150937214751615700e-01
8.280068297054919979e-01
8.385200280519512495e-01
8.444515725731133182e-01
8.483374657348002890e-01
8.577994769964867317e-01
8.681856469660569342e-01
8.714125605872262703e-01
8.799100898976159879e-01
8.900930193963474402e-01
8.949455302404344392e-01
8.986781149703330085e-01
9.106045222043073206e-01
9.208508889540047981e-01
9.262335768719114348e-01
9.333452386436618120e-01
9.390161810614151561e-01
9.484211046170624160e-01
9.539306998803896986e-01
9.626348463742115946e-01
9.715149111802060533e-01
9.776696103001433213e-01
9.858965279730327325e-01
9.910082867939329354e-01
9.990107495137184879e-01
1.007737916652803767e+00
1.014319201116830271e+00
1.018691418664089188e+00
1.026299126363880987e+00
1.032706248945180594e+00
1.040005325189357954e+00
1.048360034555631648e+00
1.055660264848265806e+00
1.058883916186613261e+00
1.066564755894050531e+00
1.080657888938634459e+00
1.084251623288033484e+00
1.092672317318477360e+00
1.097328797566322844e+00
1.103324190879179767e+00
1.110674189024082326e+00
1.116213014746330945e+00
1.125260163992013007e+00
1.133595467622655173e+00
1.138360863210597929e+00
1.143581575638680015e+00
1.150451328877108326e+00
1.159306648356416947e+00
1.168570443256980784e+00
1.173561314727322058e+00
1.180247910905552367e+00
1.186704520196109280e+00
1.192484481180548395e+00
1.199014377428406553e+00
1.203894151797321399e+00
1.210467777720532823e+00
1.217165461993011677e+00
1.221070798345697206e+00
1.227982269083201627e+00
1.237668950868804796e+00
1.242921548495593553e+00
1.248100889251010814e+00
1.254999049814479184e+00
1.261842184842764336e+00
1.268122908671260429e+00
1.275406702747096332e+00
1.278699407377757113e+00
1.287127779250677229e+00
1.291172829125925681e+00
1.298442544795522569e+00
1.305728271962384168e+00
1.309607139415509547e+00
1.317569172402755173e+00
1.322531137121398581e+00
1.329437299011770879e+00
1.335703178702979610e+00
1.341979557707068338e+00
1.347847714303003874e+00
1.351303164094118658e+00
1.358239842759359162e+00
1.365390580134182130e+00
1.369532869560101673e+00
1.375649936129953232e+00
1.383703637004159548e+00
1.388538978940920821e+00
1.393277896759319567e+00
1.399058357561868693e+00
1.406377479316404111e+00
1.409045664456789915e+00
1.414437473424054570e+00
1.423097862007398184e+00
1.427085163969163961e+00
1.433014167499548019e+00
1.438946463936972231e+00
1.444347229550982048e+00
1.449789035069082743e+00
1.455926594450949407e+00
1.462184128849137288e+00
1.467199787435550684e+00
1.472023322946332646e+00
1.477686323696669968e+00
1.485599751492389986e+00
1.488829266795844708e+00
1.495360462115712386e+00
1.500538312936446017e+00
1.506211692895206511e+00
1.511461816237723577e+00
1.515590431770058588e+00
1.520700422599753132e+00
1.525475808054159277e+00
1.532618130105892984e+00
1.538676129755859323e+00
1.540680932869043618e+00
1.546137666073033490e+00
1.552560979644078465e+00
1.558700589703202688e+00
1.564287163539798131e+00
1.567731494298072237e+00
1.572741404684355748e+00
1.577752817250834383e+00
1.583584145554308931e+00
1.588578766800975206e+00
1.593329473605272106e+00
1.599263470423249567e+00
1.604289798678810497e+00
1.609113407543658836e+00
1.614175180551100430e+00
1.618310628645409199e+00
1.623133056332958013e+00
1.628138952203253442e+00
1.632475950046862856e+00
1.638332394366830647e+00
1.643707609227866406e+00
1.649068803424156515e+00
1.653519424701091589e+00
1.657259674569891761e+00
1.662271881604038493e+00
1.666534280275059565e+00
1.671650448205116879e+00
1.677333093880492898e+00
1.681637951247770602e+00
1.685684252890331081e+00
1.690819311709411688e+00
1.696022266017212177e+00
1.700658020389192782e+00
1.704657448967783484e+00
1.709315921737711186e+00
1.714622737382679452e+00
1.720219898727842534e+00
1.724684896550709778e+00
1.728076903917636242e+00
1.731141849978709457e+00
1.736175682329019310e+00
1.741659781862077816e+00
1.747379730299327694e+00
1.752036113806575868e+00
1.754333379448978603e+00
1.758580399733971067e+00
1.765140974326714352e+00
1.771111979211775322e+00
1.772257947391592259e+00
1.775173549740616474e+00
1.781274457664764554e+00
1.786310820199992877e+00
1.790131057922842883e+00
1.794953259504392440e+00
1.798680484924411571e+00
1.802953544831236821e+00
1.807032653198747063e+00
1.811859526029171219e+00
1.817450516974608909e+00
1.819878860494152706e+00
1.823231317989987277e+00
1.828259267030836188e+00
1.833363647796429685e+00
1.836762934743663589e+00
1.840569416383713408e+00
1.846212270928518917e+00
1.850612681901796508e+00
1.853859034276609696e+00
1.858563132241508598e+00
1.862554140716654372e+00
1.866119242317931581e+00
1.869179772556935681e+00
1.872355225100474252e+00
1.876951806313801097e+00
1.880913697626401593e+00
1.885122487909977718e+00
1.889492860953033704e+00
1.893182725555039969e+00
1.896901480771933102e+00
1.901169540421228765e+00
1.905090814827949286e+00
1.910429636102420226e+00
1.914251813029960170e+00
1.917867527553063445e+00
1.920755906473704089e+00
1.925198557208812167e+00
1.929631119015462914e+00
1.933775469583136397e+00
1.937030117900299109e+00
1.940480837932506475e+00
1.944236490141423745e+00
1.948631183443349180e+00
1.952451189571560830e+00
1.955576187471800731e+00
1.959268471298952319e+00
1.963457793787283912e+00
1.966886648553757722e+00
1.970071180308902159e+00
1.973315825329188256e+00
1.978032275513125660e+00
1.981803026975221371e+00
1.984904945862328685e+00
1.988195896691058895e+00
1.991690216673617231e+00
1.995185269701920339e+00
1.999290441514028682e+00
2.002937466234155917e+00
2.006350515512300703e+00
2.009780281800809032e+00
2.013056275466901024e+00
2.016719134653664813e+00
2.020109380550005440e+00
2.024196115479282909e+00
2.027238338213827706e+00
2.030947874177620793e+00
2.034027675259332923e+00
2.037482239649576421e+00
2.041308393874460503e+00
2.044733789676744351e+00
2.047952282596416040e+00
2.050766732958914318e+00
2.054398044108178389e+00
2.057817080696041412e+00
2.060843218692178791e+00
2.063604840360370840e+00
2.066929733738062325e+00
2.070910108424430351e+00
2.074511239693995979e+00
2.078168857702617167e+00
2.081589691685366450e+00
2.084948700787745413e+00
2.087262544954446852e+00
2.090387120225984052e+00
2.093951799841995420e+00
2.097013973027722411e+00
2.100609825037492051e+00
2.103907630348366364e+00
2.107293724921451616e+00
2.110324026648669360e+00
2.113228276832287644e+00
2.116351967993847616e+00
2.119215474762848661e+00
2.122389156920929221e+00
2.125534328270407336e+00
2.128569197714268224e+00
2.131946018665295650e+00
2.135153915262494095e+00
2.138323172856666954e+00
2.141265214823910856e+00
2.144113320731898753e+00
2.147209694369017097e+00
2.150119659698617181e+00
2.153827405616295376e+00
2.157497756652017706e+00
2.159903589813900737e+00
2.162670118745419590e+00
2.164960157743202718e+00
2.168728229322971490e+00
2.172328667287864334e+00
2.174712497139794642e+00
2.176972686654807365e+00
2.180645226740669962e+00
2.183526896180832289e+00
2.186275643456395024e+00
2.188788076678892303e+00
2.191858529582470627e+00
2.194995143191016851e+00
2.197677144934876203e+00
2.200446256561712222e+00
2.203459150521223542e+00
2.205914849224591467e+00
2.208689527981456013e+00
2.211735974544734695e+00
2.214697640348632923e+00
2.217991305266461488e+00
2.220947546007575379e+00
2.223059586319126701e+00
2.226078441956661269e+00
2.229251994450354157e+00
2.231573465831022673e+00
2.234098058165792544e+00
2.237345680333680864e+00
2.240150328528359491e+00
2.242251437901563449e+00
2.244578343199109316e+00
2.248171338675863495e+00
2.251235583689201736e+00
2.254032819146070565e+00
2.256244374481030768e+00
2.259041125641587655e+00
2.261655052340857619e+00
2.264102600226284512e+00
2.266456710336189229e+00
2.269800548671053519e+00
2.272759844329455436e+00
2.274736478642746640e+00
2.277233457197306077e+00
2.280125219978820006e+00
2.282993837426998240e+00
2.285758766456920554e+00
2.287951521573007074e+00
2.290829896450536474e+00
2.293759210177085617e+00
2.295931401310266295e+00
2.298432911248545540e+00
2.300058122148911810e+00
2.302935333111073568e+00
2.305677262890312829e+00
2.307875542373642563e+00
2.310451196458319423e+00
2.313067163771462376e+00
2.315869241194038697e+00
2.318046300657353953e+00
2.320206839006388133e+00
2.322796068902821531e+00
2.325433978949142944e+00
2.328245209472646238e+00
2.331020488141481994e+00
2.333419479787409490e+00
2.335785358647836318e+00
2.337633684183459071e+00
2.340058252162256380e+00
2.342287774381178078e+00
2.345067539603115314e+00
2.347489299423683562e+00
2.350270228596497368e+00
2.352757008180673903e+00
2.354812971707676894e+00
2.356530737243153428e+00
2.359224057965298105e+00
2.361124321218054156e+00
2.363451351370692954e+00
2.366178540611972636e+00
2.368315272112632819e+00
2.370867755771234986e+00
2.373108299908651908e+00
2.375410062367462771e+00
2.378194527893603194e+00
2.380511760540871879e+00
2.382277088252861663e+00
2.384047281230356141e+00
2.386225075425538300e+00
2.389584966198020410e+00
2.391846484334942957e+00
2.394096040724654983e+00
2.396039217551527933e+00
2.398235079687260018e+00
2.400395850175327528e+00
2.402992372505535545e+00
2.405098291014823086e+00
2.407021292841215132e+00
2.409429615147007375e+00
2.411315970598521652e+00
2.413656219602748010e+00
2.415551869192310797e+00
2.418255701790647638e+00
2.420417947112055490e+00
2.423203878963398505e+00
2.425143777452858362e+00
2.426783455695368907e+00
2.428678504425576090e+00
2.430731296903823502e+00
2.433285116221947764e+00
2.435796096387012888e+00
2.437498861440762443e+00
2.439534676308444450e+00
2.441411472526227033e+00
2.443467947645597160e+00
2.446251241543462296e+00
2.448367935153518360e+00
2.450478164447284168e+00
2.452473756447897113e+00
2.454444478586464307e+00
2.456720910029904559e+00
2.458653088042880963e+00
2.460608215013430744e+00
2.462505407760669840e+00
