-1.221245327087672201e-17
-8.379547056236446376e-15
1.713129638147847875e-14
3.022027073029675977e-15
1.474931288214520480e-15
6.195044477408373574e-16
-6.594724766273430284e-16
1.781907954523376228e-16
-9.658940314238861852e-17
-2.464695114667847737e-16
3.075317778211683637e-16
-2.808864252301645830e-16
1.654232306691483235e-16
-2.553512956637860154e-17
-6.550315845288423243e-17
2.053912595556539575e-17
8.076872504148014226e-16
2.137179322403426390e-16
1.720845688168992625e-17
-6.106226635438361003e-18
-5.162537064506978307e-16
-2.903233209394784590e-16
6.117328865684612301e-16
3.452793606584236703e-16
-5.317968287954499868e-16
1.095512569548873185e-15
9.048317650695026199e-16
2.292610545850948197e-16
-2.986499936241670936e-15
-1.551536676913656226e-15
-1.963151863293433163e-15
-2.009503674571533397e-16
-1.203759314449825908e-15
3.279598814742712326e-15
-1.691286000138347908e-15
1.618288836269243794e-15
-1.274397254391601540e-15
-1.961278361939377943e-15
5.737597896793289465e-15
-6.778605454726971244e-16
-6.741406478188994139e-16
7.764882486993585233e-16
-5.342323805557213979e-15
-3.247332958089543872e-15
2.821909372840991684e-15
-1.391942117123789973e-15
-6.337985691828862242e-15
1.066507993030540923e-15
6.925016116099413724e-16
-1.890293477302407265e-15
-1.530442439445778307e-15
-1.066813304362312958e-14
9.853229343548263803e-17
3.611277943349478316e-15
-3.072542220650120805e-15
-4.457545443870003352e-15
1.275646255294304889e-15
-1.704192342799615201e-16
2.423616862756716538e-15
-7.017442182899458550e-15
5.668798763736049548e-15
1.423861029081763234e-16
-4.665157149474908130e-15
5.772049505026189075e-15
9.419132140919828468e-15
-8.106848525812892616e-15
2.243760732767441463e-15
-7.460698725481051676e-16
2.017830347256222091e-15
4.740652315149417954e-16
-5.018208071305707089e-16
4.585776203214209059e-15
1.750821709833871817e-15
1.521560655248777047e-15
3.301248163722902910e-15
-2.875477633779155282e-15
2.944311461305915098e-15
5.001554725936330096e-16
9.471312623077210699e-15
-6.381561945545399447e-15
1.328381848963999785e-15
5.428435478904703252e-15
-8.620326674702027516e-15
-3.450018049022673870e-15
-5.450084827884893836e-15
-4.340972026284362231e-16
1.504407709518318320e-14
3.209099652679015106e-15
-6.415423747796466690e-15
1.003308547353754016e-14
1.231792445821611253e-15
-3.958500194300995771e-15
1.269373495205172661e-14
1.870725796493388830e-16
-3.321787289678468558e-15
-8.132383655379271659e-15
-1.054711873393898726e-17
-1.282751682651905936e-14
-4.661826480401032534e-15
-9.936496070395150248e-16
-5.103695244201844490e-15
-8.323342015614798457e-15
-1.161348794909145043e-14
2.430278200904467730e-15
2.604583215770617338e-15
-9.275913370743183369e-16
3.397282455352979073e-16
5.145883719137600328e-16
7.526756995446248955e-15
8.326672684688674053e-16
1.354472090042690950e-16
-4.083955396083637955e-15
-1.713740260811391787e-14
3.164135620181696140e-15
7.930878176409805999e-15
-3.807509862951974545e-15
-4.310440893107170584e-15
-8.135159212940835181e-15
4.422573418594311173e-15
2.839395385478837773e-15
5.090372567906342896e-15
6.556422071923861918e-15
-4.012346010995315800e-15
2.132738430304925809e-15
-8.876233081878126659e-16
6.380451722520774512e-15
-8.589795541524836658e-15
2.364775042451583313e-16
-2.282063427117009237e-15
-1.051381204320023275e-14
-6.601941215933493746e-15
2.707833957060756865e-15
-1.081135181379977389e-14
-2.211564265053312018e-15
-7.658873535376642331e-15
-5.145883719137600723e-15
-1.245226144419575538e-14
1.244671032907262991e-14
7.745470931297404667e-15
4.726219415829291424e-15
1.923461390163083627e-15
7.278067037930214458e-15
-1.271205363195804259e-16
-2.185474023974620508e-15
4.914402218503255489e-15
-1.211364342168508295e-14
6.185052470186747181e-15
-2.899902540320908994e-15
-8.025247133502943674e-15
1.583011499661779542e-14
-3.433364703653296680e-15
-2.134958876354176075e-15
8.459899447643692956e-16
2.386979502944086463e-16
-5.812017533912694647e-15
7.633338405810263289e-15
6.676881270095691497e-15
-1.519895320711839249e-15
-2.310374114244950619e-15
3.496092304544617772e-15
7.728262474415714615e-15
-9.761080832504376493e-15
-8.970046927458952458e-15
-5.097589017566406161e-15
-8.326672684688673745e-18
-3.880229471064922227e-16
1.625921619563541706e-15
8.248957072964912780e-16
-3.461675390781238061e-15
7.311373728668968839e-15
-4.489741911584132797e-15
3.361200207052661268e-15
2.871036741680654750e-15
-3.383404667545164715e-15
-9.073297668749091196e-15
4.367062267363053346e-15
-2.540190280342358054e-15
7.195910534107951864e-15
-1.469713239998782178e-14
-3.022027073029675977e-15
3.725353359129712740e-15
-1.175781694229272047e-14
4.574118861455645262e-15
7.834843884779728948e-15
-9.637290965258672106e-15
4.238276396506534778e-15
-1.009747840896579945e-15
1.165179064344101702e-15
-7.611133945317761420e-15
9.242606680004427410e-16
-2.174371793728369179e-15
8.526512829121201915e-16
2.114974861910923239e-16
1.023625628704394401e-15
1.214583988939921200e-15
-5.325739849126875798e-15
1.473821065189895347e-15
6.271649866107509518e-15
9.384160115644136289e-15
-1.793565296281940517e-15
5.402900349338324209e-15
-2.379763053284022902e-15
5.956346527113964682e-15
-7.488454301096680983e-16
-5.194178420708794496e-15
4.938827125045008807e-15
-3.309574836407591505e-15
-3.502753642692368964e-15
-2.352007477668393989e-15
4.228839500797221641e-15
4.752864768420295402e-15
-2.360334150353082978e-15
8.118505867571457202e-15
-3.841371665203041590e-16
-1.070810107250963515e-14
-1.796340853843503251e-15
6.543099395628360323e-15
-7.084888231645436210e-15
1.672939564656417158e-14
-1.380839886877538447e-14
6.566414079145488705e-15
5.528910662633279256e-15
-1.439959262938828104e-15
-2.184918912462308040e-15
6.623035453401371468e-15
-1.511291092270994341e-14
3.890221478286548423e-15
4.369837824924616080e-15
2.269850973846132578e-15
-6.839528943203276520e-15
5.931921620572211364e-15
1.217803635711334184e-14
1.215527678510852632e-14
-5.199174424319607889e-15
2.944866572818227566e-15
1.565525487023933137e-14
-1.119326853427082748e-14
5.555556015224283234e-15
-4.128364317068644848e-15
1.280697770056349371e-14
-1.049160758270772931e-14
2.083555550314031141e-14
3.474998067076740050e-15
-1.163180662899776463e-14
4.224953720211033183e-15
-1.308397834520746999e-15
4.694022948115161979e-15
1.897759727143011358e-14
-1.632582957711292701e-15
1.035838081975271060e-15
-2.163547119238273808e-14
3.586020369539255606e-16
-1.326161402914749519e-15
-1.576294650362797142e-14
9.903744491168708730e-15
1.430910945288132906e-14
-2.228772721935001676e-15
2.217115380176437485e-15
8.502087922579448597e-15
-7.390754674929666332e-15
-9.704459458248492941e-15
-1.041389197098396803e-14
-5.834221994405197304e-15
5.069833441950777247e-15
3.037015083862115764e-15
3.120281810709002504e-15
-1.285693773667162607e-14
1.143418693061448664e-14
-7.046030425783556362e-15
2.460809334081659377e-15
-6.850076061937216170e-15
1.545985561790530561e-15
2.589595204938177552e-15
9.736655925962623175e-15
5.471179065352771557e-15
-7.820410985459602418e-15
-8.484879465697758545e-15
3.186340080674199389e-16
5.395128788165948082e-15
2.836619827917275040e-15
-1.022515405679769268e-15
-1.514344205588713584e-15
9.415246360333640798e-15
2.309485935825250749e-14
-8.884559754562815846e-15
2.831068712794149178e-15
-5.380140777333508690e-15
6.762923554504140971e-15
1.162681062538695124e-14
-7.549516567451064475e-15
1.026900786627038593e-14
-3.128608483393691099e-15
2.456923553495471314e-15
7.290279491201091117e-15
-2.010835942201083577e-14
9.275358259230870506e-15
5.656586310465172889e-15
5.658251645002110687e-15
6.002975894148221446e-15
-1.930677839823147287e-14
-9.733880368401059653e-15
-1.244560010604800419e-14
-5.143108161576037989e-15
2.365330153963895978e-15
1.300071161836058246e-14
1.096289725666110876e-14
7.486233855047431309e-15
1.186328812963211065e-14
1.846633956859023013e-14
3.506639423278557028e-15
-1.170674668315996238e-14
-1.412203687323199190e-15
-8.887335312124377791e-15
5.246358902866177516e-15
9.803269307440132331e-16
-1.262934201662346772e-14
-3.960720640350245642e-15
-4.418687638008123011e-16
-2.869926518656029815e-15
-5.192513086171857487e-15
7.663869538987455725e-15
-9.843792447838951160e-15
-1.323219311899492848e-14
-3.713140905858836081e-15
-1.028677143466438805e-14
7.648881528155015543e-15
-3.974598428158060099e-15
-8.951173136040324607e-16
1.209393696299798699e-14
-7.603084828389228467e-15
-2.847722058163526368e-15
1.124045301281739790e-14
1.489641743290803835e-15
3.245737012491645083e-15
-6.327716128851079418e-15
-8.537892615123610464e-15
-8.436029652614251909e-15
-7.805700530383319851e-15
1.899896906465414733e-14
3.040900864448303827e-15
-1.930400284066990856e-15
7.591149930874508240e-16
6.638301019989966897e-15
6.581679645734084135e-15
3.613775945154884421e-16
6.479261571712413507e-15
-2.416622457701578103e-14
3.279043703230400095e-14
6.111777750561486439e-15
-2.542410726391608517e-16
7.913947275284271983e-15
-1.122490989047264564e-14
-1.437738816889577641e-15
-3.839151219153791127e-15
-2.425420975171732670e-14
4.809763698432334201e-15
-6.855627177060341637e-15
-2.179340041763566811e-14
6.855627177060342179e-17
-9.634792963453264621e-15
-6.137867991640177555e-15
-1.199040866595169143e-16
1.991934395206840122e-14
-1.467131971466528828e-14
5.780653733467034101e-15
1.223576795439384954e-14
1.220495926546050264e-14
7.469858065434209367e-15
2.193301096298228079e-14
8.536227280586672666e-15
1.271538430103191798e-14
6.464551116636130151e-15
-2.708111512816912902e-15
-8.875122858853501132e-15
-3.639033518965107229e-15
1.799671522917378847e-15
4.755362770225702099e-15
-1.888433853736160005e-14
-3.740063814205996096e-15
9.964251646010779950e-15
-4.497513472756508924e-15
5.260236690673991973e-15
-1.023570117553162997e-14
-7.197020757132577194e-16
-2.342570581959080162e-16
4.301003997397856658e-15
3.211320098728265372e-15
-8.003320228766597842e-15
2.953748357015229023e-15
5.597466934403882641e-15
1.672273430841642039e-15
1.718375441939201702e-14
3.320399510897686797e-15
1.503380753220540037e-14
-1.778466263147038237e-14
1.432270968493298748e-14
-1.862621168413625241e-14
-1.190381127003092830e-14
5.387357226993571955e-15
-1.049160758270772852e-15
-1.000532989792191125e-14
-1.272287830644813729e-14
3.292921491038214315e-15
-2.851052727237401964e-15
7.789602296526253946e-15
1.768224455744871332e-14
3.217703881119860133e-15
-2.446098879005376021e-15
-3.144706717250755920e-16
-3.139710713639942823e-15
-3.649303081942889264e-15
-2.077726879434749321e-14
3.688715999317082369e-16
-8.582856647620929430e-15
-3.956557304007901838e-16
-8.387041061652667256e-15
2.324515580021113705e-14
3.637923295940481505e-15
2.616518113285337566e-15
-7.114170363919924903e-15
-9.919426391391539003e-15
2.876282545472008577e-14
2.535888166121935541e-15
-5.043881978750164150e-15
3.529676551039528978e-15
-8.223144387642377701e-15
-7.429196147157313703e-15
-1.889738365790094403e-15
-1.309785613301528365e-14
7.282230374272558164e-15
1.914315927997734093e-14
9.641870635235249867e-15
8.792133687762770428e-15
8.547884622345237251e-15
3.969186090913012650e-15
-8.499451142895964671e-15
1.484104505955485933e-14
-9.817979762516416081e-15
-1.846592323495599291e-14
2.061670278941107768e-14
2.807476473520864661e-16
1.950523076388322055e-15
-1.868227794687982232e-15
-7.440714711037798692e-15
1.400227156445055281e-14
-2.156469447456288246e-15
-9.373057885397883777e-15
-1.166289287368726914e-14
1.717376241217039023e-15
-1.035144192584880298e-14
-1.859581932883713800e-14
-3.519684543817902585e-15
-2.897390660727694416e-14
1.881599043240811448e-14
-9.556383462339113256e-15
1.678865380050353827e-15
-6.617692505095363028e-15
9.247602683615241593e-15
1.031508212179232904e-14
-2.143972499535351492e-14
1.070338262465497779e-14
-7.763581444386601839e-15
1.357733370177527408e-14
-5.195982533123811101e-15
1.610309108279750442e-15
-8.673964324579230518e-15
-1.271177607620188635e-14
-5.803205138654732593e-15
4.733956282532148047e-15
6.814063202575937276e-15
3.505980228357685652e-15
3.291648204006847550e-14
-9.425515923311422045e-15
-2.717027991483433864e-15
5.245005818554915259e-15
-1.917362102421549278e-14
2.575243837621421581e-14
5.609158970631966731e-15
-6.577793865147896465e-15
-3.139728060874702338e-14
1.741896557549971176e-15
-4.244139761855336575e-15
-9.429523134540929163e-15
2.960756639858175261e-15
1.974160418471981908e-14
-1.245802723134903411e-14
-4.355373483741486902e-14
-2.134186273886062882e-14
1.274535164907941670e-14
2.937216442289170099e-15
1.446337841159994702e-14
-2.875449878203539836e-14
-3.992257913143504500e-15
2.053100744969782404e-14
1.482721931345132216e-14
4.804177888839689230e-15
-1.005629607364611003e-14
-1.422233858461297157e-14
-1.096008700463002653e-14
-9.517907295641947169e-15
7.022611658857869467e-15
1.922913217544675060e-14
6.494492443831490220e-15
-1.658222170686229862e-15
4.172703849114611943e-15
-1.458402842935413585e-14
-1.814930150612070848e-14
-6.399047958183245931e-16
-7.562700465868487854e-16
-5.171557626582057389e-16
-7.235254062543106354e-15
6.768960392200540292e-15
