9.719075301753757595e-05
-6.556066925329882313e-03
-8.350239851836211563e-03
-9.072952877111599077e-03
-1.180527082155656896e-02
-1.367145287042529495e-02
-1.898282634425441442e-02
-2.015536937992750202e-02
-1.938654975134376790e-02
-1.579693517150830562e-02
-1.099467802314615592e-02
-1.728888956314735686e-02
-1.362588168868179503e-02
-4.253693812579406770e-03
-7.041764250958646061e-03
2.764987000264103410e-03
1.264512520097681517e-02
3.231918973868728139e-03
5.037083432295593778e-03
1.643440477822854726e-02
2.606158432802658034e-02
3.489968930675058784e-02
5.194977822293683767e-02
6.633563038764198061e-02
5.293530895599086322e-02
6.513997101976792825e-02
8.836328306084137441e-02
9.052019394887299286e-02
1.152749591372760757e-01
1.181171138480732602e-01
1.290989900838697413e-01
1.355021074464117792e-01
1.528123158648858615e-01
1.515483417952810941e-01
1.783062108329831752e-01
1.953449777855328640e-01
2.100842929574577023e-01
2.290018323907206110e-01
2.365450491175558334e-01
2.386822573452772600e-01
2.609862545172904058e-01
2.700697664697736533e-01
2.828085222271367605e-01
2.950550763107088748e-01
3.047474941737926546e-01
3.251874140450390360e-01
3.414423892716457187e-01
3.527818867828583782e-01
3.636034098656734659e-01
3.886472461696967584e-01
3.946521037056506254e-01
4.046985787987055772e-01
4.244737676637350687e-01
4.247841845298356844e-01
4.422755399225762329e-01
4.651177931528838183e-01
4.823876881062823530e-01
4.979479202327679599e-01
5.117928498741666221e-01
5.196817871943621991e-01
5.337393786966661002e-01
5.454829210831934061e-01
5.658560346410067554e-01
5.734298563155482142e-01
5.894373759747556507e-01
6.039868139444515283e-01
6.134321054968676634e-01
6.286171426212415758e-01
6.417226976380177028e-01
6.535068571971467399e-01
6.605831829588367787e-01
6.847626365780680180e-01
6.995833664384695227e-01
6.995533575627099765e-01
7.253942165235147677e-01
7.345664408774329468e-01
7.475343164887443548e-01
7.576301636815955254e-01
7.713581956080443058e-01
7.797092890828516420e-01
7.962712405868138665e-01
8.094097781096977196e-01
8.188749157130782441e-01
8.366505654233803435e-01
8.494232374940990926e-01
8.654562100948148817e-01
8.774945066105612757e-01
8.879298637265009564e-01
9.002906919580786482e-01
9.098039786367716486e-01
9.247317951078347642e-01
9.394683095011159280e-01
9.500250166804861118e-01
9.589034987182500913e-01
9.728390194581330030e-01
9.811289276438407425e-01
9.921818727111975100e-01
1.005886104705309814e+00
1.013697711252989908e+00
1.031384101058077318e+00
1.049193377822328355e+00
1.055782384871999824e+00
1.068861218488030618e+00
1.077409096397469179e+00
1.089701249452481147e+00
1.094686789962437290e+00
1.108921049887936050e+00
1.122594034501770421e+00
1.136728638485320797e+00
1.148325368445795469e+00
1.153567214743415059e+00
1.163916086098540692e+00
1.174308114485507204e+00
1.186795156742892265e+00
1.194421466489263395e+00
1.205646235536660393e+00
1.222135610405018724e+00
1.229894629802146033e+00
1.238643493093174897e+00
1.249368455964195102e+00
1.259321757033358136e+00
1.267727389587694597e+00
1.287171259636308740e+00
1.292000778415244522e+00
1.298877735984867776e+00
1.310399842254739822e+00
1.318822429833863108e+00
1.330093393021791748e+00
1.342128628426631609e+00
1.349747472095573331e+00
1.361686205500191704e+00
1.371442150778366287e+00
1.376404718788353909e+00
1.388599881999666108e+00
1.396963809683124058e+00
1.410011162464055667e+00
1.417182732258162270e+00
1.426674877580431655e+00
1.436052578043595540e+00
1.443995177458061274e+00
1.452779108800430041e+00
1.463063003283419317e+00
1.471894368799497865e+00
1.484107561210084913e+00
1.489594844365539350e+00
1.499435415158622886e+00
1.507411938367636983e+00
1.514407994607011476e+00
1.521874877592606756e+00
1.533357073088189360e+00
1.541324450730154227e+00
1.548155109853817990e+00
1.560561309555866583e+00
1.567186166344366471e+00
1.575119160227355986e+00
1.583577462628772192e+00
1.591596530753172978e+00
1.600040185013463345e+00
1.608672104542112846e+00
1.617240971608207234e+00
1.625659945806312789e+00
1.633844481663292658e+00
1.639937771982161285e+00
1.646702001568096430e+00
1.653639514898737506e+00
1.661708229052024643e+00
1.671669285118883019e+00
1.680441886153689168e+00
1.689663004558705994e+00
1.695311597091061273e+00
1.701377069473963166e+00
1.708290536264106763e+00
1.717628805040920970e+00
1.724497105520315543e+00
1.731842995845688238e+00
1.739613668415890713e+00
1.745510252698789788e+00
1.753753427766164164e+00
1.761914060826209383e+00
1.769859931173328960e+00
1.775076851463402994e+00
1.782110008536042400e+00
1.788752096398086744e+00
1.796701704029426416e+00
1.802788259498425916e+00
1.810254844873270486e+00
1.815970696865459422e+00
1.824410593403875902e+00
1.831383193281843180e+00
1.837808360600514002e+00
1.845339368455708451e+00
1.851770239176492527e+00
1.857664779514573539e+00
1.866551669801772784e+00
1.871592106099969621e+00
1.877557373979793720e+00
1.884824564504841371e+00
1.890150722594567512e+00
1.896068220903178725e+00
1.902693659844766572e+00
1.909353013078698869e+00
1.916548428326616538e+00
1.920957676218170596e+00
1.928122503272149402e+00
1.933712982981970141e+00
1.941673383271623088e+00
1.946965064480812968e+00
1.955501219485586084e+00
1.961328350506831075e+00
1.966338159881099834e+00
1.970428653047848977e+00
1.976013686570637917e+00
1.983573976348139034e+00
1.988653621901270485e+00
1.994592899305987377e+00
1.999891599583436097e+00
2.006510745978351995e+00
2.012947115014020572e+00
2.017922282974366599e+00
2.023011296694817940e+00
2.027128309401085904e+00
2.035291934989206020e+00
2.041059932141989552e+00
2.043828476407584471e+00
2.051432024029201884e+00
2.057480970942229259e+00
2.060109680709303337e+00
2.066643193632368813e+00
2.072497203654425135e+00
2.077219446577327489e+00
2.083444839105641044e+00
2.088250485775032583e+00
2.093209641731710757e+00
2.099249691298562759e+00
2.104627966686889451e+00
2.109280128842678348e+00
2.112352060504954832e+00
2.118459853037254703e+00
2.125308284558709015e+00
2.129319656520162418e+00
2.133071114998179141e+00
2.137905666521659587e+00
2.145005360229538915e+00
2.150052849679964240e+00
2.153783237700175324e+00
2.159134093870596072e+00
2.164549071836534999e+00
2.167874690745837718e+00
2.174073779435983234e+00
2.178133871989315296e+00
2.183164073867870147e+00
2.188986676716886848e+00
2.193771781265886123e+00
2.197276305605455615e+00
2.201560804568079455e+00
2.206752812565993427e+00
2.210955910372876421e+00
2.215453523620737553e+00
2.219976941157360439e+00
2.225522146344255159e+00
2.230220788029533718e+00
2.234438910541532763e+00
2.238593676716970737e+00
2.243370240695289120e+00
2.246831417230492622e+00
2.250878958955091491e+00
2.256624055686520247e+00
2.260402184592600783e+00
2.265300001930819818e+00
2.269546152802716321e+00
2.273243667705756810e+00
2.277758058085689097e+00
2.281760152004356001e+00
2.286453074456643808e+00
2.291061885083545580e+00
2.295120868519664459e+00
2.299467192172570229e+00
2.303352486434743440e+00
2.307606529741904389e+00
2.310683378013048461e+00
2.314888422157953762e+00
2.319170169051194996e+00
2.323217762715677370e+00
2.326772615432671554e+00
2.330998609012928213e+00
2.335046359670584160e+00
2.340057362491551274e+00
2.343646849082569261e+00
2.347523244380890883e+00
2.350880635815519426e+00
2.354917418345364055e+00
2.358624592955205213e+00
2.362725471447768566e+00
2.366447235474625543e+00
2.370242911756388793e+00
2.374671990213149897e+00
2.377571452677632369e+00
2.381544016334307567e+00
2.385098141934862248e+00
2.388172573229891071e+00
2.393895440413463582e+00
2.396543747535465840e+00
2.399030842746170400e+00
2.404041184912223628e+00
2.408728224025460829e+00
2.412007169700788545e+00
2.414878848864652650e+00
2.418427519427938766e+00
2.422294415738867723e+00
2.426012705143007597e+00
2.429471060048221887e+00
2.432593127938693200e+00
2.436200118741217224e+00
2.439306009087944815e+00
2.442852820257147339e+00
2.445626984278133964e+00
2.449622761147769445e+00
2.453003483072210500e+00
2.456273553313753411e+00
2.459578565780652148e+00
2.463237117312873536e+00
2.466405915640626834e+00
2.470221580091103597e+00
2.473682226769438053e+00
2.476708794385245049e+00
2.480065846996271972e+00
2.483668068653990257e+00
2.486901999121763129e+00
2.489711211490576837e+00
2.492436203418407548e+00
2.496093829008604992e+00
2.499407522224569078e+00
2.503044227618719919e+00
2.505914818499773489e+00
2.508480598187487587e+00
2.511875957866037901e+00
2.515633322099870561e+00
2.518669147339303027e+00
2.521455068503768437e+00
2.524665911712058897e+00
2.527935158716027697e+00
2.530910955618890235e+00
2.532861863258550006e+00
2.536244612712042823e+00
2.539790672917110470e+00
2.542779549346679158e+00
2.545400217264101705e+00
2.548307562334556575e+00
2.551398043521226455e+00
2.554708311345290195e+00
2.557038754893174115e+00
2.559582652422657034e+00
2.563159150230557071e+00
2.566057923571250399e+00
2.569251820571305966e+00
2.572862505746972062e+00
2.575861403638385116e+00
2.578342319587923814e+00
2.580022446890370080e+00
2.582624591254882862e+00
2.586526074661423369e+00
2.589210117598974126e+00
2.591640457005843778e+00
2.594639914264416980e+00
2.597432445450931660e+00
2.600281950096481332e+00
2.602676533647423351e+00
2.605378748473970774e+00
2.607857425070365220e+00
2.611073534895175019e+00
2.613999350841820668e+00
2.616449866275110558e+00
2.618462408042731226e+00
2.621968814368715872e+00
2.625207645233105680e+00
2.627089721861981531e+00
2.629410593748202629e+00
2.631759614953869786e+00
2.634448887044441800e+00
2.637284299286705380e+00
2.640148486342833500e+00
2.643166754563408549e+00
2.645724061668448535e+00
2.647838599279123351e+00
2.651034398913998835e+00
2.653780556117565581e+00
2.655818717591910350e+00
2.658129291497289604e+00
2.660663760095006491e+00
2.663541990781228108e+00
2.666159035536125543e+00
2.667848612682683473e+00
2.670829164920147214e+00
2.673211506088944311e+00
2.675844810764847370e+00
2.678504282213510113e+00
2.680480652658308038e+00
2.682294907781679782e+00
2.685249833425527921e+00
2.687803141076867686e+00
2.690423255666660740e+00
2.692694978139615447e+00
2.694640029089791611e+00
2.697002900285539795e+00
2.699441297338646351e+00
2.701876594973195544e+00
2.704284870477707603e+00
2.706498474199678483e+00
2.709361450918444270e+00
2.711907606586337227e+00
2.714161968374219303e+00
2.715888795484068030e+00
2.718220244507362882e+00
2.720410936506052035e+00
2.723014711466329452e+00
2.725611105738348083e+00
2.728008137600244964e+00
2.729953898489243524e+00
2.732631345379742616e+00
2.734555107101249938e+00
2.737018151804019084e+00
2.739223636781974669e+00
2.741437290984963582e+00
2.743575422196387503e+00
2.745784065893127845e+00
2.748272287693544591e+00
2.749888294626401386e+00
2.752147684743460943e+00
2.754083808550758850e+00
2.756649607614397368e+00
2.758867181123740853e+00
2.760891024207752675e+00
2.763060631791235178e+00
2.765134225234380683e+00
2.767098574904108599e+00
2.769497105625623234e+00
2.771648817782403906e+00
2.773589138296307599e+00
2.775384803186118354e+00
2.777622602672042085e+00
2.779978139408114668e+00
2.782149164764916804e+00
2.784033747918954305e+00
2.786315424645597449e+00
2.788393194935987918e+00
2.790245985614677071e+00
2.792744738860887033e+00
2.794291249654805132e+00
2.796430690493050264e+00
2.798571221304653633e+00
2.800655995556400768e+00
2.802754007877047204e+00
2.804366627157317549e+00
2.806543317814473415e+00
2.808931228816395009e+00
2.811158872948660292e+00
2.813143928120015680e+00
2.814797931114822127e+00
2.816656601041507280e+00
2.818334166250750616e+00
2.820432553076938298e+00
2.822524859415647125e+00
2.824860456809824338e+00
2.826125623922506325e+00
2.827980441176435544e+00
2.830293328463290514e+00
2.832377167444279475e+00
2.834532353186292486e+00
2.836333413107514190e+00
2.838106516519506961e+00
2.839928320018613395e+00
2.841753969630927745e+00
2.843151048062321884e+00
2.845070804973994338e+00
2.847219079399335051e+00
2.849173200640889636e+00
2.851483580926096106e+00
2.853232090905915008e+00
2.854986268893682233e+00
2.856847108507206467e+00
2.858278516668797398e+00
2.860148528852847871e+00
2.862105723480677266e+00
2.863872443698895598e+00
2.865711605929019523e+00
2.867881791859354657e+00
2.869372934324458058e+00
2.870986833703196517e+00
2.872553720828832535e+00
2.874715569708024887e+00
2.876453850250598077e+00
2.878316067761583774e+00
2.880280996266435078e+00
2.882142500816655240e+00
2.883851866660191554e+00
2.885997738742138274e+00
2.887116972039986962e+00
2.889178001905761572e+00
2.890636987877551078e+00
2.892649714063700639e+00
2.894539067647609265e+00
2.896110831190979784e+00
2.897832190518988771e+00
2.899419094567785571e+00
2.901298088017401966e+00
2.903189270797950083e+00
2.904720865911473826e+00
2.906411476963596030e+00
2.907994818431083761e+00
2.909773193408312864e+00
2.911473428313018363e+00
2.912922735028521615e+00
