1.002054399111091613e-04
-6.624059459143396764e-03
-8.444513452871126730e-03
-9.239649892009416804e-03
-1.211016333358496191e-02
-1.403242270250266988e-02
-1.949591496297788107e-02
-2.070238036447256263e-02
-1.989893054844318887e-02
-1.620857026831912587e-02
-1.128814845246199801e-02
-1.773610467505336644e-02
-1.398870188221071863e-02
-4.421874439210183097e-03
-7.269664310225496667e-03
2.713416939238530879e-03
1.279673184127351135e-02
3.288697459523900850e-03
5.147791262242087940e-03
1.674292172937985601e-02
2.660523194052361040e-02
3.554740978486330832e-02
5.297563081092446918e-02
6.747419651331834634e-02
5.398679558408915613e-02
6.641248659536293231e-02
8.991743359731117768e-02
9.232461454788280786e-02
1.173800960380400188e-01
1.202352281503833720e-01
1.314264000099594487e-01
1.382187877800892251e-01
1.557341613594513119e-01
1.544852652491155443e-01
1.813076589356300283e-01
1.986833447012566756e-01
2.138807216827256219e-01
2.328559564029863138e-01
2.405102121804414128e-01
2.429006475493173944e-01
2.653100494969861112e-01
2.746326613853466991e-01
2.876598349276067168e-01
3.000189846435898366e-01
3.098808402597053591e-01
3.308482292595666951e-01
3.475385645863853235e-01
3.587833052020282798e-01
3.696289525854853930e-01
3.950505513337533303e-01
4.012141046667604960e-01
4.112411602973237157e-01
4.312942311032888498e-01
4.317440156674801077e-01
4.495609675813684869e-01
4.723429817970678513e-01
4.898555885504982665e-01
5.054966387885873047e-01
5.196044537704368471e-01
5.279061608112453063e-01
5.420284737102089023e-01
5.540743392582682114e-01
5.743212862061490842e-01
5.824659658207258506e-01
5.983482479597959092e-01
6.127407935459151522e-01
6.227574081118576466e-01
6.383048943805461617e-01
6.512116437016792769e-01
6.632827484571728327e-01
6.703145210263071752e-01
6.947920661062167991e-01
7.099762361880299633e-01
7.098895811607371931e-01
7.358087758128556422e-01
7.451463246906706583e-01
7.580566972949379645e-01
7.684864837589727715e-01
7.826192153531019713e-01
7.907783425538525979e-01
8.074883247293075383e-01
8.208512046592145728e-01
8.301250300628819634e-01
8.479566317199687120e-01
8.610800000052539760e-01
8.772840901121009560e-01
8.894925547312573233e-01
9.001107513456878539e-01
9.125827243073022510e-01
9.221868118613039123e-01
9.372530446821972783e-01
9.518864675648123219e-01
9.622786170295762886e-01
9.715403518211229716e-01
9.856680003293257775e-01
9.939307339055352131e-01
1.005221300203051005e+00
1.018966865992515736e+00
1.026670591040773628e+00
1.044409282698678831e+00
1.062339306446175913e+00
1.069151457506001268e+00
1.082541425989192563e+00
1.090778354540453021e+00
1.103060795299266594e+00
1.108442744838325611e+00
1.122762092175380921e+00
1.136327260452093091e+00
1.150694126141284190e+00
1.162414932666851142e+00
1.167815522116236515e+00
1.178138261389562125e+00
1.188532219319170302e+00
1.201068083791176688e+00
1.208638340839834013e+00
1.219821937096267073e+00
1.236562960014156332e+00
1.244242067465444634e+00
1.253052197364352249e+00
1.263961706696248077e+00
1.274192714922174341e+00
1.282462588807446568e+00
1.302008076237482603e+00
1.307000766860095586e+00
1.313516318914983660e+00
1.325151844869539186e+00
1.333691602543570998e+00
1.345056643332932955e+00
1.357326293584893762e+00
1.364918032027190531e+00
1.376796896208111631e+00
1.386604933328270839e+00
1.391684447688554815e+00
1.403877353302543485e+00
1.412290436184616693e+00
1.425479025388515009e+00
1.432856599314401125e+00
1.442111912606652835e+00
1.451592141296713878e+00
1.459412120226856402e+00
1.468372144395837964e+00
1.478622598899252294e+00
1.487463754668199023e+00
1.499724592376167065e+00
1.505223150663471232e+00
1.515021645376876114e+00
1.523032256643171101e+00
1.530063256012490935e+00
1.537385026522025022e+00
1.549250291974029192e+00
1.557347359182684965e+00
1.563979993407272673e+00
1.576379135304683876e+00
1.583092221971956759e+00
1.591044654377828493e+00
1.599588507844349694e+00
1.607673483480892340e+00
1.616050835753379822e+00
1.624541878554769836e+00
1.633234527142829240e+00
1.641713566581247452e+00
1.649908866663627238e+00
1.656082217891826636e+00
1.662853164426641328e+00
1.669938330923698366e+00
1.677882312626971295e+00
1.687691007803576504e+00
1.696590064179506419e+00
1.705901747681596525e+00
1.711529369999581496e+00
1.717557078622890865e+00
1.724483006856941003e+00
1.733892484271747580e+00
1.740619067134886011e+00
1.748043971182168033e+00
1.755737831506959168e+00
1.761724622583723754e+00
1.769967973104005665e+00
1.778137064961462066e+00
1.786174130350826506e+00
1.791270480403959642e+00
1.798409198126696307e+00
1.805021205172971488e+00
1.812856970975500026e+00
1.818946651461673891e+00
1.826609194801568803e+00
1.832111272686633319e+00
1.840758610306407972e+00
1.847647245629221890e+00
1.854327528006374903e+00
1.861706945873598196e+00
1.868029904963043553e+00
1.873994826193781993e+00
1.882872650879875653e+00
1.887746773321991700e+00
1.893897004299768039e+00
1.901126549672955246e+00
1.906523998207114712e+00
1.912270678891847986e+00
1.919329458020645696e+00
1.925687823034413881e+00
1.932850364758453843e+00
1.937358224505495441e+00
1.944414260435630704e+00
1.950091195159717739e+00
1.958051979371482121e+00
1.963216134259565315e+00
1.971811851226722867e+00
1.977729639557984420e+00
1.982661948675551677e+00
1.986664278712106713e+00
1.992258582978456705e+00
1.999782988776624748e+00
2.005092942700095193e+00
2.010927365781968401e+00
2.016069579870647388e+00
2.022840850891689524e+00
2.029287188876895520e+00
2.034073730374283517e+00
2.039302520955089459e+00
2.043538289390591789e+00
2.051724166615590761e+00
2.057426761279547378e+00
2.060256085741660304e+00
2.067910739740281389e+00
2.073997842928045898e+00
2.076682026305692208e+00
2.083050543751449712e+00
2.088702207946354861e+00
2.093503813280701564e+00
2.099647305212420267e+00
2.104602956175323225e+00
2.109399505260100227e+00
2.115737047199203857e+00
2.120891992418894922e+00
2.125614986483421731e+00
2.128653080591482727e+00
2.134664240578142635e+00
2.141442888037841552e+00
2.145373567784158109e+00
2.149169787041986801e+00
2.154047539281329193e+00
2.161067192292444261e+00
2.166416762864010970e+00
2.169825231989007452e+00
2.175179634448206833e+00
2.180721166809980183e+00
2.184179902765998271e+00
2.190288511738403443e+00
2.194228439229948258e+00
2.199316493694569274e+00
2.205135509539179584e+00
2.209936626708050245e+00
2.213562572812737717e+00
2.217712243789084603e+00
2.222762037103436672e+00
2.226981319840112050e+00
2.231442658568449477e+00
2.236063653839498233e+00
2.241583894665243548e+00
2.246484889719852607e+00
2.250562219613196913e+00
2.254426819807473059e+00
2.259283099972610565e+00
2.262810136871408861e+00
2.266917602207291438e+00
2.272589589262294041e+00
2.276389255461946259e+00
2.281236430514253843e+00
2.285550099948382208e+00
2.289361068711014191e+00
2.293564284890468041e+00
2.297648916916899431e+00
2.302422440254420888e+00
2.306930638557320723e+00
2.311071110001703843e+00
2.315454957876661446e+00
2.319254381947549959e+00
2.323492621157831728e+00
2.326568299011166463e+00
2.330717587129091495e+00
2.335031588000082703e+00
2.339086513693197311e+00
2.342579883721724876e+00
2.346883415185881283e+00
2.350891649979889308e+00
2.355996644871548362e+00
2.359430232619083245e+00
2.363396210933935926e+00
2.366834713472369067e+00
2.370854175860753532e+00
2.374354858419263525e+00
2.378498185720920421e+00
2.382141214332416101e+00
2.386008615763525853e+00
2.390504493982552159e+00
2.393385975802512000e+00
2.397273770189981335e+00
2.400774191156362924e+00
2.403972737977565721e+00
2.409594101857244208e+00
2.412301845491660934e+00
2.414857482522212884e+00
2.419671969235961839e+00
2.424368623153611235e+00
2.427721684015995862e+00
2.430523019329172030e+00
2.434117731591619815e+00
2.437946004893537300e+00
2.441736736481949777e+00
2.445264925520155508e+00
2.448252638664899727e+00
2.451812692671310412e+00
2.455025761146133245e+00
2.458579920922055795e+00
2.461277513459593447e+00
2.465261231433974576e+00
2.468655872062937906e+00
2.471955709736282092e+00
2.475269616172163900e+00
2.478857957763889619e+00
2.481988595753254145e+00
2.485882185240331221e+00
2.489347558520874415e+00
2.492424210674640150e+00
2.495660780139026258e+00
2.499347761771617993e+00
2.502538106901737613e+00
2.505280143048331798e+00
2.508002149195460273e+00
2.511700199768311492e+00
2.514924027466749035e+00
2.518715381418838106e+00
2.521487009160787274e+00
2.524031186691201079e+00
2.527333435690400254e+00
2.531208681847870956e+00
2.534158908428111090e+00
2.537026573757157344e+00
2.540226788548720638e+00
2.543517082602354762e+00
2.546489509735087697e+00
2.548532551917505717e+00
2.551801864146505228e+00
2.555359990790804225e+00
2.558261351273992457e+00
2.560925093672362429e+00
2.563836589085210615e+00
2.566908962797045834e+00
2.570253782156539657e+00
2.572530702007510328e+00
2.575058073214801180e+00
2.578675747485189795e+00
2.581527685129923810e+00
2.584762950539789106e+00
2.588316172408108962e+00
2.591299734773125696e+00
2.593761828867487740e+00
2.595478324010196403e+00
2.598079515836871689e+00
2.601974318509631345e+00
2.604727132752653773e+00
2.607184758846173622e+00
2.610098048162373896e+00
2.612859124194818694e+00
2.615787113523600826e+00
2.618178149643446417e+00
2.620910821464424778e+00
2.623266791530090902e+00
2.626488842809350022e+00
2.629511666966096950e+00
2.631869104664788850e+00
2.633985335170002884e+00
2.637453653831520306e+00
2.640616034249425148e+00
2.642543761185634832e+00
2.644850185114867802e+00
2.647193476600327777e+00
2.649904170282741500e+00
2.652747825373985346e+00
2.655570739811385028e+00
2.658631988818009440e+00
2.661177072013291234e+00
2.663285973092383685e+00
2.666379767587637950e+00
2.669136153550908386e+00
2.671226498049589004e+00
2.673574134450634965e+00
2.676094471670694919e+00
2.678912316834104246e+00
2.681534630205104186e+00
2.683244612389553474e+00
2.686140795253483482e+00
2.688649380049194626e+00
2.691248859250243708e+00
2.693803662442593616e+00
2.695898352894888106e+00
2.697752856729255910e+00
2.700665210100877456e+00
2.703151041722205328e+00
2.705854522984385557e+00
2.708070171878231402e+00
2.710026087964452213e+00
2.712405834797632753e+00
2.714765419781234090e+00
2.717189605382498208e+00
2.719676059029715542e+00
2.721921110146190426e+00
2.724706271212223196e+00
2.727286542121927226e+00
2.729422043037568191e+00
2.731258985591726418e+00
2.733666630155141331e+00
2.735754077462993816e+00
2.738479377351384692e+00
2.740988883826636080e+00
2.743382208693690316e+00
2.745248173072282860e+00
2.747957040453066657e+00
2.749833526544766205e+00
2.752395629622129025e+00
2.754565936970724938e+00
2.756836043421539539e+00
2.758948576186507573e+00
2.761133954609482632e+00
2.763617602724562250e+00
2.765190617338087797e+00
2.767462627783795703e+00
2.769486876838937128e+00
2.772024569790552118e+00
2.774237287903077664e+00
2.776244446629919871e+00
2.778426973273733225e+00
2.780553442351512139e+00
2.782593197884259961e+00
2.784847205814548587e+00
2.786991684673284286e+00
2.788975992807425364e+00
2.790793017853428815e+00
2.792953296374962591e+00
2.795303048217502528e+00
2.797446183162407340e+00
2.799288464358949735e+00
2.801656743063916988e+00
2.803777482677365818e+00
2.805584677090715573e+00
2.808037314476357516e+00
2.809696734665044549e+00
2.811798309654730765e+00
2.813838507857797655e+00
2.815953029326203172e+00
2.818103311697991220e+00
2.819773550886492508e+00
2.821939859340256262e+00
2.824259387745775118e+00
2.826449809950299041e+00
2.828531033866002797e+00
2.830028728676161176e+00
2.831993687488604472e+00
2.833663989690028640e+00
2.835790685990657867e+00
2.837897210327473552e+00
2.840079123014535245e+00
2.841417065027977529e+00
2.843306487839407648e+00
2.845648784703390888e+00
2.847695494853354159e+00
2.849895339445270181e+00
2.851694102068894843e+00
2.853527231954769317e+00
2.855274463793502804e+00
2.857095209774549449e+00
2.858523027116215864e+00
2.860346296767702690e+00
2.862631325566919127e+00
2.864518381176087036e+00
2.866880372801703825e+00
2.868604436481245745e+00
2.870416724139146503e+00
2.872163440020667924e+00
2.873621869403764517e+00
2.875521514759542097e+00
2.877479722700787779e+00
2.879291080894880395e+00
2.881110822450290154e+00
2.883199571738887190e+00
2.884730977223156412e+00
2.886347516909014477e+00
2.887979566288849220e+00
2.890077983124310634e+00
2.891862561167741319e+00
2.893733574920168916e+00
2.895629424560270504e+00
2.897544285731421088e+00
2.899210051528197774e+00
2.901422080618373034e+00
2.902457075585627599e+00
2.904577555155070545e+00
2.906060460976525484e+00
2.908072984028155616e+00
2.910033363511393301e+00
2.911467801342747297e+00
2.913249207016312514e+00
2.914861832938751007e+00
2.916771307372912236e+00
2.918610991314632752e+00
2.920107815839087628e+00
2.921768515486752094e+00
2.923374887752214324e+00
2.925185788126289932e+00
2.926900211753999503e+00
2.928426594491431167e+00
