6.114841185926073077e-05
-5.682839893915297112e-03
-7.143909634638739500e-03
-6.864410385590050817e-03
-7.796605115658727242e-03
-8.879523681365082688e-03
-1.216429607403390380e-02
-1.286232883073802624e-02
-1.256371118037780121e-02
-1.026426684282514754e-02
-7.102079697864752822e-03
-1.132550958682481367e-02
-8.704659528269827196e-03
-1.985653465575664377e-03
-3.786520886659078006e-03
3.509220702099120556e-03
1.060922057434583732e-02
3.040065603088008567e-03
4.183831914747900525e-03
1.260185853154475663e-02
1.907590390480800105e-02
2.620719775545637259e-02
3.814946467254760887e-02
5.040272578898392919e-02
3.905537353460480227e-02
4.810878311514305700e-02
6.682236678280054076e-02
6.621635030636231767e-02
8.586232210642201490e-02
8.878083361773346505e-02
9.651065448565644689e-02
9.816170079494791756e-02
1.120517996077013967e-01
1.115556936800976978e-01
1.357832347500457781e-01
1.481231987374283521e-01
1.566638577800230081e-01
1.735960579449302432e-01
1.801313426983320309e-01
1.789618658782554383e-01
1.988307114467931791e-01
2.048629066944068489e-01
2.137796038750574279e-01
2.238177520285100086e-01
2.305141159905342019e-01
2.443597732299937486e-01
2.545121964251276792e-01
2.665470561616292144e-01
2.778983808966910551e-01
2.962331369760239919e-01
2.999097399538948605e-01
3.099751356832129989e-01
3.260310412010382075e-01
3.249671361199747976e-01
3.370816604648798620e-01
3.592368815893934864e-01
3.732179774478768808e-01
3.872567509489206472e-01
3.969796567554035871e-01
3.999142066173789201e-01
4.121458288303964101e-01
4.207039783910604402e-01
4.395537867578208635e-01
4.432703184515417449e-01
4.575247432292767202e-01
4.740728709007891450e-01
4.775041449566987950e-01
4.862160135166957997e-01
4.998622680355994663e-01
5.093168858581752501e-01
5.165773940541120712e-01
5.365754525209950332e-01
5.469710032170805869e-01
5.478427425981858834e-01
5.704464865885779945e-01
5.778766808806260480e-01
5.902436755679423275e-01
5.972564231825993053e-01
6.038353142494337078e-01
6.157420963049193841e-01
6.302946398837402375e-01
6.404135218704866128e-01
6.526347818728625017e-01
6.683103739024977008e-01
6.747712755016898045e-01
6.874734456304497643e-01
6.984889299698051612e-01
7.068160480517172717e-01
7.192643259719234683e-01
7.264824556701788838e-01
7.383017811788167295e-01
7.530809167634948675e-01
7.650315085895569300e-01
7.689442541083582050e-01
7.808387259677576075e-01
7.915031581640539216e-01
7.970830994221673738e-01
8.118983812096274288e-01
8.202659067097523016e-01
8.345010727618569213e-01
8.474086678883576695e-01
8.544602123148308248e-01
8.619691074313841073e-01
8.762428565293136629e-01
8.859734961157098576e-01
8.884414533343765186e-01
9.010880840756536614e-01
9.136662364474064102e-01
9.241609840074113125e-01
9.336652680257061521e-01
9.397340473344670819e-01
9.493318770630635450e-01
9.585890811864284933e-01
9.697808998279332515e-01
9.810880459618309679e-01
9.894382364074266745e-01
1.000246474508328598e+00
1.011797725195686670e+00
1.019870290859668627e+00
1.027231984361343109e+00
1.035895006736161639e+00
1.043995772961598956e+00
1.057463463069745035e+00
1.062144395059541946e+00
1.073582625497234266e+00
1.084189860487537516e+00
1.091128814359752175e+00
1.099080277791539828e+00
1.109811830620665907e+00
1.120513390373751861e+00
1.128439965558272196e+00
1.137288954597674095e+00
1.145444127902366604e+00
1.154343675739150976e+00
1.160802854493897307e+00
1.170782011244054344e+00
1.179767201274424471e+00
1.189553070578450500e+00
1.197087961879798490e+00
1.206104178609726629e+00
1.213844057988090919e+00
1.221647182892326544e+00
1.231805490858908003e+00
1.241730825060462173e+00
1.248034551526919778e+00
1.258459724859123829e+00
1.264750277603590156e+00
1.271195388972372831e+00
1.280734407325603064e+00
1.288428293950334425e+00
1.294473833470495494e+00
1.302998265251364973e+00
1.312800439029929711e+00
1.321564659131475139e+00
1.328138728677108693e+00
1.335589933629958148e+00
1.341461768065668858e+00
1.349608276311764943e+00
1.362847718283209941e+00
1.368739289190170183e+00
1.376429429564522966e+00
1.383620015716433782e+00
1.389063878338841374e+00
1.395929264215319821e+00
1.401549240184408074e+00
1.412320399678181015e+00
1.422606166062975852e+00
1.428989492156250485e+00
1.436312059577502520e+00
1.442865203684949194e+00
1.450590123528126441e+00
1.457895853154308918e+00
1.466002245131694526e+00
1.473395644013320682e+00
1.480301894520599459e+00
1.487442832253104807e+00
1.494534521758091206e+00
1.502462576530128269e+00
1.509140129858594692e+00
1.516727016771768355e+00
1.521512780448116775e+00
1.528191950945758659e+00
1.536242585927554360e+00
1.543131029413738364e+00
1.549996045122729704e+00
1.555587399926389391e+00
1.563520500749767672e+00
1.569368850299846185e+00
1.577466506552138936e+00
1.581155771404715749e+00
1.590268748975022683e+00
1.597572846499080823e+00
1.602009064926565252e+00
1.610456196643307303e+00
1.616698658291755741e+00
1.622471865175595607e+00
1.629932703230904778e+00
1.634687852013558595e+00
1.643540807100315693e+00
1.647000617851925641e+00
1.655894772567988671e+00
1.660848135130227776e+00
1.665521940669888235e+00
1.673090294872566997e+00
1.679376888148937930e+00
1.685242887246886978e+00
1.694452462578954544e+00
1.702020167469735945e+00
1.704399525184787656e+00
1.709763030027311448e+00
1.716871184520079918e+00
1.721495028853814224e+00
1.728918827654590151e+00
1.733839910173917254e+00
1.739994395424479201e+00
1.747513311383525059e+00
1.751772815406093198e+00
1.758304129569000063e+00
1.764299788654430046e+00
1.768402212939980567e+00
1.774157241721954437e+00
1.780625211248772821e+00
1.785319401940540285e+00
1.790812329366771261e+00
1.796397486483319428e+00
1.801382733849830942e+00
1.806423913694802152e+00
1.813424740490823694e+00
1.820365958153081332e+00
1.826353730104846695e+00
1.831114310683395585e+00
1.835855060750503309e+00
1.841513915267843249e+00
1.846083672766614781e+00
1.852392100543318376e+00
1.857409116930544668e+00
1.861581991461254804e+00
1.867587384793794270e+00
1.874355980239435393e+00
1.879882863217636535e+00
1.882095568786129158e+00
1.888788045594017362e+00
1.895907463748656152e+00
1.897889034971125488e+00
1.902516952140644646e+00
1.908408832686364853e+00
1.913883699856197884e+00
1.919251476713577320e+00
1.923723049088076120e+00
1.929484263257860155e+00
1.934274559923501613e+00
1.939149905758951409e+00
1.943947679185145549e+00
1.948511287851366847e+00
1.952742987053318169e+00
1.959329798213788276e+00
1.963335881534917560e+00
1.968487848991481881e+00
1.971861842677863574e+00
1.977141667569631389e+00
1.981968796758779350e+00
1.986534428226927051e+00
1.992675264363763965e+00
1.997774317522735599e+00
1.999359334115962117e+00
2.004060643901152794e+00
2.011348767013993122e+00
2.014576737264785145e+00
2.018290092084769061e+00
2.023313334199787317e+00
2.028669797451860379e+00
2.033259105236647546e+00
2.037646868825559121e+00
2.041161695221378913e+00
2.045610395007304128e+00
2.051303424239669937e+00
2.055547652374231760e+00
2.059142812155340341e+00
2.063434941185406934e+00
2.068347371420714342e+00
2.072893145633047940e+00
2.076420423645663149e+00
2.080304393289512443e+00
2.085041115414305590e+00
2.089653595529862962e+00
2.093359011630815836e+00
2.097066611691416949e+00
2.101646262117604635e+00
2.105810041071498606e+00
2.109943483488336824e+00
2.113262314300378364e+00
2.117906085986339448e+00
2.122810550782646022e+00
2.126331199309301478e+00
2.129498593042381316e+00
2.133580962940363257e+00
2.138037895044392123e+00
2.142831486985034672e+00
2.146184465037530575e+00
2.149211506372276315e+00
2.155220872369627116e+00
2.158854530358492063e+00
2.161220044557808251e+00
2.165771996639743957e+00
2.168906767352804188e+00
2.172507191812870442e+00
2.177055191745903340e+00
2.181102588219115734e+00
2.183862932740010532e+00
2.188322227637879092e+00
2.192428153891747389e+00
2.196088648738058868e+00
2.199635248095053619e+00
2.203645776284817170e+00
2.207060977764800480e+00
2.210347405352354855e+00
2.214410046774257346e+00
2.218863893705377066e+00
2.221228386103235142e+00
2.224821155011363683e+00
2.228767145724001253e+00
2.232822408867899622e+00
2.236548909993362422e+00
2.239501246690044134e+00
2.242629474115647614e+00
2.246473813926461283e+00
2.249609407709885822e+00
2.253558400559609431e+00
2.257219933110218069e+00
2.260664974771279478e+00
2.263573106828156600e+00
2.266667126488525863e+00
2.270471200711695392e+00
2.274365215608290303e+00
2.276787870276821835e+00
2.280570741906418952e+00
2.284324763739359998e+00
2.287851535784976686e+00
2.290725121378993645e+00
2.293253476446677652e+00
2.297029399761266522e+00
2.300919629333739724e+00
2.303453079645276791e+00
2.306511226769512035e+00
2.310314694555554382e+00
2.313087698736187026e+00
2.315866805969490017e+00
2.319872497130278877e+00
2.323680500065321564e+00
2.325789995228124685e+00
2.329078254759814115e+00
2.332358356303696478e+00
2.335657204313356772e+00
2.339334587883704852e+00
2.342034966882664548e+00
2.345246130115923311e+00
2.347832835948597374e+00
2.350406105605753915e+00
2.353365594048365317e+00
2.356722023834513902e+00
2.360222224806640234e+00
2.362331171109552042e+00
2.365280698039284868e+00
2.369267426474650939e+00
2.372602635865286747e+00
2.375341354344156386e+00
2.377966012051688338e+00
2.380147228312315288e+00
2.383594899162898351e+00
2.386216109201759750e+00
2.388823994531701356e+00
2.392378248950003616e+00
2.395385665669227393e+00
2.398270831799730551e+00
2.401153841652547083e+00
2.403827419003166987e+00
2.406862468555551082e+00
2.409929579068773364e+00
2.412934153417769956e+00
2.415121753101918678e+00
2.417744328827952316e+00
2.420606185145960154e+00
2.423534850655868933e+00
2.426392893986665467e+00
2.428733422891572236e+00
2.431570005986376071e+00
2.434743304642446038e+00
2.437284316581669330e+00
2.440284268024804248e+00
2.442805538786565478e+00
2.445115259348483505e+00
2.447207065173624851e+00
2.449715629534632733e+00
2.452624353736394536e+00
2.455360935095527886e+00
2.458070127660171078e+00
2.460631893750402810e+00
2.463464828741003032e+00
2.466111637468435980e+00
2.468717850917443890e+00
2.471296009648122904e+00
2.473505926207568262e+00
2.476161878195301203e+00
2.478863631037487192e+00
2.481216049802855927e+00
2.483888816714139303e+00
2.486769631834647942e+00
2.489261645834369485e+00
2.491836304077583275e+00
2.494486568023153161e+00
2.497035757188148075e+00
2.498880355135451925e+00
2.501153693850100446e+00
2.503635382633487172e+00
2.506582649099722726e+00
2.508763097843381917e+00
2.511158779290098675e+00
2.513835601463505043e+00
2.516656356359582958e+00
2.519171115767504077e+00
2.521268282315230813e+00
2.523839498170180384e+00
2.525734920956108631e+00
2.527862825708831807e+00
2.530497326662184410e+00
2.533298058104592076e+00
2.535297122434971406e+00
2.537557223029685449e+00
2.540054350819098694e+00
2.542386875856906592e+00
2.544251702921125791e+00
2.546451096313943285e+00
2.549243795800046897e+00
2.551493883743343627e+00
2.553557491062866447e+00
2.556058486687500242e+00
2.558323253828263422e+00
2.559982763112457427e+00
2.562806078689328970e+00
2.564876619568082106e+00
2.567291103660779061e+00
2.569451174426677920e+00
2.571917505734704346e+00
2.573730987789020652e+00
2.575560339601894455e+00
2.578011317415344283e+00
2.580572217878160046e+00
2.582497382947089193e+00
2.584515644947162016e+00
2.586656551588025099e+00
2.588904590180657994e+00
2.591098373726275383e+00
2.593429432402329482e+00
2.595322052449619665e+00
2.597476406750869327e+00
2.599521300515867939e+00
2.602114935186503608e+00
2.604071319392541106e+00
2.605927522501556126e+00
2.607882718963058899e+00
2.609970918901796555e+00
2.611999493235958258e+00
2.614366106071813523e+00
2.616265844466447721e+00
2.618474607902374185e+00
2.620731335756806946e+00
2.622502281242735656e+00
2.624707945203604176e+00
2.626380554938118728e+00
2.628387380881745727e+00
2.630174434271626005e+00
2.632199362008769583e+00
2.634340563208684927e+00
2.636147123314266150e+00
2.638415466880616123e+00
2.640478241006415150e+00
2.642501195950934356e+00
2.644474034477496627e+00
2.646093443020123281e+00
2.648012242695374940e+00
2.650618608841404100e+00
2.652607314702822627e+00
2.654118329278104760e+00
2.656703400108811675e+00
2.658282363639984158e+00
2.660063169353214185e+00
2.661857925464501395e+00
2.663935658180095700e+00
2.665514346755395891e+00
2.667711140128491198e+00
2.669492585438694388e+00
2.671045023033073562e+00
2.673074776581517042e+00
2.674642247934772676e+00
2.676871591004868822e+00
2.678891606229103939e+00
2.680623712418257032e+00
2.682475690683160607e+00
2.684135185617762875e+00
2.686205426470745117e+00
2.687802614692801129e+00
2.690010683013415616e+00
2.691713893118458767e+00
2.693375699252073208e+00
2.695484877442768656e+00
2.697277024079074881e+00
2.698803256313412113e+00
2.700975709421590043e+00
2.702372729093011738e+00
2.704692642745437858e+00
2.706051429560666577e+00
2.707969372523753471e+00
