3.641495457828868883e-05
-5.124736578655824173e-03
-6.373643387397871611e-03
-5.399607640561776209e-03
-5.118924418786643775e-03
-5.661500746248793528e-03
-7.557031305958705064e-03
-7.947957666755567710e-03
-7.974976310165502597e-03
-6.533050119423021267e-03
-4.551138352423802526e-03
-7.353848527793813497e-03
-5.413348369698425637e-03
-5.993195809495635877e-04
-1.587785568932066583e-03
3.741036475749949519e-03
8.791187162362679511e-03
3.121980575527654941e-03
3.812520804280528693e-03
9.817776739225198696e-03
1.414326485125634927e-02
1.962208425028923869e-02
2.788056063362565756e-02
3.769277731480243088e-02
2.888990292534918472e-02
3.549514695239289891e-02
4.992866228938841466e-02
4.823612803455786663e-02
6.300490938471434155e-02
6.593172097158335465e-02
7.106899996851689938e-02
7.037622231210531598e-02
8.100341971931845908e-02
8.164469790625082657e-02
1.015500210855442009e-01
1.103313970794255749e-01
1.148945765008124315e-01
1.288168298012649648e-01
1.347687420681595305e-01
1.318340611229831538e-01
1.482159758861290033e-01
1.523390255953745720e-01
1.585712825689070959e-01
1.659987087998467392e-01
1.699300527960777851e-01
1.803943189320967033e-01
1.869059620592186666e-01
1.974043051197642840e-01
2.086839800902711706e-01
2.209723095827750561e-01
2.230118705296875725e-01
2.325891142577724835e-01
2.458169761642296225e-01
2.445132022538289984e-01
2.519462009274158198e-01
2.700501482677891696e-01
2.816414159218361690e-01
2.939899418422560196e-01
3.004426749634506733e-01
3.009876703606161885e-01
3.111046797503175809e-01
3.173877554915383037e-01
3.309710769309093803e-01
3.368444080029509569e-01
3.449731391176670825e-01
3.603320208550199188e-01
3.643165061979816155e-01
3.674928818149779675e-01
3.786816033546662741e-01
3.877646970839614404e-01
3.947822981617282179e-01
4.116023176298556630e-01
4.183137250604667123e-01
4.191612530202700193e-01
4.377934451527012993e-01
4.431955768871019830e-01
4.532923906619645837e-01
4.603539239811281214e-01
4.622436598130972851e-01
4.753399955674892929e-01
4.878460015127950578e-01
4.959703558578913429e-01
5.071900186289044488e-01
5.213035039943300086e-01
5.232463951021141257e-01
5.305837748234202289e-01
5.415056236161026604e-01
5.497922726422068695e-01
5.620994228220445033e-01
5.653169981061136884e-01
5.736796619443865763e-01
5.873331642807640973e-01
5.967317462427815800e-01
6.002437107804556859e-01
6.096328605845212634e-01
6.219238349709509395e-01
6.256453413929027318e-01
6.403415736592931173e-01
6.441786967093552363e-01
6.558885808459994360e-01
6.628915578433078881e-01
6.732660952295281831e-01
6.783882595948519389e-01
6.923754630387121134e-01
6.982427775055818353e-01
6.996944894078331867e-01
7.132908750649540330e-01
7.197729677225861433e-01
7.296804461596969604e-01
7.357513732614676671e-01
7.445528937075756026e-01
7.519681752739322267e-01
7.588651293763341021e-01
7.700180886212811826e-01
7.821536361257913628e-01
7.839559778259765910e-01
7.934663591800047433e-01
8.066776814270025797e-01
8.141283871186204557e-01
8.184005402406512308e-01
8.272627780639169037e-01
8.337057412418310554e-01
8.409862850606928397e-01
8.464170571560917233e-01
8.592279233461279642e-01
8.700235253172741157e-01
8.760854522334704519e-01
8.802845994902555038e-01
8.902076591177754405e-01
9.007700166680073783e-01
9.042194879110461159e-01
9.128130910782675800e-01
9.230637996039032789e-01
9.283308725562883224e-01
9.323280224739177724e-01
9.438906150675409057e-01
9.545572059383417018e-01
9.601387184758023441e-01
9.672720584971661317e-01
9.735634988929662281e-01
9.828695986643640747e-01
9.884370710937713245e-01
9.973666519645248973e-01
1.006357462323716812e+00
1.012819997231061864e+00
1.021522256836182585e+00
1.026493997507486045e+00
1.034354978840041017e+00
1.043086345594841147e+00
1.050271768533169503e+00
1.054605461143670819e+00
1.062092935943507843e+00
1.069213663570286688e+00
1.076700865252973705e+00
1.084623916944712052e+00
1.092194589075734301e+00
1.095631312620756415e+00
1.103409335607007824e+00
1.117965143171621767e+00
1.121593587643774814e+00
1.130003889989182442e+00
1.134754817483745848e+00
1.140720249191598867e+00
1.148217248411064650e+00
1.153688948506965017e+00
1.163203778957388357e+00
1.171838626489443813e+00
1.176675343611770286e+00
1.181921068809782316e+00
1.189289118114050359e+00
1.198035131726220337e+00
1.207093219581141907e+00
1.212701818714575941e+00
1.219336965580311238e+00
1.225918672105360319e+00
1.231933985664525943e+00
1.238543108026042727e+00
1.243497205681584505e+00
1.250106147745025043e+00
1.257023585412399447e+00
1.260735008484908048e+00
1.267938908599116177e+00
1.277892481483537512e+00
1.282983413216352009e+00
1.288527807690601046e+00
1.295178758844302669e+00
1.302178731328562211e+00
1.308358703387169752e+00
1.316275131612234306e+00
1.319367140924994963e+00
1.327850836008997337e+00
1.332522040817988085e+00
1.339675496224444373e+00
1.346576919918418991e+00
1.350979322287736872e+00
1.358725812265975330e+00
1.363913904524246323e+00
1.370461688094214203e+00
1.377460308581024639e+00
1.383371833398250983e+00
1.389600650046689534e+00
1.393200756630896819e+00
1.400012200467878110e+00
1.407184694741756559e+00
1.411583650861510497e+00
1.417770081377458746e+00
1.426284730810145618e+00
1.431141889238772835e+00
1.435220458327253201e+00
1.441206105772653290e+00
1.448727332294081460e+00
1.451532170666444799e+00
1.457321292724626849e+00
1.465743018314451307e+00
1.469733016200162723e+00
1.475782822372047720e+00
1.481578231053733541e+00
1.487281597466158178e+00
1.492926442171469636e+00
1.498746500455127473e+00
1.504771272329514797e+00
1.510065806999141280e+00
1.514764133731688833e+00
1.520660316383361188e+00
1.528633030760504719e+00
1.531589295346821089e+00
1.538479190044534706e+00
1.543619158216655185e+00
1.549651909465016075e+00
1.555224310774523389e+00
1.558769020772808656e+00
1.563849395505422901e+00
1.568947812174307677e+00
1.576045158584611583e+00
1.582038252618685137e+00
1.584058097312646129e+00
1.589870533089795757e+00
1.596414109014151927e+00
1.602484667881458380e+00
1.608103413980890961e+00
1.611144244930473368e+00
1.616618015632840022e+00
1.621583691341031308e+00
1.627354349231288522e+00
1.632236450209935352e+00
1.636845557272897267e+00
1.642947210570864236e+00
1.648113923227828792e+00
1.653156766134430855e+00
1.658139496235250254e+00
1.662316768574795933e+00
1.667257819832865362e+00
1.672280336759601527e+00
1.676469829171304937e+00
1.682311478000335425e+00
1.687833879533747083e+00
1.693325974872500916e+00
1.697908671971248395e+00
1.701478580185292078e+00
1.706270265094824268e+00
1.710644873417578982e+00
1.715879563746249614e+00
1.721972803592369816e+00
1.726077535431826071e+00
1.729687514124858660e+00
1.734683903652132431e+00
1.739998113789864354e+00
1.744785661098848362e+00
1.748626729801719293e+00
1.753356159605681253e+00
1.759013955840778021e+00
1.764280193336254410e+00
1.768997307115005579e+00
1.772145000983250451e+00
1.775194240973786197e+00
1.780800075600464272e+00
1.786205232228512907e+00
1.791512991578813274e+00
1.796085927714558883e+00
1.798884774035687029e+00
1.802885116320924963e+00
1.809279343889527381e+00
1.815452400801654598e+00
1.816587906788395657e+00
1.819700918556171443e+00
1.825554836369326583e+00
1.830454955528713290e+00
1.834209199123902456e+00
1.839262145204013654e+00
1.842995238269936609e+00
1.847010947405640646e+00
1.851170249217521491e+00
1.855947386415465417e+00
1.861454327187337165e+00
1.864135647724695311e+00
1.867592243290492560e+00
1.872536140207866850e+00
1.877859787027624128e+00
1.880978261278307695e+00
1.884550100566863895e+00
1.890459867388096349e+00
1.894838354194086971e+00
1.897991472344285668e+00
1.902707023022867983e+00
1.906629085788180022e+00
1.910016295590986513e+00
1.913229218218947203e+00
1.916327323563763230e+00
1.920962442267963866e+00
1.925010353438199484e+00
1.929252256530360032e+00
1.933632095634161718e+00
1.937231069512463266e+00
1.940916607624967982e+00
1.944970703460421557e+00
1.948926091686251860e+00
1.954214407148528121e+00
1.957913077724469542e+00
1.961552780238894345e+00
1.964551354198694533e+00
1.969022668621267957e+00
1.973625344848341401e+00
1.977577764969560947e+00
1.980643276435830602e+00
1.983974278408463077e+00
1.987694841541867374e+00
1.992329338181732856e+00
1.996084314185752939e+00
1.999225526237917494e+00
2.003190001502781925e+00
2.007050089822055128e+00
2.010368060719866179e+00
2.013534459726779247e+00
2.016891114328283940e+00
2.021424995060014940e+00
2.025009842600082433e+00
2.028428473652792441e+00
2.031856168733622070e+00
2.035251868198519887e+00
2.038709990539271377e+00
2.042858542774654840e+00
2.046466021680521052e+00
2.049664005445462678e+00
2.052934158883520599e+00
2.056427252581729093e+00
2.060157484012182127e+00
2.063543525451234650e+00
2.067733084973807589e+00
2.070768736669219123e+00
2.074138425608004432e+00
2.077152157992435910e+00
2.080564486825958070e+00
2.084228691531939681e+00
2.087806629785306178e+00
2.090859089712574281e+00
2.093696744858150716e+00
2.097413984171860424e+00
2.100817365938801196e+00
2.104169257293132755e+00
2.106552122357270740e+00
2.109607415471574932e+00
2.113471726094992675e+00
2.117464097754947261e+00
2.120947398828337160e+00
2.124445950506927527e+00
2.127340701204575968e+00
2.129960709183519540e+00
2.133025331284513992e+00
2.136569913239224849e+00
2.139647482649721599e+00
2.143174483667258823e+00
2.146614069201712383e+00
2.149893716556916967e+00
2.152754914600647496e+00
2.155485353028648188e+00
2.158556211092562016e+00
2.161413627491044043e+00
2.164785040014193029e+00
2.167846266798743038e+00
2.170790743082699148e+00
2.174122278939836672e+00
2.177114883905154397e+00
2.180283891309134248e+00
2.183422487821610414e+00
2.186086858682223522e+00
2.188991044512883732e+00
2.191918378510353538e+00
2.195807530678782094e+00
2.199118933684033550e+00
2.201744244658176086e+00
2.204496614051348669e+00
2.206885605258315231e+00
2.210359537206092018e+00
2.213650185500355416e+00
2.216249131938615946e+00
2.218528096791692938e+00
2.222203640468803698e+00
2.225080548031626915e+00
2.227857727152188883e+00
2.230268579695803055e+00
2.233371368771135401e+00
2.236365157250898239e+00
2.239039044222641550e+00
2.241921725070025406e+00
2.244800588977443834e+00
2.247331942169233709e+00
2.250186248103679620e+00
2.253218137653791864e+00
2.255837642580552860e+00
2.258986655485892836e+00
2.261981022625797699e+00
2.264000747342620912e+00
2.267068084076094170e+00
2.270113478002754537e+00
2.272329203164234812e+00
2.274951141525436871e+00
2.278070375194559460e+00
2.280800856344255667e+00
2.282972011797614886e+00
2.285488745457688431e+00
2.288860758290601982e+00
2.291834808543372404e+00
2.294551778706287237e+00
2.296689389508174362e+00
2.299545001170812952e+00
2.302254611904084314e+00
2.304699309520732875e+00
2.307006636916631770e+00
2.310115171762798347e+00
2.313047375228692637e+00
2.314984090288553453e+00
2.317396821728996859e+00
2.320028069761188139e+00
2.323010355662112225e+00
2.325816364184026153e+00
2.328032593358650093e+00
2.330972389593353178e+00
2.333774474744445548e+00
2.335963106514551857e+00
2.338364713262185646e+00
2.340032763079884059e+00
2.342765229271115413e+00
2.345446172523793837e+00
2.347610578833001060e+00
2.349966400015055079e+00
2.352662858437929216e+00
2.355628036357408028e+00
2.357746893764737006e+00
2.359599259139684158e+00
2.362193201906400475e+00
2.364671485170839915e+00
2.367614195874021998e+00
2.370425145072667217e+00
2.372624926735755757e+00
2.375165800736595223e+00
2.377036470092412035e+00
2.379359783288402586e+00
2.381470636702163191e+00
2.384218447792875839e+00
2.386657366625371868e+00
2.389451490547733314e+00
2.391581202821353003e+00
2.393655711541214703e+00
2.395317464248359229e+00
2.398052083959569813e+00
2.399913584771043329e+00
2.402267858053815708e+00
2.404829308223343176e+00
2.406792333528097405e+00
2.409261368549620919e+00
2.411818554488617039e+00
2.414089127889774922e+00
2.416550680677410856e+00
2.418804520345711140e+00
2.420696479366406084e+00
2.422567456513016637e+00
2.424741228219728484e+00
2.427978280842530978e+00
2.430277731610626102e+00
2.432387798392666500e+00
2.434240147987029701e+00
2.436263822365708709e+00
2.438566237928369684e+00
2.440955189514229406e+00
2.443037654630640709e+00
2.445040176687138800e+00
2.447475543978198331e+00
2.449403821869317266e+00
2.451435069560750968e+00
2.453527674822340465e+00
2.455981784233466136e+00
2.458051497665062701e+00
2.460644286718148610e+00
2.462625812588664420e+00
2.464340486460809387e+00
2.466445432484103417e+00
2.468384310154347006e+00
2.470803781839440827e+00
2.473073323772351895e+00
2.474801431513163674e+00
2.476915755661452945e+00
2.478775104951840724e+00
2.480878289748022159e+00
2.483424478410449776e+00
2.485573689868508573e+00
2.487593825593751085e+00
2.489480089261036255e+00
2.491429715248645760e+00
2.493799732997903806e+00
2.495769216824186731e+00
2.497569795999817988e+00
2.499402434703103637e+00
