2.609024107869117722e-17
-1.456890164064361725e-15
1.820765760385256569e-15
-2.196576254220872231e-15
-3.608224830031758756e-16
1.365574320288942525e-16
1.759703494030873077e-16
-3.724798247617400173e-16
6.650235917504687914e-16
5.950795411990839412e-16
-2.536859611268482853e-16
-6.777911565336581153e-16
1.970645868709652761e-16
1.337818744673313710e-16
9.492406860545088223e-17
6.761258219967203173e-16
1.787459069646502139e-16
-1.970645868709652761e-16
2.609024107869117969e-16
-8.881784197001252816e-17
4.563016631209393736e-16
-3.635980405647387571e-16
7.635558851859514541e-16
1.589006703994755298e-15
-3.722022690055837341e-16
7.849276784099857056e-16
-1.775524172131781566e-15
-5.859202012459263484e-16
-7.528699885739342790e-16
5.023204074916520483e-15
-8.299055886951123158e-15
3.128747261271769512e-16
2.757308270595615372e-15
-2.690174472075312859e-15
3.782460455958869356e-15
-2.030216272874696273e-15
3.323695485502042888e-15
-5.136030489794051953e-15
-1.941224958557086148e-15
1.097316681963889001e-15
3.530786774064153914e-15
-2.723654635161665157e-15
-3.640421297745888201e-15
6.017408793468348370e-16
3.144151605738443354e-15
5.778710843173939477e-15
-1.670052984792391773e-15
2.873812299242217878e-15
-2.325362125077390405e-15
2.416400413096653273e-15
7.397416013077417524e-15
3.504974088741619230e-15
3.010924842783424648e-15
-1.109667913112843875e-15
3.763656053479280810e-16
-6.938893903907228378e-16
-2.427502643342904602e-15
4.050648705344883575e-15
-4.291567101688542733e-15
-2.471356452815598633e-15
-2.659539255489562303e-15
-2.950972799453665895e-15
4.793387908819113048e-15
-7.872591467616984649e-15
-2.781108676686017015e-16
1.267319582609616096e-15
-6.894484982922222077e-16
2.949862576429040959e-15
-4.269362641196039287e-15
-5.440092820663267443e-16
-2.792210906932268837e-16
-7.954747971439246652e-16
-2.121081088546361618e-15
-1.136868377216160321e-15
-1.361133428190441895e-15
1.986188991054405114e-15
3.911315715754426145e-15
3.862465902670919509e-15
-2.012834343645408697e-15
-3.658184866139890722e-16
1.912914271429144766e-15
8.520961713998076251e-16
3.830824546469102927e-15
-2.757793993168888831e-15
1.048827691363385371e-14
4.331535130575048306e-15
5.651035195342046633e-16
3.322342401190781026e-15
3.649858193455202127e-15
3.341216192609408482e-15
3.698708006538708762e-15
-1.602051824534100856e-15
-1.636468738297480764e-15
2.048361480433413787e-16
-4.899414207670816097e-15
1.098565682866592349e-15
5.828670879282071837e-16
1.798006188380441049e-15
1.296185381249870340e-15
1.797451076868128581e-15
-1.245115122117113044e-15
-2.507438701115916141e-15
-1.524336212810339977e-15
3.236300116782331355e-16
6.050715484207103343e-16
2.519096042874480332e-15
-7.438494264988549265e-17
-3.926858838099178399e-15
-1.201261312644419408e-15
-6.511458039426543346e-16
-6.007971897759034839e-15
4.095612737842202541e-15
2.434163981490655794e-15
-2.819966482547897455e-15
-7.294165271787278786e-16
5.058731211704525524e-15
-1.154631945610162841e-16
-1.911248936892206969e-15
-6.494804694057165367e-17
2.016165012719284293e-15
2.913225216616410589e-15
-4.322098234865734380e-15
-2.238764729156628069e-15
2.029487689014786282e-15
-1.780242619986438528e-15
-2.328692794151266001e-15
6.403766406037902894e-15
1.167954621905664633e-15
-1.859623566247137255e-16
-1.340039190722563976e-15
-7.549516567451065017e-17
-3.910760604242114071e-15
-2.643441021632497581e-15
1.172395514004165362e-15
2.517430708337542534e-15
-2.444711100224594655e-15
4.312106227644108382e-15
2.715050406720820130e-15
3.422817584919357425e-15
3.719247132494274632e-17
-1.609268274194164319e-15
1.056932319443148979e-15
-3.200772979994326117e-15
-8.831824160893120358e-16
1.562638907159907752e-15
-5.304645611658998076e-15
6.616929226765932941e-16
-6.417089082333405080e-16
8.770206783026424596e-15
5.350719867180941978e-15
-1.726396803292118351e-16
-7.527312106958561620e-16
-1.690869666504113458e-15
1.308397834520746999e-15
1.976196983832778672e-16
3.925193503562240602e-15
-3.210209875703640042e-15
3.743672039036027728e-15
-1.625921619563541706e-15
7.877032359715485378e-16
1.836863994242321685e-15
-1.092459456231154020e-15
-6.670775043460253168e-15
1.125766146969908795e-15
-8.792966355031239721e-16
1.162958618294851437e-15
5.245803791353864259e-16
1.210143096841420718e-16
1.972866314758903125e-15
-1.728062137829056100e-15
-1.742495037149183222e-15
3.325117958752343957e-16
1.844080443902384951e-15
-9.403589018575076607e-16
9.686695889854490421e-16
1.975641872320466253e-15
-3.544942117628124802e-15
1.139643934777723252e-15
2.395306175628775157e-15
4.873879078104436857e-16
3.264055692397960071e-15
1.720845688168992638e-15
-1.466049504017519220e-15
-2.942091015256664734e-16
1.629807400149729770e-15
-5.001554725936330096e-16
4.246603069191223964e-16
-7.727152251391089482e-16
2.625677453238495455e-16
6.522560269672794675e-16
-3.652633751016765057e-16
-2.666200593637313495e-15
-4.901634653720066165e-16
1.665334536937734749e-17
-6.161737786669619342e-17
-7.488454301096680983e-16
-1.845745778439322748e-15
-3.769207168602406770e-15
1.861288900784075003e-15
-1.103006574965093078e-15
3.150257832373881683e-15
-3.259059688787147072e-15
-2.302047441560262023e-15
-3.618216837253385544e-15
-3.235745005270018690e-15
9.464651284929459902e-16
-3.771982726163969504e-15
-2.395306175628775157e-15
1.267319582609616096e-15
-1.970645868709652859e-15
-2.012834343645408697e-15
9.353628982466944642e-16
-4.051203816857196437e-15
2.009503674571533397e-16
1.771915947301749933e-15
1.414424133372449456e-15
1.758593271006247944e-15
3.402833570476104737e-16
1.454392162258955029e-15
3.070876886113183007e-15
-1.520450432224151914e-15
7.555067682574189942e-16
9.992007221626408494e-18
-2.240985175205878335e-15
-4.424238753131248676e-16
1.190714193910480350e-15
-3.735900477863651995e-16
-8.104628079763642548e-17
-2.730593529065572385e-15
-5.279110482092619034e-15
2.610134330893743200e-15
1.554312234475219305e-17
3.402833570476104737e-16
2.853273173286652131e-16
-8.038014698286133589e-16
1.483813072411521740e-15
-2.009503674571533397e-16
5.828670879282072084e-17
1.144639938388536448e-15
-3.573252804756066578e-15
5.639932965095795304e-16
1.560973572622970151e-15
1.090794121694216222e-15
-3.214095656289828204e-16
9.769962616701377605e-17
-3.164135620181696239e-16
-2.025601908428598218e-15
-1.826316875508382430e-15
5.385136780944322083e-15
6.139533326177115945e-16
3.824718319833664104e-16
4.352074256530613560e-16
7.560618797697315606e-16
3.164135620181696239e-16
8.110179194886768212e-16
2.298161660974073861e-16
