6.892949435534538659e-05
-5.835109999790179247e-03
-7.352606654114524944e-03
-7.253575176304196889e-03
-8.502631484408386744e-03
-9.726720146453817287e-03
-1.337358243576656190e-02
-1.415512076334328982e-02
-1.377285083201807564e-02
-1.124787517949911615e-02
-7.786789284844762050e-03
-1.238099228066515817e-02
-9.582021333141019573e-03
-2.381041521001843637e-03
-4.379785547359035455e-03
3.388900896815314097e-03
1.099571807349047914e-02
3.018198461438478288e-03
4.276834468986583267e-03
1.326946133420054720e-02
2.030407418724479787e-02
2.778995067169805905e-02
4.066180433719700227e-02
5.339787304490269115e-02
4.155563675758364162e-02
5.119851238722948616e-02
7.083844059152342998e-02
7.063484891714845448e-02
9.134925293926210443e-02
9.423222026901202641e-02
1.025983217415318144e-01
1.050171461385872584e-01
1.196126212310530401e-01
1.188699990915388638e-01
1.438260575935460528e-01
1.570354284570313896e-01
1.666750335843477648e-01
1.841433444573983558e-01
1.908114128975007540e-01
1.901979703356110329e-01
2.106845056729193255e-01
2.172376327395215967e-01
2.268263084086955261e-01
2.373854565184967402e-01
2.447205225939601825e-01
2.596250605266291478e-01
2.708486267583036233e-01
2.829274420913174271e-01
2.941331821978757644e-01
3.138822814475404899e-01
3.179950055540317622e-01
3.280926781605532638e-01
3.448028019869396332e-01
3.439073609766331585e-01
3.571336098697026062e-01
3.797296448986774986e-01
3.943043444877014081e-01
4.086992168342860610e-01
4.192160993973633731e-01
4.228885159774427027e-01
4.355903592182359119e-01
4.446485362526642060e-01
4.643053438667565369e-01
4.680662852139434449e-01
4.832500189317668338e-01
4.995688528808432394e-01
5.036830149147747404e-01
5.137414062526587388e-01
5.276640311723790333e-01
5.372614097345385087e-01
5.445593400819291885e-01
5.652965318796074889e-01
5.764617640601973347e-01
5.772479472583861293e-01
6.006801017087982641e-01
6.084188543467259347e-01
6.211691721772683028e-01
6.284262029136169492e-01
6.364184745197981607e-01
6.476932592372096620e-01
6.626636370402776421e-01
6.732391153964534247e-01
6.851992785966352084e-01
7.013497027298053466e-01
7.090021194790111503e-01
7.225692610828340356e-01
7.335997308825548124e-01
7.421461371714289657e-01
7.544645954337576566e-01
7.623795865694892315e-01
7.749202764038504165e-01
7.899032250396076371e-01
8.019245247609354532e-01
8.064887081158695903e-01
8.187268786303141255e-01
8.288134744054356240e-01
8.355204707774825934e-01
8.498922190252424791e-01
8.585552577525068507e-01
8.736726342850541505e-01
8.879611441563067809e-01
8.943340496162039965e-01
9.028329191532101783e-01
9.162789590512667726e-01
9.267570703386184272e-01
9.294034839446950746e-01
9.421990428483064672e-01
9.556276083785492093e-01
9.666673701401115038e-01
9.767454937309024698e-01
9.820425594720394447e-01
9.921148525276496377e-01
1.001717717127566409e+00
1.013310416929811053e+00
1.023677770418154775e+00
1.033215239080234271e+00
1.045050572945500633e+00
1.055776854508184259e+00
1.063792760848645491e+00
1.071912676434879863e+00
1.080435280866186121e+00
1.088982740715167985e+00
1.104041812390269328e+00
1.108520368884619023e+00
1.119402075878983549e+00
1.129941919396227901e+00
1.137044052204521538e+00
1.145968219623807682e+00
1.156628647011083144e+00
1.166725846062858452e+00
1.175964012768747846e+00
1.184919185063708857e+00
1.192141397259658842e+00
1.202031208238599991e+00
1.209039086557173626e+00
1.219332494026435176e+00
1.227463753469485219e+00
1.238023306088149589e+00
1.245686095703671947e+00
1.254768891556974353e+00
1.262467742486931055e+00
1.270928581275034386e+00
1.281072913567042226e+00
1.291326033463321865e+00
1.297380098488657429e+00
1.307698417159345983e+00
1.314582852250084199e+00
1.320913311261162626e+00
1.330430471990674546e+00
1.338137211226714474e+00
1.344724813224267734e+00
1.353341851792738915e+00
1.363641225496471598e+00
1.372108955707231015e+00
1.378979389289556767e+00
1.386339583187099933e+00
1.392724275470219153e+00
1.401041721778024218e+00
1.413340890905279146e+00
1.419834743569567959e+00
1.427552462797229138e+00
1.435132612558372989e+00
1.440577187187501496e+00
1.447345452508869146e+00
1.453227231468740666e+00
1.463574713000199701e+00
1.473877462853476539e+00
1.480877717613547695e+00
1.488872059757865962e+00
1.494938393117309472e+00
1.502145722158749752e+00
1.509206453227686762e+00
1.517593059444263259e+00
1.525188304323768396e+00
1.532040003393586813e+00
1.539611875063388036e+00
1.546304024669329369e+00
1.554399095150376775e+00
1.561537495732107095e+00
1.569281212791302726e+00
1.574649873976630365e+00
1.580794385775769584e+00
1.588442173811870584e+00
1.595945299258023420e+00
1.602650228685240652e+00
1.608414979721068505e+00
1.616295071857873911e+00
1.622288257421612645e+00
1.629903163692508539e+00
1.633933238188513437e+00
1.643272566880034091e+00
1.650332436466892538e+00
1.654740127496843849e+00
1.663581181220473049e+00
1.669974796335952583e+00
1.675379579380142703e+00
1.683018266628602877e+00
1.687738888384422653e+00
1.696263505594123533e+00
1.699633416835053756e+00
1.708633248531739923e+00
1.714253808156905645e+00
1.718553649540045081e+00
1.726182986961110499e+00
1.732314229939228012e+00
1.738432063975296593e+00
1.747026182338518474e+00
1.755000509939865116e+00
1.757939911949526035e+00
1.763331069934776618e+00
1.769813910913284660e+00
1.774775149648767147e+00
1.782292958875328459e+00
1.786709011070107156e+00
1.792983657256316476e+00
1.800661134495201710e+00
1.805042664485073667e+00
1.811338365009178775e+00
1.817372464233987683e+00
1.821300686594190976e+00
1.826772901919103465e+00
1.833656681795260424e+00
1.838671343821166371e+00
1.843636486073187308e+00
1.849177591205445337e+00
1.854571061851588265e+00
1.858576400831114528e+00
1.865908660538885711e+00
1.872936743912989366e+00
1.878824770291620538e+00
1.884033422439312710e+00
1.888843298422179684e+00
1.894282231057101695e+00
1.898712200045966192e+00
1.905158760497499104e+00
1.910053264558212893e+00
1.914111078614378902e+00
1.920158352816390579e+00
1.926846109131417073e+00
1.932487516001692995e+00
1.934960612764096588e+00
1.940982285561054344e+00
1.948519009254570555e+00
1.950516288898828332e+00
1.954889937202154426e+00
1.960951477602811854e+00
1.966469291916076445e+00
1.971175525219154068e+00
1.975963633794496577e+00
1.981652619722438002e+00
1.986573667540741717e+00
1.991606696391652997e+00
1.996290589127809767e+00
2.000647110441878151e+00
2.004660296323848456e+00
2.011558292045033447e+00
2.015389490459912558e+00
2.020236421776911762e+00
2.023788290545938118e+00
2.029318627702773270e+00
2.033866565613663635e+00
2.038293340066917647e+00
2.044168118258722799e+00
2.049448339703528799e+00
2.051250174174616081e+00
2.055722570512639180e+00
2.062948669056467121e+00
2.065811989035910123e+00
2.070139933077802308e+00
2.074910101492572156e+00
2.079556653641255526e+00
2.084543216505249763e+00
2.088789943263355209e+00
2.092611885754611212e+00
2.097535794401276910e+00
2.102365746773125821e+00
2.106410602647555308e+00
2.110225426575236263e+00
2.114669721565375582e+00
2.118865827640366462e+00
2.123641778773514233e+00
2.127220909581261310e+00
2.131043737351105971e+00
2.135665292151228911e+00
2.140163900529210572e+00
2.143963527138524672e+00
2.147653196925108254e+00
2.152465593502762342e+00
2.156217693115393352e+00
2.160250677484862880e+00
2.163803955118888567e+00
2.168641324103124823e+00
2.173265346916694263e+00
2.176801384077720503e+00
2.179904016870217287e+00
2.183708095026143603e+00
2.188176172720332158e+00
2.192497809840881828e+00
2.195912718764522431e+00
2.199243960363803208e+00
2.204868054733847060e+00
2.208218541911183941e+00
2.210622598172632181e+00
2.215607655590908553e+00
2.218397844944231423e+00
2.222367290419730246e+00
2.226782592804974925e+00
2.230912231987611349e+00
2.233690616424718556e+00
2.237658058559310881e+00
2.241826322761664603e+00
2.245399569627354985e+00
2.248957108202936706e+00
2.252850847104207244e+00
2.256039115477178836e+00
2.259349224018949442e+00
2.263257653366767208e+00
2.267583814260632380e+00
2.270053628319808947e+00
2.273268673980725296e+00
2.277392724402444557e+00
2.281491733339671146e+00
2.284777949172711597e+00
2.288333916349370778e+00
2.291042167922806350e+00
2.294775350913207834e+00
2.298034922876590613e+00
2.301586338998139691e+00
2.305361563023051730e+00
2.308855884194727981e+00
2.311796776989519575e+00
2.314844545854079616e+00
2.318414529890826081e+00
2.322011219733172371e+00
2.324886932059004430e+00
2.328607597973159749e+00
2.332384558493540094e+00
2.335723090075432662e+00
2.338602565984471582e+00
2.341025625804972421e+00
2.344691571950202835e+00
2.348252005866756420e+00
2.350827367920259814e+00
2.353659864971926474e+00
2.357611972345249107e+00
2.360578048951048835e+00
2.363065895079236700e+00
2.366901536427118202e+00
2.370711896394526175e+00
2.372900585400952611e+00
2.376125871463308226e+00
2.379363548172500842e+00
2.382182508304567126e+00
2.385699516677350474e+00
2.388943789136873885e+00
2.392138313766540403e+00
2.394757136927414987e+00
2.397116995353638647e+00
2.399669781700684013e+00
2.403315829795128700e+00
2.406694627955326293e+00
2.408740411526499869e+00
2.411389899306944695e+00
2.415399180028189541e+00
2.418741224879500162e+00
2.421410690446448744e+00
2.423820955665839438e+00
2.426200259449827090e+00
2.429374275381587900e+00
2.432002290627573782e+00
2.434728811066198872e+00
2.437874411449498790e+00
2.440974180885747469e+00
2.443810211401976851e+00
2.446787203576220815e+00
2.449416589363810459e+00
2.452115855914343445e+00
2.455240416424977479e+00
2.458184887131916518e+00
2.460663124327555185e+00
2.463043300122914836e+00
2.465931520318819459e+00
2.468640978000967934e+00
2.471222546702450007e+00
2.473905097711767809e+00
2.476967645137430729e+00
2.479794002843829226e+00
2.481966176997061790e+00
2.485060925000976084e+00
2.487439849410036263e+00
2.490009498049316594e+00
2.491955795791934491e+00
2.494282514046980648e+00
2.497237263168463173e+00
2.499855266161310485e+00
2.502694666679412983e+00
2.505154248618719492e+00
2.507743358846460158e+00
2.510154223284677855e+00
2.513001535491819816e+00
2.515264454067326572e+00
2.517500333687435088e+00
2.520137612559398832e+00
2.522945080483528280e+00
2.525377977192648782e+00
2.527763374044224243e+00
2.530401467788031766e+00
2.532874180128898534e+00
2.535534523943045127e+00
2.538378474284507913e+00
2.540647114036829191e+00
2.542446792533200384e+00
2.544782008209404811e+00
2.546962259926992100e+00
2.549795429464788654e+00
2.552233819460024034e+00
2.554369351646908370e+00
2.557053320876843117e+00
2.560117022176594759e+00
2.562337144526545263e+00
2.564446028832910507e+00
2.566769182809415906e+00
2.568955427932441360e+00
2.570955892121545627e+00
2.573601135091879044e+00
2.576043859760306365e+00
2.578230499193768566e+00
2.580117085155126055e+00
2.582892440467334794e+00
2.585123190070084842e+00
2.587058625375619147e+00
2.589159184785227552e+00
2.591547968092713372e+00
2.593774915210312670e+00
2.595988806660199266e+00
2.598414245617339802e+00
2.600516133333919289e+00
2.602306587113578651e+00
2.604919875866631873e+00
2.607388395530477965e+00
2.609572637485942259e+00
2.611330334824850663e+00
2.613828631904854038e+00
2.615723061854286602e+00
2.617672811030711255e+00
2.620133781205283174e+00
2.622385874265642514e+00
2.624657314738233271e+00
2.626425611914033453e+00
2.628474982635742307e+00
2.630775907475842779e+00
2.632879095726459173e+00
2.634828818496659064e+00
2.636967647999533870e+00
2.639077845463551952e+00
2.641141996112316814e+00
2.643835670990458020e+00
2.645796766906475028e+00
2.647129581863387759e+00
2.649417274620470941e+00
2.651118928519181406e+00
2.653356940173385858e+00
2.655631294372487350e+00
2.657651269521378978e+00
2.659868808200739121e+00
2.661807404360412743e+00
2.663658496319976976e+00
2.665640721291773652e+00
2.667450678550975951e+00
2.669482346977134046e+00
2.671356980144433901e+00
2.673256910495366512e+00
2.675310545219170333e+00
2.676986126993443182e+00
2.679245919468046466e+00
2.681196221239479982e+00
2.683034826102639325e+00
2.685360648248857895e+00
2.686574166925172591e+00
2.688615833671328392e+00
2.691062304036344610e+00
2.692957407140256887e+00
2.694581379181448355e+00
2.696973907863216890e+00
2.698914689648454601e+00
2.700396862541089682e+00
2.702312183791501177e+00
2.704253021219917841e+00
2.705801494925000217e+00
2.707935178460632919e+00
2.709507571519069291e+00
2.710994206413807728e+00
2.713098042320897907e+00
2.714891401951808891e+00
2.716963967368490884e+00
2.718949522324169976e+00
2.720922230421728649e+00
2.722430004514314827e+00
2.724077248505188731e+00
2.726259700187484203e+00
2.727917898658037466e+00
2.729751913765683380e+00
2.731592673800556259e+00
2.733100946136133746e+00
2.735302616247914820e+00
2.736775750809867791e+00
2.738863524563763363e+00
2.740551180811461762e+00
2.741962582869165832e+00
2.744049855258456905e+00
2.745522647410844730e+00
2.747603758015011888e+00
