3.608224830031758880e-17
5.489220189502930509e-15
-1.292854712175994744e-15
1.277866701343555154e-15
-1.065814103640150239e-15
-7.821521208484227748e-16
-2.686739719592878749e-16
5.662137425588297962e-16
3.969047313034934829e-16
1.515454428613338668e-16
-4.790612351257550906e-16
1.249556014215613773e-15
2.808864252301645830e-16
1.132427485117659691e-16
4.163336342344337027e-17
-2.775557561562891351e-16
1.179611963664228824e-15
-3.497202527569243127e-17
-1.154631945610162841e-16
2.225997164373438745e-16
3.025357742103551671e-16
-3.264055692397960170e-16
1.406652572200073329e-15
-4.074518500374324424e-16
-2.745026428385699704e-15
-6.605826996519681120e-17
1.149080830487036980e-15
-1.617594946878853111e-15
2.879363414365343346e-15
2.025879464184754255e-15
5.565825578202066058e-15
-2.954581024283697725e-16
-8.620881786214340181e-16
1.513511538320244685e-15
-2.519581765447753791e-15
-5.472705622011631337e-15
2.575717417130363095e-15
4.381633944561258684e-15
-2.186306691243089407e-15
-4.482525461924069507e-17
8.068545831463325236e-16
1.172673069760321596e-15
4.851535839733855590e-15
-5.343780973277034750e-15
1.998401444325281699e-17
-2.980948821118545469e-15
1.955380302121057036e-15
-7.045197758515087463e-15
-3.015365734881925180e-15
1.895705814547454812e-16
-2.668421039686563761e-15
3.793076963631847226e-15
-7.153999614928352457e-15
-1.712519015484304042e-15
1.398881011027697251e-16
2.939870569207414566e-15
-5.225819776910611867e-15
-7.236433674506771088e-15
2.604583215770617338e-15
4.253819518851287032e-15
-4.002354003773689013e-15
2.572386748056487893e-15
2.386424391431774094e-15
-9.237055564881302732e-16
2.066680160339728726e-15
-1.882938249764265587e-15
1.036948304999896193e-15
3.070321774600870539e-15
-1.122990589408345864e-15
-5.706546346573304263e-16
-7.399636459126668381e-16
-2.784994457272205276e-15
-3.619882171790322553e-15
1.835753771217696355e-15
3.253508573664021210e-15
4.625744232100714631e-15
6.986633493966110077e-15
-1.088018564132653489e-15
1.964539642074214530e-15
-3.028688411177427168e-15
-1.355027201555003565e-15
1.244560010604800576e-15
-2.817746036498647189e-15
2.592370762499740680e-15
8.509859483751824922e-16
6.459832668781473583e-15
3.683719995706269370e-15
-8.465450562766818621e-16
3.035349749325177966e-15
4.725109192804666488e-15
-2.995936831950984861e-15
-5.894729149247268525e-15
1.289524043102119345e-15
3.612665722130259288e-15
-6.106226635438360972e-16
8.765210779415610413e-16
-2.324251902052765075e-15
-1.854627562636323811e-15
4.691802502065911319e-15
3.369526879737350258e-16
-6.156186671546493332e-15
-4.585221091701896394e-16
1.008637617871954812e-15
-1.872391131030326332e-15
1.529887327933465642e-15
-8.039680032823071782e-15
3.903544154582050017e-15
-4.153344335122710239e-15
-4.398703623564869929e-15
3.405054016525355299e-15
7.840950111415168067e-15
3.695377337464833166e-15
1.856292897173261609e-15
5.073164111024652843e-15
4.607425552194400037e-16
6.047939926645540412e-15
4.637956685371591290e-15
1.432187701766451977e-16
-6.493139359520227964e-15
-6.944445019030354042e-16
-1.331657006886643937e-14
4.545808174327703486e-15
-3.911870827266739007e-15
-7.160938508832259883e-17
9.708900350346993078e-16
1.809663530139005043e-16
-2.994271497414047063e-15
-2.807198917764708328e-15
-2.768341111902827692e-15
1.026956297778269800e-15
-8.892886427247503652e-16
-1.262878690511115565e-15
-1.475486399726832948e-15
-1.315614284180810560e-16
1.476041511239145613e-15
-4.302114220422481594e-16
4.605760217657461845e-15
1.562083795647595284e-15
5.612177389480165996e-16
-4.521383267785950169e-15
6.635803018184560989e-15
6.894484982922222077e-16
1.127431481506846396e-15
-4.112821194723892593e-15
-9.547918011776345853e-16
-1.968980534172715061e-15
-4.435340983377500497e-16
-6.794564910705958343e-15
-1.248445791190988443e-15
-2.762234885267389362e-15
3.907429935168238476e-15
-6.544764730165297332e-16
6.418199305358030213e-15
3.805289416902723885e-15
3.224087663511454499e-15
-8.620881786214340181e-16
-2.335354132299016799e-15
4.780065232523611453e-15
-5.466183061741958164e-15
-2.225442052861126475e-15
1.513233982564088451e-15
4.996003610813204247e-18
2.416400413096653273e-15
4.397038289027932131e-15
3.375077994860475725e-15
-6.583622536027177969e-15
-3.125277814319815602e-16
-2.386979502944086525e-17
-3.138045379103005025e-15
3.752553823233028791e-15
-1.498801083243961330e-15
-1.934563620409335351e-15
6.502021143717229027e-15
-7.976952431931749309e-16
7.370215548974102262e-15
-4.430900091278999374e-15
1.864619569857950599e-15
-2.500777362968164950e-15
2.935984788621226503e-15
-5.232481115058363059e-15
3.865796571744795105e-15
1.371125435412068288e-15
-3.285149929865838187e-15
-2.003952559448407634e-15
-1.136868377216160321e-15
2.143285549038864670e-15
1.088573675644965956e-15
2.668976151198876229e-15
-2.015609901206971825e-15
3.430589146091733552e-16
-2.353672812205331984e-16
6.106226635438360972e-16
3.957945082788683007e-16
2.923772335350349844e-15
8.476552793013069949e-16
3.838596107641479054e-15
-8.842926391139371687e-16
-1.492139745096210335e-15
1.462163723431331156e-15
-3.358979761003411003e-15
-1.435518370840327375e-15
1.706412788848865516e-15
7.310818617156655779e-16
-7.988054662178001624e-16
1.040278974073771592e-15
4.122258090433206519e-15
1.655342529716108418e-15
-7.627232179174825551e-16
-6.933342788784102713e-16
-9.525713551283843196e-16
1.558198015061407220e-15
-4.179989687713714217e-15
5.310196726782123544e-15
1.646460745519107157e-15
9.335865414072941727e-15
-1.836863994242321685e-15
-1.276201366806617356e-15
-3.171352069841759800e-15
2.398081733190338285e-15
7.643885524544202544e-16
5.806466418789569180e-16
-2.122746423083299416e-15
-5.495603971894524875e-15
-2.109423746787797427e-15
-2.178257574314557243e-15
-2.084998840246044109e-15
5.672129432809925144e-15
1.150746165023974778e-15
-4.236611061969596980e-15
6.733502644351574852e-16
-2.916000774177973717e-15
5.936917624183024758e-15
3.499422973618493368e-15
-1.379452108096757080e-15
-7.910339050454240351e-16
-2.484679129111100227e-15
4.310440893107170584e-15
6.655231921115500913e-15
-3.560485239972877057e-15
-5.943023850818463087e-15
1.613709166292665047e-15
4.295452882274730402e-15
4.349298698969050432e-15
1.360578316678129427e-15
-1.448841047135829364e-15
-2.355338146742269585e-15
-3.685940441755520030e-15
-6.339373470609643806e-16
-1.715294573045866776e-16
1.212363542890670934e-15
7.330802631599908763e-15
7.430167592303859831e-15
4.724554081292353626e-15
3.166911177743258874e-15
-2.619016115090744263e-15
9.547918011776346100e-17
