8.929277047180973650e-05
-6.352289530100830098e-03
-8.067171967535197510e-03
-8.559886811907540388e-03
-1.087387018568045441e-02
-1.256024923730813918e-02
-1.740511640197498280e-02
-1.846877582398077228e-02
-1.781146834732098838e-02
-1.452549778452352607e-02
-1.009588588013653893e-02
-1.591836274544079777e-02
-1.250783574744627862e-02
-3.733476894084767923e-03
-6.320257809893537783e-03
2.941014175723503064e-03
1.219606549209858483e-02
3.109844135611276612e-03
4.753094271769964414e-03
1.551336643359408837e-02
2.440891883902548964e-02
3.290587396201985482e-02
4.879440915936732182e-02
6.280401510278320332e-02
4.973404879945030055e-02
6.125130922738047240e-02
8.357282620932622585e-02
8.499264032041814465e-02
1.087502040548650184e-01
1.115687963271875388e-01
1.218666749195460031e-01
1.270968967347609058e-01
1.437305478753745647e-01
1.424919910935117939e-01
1.689718481839647402e-01
1.849651550868999794e-01
1.982881657324897795e-01
2.169542528489848410e-01
2.241900952744822761e-01
2.255447157660255275e-01
2.474737722535733930e-01
2.558260243884474816e-01
2.676749301889683186e-01
2.795445087873320578e-01
2.886711557306089193e-01
3.074969112978679364e-01
3.223791346726483931e-01
3.340051540917521322e-01
3.448281167972191419e-01
3.686036285841838844e-01
3.741048337117136025e-01
3.841958178309184402e-01
4.031102517026881049e-01
4.030153918253549516e-01
4.194499600681636520e-01
4.424229127984803389e-01
4.589390236902986531e-01
4.742382065352329090e-01
4.872223758688569162e-01
4.938459297326466824e-01
5.076489271944322201e-01
5.185386055540734951e-01
5.391344821695162048e-01
5.451331105344919825e-01
5.613665039804217605e-01
5.764305585026299195e-01
5.841667354028037273e-01
5.981214411454472968e-01
6.117431882452510905e-01
6.227026111652285145e-01
6.299063285067039164e-01
6.531355747686373725e-01
6.668644281753143277e-01
6.670670483385934268e-01
6.925047193835844883e-01
7.012181202153701109e-01
7.143218866649218013e-01
7.234230569692554624e-01
7.357642269584456773e-01
7.448207705618067331e-01
7.609424542072023012e-01
7.733465018301381999e-01
7.835149749151162357e-01
8.010047829903412797e-01
8.125321872503605825e-01
8.280150786441354827e-01
8.396024522909801835e-01
8.494516044265947308e-01
8.615955547266288539e-01
8.708222965118723735e-01
8.852427369535729174e-01
9.002379134247453507e-01
9.113253247414941915e-01
9.189536929946666710e-01
9.323274550313146447e-01
9.408765363653646130e-01
9.510210426625860247e-01
9.646789753887330399e-01
9.728469413930895815e-01
9.901831322991752060e-01
1.007454264339310734e+00
1.013486324762789881e+00
1.025461620105115879e+00
1.035214587192950342e+00
1.047348294683655423e+00
1.051313414065379481e+00
1.065166994046089943e+00
1.079133851793101506e+00
1.092467234977759771e+00
1.103686828642564066e+00
1.108524483877822986e+00
1.118979730442902554e+00
1.129289137121124220e+00
1.141636620648469824e+00
1.149629340898818075e+00
1.160868006148354725e+00
1.176332780403119171e+00
1.184610334500807438e+00
1.193084558151104035e+00
1.203210092079722848e+00
1.212410516663980475e+00
1.221166302509399282e+00
1.239961616963054736e+00
1.244438798659503576e+00
1.252518366045781484e+00
1.263679076375918475e+00
1.271692500964797246e+00
1.282599045345780064e+00
1.293978049715069467e+00
1.301932187680076014e+00
1.313766008582760270e+00
1.323314637791877635e+00
1.328284215849916183e+00
1.340295491540875350e+00
1.348466931467049879e+00
1.360856215595025898e+00
1.367696824278047840e+00
1.377929111934558026e+00
1.386856491271710956e+00
1.395214191554957406e+00
1.403532021557549525e+00
1.413654341631426226e+00
1.422697855281811696e+00
1.434533781699647070e+00
1.440099446127936833e+00
1.450040236923421988e+00
1.457915954425724303e+00
1.464690169164767131e+00
1.472776199005968234e+00
1.482918900069145396e+00
1.490548656339017786e+00
1.498035688579379965e+00
1.510196336521937077e+00
1.516916712658845867e+00
1.524695563406697874e+00
1.532822837584358888e+00
1.540531580026522240e+00
1.549099621453095876e+00
1.558430373567816218e+00
1.566550356373248798e+00
1.574758950457803008e+00
1.582858295429617534e+00
1.588691973398133728e+00
1.595484158983722978e+00
1.602050512471633770e+00
1.610607175595119234e+00
1.620871588046806533e+00
1.629291834561569452e+00
1.638276846560122735e+00
1.643915404680115655e+00
1.650129712002156968e+00
1.657030289013396995e+00
1.666120919332256811e+00
1.673376303134387122e+00
1.680473148124420169e+00
1.688480750572572298e+00
1.694238903952172803e+00
1.702431334552001463e+00
1.710535679225328121e+00
1.718326281155864832e+00
1.723956340909256202e+00
1.730514496070845398e+00
1.737312458701879336e+00
1.745564804212980992e+00
1.751619145556933654e+00
1.758557942179434619e+00
1.765028905595777298e+00
1.772687048008708910e+00
1.779812623514585246e+00
1.785393827883436924e+00
1.793591363689821527e+00
1.800229340307991199e+00
1.805803718049148854e+00
1.814702605528243806e+00
1.820354026536669778e+00
1.825755060854434175e+00
1.833228780530162583e+00
1.838290786101884455e+00
1.844896782028067062e+00
1.850202936351568850e+00
1.857767811207223119e+00
1.864940347272243226e+00
1.869160031524442100e+00
1.876591159252718688e+00
1.881998800073811262e+00
1.889683277781545101e+00
1.895696695684348176e+00
1.904041380063695277e+00
1.909342818531413855e+00
1.914672142938768973e+00
1.919151547599356133e+00
1.924656556576448407e+00
1.932277426944583931e+00
1.936781903679886563e+00
1.942954085853423774e+00
1.948933427291852372e+00
1.955009958864564856e+00
1.961259426861703625e+00
1.966820077136510081e+00
1.971389772793079365e+00
1.975441142701690467e+00
1.983433364071595317e+00
1.989307172389032763e+00
1.992195980497549312e+00
1.999369442689922227e+00
2.005277480887104335e+00
2.007915002582287389e+00
2.014924416554719766e+00
2.021371469539032351e+00
2.026129429706284846e+00
2.032330517863056407e+00
2.036889378324593824e+00
2.042200978157811875e+00
2.047401351599483110e+00
2.053411956997319709e+00
2.057872102756792110e+00
2.061235884743437996e+00
2.067523951175946451e+00
2.074428806670633563e+00
2.078894713089366686e+00
2.082463388690720674e+00
2.087214191237174887e+00
2.094601765368096835e+00
2.098623709096691936e+00
2.102992742837614060e+00
2.108443327242078613e+00
2.113673212065770191e+00
2.116837750927832662e+00
2.123006239423734787e+00
2.127588887618191205e+00
2.132563250119623444e+00
2.138245579526264706e+00
2.142976660704201120e+00
2.146282486399718081e+00
2.150830350607146002e+00
2.156541960983908712e+00
2.160706902273953567e+00
2.165297598499248188e+00
2.169565652972883285e+00
2.175148768001365696e+00
2.179302886247148408e+00
2.183788155849307078e+00
2.188907978618575001e+00
2.193489341220792088e+00
2.196722211684370762e+00
2.200565125852592008e+00
2.206629164948121335e+00
2.210219077629163476e+00
2.215256007929206294e+00
2.219440717845882372e+00
2.222821967947813171e+00
2.228166225493458885e+00
2.232005948865838363e+00
2.236515495331719450e+00
2.241374978602540313e+00
2.245218053031355687e+00
2.249399932434928751e+00
2.253545261395546895e+00
2.257897883272797390e+00
2.261006844030758689e+00
2.265437390935340911e+00
2.269534370214330021e+00
2.273511628122436790e+00
2.277387260251065193e+00
2.281471801339443051e+00
2.285549284824977434e+00
2.290385132675538227e+00
2.294380697015187209e+00
2.297855175953300133e+00
2.301309277842070511e+00
2.305215500388329009e+00
2.309632444617731206e+00
2.313658675309272272e+00
2.317598053797934821e+00
2.321095647567442022e+00
2.325163312410128302e+00
2.328406012733539310e+00
2.332687665066816685e+00
2.336188353861588407e+00
2.339033388341408060e+00
2.344907759177756734e+00
2.347542834177143156e+00
2.349912011056174865e+00
2.355337899179061889e+00
2.359637106174952592e+00
2.362854279018870685e+00
2.366278298879866959e+00
2.369601501275203859e+00
2.373538733560301761e+00
2.376963998737198214e+00
2.380390997167724176e+00
2.383933323737559284e+00
2.387703629745444811e+00
2.390528982892439203e+00
2.394015319664766217e+00
2.397225303272430885e+00
2.401161445425616936e+00
2.404486908855067995e+00
2.407631155305197890e+00
2.410875838610219812e+00
2.414684093617360805e+00
2.418215086669046165e+00
2.421674288340125436e+00
2.425103343399891198e+00
2.428108846057584813e+00
2.431682076733879150e+00
2.435002624861458020e+00
2.438314726624563278e+00
2.441489638372484450e+00
2.444350049272031367e+00
2.447819323064932551e+00
2.451247128205249481e+00
2.454436284443688443e+00
2.457681948903916336e+00
2.460438837466574213e+00
2.463890614001786439e+00
2.467440568092954756e+00
2.470747669164116367e+00
2.473321669937378342e+00
2.476521450150242831e+00
2.479843275001800684e+00
2.482878833003404839e+00
2.484580675573782926e+00
2.488041538147240050e+00
2.491785433480346423e+00
2.495024758740419735e+00
2.497507297598411835e+00
2.500479402708002841e+00
2.503693120699984398e+00
2.506843425734270880e+00
2.509339095914589368e+00
2.512048742149748382e+00
2.515217923089358543e+00
2.518395325709821719e+00
2.521640006806850298e+00
2.525120714490981744e+00
2.528236356240947558e+00
2.530655517156002343e+00
2.532454701074108083e+00
2.535222776490237973e+00
2.538939076550704055e+00
2.541325268000279802e+00
2.543702695840913464e+00
2.547212992382699603e+00
2.550174697944727953e+00
2.552546473361737789e+00
2.555177189256985670e+00
2.557851452563884465e+00
2.560645546467915423e+00
2.563576154668842921e+00
2.566312370366974793e+00
2.569020121775965393e+00
2.571000845333045515e+00
2.574395967715187084e+00
2.577813111164942939e+00
2.579643164599864313e+00
2.582177423995486443e+00
2.584622363691363667e+00
2.587392820894290679e+00
2.590013658339997082e+00
2.592971514426502200e+00
2.595760022797803046e+00
2.598445719089215622e+00
2.600425348373315071e+00
2.603934903137320678e+00
2.606764948107322066e+00
2.608769539101052359e+00
2.610816459487721009e+00
2.613579575049982839e+00
2.616603187439021205e+00
2.619138351163702971e+00
2.620840085179336310e+00
2.623692525185725266e+00
2.625928254574727116e+00
2.628713250241827559e+00
2.631653936943140426e+00
2.633559716183942800e+00
2.635214660058173841e+00
2.638233157481870261e+00
2.640943720492840097e+00
2.643261059298680937e+00
2.645638351351842221e+00
2.647712506365332175e+00
2.649991422150109077e+00
2.652728083648262736e+00
2.655105376989708166e+00
2.657292174194447298e+00
2.659643381203048662e+00
2.662612686845663656e+00
2.665126445106349884e+00
2.667543352689617286e+00
2.669120719446454348e+00
2.671232438901189443e+00
2.673676343043252857e+00
2.676025449953232993e+00
2.678785640591309303e+00
2.681144904400682094e+00
2.683388968827348453e+00
2.685964870435421314e+00
2.688243660810110569e+00
2.690353637807530340e+00
2.692439129065755665e+00
2.694670490350712377e+00
2.697058588861905637e+00
2.699221501232924592e+00
2.701422772870595956e+00
2.703329097467679798e+00
2.705382776015213597e+00
2.707490531414618040e+00
2.710048676736183104e+00
2.712193197937483369e+00
2.714313996215244718e+00
2.716348024252832172e+00
2.718462634508156839e+00
2.720406619921013291e+00
2.723038164643968084e+00
2.725079734001947251e+00
2.726912724425771817e+00
2.728790461953745528e+00
2.731303938708881773e+00
2.733768812604302934e+00
2.735779485911023823e+00
2.737787585004345381e+00
2.739701555718684123e+00
2.741778520701822153e+00
2.743641691882561240e+00
2.746142922499303030e+00
2.747707566783497590e+00
2.749973903109967033e+00
2.752220588575527760e+00
2.754328670553438219e+00
2.756258015430507857e+00
2.757722323727424651e+00
2.759865035500076669e+00
2.762585654893897402e+00
2.764774421756992062e+00
2.766442386271451781e+00
2.768502489278989120e+00
2.770101607394252152e+00
2.771939747601995130e+00
2.773941435974813352e+00
2.776069081145843498e+00
2.778551878091440219e+00
2.780128714448513172e+00
2.781853995388328116e+00
2.783815563554673744e+00
2.785930258933487558e+00
2.787874317498199694e+00
2.789781565783002293e+00
2.791411944205914430e+00
2.793492507817979753e+00
2.795427839068817200e+00
2.796790023920573631e+00
2.798714115414966841e+00
2.800786746765495661e+00
2.802903101319923262e+00
2.804807438963278887e+00
2.806827699687882927e+00
2.808431668880203347e+00
2.810597111866921960e+00
2.811869944676130828e+00
2.813928830653241953e+00
2.815498373583547043e+00
2.817610121547559743e+00
2.819475437245592797e+00
2.821431916292847397e+00
2.822950867203476655e+00
2.824658665529385271e+00
2.826319046274353486e+00
2.828475283648924865e+00
2.830179551047072195e+00
2.831953353319977218e+00
2.833849225756553292e+00
2.835675370579139543e+00
2.837539771170658032e+00
2.839518435935618257e+00
2.840947135636807452e+00
2.842867627782963424e+00
2.844393971537618970e+00
2.846358311550658104e+00
2.848053988049087604e+00
2.849955415960932825e+00
2.851486069532506384e+00
2.853145097944901565e+00
2.854995606564034283e+00
2.856903194408035862e+00
2.858550709134220380e+00
2.860197875881129281e+00
2.861656844484234075e+00
2.863618085899284349e+00
2.865093336910541577e+00
2.866488253156917576e+00
