7.406318687287330785e-05
-5.987478799951635386e-03
-7.562435555611123246e-03
-7.639997649894056039e-03
-9.205199873969989108e-03
-1.056617343277841715e-02
-1.456923325724971546e-02
-1.543495356564920755e-02
-1.497097112387358459e-02
-1.222327475927127184e-02
-8.472853154750438834e-03
-1.343515149262704961e-02
-1.045863978841011371e-02
-2.783159663088200994e-03
-4.965654756764744521e-03
3.262420751241729665e-03
1.136820326224926604e-02
3.020296205555860966e-03
4.390733247679988460e-03
1.392874254398015869e-02
2.151375900323659884e-02
2.932345999095051572e-02
4.310120020918552924e-02
5.626889103569188838e-02
4.399992596106636761e-02
5.421820222318795429e-02
7.471674151188463509e-02
7.495381278520456270e-02
9.665218880129679280e-02
9.950079842595054014e-02
1.084680215522949159e-01
1.116842150344211915e-01
1.269347490954417235e-01
1.259887850068062698e-01
1.515330433986058767e-01
1.655884450100648941e-01
1.763267701406934229e-01
1.942413805639229274e-01
2.010510317238226319e-01
2.010092266822285090e-01
2.220117330509313591e-01
2.290880664296115476e-01
2.393451493308798583e-01
2.503578177893017731e-01
2.582803388921273702e-01
2.742988155726562849e-01
2.866093582234358061e-01
2.986284251344877849e-01
3.096861958897760836e-01
3.307480608481779827e-01
3.352839669630379715e-01
3.453975981199750023e-01
3.627570075540064165e-01
3.620597303019950086e-01
3.763218862722604863e-01
3.991777863307733321e-01
4.143342852484290795e-01
4.290419225862767139e-01
4.403226323170520429e-01
4.448023987475748231e-01
4.579060137034078326e-01
4.674701891358838957e-01
4.876724653725212910e-01
4.917761900624564309e-01
5.075767797245573920e-01
5.235696384129868708e-01
5.285867999816967755e-01
5.399081935982174008e-01
5.539267432242513944e-01
5.637872867488680217e-01
5.710977439516050636e-01
5.925686405533691081e-01
6.044773166652290808e-01
6.051278366860604052e-01
6.292876441664377873e-01
6.373051078955541682e-01
6.503006732817864233e-01
6.579539878152377286e-01
6.673258784108804242e-01
6.779230033985973458e-01
6.932650833889856257e-01
7.043405715917319121e-01
7.158670243271140210e-01
7.324786562261325074e-01
7.413252420369177420e-01
7.555882391835075929e-01
7.666894999434410440e-01
7.755506640739254776e-01
7.877423898650876000e-01
7.961921889705663169e-01
8.093753828655083637e-01
8.244786880759324976e-01
8.363650076270628952e-01
8.417366172369995514e-01
8.542887914151694462e-01
8.638272216139023518e-01
8.716745141346614600e-01
8.856893296563305151e-01
8.943683777175891469e-01
9.103084186915042508e-01
9.257545538410334451e-01
9.317015033341149444e-01
9.412648425436113131e-01
9.536690996672569920e-01
9.647966874521402003e-01
9.676742221452121484e-01
9.807295286805280954e-01
9.946303316587478127e-01
1.006330419711713553e+00
1.016829594585694885e+00
1.021662294118048431e+00
1.032025534530339295e+00
1.041906238134216789e+00
1.053830661838272009e+00
1.063306111439987323e+00
1.073693797527876637e+00
1.086655796587556067e+00
1.096559127929154664e+00
1.104608131685692829e+00
1.113411439596008412e+00
1.121922055194926271e+00
1.130750402784534092e+00
1.147193774539082556e+00
1.151552296676817910e+00
1.161727072733762745e+00
1.172348148517247557e+00
1.179661110394556900e+00
1.189383416532523885e+00
1.200076607274825236e+00
1.209458885948760720e+00
1.219803429048670784e+00
1.228910738451334250e+00
1.235235352454249202e+00
1.245986455404664683e+00
1.253453389638270465e+00
1.264289430765781042e+00
1.271738831573550721e+00
1.282619708243361911e+00
1.290565078935653087e+00
1.299543637103648841e+00
1.307331674732413296e+00
1.316386918586890165e+00
1.326307988821900707e+00
1.336993984560617355e+00
1.342866215151558462e+00
1.353034213474754832e+00
1.360387879728884641e+00
1.366743829115388165e+00
1.376006341718103654e+00
1.384079002830417515e+00
1.391085761756021499e+00
1.399555403148940558e+00
1.410458718369622000e+00
1.418387839804671424e+00
1.425583317347601131e+00
1.433048100327723118e+00
1.439874729430510758e+00
1.448343596329405347e+00
1.459677957072541776e+00
1.466727798366032287e+00
1.474550193037940327e+00
1.482355319576000863e+00
1.487856586681401305e+00
1.494628034593366461e+00
1.500742136334700216e+00
1.510552776829029220e+00
1.520852084189723508e+00
1.528405843362027339e+00
1.536860780668093840e+00
1.542631581537328378e+00
1.549399266621575899e+00
1.556352160529442141e+00
1.564963051977365405e+00
1.572597425214892430e+00
1.579450511237077581e+00
1.587354127211418220e+00
1.593616719467398024e+00
1.601736790952128286e+00
1.609299138323605938e+00
1.617099635241265876e+00
1.622876420773873729e+00
1.628789086669498953e+00
1.636143020214485766e+00
1.644116563394453223e+00
1.650561120005732851e+00
1.656624412858205497e+00
1.664233121945903005e+00
1.670563043887705046e+00
1.677895636251078626e+00
1.682268479967434116e+00
1.691567161808124276e+00
1.698399226075915980e+00
1.703082481215302035e+00
1.712034269118249297e+00
1.718441200729835971e+00
1.723573375348098624e+00
1.731307193030496405e+00
1.736044587579607557e+00
1.744086835166348992e+00
1.747692019231827709e+00
1.756502045429286563e+00
1.762786476465246555e+00
1.766928152423071330e+00
1.774538275762267858e+00
1.780385972286107510e+00
1.786928697630811413e+00
1.794768104819964183e+00
1.802925932537952747e+00
1.806584858685640338e+00
1.812079472246671985e+00
1.817855743749029251e+00
1.823049850795221527e+00
1.830648668599879736e+00
1.834810813427500520e+00
1.841105444779520761e+00
1.848529986208331310e+00
1.853331819303163153e+00
1.859432230979382705e+00
1.865507406226306397e+00
1.869363632392190055e+00
1.874382793227650001e+00
1.881726459015749642e+00
1.887109134070874328e+00
1.891344917388755320e+00
1.897180793821077849e+00
1.902849764553399714e+00
1.906169260089205952e+00
1.913597375295115421e+00
1.920613652906631996e+00
1.926225471236008069e+00
1.931761783535138610e+00
1.936508871134541954e+00
1.941880949844728699e+00
1.946339558095738109e+00
1.952876461194783531e+00
1.957484634439142779e+00
1.961477978082478923e+00
1.967577245049648926e+00
1.974283148145928424e+00
1.979790113040746924e+00
1.982621035012539057e+00
1.988034564461260478e+00
1.995720732534918218e+00
1.998103305672092711e+00
2.002421483276777714e+00
2.008376123335070762e+00
2.013858333420389446e+00
2.017864057118770926e+00
2.023160456625411996e+00
2.028629473341679645e+00
2.033611917413023384e+00
2.038871285599082928e+00
2.043458553752228291e+00
2.047436986138668757e+00
2.051594834421514246e+00
2.058384824591158679e+00
2.062305690536962999e+00
2.066935545942651498e+00
2.070745304048829727e+00
2.076349955614538167e+00
2.080513218827818811e+00
2.084964513946337306e+00
2.090810061706864786e+00
2.095851558243040369e+00
2.098188632681120325e+00
2.102267562875147267e+00
2.109226114921299633e+00
2.112036068919999288e+00
2.116856930100501799e+00
2.121408632539521388e+00
2.125427972683868738e+00
2.130743668747588693e+00
2.134825732701240319e+00
2.138986338432995016e+00
2.144095033770178294e+00
2.148229476734263343e+00
2.152209840050151257e+00
2.156290399695184323e+00
2.160839579174552050e+00
2.164418986470088679e+00
2.169214369580831470e+00
2.172953596290608136e+00
2.176794460684709165e+00
2.181253045940709789e+00
2.185538727068388365e+00
2.189422188246057388e+00
2.193516195340066144e+00
2.198161944970566051e+00
2.201527921701964097e+00
2.205532560869407188e+00
2.209201155898975699e+00
2.214161627200389670e+00
2.218470419573887575e+00
2.222211954476188023e+00
2.225398777498006631e+00
2.229000035492461951e+00
2.233259533719761603e+00
2.237493909983504281e+00
2.240787313610156595e+00
2.244169159649615164e+00
2.249633530459096864e+00
2.252765320681375361e+00
2.255187333209481171e+00
2.260560427468131017e+00
2.263366728469811573e+00
2.267385452115600053e+00
2.271667566308391617e+00
2.275432237777625932e+00
2.278650494856016007e+00
2.282142463051063608e+00
2.286170779822906063e+00
2.289819493157857266e+00
2.293485903204934839e+00
2.296952490819839987e+00
2.300097966771645464e+00
2.303564036128090464e+00
2.307394263520528455e+00
2.311394191816999122e+00
2.314080340726794027e+00
2.317094990336486138e+00
2.321170164803359803e+00
2.325311035755752265e+00
2.328308454851439890e+00
2.332069204344863866e+00
2.334730673074309149e+00
2.338337308679966586e+00
2.341742800096897170e+00
2.345028209417456377e+00
2.348751026607332815e+00
2.352168912300502956e+00
2.355306764235441719e+00
2.358320665685664785e+00
2.361589574634229027e+00
2.365113606786986900e+00
2.368312039436189842e+00
2.371748177361245880e+00
2.375492821037367808e+00
2.378801200422850481e+00
2.381625001134781261e+00
2.384094538576679856e+00
2.387790734285137439e+00
2.391046766459979711e+00
2.393447753108356224e+00
2.396230460702347465e+00
2.400197215032008113e+00
2.403435302884509461e+00
2.405911394971234962e+00
2.409374985936207025e+00
2.413005563454809987e+00
2.415494352781101473e+00
2.418513472940691411e+00
2.421634586250071219e+00
2.424315424059150903e+00
2.427714589201020789e+00
2.431247124219913847e+00
2.434243153816954219e+00
2.437252661085088423e+00
2.439482041098616438e+00
2.441757622408385231e+00
2.445279530018087399e+00
2.448596989887235953e+00
2.450820156578891407e+00
2.453262251701923802e+00
2.457191878439924704e+00
2.460532656581093214e+00
2.462914750323031754e+00
2.465415473350431874e+00
2.467982354193259287e+00
2.470795937330144909e+00
2.473499096107025785e+00
2.476405694423811532e+00
2.479178297368996642e+00
2.482182516383037996e+00
2.484891499908483237e+00
2.488227839492050286e+00
2.490585450976671389e+00
2.493161654754985079e+00
2.496102405455856044e+00
2.499111558453404491e+00
2.501669356315033177e+00
2.504054584005563910e+00
2.506896670529174198e+00
2.509707087628671562e+00
2.511821181185810214e+00
2.514874110708201105e+00
2.518084301110453449e+00
2.520741434522685509e+00
2.522636779224872061e+00
2.525626285163246720e+00
2.528135032025063733e+00
2.530880590366233474e+00
2.532594093044120420e+00
2.534822623743966385e+00
2.537712381118441662e+00
2.540333769576939904e+00
2.543350717660409099e+00
2.545723445991618927e+00
2.547982181458328554e+00
2.550345488169918351e+00
2.553254781919677363e+00
2.555172862035504089e+00
2.557680068668007234e+00
2.560130255846649661e+00
2.562866984987967722e+00
2.565496947855113952e+00
2.567843724744848899e+00
2.570106947257803753e+00
2.572600924297419489e+00
2.575307718384595823e+00
2.578308584041121510e+00
2.580564158296680510e+00
2.582123513503693069e+00
2.584389579359749778e+00
2.586617987455475554e+00
2.589158927376685959e+00
2.592031338485695890e+00
2.593885353050001008e+00
2.596557190122560144e+00
2.599686772887899622e+00
2.601701099650516991e+00
2.603903233520661331e+00
2.605992996034495857e+00
2.608325482666607797e+00
2.610429771843698177e+00
2.612943025255245022e+00
2.615099916261589108e+00
2.617359706233123529e+00
2.619040429196039632e+00
2.621961623870091795e+00
2.624164024022609620e+00
2.626159788833311914e+00
2.628221124819567933e+00
2.630415410768113915e+00
2.632610602053305993e+00
2.634784502784784266e+00
2.637308347238212836e+00
2.639068926388345115e+00
2.641111773163719700e+00
2.643471739103492535e+00
2.646049049698937505e+00
2.648306578272991541e+00
2.650019240185530922e+00
2.652294729040434174e+00
2.654267859405510688e+00
2.656098365450573429e+00
2.658378084203207870e+00
2.660792398124404823e+00
2.663043505973405445e+00
2.664736809701134579e+00
2.666863762279903405e+00
2.669082419517343485e+00
2.671238490050870773e+00
2.672816435727951578e+00
2.675090877255897670e+00
2.677278514899635198e+00
2.679384686397512816e+00
2.681858546055499559e+00
2.683924515034160407e+00
2.685138096620399928e+00
2.687462421937250490e+00
2.689041418247811954e+00
2.691422231165082835e+00
2.693720303878841538e+00
2.695714210070952355e+00
2.697849255824380954e+00
2.699458230672047154e+00
2.701351875736490271e+00
2.703332995607889533e+00
2.705168259936821862e+00
2.707104512350952508e+00
2.709103759593360028e+00
2.711024947597616919e+00
2.712869031626480076e+00
2.714604842816060071e+00
2.716731192175383836e+00
2.718795772846200443e+00
2.720394319807606376e+00
2.723056846634665629e+00
2.724096011454865796e+00
2.726309514107704501e+00
2.728371079972526481e+00
2.730054025856771371e+00
2.731779365133559789e+00
2.733820437306007545e+00
2.736128814912271334e+00
2.737735088270852213e+00
2.739617803006745511e+00
2.741372054004427739e+00
2.743054431110004465e+00
2.745069374640468407e+00
2.746582603193698624e+00
2.748153771606653528e+00
2.750107285915846411e+00
2.751958839755816566e+00
2.754038151276489987e+00
2.755972292880304320e+00
2.757907876437726724e+00
2.759322716033356659e+00
2.761129481233235428e+00
2.763181694151584544e+00
2.765053815347704447e+00
2.766404858505704389e+00
2.768375889695937175e+00
2.769883906928617190e+00
2.771993823079607289e+00
2.773587916276336607e+00
2.775619998377153230e+00
2.777111701804055865e+00
2.778790563037591532e+00
2.780495721854960411e+00
2.782045680553816069e+00
2.783943583044903747e+00
