7.468431941646897160e-04
2.413324745156939898e-04
3.559752917852625838e-04
1.120282767673805389e-03
1.722886601711054108e-03
1.879952393423376614e-03
1.981485931986398490e-03
1.924889486798389083e-03
2.013049575141510200e-03
2.143108462396678144e-03
2.425730693426760530e-03
2.923427481752521699e-03
3.767722348915325710e-03
4.244070267021221067e-03
5.165212688205265967e-03
5.375356316783345620e-03
5.325034666580756061e-03
5.428215358177320392e-03
5.573728623513229778e-03
5.822450821522949342e-03
5.910428233971689801e-03
6.960973745851135701e-03
7.753324949430161900e-03
8.473047782916923176e-03
8.526458192076053627e-03
9.048265631503238371e-03
8.425373085860245886e-03
8.839101829122980591e-03
8.619474378337389428e-03
8.499933668760270566e-03
8.616618424353721800e-03
9.734008422206600133e-03
9.930124590689452455e-03
1.129938994076091184e-02
1.176542480951933874e-02
1.112343768800760566e-02
1.192358027179820333e-02
1.132892750956233582e-02
1.213612135549442875e-02
1.110772859493390670e-02
1.162544268431776190e-02
1.287751176173024086e-02
1.283885005691059143e-02
1.255956968566926749e-02
1.371944545735628157e-02
1.470716373954881681e-02
1.529470463066368718e-02
1.422937817965833594e-02
1.519250594676441538e-02
1.535774594089799050e-02
1.526558798381414533e-02
1.590145686102541200e-02
1.689856223763262083e-02
1.736176799663806045e-02
1.777525383053875710e-02
1.767630934473079715e-02
1.784901822448845682e-02
1.922917274945313074e-02
1.924741524863751718e-02
2.006590643209560723e-02
1.988265463963048013e-02
2.048601460228980861e-02
2.130258823017451911e-02
2.189428811240054853e-02
2.229279317340313732e-02
2.252063670521750258e-02
2.367092241581856410e-02
2.486701872852878706e-02
2.550399847221720279e-02
2.534117541750163446e-02
2.543533702640480079e-02
2.726330879973124649e-02
2.731234850721850002e-02
2.692766619645022702e-02
2.759951501854677330e-02
2.935981735262241377e-02
2.934699313681781233e-02
2.966063173423096749e-02
3.077041907956637457e-02
3.210338291608217515e-02
3.273127330182185046e-02
3.265134959527392355e-02
3.361005790753474054e-02
3.437519864883648024e-02
3.476081956989037630e-02
3.572520957918678963e-02
3.705303805096919062e-02
3.699347406495535201e-02
3.814217600568186456e-02
3.881136447617655055e-02
4.001256778361188954e-02
4.025166838707132377e-02
4.043098855277280773e-02
4.154412242728400956e-02
4.263944917927221107e-02
4.354107636374563578e-02
4.366752141488065841e-02
4.491681768313323525e-02
4.473013329835576896e-02
4.632918594714459382e-02
4.675362235362297281e-02
4.731305866357064793e-02
4.712088706017338036e-02
4.836465632489792693e-02
5.006195259267873926e-02
5.125191339824310827e-02
5.094526743983595479e-02
5.111763973956665041e-02
5.272451327146733535e-02
5.462394317231061142e-02
5.370566020903825427e-02
5.386528682549977798e-02
5.577347084639375230e-02
5.643188806133252883e-02
5.772673542865953272e-02
5.765850506186832869e-02
5.967170375754028006e-02
5.978286948201478462e-02
5.947597938185183314e-02
6.096882426954843004e-02
6.144879922297944580e-02
6.191185054636276497e-02
6.428770915297037092e-02
6.457026201700304113e-02
6.502439948069660414e-02
6.601407300811028278e-02
6.588313374193600913e-02
6.616997947207983732e-02
6.761953556133173948e-02
7.031601257584529918e-02
6.909853644251771898e-02
6.971034690115499033e-02
7.086032790630580891e-02
7.176498978333120671e-02
7.269185861074675681e-02
7.215922837329485917e-02
7.381024254963299003e-02
7.561045770105434549e-02
7.548321955055864452e-02
7.622630626135673548e-02
7.669041476962672188e-02
7.740896215173108386e-02
7.803058412603833260e-02
7.937352011610410152e-02
8.164235598897276458e-02
8.215483901463897787e-02
8.194658515974868884e-02
8.349478147733610522e-02
8.338868825980574884e-02
8.470012553240410802e-02
8.406232339222557970e-02
8.607251907038492023e-02
8.659031681966521121e-02
8.724136924476055821e-02
8.795063413014526932e-02
8.822894895477570443e-02
8.945685557108920549e-02
9.049467468949855264e-02
9.074298209062320320e-02
9.177324242531885445e-02
9.194498929503125417e-02
9.374640521057248099e-02
9.392391433061317296e-02
9.397016910384868582e-02
9.508121416160861261e-02
9.625180320930490363e-02
9.707343582287196460e-02
9.761115235086453845e-02
9.836731937407260096e-02
9.901793754278744031e-02
1.005538128656620206e-01
1.011144030469988409e-01
1.022600195095029058e-01
1.009339675998272567e-01
1.036965616388738909e-01
1.044666569732219386e-01
1.041578743932380369e-01
1.058165630070587171e-01
1.059168410791011955e-01
1.072276777550039001e-01
1.068399176324630190e-01
1.080015255928052226e-01
1.086989466975596813e-01
1.093744865837769503e-01
1.117138814820081566e-01
1.115046819361451141e-01
1.124695763516870561e-01
1.132387237876278513e-01
1.135258048520868673e-01
1.151265230637749659e-01
1.159572428996259730e-01
1.155550481039216149e-01
1.153355588833410578e-01
1.162286722906009373e-01
1.180054894554415923e-01
1.183735759839067148e-01
1.193912139540833639e-01
1.195310671459053897e-01
1.215525731225571004e-01
1.215176564302459378e-01
1.219390501354397499e-01
1.231749157728980609e-01
1.234175454496323487e-01
1.239962304716433622e-01
1.259080079085093395e-01
1.258899083226099891e-01
1.257106795914519348e-01
1.272388284798531832e-01
1.284177357677254994e-01
1.281345541938104238e-01
1.298651310036913475e-01
1.307766950670354589e-01
1.301800259409986449e-01
1.313705777462241542e-01
1.322445962567151967e-01
1.330694633678686511e-01
1.329948591254895562e-01
1.349740281199931502e-01
1.350983087707091912e-01
1.353723505885753020e-01
1.364261958093551108e-01
1.366465622963863868e-01
1.379002191154018453e-01
1.389451386261327248e-01
1.396728661190605181e-01
1.393962838612769761e-01
1.401482386789471013e-01
1.415072949864779051e-01
1.419401767588225338e-01
1.431426152301097376e-01
1.430942587963124901e-01
1.447480597223221588e-01
1.444365140195766894e-01
1.453784931974986816e-01
1.448957327571279707e-01
1.466685468090667133e-01
1.477379842827195588e-01
1.488599485450085302e-01
1.485920058896689766e-01
1.497078741436731752e-01
1.511267750346405314e-01
1.505309921573348697e-01
1.518804975056990691e-01
1.519447908542172487e-01
1.531663718506227623e-01
1.545081671585817329e-01
1.539328113746959714e-01
1.541233017439586905e-01
1.551499505709814930e-01
1.568080117927342088e-01
1.565675951911721375e-01
1.578106790898946565e-01
1.585426872667331233e-01
1.585413038787920614e-01
1.596369963098559774e-01
1.604202737594152273e-01
