1.124100812432970948e-16
8.412159857584810665e-15
6.938893903907228378e-17
1.126876369994533780e-16
-6.006306563222097041e-16
-8.260059303211165095e-16
1.881828026739640405e-16
-1.572075802869221677e-15
-6.938893903907228378e-17
8.892886427247503652e-16
7.027711745877240980e-16
1.859623566247137255e-16
-1.021405182655144062e-16
2.381428387820960799e-16
-4.385380947269368532e-17
-6.217248937900877218e-17
-1.326716514427062135e-16
-3.830269434956789769e-17
-7.382983113757291388e-17
-2.503552920529727880e-16
1.286748485540556415e-15
-8.582023980352460531e-16
-8.254508188088038444e-16
-3.375077994860475922e-16
1.099675905891217482e-15
-1.022237849923612837e-15
-1.249556014215613773e-15
-3.208544541166702540e-16
5.245803791353864259e-16
-2.060296377948134360e-15
1.798838855648909948e-15
-6.405986852087152765e-16
9.925393840148898919e-16
-4.519162821736699508e-15
-2.656763697927999570e-15
6.800116025829083687e-18
3.628486400231167579e-15
-2.209482596882139770e-15
7.512740429760355888e-16
2.182802549821616288e-15
2.250283293037114242e-15
2.415290190072027943e-15
1.824200512867690678e-15
6.403801100507422398e-15
6.073056554173339197e-15
-4.545322451754429633e-16
6.383088502204259030e-16
-1.460220833138237124e-15
-2.446237656883454434e-15
2.022826350867035090e-15
-1.381811332024085364e-15
-1.235331281712603837e-14
-5.280914594507634850e-15
-3.888556143749610724e-16
-1.212085987134514700e-15
5.915684608837068229e-15
7.500111642855245766e-15
2.156608225334366461e-16
3.135547377297598328e-15
-7.541189894766375485e-15
-3.541056337041936738e-15
2.254307851501380324e-15
2.395306175628775157e-15
5.981326545168030862e-15
1.581235142822379171e-15
-7.474576513288866724e-15
9.755252161625094989e-15
8.280875984922886977e-15
-5.394573676653636009e-15
-4.820033261410117026e-15
4.590217095312709590e-15
-5.721534357405743852e-15
9.241496456979802475e-15
-6.712963518396009400e-15
5.542788450441093713e-15
3.569089468413722083e-15
6.206701819166937765e-15
4.010958232214534039e-15
-1.113331649094106991e-14
-6.125655538369301291e-16
-2.695621503789880206e-15
-5.500599975505338269e-15
-2.906008766956347422e-16
1.011135619677361311e-15
1.280808792358811786e-14
4.219680160844063753e-15
2.914335439641035919e-16
-5.702938121743272827e-15
3.173572515891010065e-15
-9.399980793745044580e-15
-1.004751837285766748e-15
-6.290523657526136579e-15
-6.999956170261611672e-16
1.198763310839012711e-15
1.382227665658319814e-15
1.629807400149729770e-15
2.145783550844271367e-15
-5.095368571517156289e-15
1.123490189769427085e-14
9.695577674051491878e-15
-6.744604874597825983e-15
1.290634266126744478e-15
-5.161149285726196152e-15
4.973799150320701774e-16
4.204692150011624360e-15
-1.876832023128827258e-15
1.016853268254180913e-14
4.000411113480595178e-15
-2.395861287141087625e-15
-1.938449400995523414e-15
1.275646255294304889e-15
-1.157740570079113253e-14
-6.699085730588194944e-15
4.829470157119430926e-17
1.548872141654555789e-14
5.187239526804887267e-15
-6.025735466153036965e-15
1.204036870205982339e-15
-2.036149027162537079e-15
2.808031585033177227e-15
-7.166767179711541190e-15
1.066258192850000411e-14
4.894695759816158740e-15
-7.626954623418669712e-15
-1.707023411512409388e-14
4.486688798266414027e-15
2.687849942617504079e-15
-6.228906279659440423e-15
6.362688154126772386e-15
-4.106159856576141402e-15
-1.562916462916064183e-15
1.906252933281393654e-14
-2.242650509742816231e-16
-3.430589146091733552e-16
2.343986116315477350e-14
8.076872504148014226e-17
2.386979502944086463e-16
-1.733335697196025728e-15
3.101130463534218617e-15
-1.085326273297937329e-14
2.127076292879337454e-14
6.543376951384516360e-15
-2.017552791500065660e-15
-6.348810366318957929e-15
-4.198585923376186031e-15
1.051131404139482527e-14
-7.605860385950790412e-15
-1.981748098955904582e-15
3.714806240395773879e-15
1.301736496372996152e-16
-9.587608484906695783e-15
4.421463195569686238e-15
-1.855182674148636674e-15
-1.036337682336352360e-14
1.075139977047001632e-14
7.084888231645436210e-15
1.276756478318929923e-16
-1.825317674786219830e-14
5.691835891497021104e-15
-3.730071806984369308e-15
4.931333119628788716e-15
1.028732654617670012e-14
-5.570544026056722626e-15
7.699951787287773628e-15
-3.644584634088232696e-15
-6.349365477831270002e-15
6.421529974431905808e-15
8.285594432777542756e-15
2.694233725009098445e-15
-3.846090113057698356e-15
-7.983336214323344267e-15
1.136396532430694625e-14
1.758843071186788772e-14
1.373817726246784408e-14
-9.659772981507330012e-15
-1.931066417881766054e-14
-1.116773340470445002e-14
4.142797216388771378e-15
3.856082120279325143e-15
1.777217262244334810e-14
-2.700673018551924492e-14
-5.856981566410013613e-15
3.132494263979879163e-15
-9.836020886666574244e-15
1.139588423626491887e-14
1.337818744673313710e-16
-1.208144695397095272e-14
-2.224054274080344713e-15
-7.389228118270808130e-15
-1.713629238508929175e-15
-1.910277491745659972e-14
-3.226863221073017627e-15
-7.696343562457741995e-15
-2.618599781456509814e-15
1.426497808765248097e-15
1.626865309134473099e-14
9.030137748666789623e-15
-2.402106291654604367e-15
-5.395128788165948082e-15
3.386319002984805467e-15
1.484146139318909339e-14
-2.176162028355577036e-14
-2.242928065498972564e-14
1.286332151906321965e-15
-1.240396674262456082e-15
6.425415755018093478e-15
2.151237521452742536e-14
-1.142683170307634536e-14
1.155527062923766809e-14
-9.935594014187642340e-15
-3.944761184371259333e-15
9.768574837920596189e-16
1.712061048486646188e-14
1.445746300454686636e-14
-1.477422351126023197e-14
5.479991460610733611e-15
1.564748330906695603e-14
2.238903507034706245e-14
5.535710778659108466e-15
1.818732664471412022e-14
-1.277856293002699342e-14
-3.704744844235108082e-15
-4.486612470433471117e-14
-8.163469900068776168e-15
2.315508895733841932e-16
1.037107899559686151e-14
-1.213732239713216574e-14
2.606963256379657562e-14
-1.571961311119807154e-14
8.310539756362089432e-15
-1.317080992879748878e-14
2.014888391766236870e-14
1.932252101377596050e-14
-5.252109511189040726e-15
2.262214504264448057e-14
7.321313694186315186e-15
1.793259984950168561e-14
1.447468880866331656e-14
3.031491724314605664e-14
-1.269540028658866441e-14
-2.361701112452152643e-14
5.081560172648380842e-15
1.597472154557522109e-15
4.118781704587348688e-14
-9.162913483518054375e-15
2.984071323375303643e-15
1.523725590146796144e-14
1.496247570287323583e-14
-1.194787324632073857e-14
2.996422554524258320e-15
-2.555379519098011125e-14
-9.539799505908774286e-15
6.851186284961841106e-15
3.705369344686459954e-15
1.034235197483468489e-14
1.093750090497280774e-14
1.044830888474734814e-14
-8.041414756299048589e-15
-1.125904924847986813e-14
-5.541400671660312740e-15
-2.549918609595636212e-14
9.957590307863028759e-15
1.341149413747189109e-15
4.141131881851833876e-16
-7.399497681248590955e-15
2.854924630035782305e-14
1.296504570369450019e-14
7.369105325949475995e-17
2.490160855295186922e-14
1.783545533484698442e-14
3.655270530700249575e-15
-2.092770401418420089e-16
1.016964290556643407e-15
-3.745753707207200370e-15
1.655175996262414717e-14
5.445366380030236479e-15
-3.364059031341071128e-14
2.334896165301358944e-14
1.437613916799307503e-14
1.684152817205131138e-14
-2.975758528478423007e-14
-2.159467049622776282e-14
1.233374513631702042e-14
1.175726183078040761e-15
-9.319489624459719785e-15
-1.891042877844029274e-14
5.331290964250002054e-15
-1.945249517021352466e-14
-5.781486400735502211e-16
-7.130129819898911213e-15
-1.485200851192303107e-15
-8.494316361407073259e-15
-1.641159430576521926e-14
-5.446754158811018240e-15
1.394551141231659124e-14
-2.511435504004566698e-14
-3.684830218730894305e-15
1.441291530568378145e-14
-6.973588373426764520e-15
5.702660565987116791e-15
6.280254094548354544e-15
8.332223799811799520e-15
3.443356710874923073e-15
-7.207012764354204376e-15
2.222694250875178871e-14
6.777634009580424327e-15
3.980149543281186355e-15
-5.968281424628685304e-15
-1.730615650785693965e-14
-1.377786773559819204e-14
-1.086797318805565744e-14
1.444400155037328596e-14
3.389510894180603044e-15
-2.849387392700464009e-14
1.165068042041639248e-14
4.949929355291260530e-15
-5.370426325868038728e-15
5.774547506831595771e-15
-5.800082636397974025e-15
9.432454817215329273e-15
-3.084199562408684996e-15
-1.044858644050350418e-14
1.549316230864406078e-14
-9.693634783758398044e-15
-1.332572940881959804e-14
9.355571872760037688e-15
-1.098149349232357900e-14
1.582289854695773215e-14
-7.649436639667328209e-16
-3.596511977121963279e-14
4.332922909355830067e-15
-3.973210649377279127e-15
1.966565799094155333e-14
4.722611190999259792e-15
-6.927514117904820618e-15
1.008554351145107843e-14
-1.167177465788427020e-14
-1.850658515323289016e-14
-6.100953076071391542e-15
3.641531520770513236e-16
1.000033389431109785e-15
1.312505659711860049e-14
2.826627820695648647e-15
-1.036531971365661743e-14
-8.538447726635922537e-15
-2.710859314802860505e-14
-4.354849814092176688e-15
-4.266587083634476553e-15
1.748240441301618388e-14
2.325195591623696626e-14
1.157157702991185103e-14
-4.947708909242009870e-15
-9.489631302983524898e-15
9.648393195504923041e-15
1.044997421928428594e-14
-1.539463001520857625e-14
-1.143890537846914400e-14
4.266031972122163691e-15
-2.209565863608986660e-14
-1.286276640755090758e-14
4.324041125158828215e-15
7.894518372353332059e-15
-5.146716386406069622e-15
-2.806088694740082998e-16
2.306488333658762851e-16
-2.373629071072969206e-14
6.361577931102147450e-16
-1.431688101405370756e-14
-1.053157561159423488e-14
-1.244393477151106639e-14
1.338373856185626178e-14
8.066602941170231007e-15
1.601746513202329058e-14
1.090794121694216222e-15
9.665046540874301020e-15
2.005062782473032570e-15
-2.975952817507732075e-15
1.124933479701439896e-14
1.301375673889992880e-14
-1.851019337806292179e-15
-8.003042673010440227e-15
-7.669975765622893265e-15
1.276756478318930021e-14
-5.129230373768223335e-16
-7.588929484825257974e-15
-3.060163233925550129e-14
1.383893000195257612e-15
1.577515895689884966e-14
-1.165345597797795601e-14
4.695133171139786915e-15
8.954503805114200203e-15
7.813749647311851227e-15
-4.684586052405848054e-15
-9.774403508799878876e-15
1.111333247649781673e-15
-2.102651386337583820e-14
1.080524558716433635e-14
-1.952604744559494065e-14
7.384648448294228792e-15
-3.987921104453562483e-15
-1.330768828466943830e-14
9.929279620735087772e-15
3.883560140138797231e-15
-2.941757948349277588e-14
1.928457393773896784e-14
2.009226118815376986e-14
-2.302880108828731080e-14
2.278899291496827421e-14
-3.877453913503358902e-15
-2.366995488500833776e-15
3.956834859764057973e-15
-6.951106357178105036e-15
8.128497874793083989e-15
-1.534328220031966213e-14
1.226796442210798056e-15
1.604272270583351201e-14
-4.216071936014032120e-15
-2.064459714290478461e-15
2.366551399290983644e-14
-6.450395773072159658e-15
-1.999567178501138074e-14
-1.115219028235969776e-14
6.789013795582832481e-16
1.526334614254665098e-14
-5.850320228262262421e-15
1.603495114466113667e-14
-8.214540159201532675e-15
3.336775300510907951e-15
5.803690861228005657e-15
-5.712097461696430716e-15
3.949618410103994708e-15
-8.617551117140465572e-15
-3.256839242737896806e-15
-1.651789816037307913e-14
-1.518618564233520336e-14
-1.746047750827983805e-14
7.072120666862247478e-15
-7.681633107381457851e-15
9.738321260499560973e-15
-9.044431870108838135e-15
-2.352007477668393989e-15
1.142697048095442338e-14
1.081246203682439961e-14
-5.864198016070076878e-15
3.421651850743501124e-14
-5.734857033701246236e-15
-9.913736498390335517e-15
-1.168842800325364818e-14
-1.795896764633653119e-14
-1.787348047344039615e-14
2.487898775882513329e-14
1.069144772714025835e-15
-5.955791415601652608e-15
-5.404010572362949145e-15
5.814237979961944518e-15
1.750821709833871738e-14
5.916378498227459109e-15
-7.172595850590824271e-15
2.418620859145903539e-15
-7.093770015842438062e-15
9.640621634332546125e-15
2.570166302007237233e-15
-1.824762563273907441e-14
2.383648833870210966e-15
-1.065758592488919071e-14
-2.340405647061061321e-14
2.531308496145356695e-16
1.792510584408546631e-14
-1.240119118506299848e-15
2.406408405875026880e-15
-3.771982726163969504e-15
4.379829832146242868e-15
-9.164335956768354852e-15
9.400258349501200617e-15
3.011479954295737116e-15
7.793765632868598440e-16
1.452338249663398503e-14
1.235289648349180431e-14
-4.518607710224387435e-16
-1.420530360007887825e-14
-7.278067037930214458e-15
-8.041900478872321653e-15
1.468603016974157084e-14
7.002176616310862332e-15
7.493450304707494574e-15
-2.491895578771163887e-15
-3.049227537132992422e-15
6.888933867799096412e-16
6.805112029439897204e-15
-6.382672168570025172e-15
-1.977862318369716519e-15
8.924527783449321418e-15
2.800537579616957373e-14
2.892130979148532867e-15
1.670164007094854267e-14
-6.339373470609643806e-16
2.442490654175344401e-17
2.026434575697067039e-14
1.151245765385055999e-14
2.948752353404415629e-15
-6.949996134153479706e-16
3.482769628249116178e-15
6.112332862073799302e-15
2.876587856803780612e-15
2.021161016330097293e-15
1.464939280992894087e-15
4.205524817280093259e-15
9.897638264533269611e-16
5.168088179630103972e-16
1.348920974919565236e-15
-2.930988785010413405e-16
5.818678872060445050e-15
