8.451545416558110532e-07
-4.722115635230048937e-03
-5.913299617637637548e-03
-4.448300376610855866e-03
-3.454472277321845707e-03
-3.637659234764169160e-03
-4.622327166181555355e-03
-4.848666187872535845e-03
-5.059898611848512133e-03
-4.178442547075215084e-03
-3.002364527421377393e-03
-4.965794102722670585e-03
-3.479539761162128795e-03
-1.005873116448645050e-06
-3.773663925019548390e-04
3.548728080806811021e-03
7.195055022971690202e-03
3.113000637065742489e-03
3.441142305107963532e-03
7.680771228962357186e-03
1.056346209926395212e-02
1.457834417260261452e-02
2.035981727257929821e-02
2.793759308196818239e-02
2.141315941210688092e-02
2.626846519482326989e-02
3.728236062668584261e-02
3.545894284610733027e-02
4.641919152707536106e-02
4.906580332517277571e-02
5.254441585208396992e-02
5.083242582920280417e-02
5.869328129489484458e-02
5.990591103867080186e-02
7.542958073526265239e-02
8.171270798293718551e-02
8.421092209786992799e-02
9.516627771680222225e-02
1.005168020453221511e-01
9.735044462843391033e-02
1.102785337077834826e-01
1.132414013921117929e-01
1.175218582460504924e-01
1.224899325153431945e-01
1.246125906320101617e-01
1.331292187767524615e-01
1.374314389893782073e-01
1.458062959992666996e-01
1.556837014126589702e-01
1.639988595720351938e-01
1.654311127211101629e-01
1.742166594325097462e-01
1.850198721183014539e-01
1.836947112090790979e-01
1.879445791391264886e-01
2.009762781654894914e-01
2.103766177939538906e-01
2.213520342422941045e-01
2.254984300745583037e-01
2.243386404949615220e-01
2.333955332185879417e-01
2.378992784720421194e-01
2.473752129604493977e-01
2.547673989463615785e-01
2.585019089133698267e-01
2.697591455119787707e-01
2.765428714074882333e-01
2.761740564149490762e-01
2.851086929287881544e-01
2.921950138124310703e-01
2.990682719937940437e-01
3.131610672538085449e-01
3.168616890900007865e-01
3.181906666158896280e-01
3.332482763551754545e-01
3.361612409605663210e-01
3.451032079470351954e-01
3.514132487401227523e-01
3.514322435573606906e-01
3.638603795727810009e-01
3.743971543975289640e-01
3.794931258873270874e-01
3.890974100306198724e-01
4.022879456379794272e-01
4.011188758535454424e-01
4.037301016149582589e-01
4.134497172738431647e-01
4.216039344048054249e-01
4.325306353893577094e-01
4.330919673565793993e-01
4.385748079568427271e-01
4.508824297291981753e-01
4.580267406896832427e-01
4.624735809113245666e-01
4.692330229342613346e-01
4.807607166060690052e-01
4.850861880208959809e-01
4.961518137660119177e-01
4.961269841006887837e-01
5.062925823325069574e-01
5.109505057663619176e-01
5.226299837635410839e-01
5.258295242264824365e-01
5.365391338670841836e-01
5.394225246278701036e-01
5.417346025646971874e-01
5.546092341775117340e-01
5.574019420851152873e-01
5.669524487125311429e-01
5.707508083717093283e-01
5.778536462998686840e-01
5.844927632024295994e-01
5.890604283619785830e-01
6.019522069790198548e-01
6.098797677210715529e-01
6.084563362625862171e-01
6.193120018628078816e-01
6.303322684148817689e-01
6.355288556291341928e-01
6.387518322365274281e-01
6.464847049506596832e-01
6.518506307659118759e-01
6.580897215095781183e-01
6.632919442197500182e-01
6.755130006485886573e-01
6.836786803770995569e-01
6.893673900656516196e-01
6.923529778191249706e-01
6.990777889226603703e-01
7.081916358818297619e-01
7.114571046409452482e-01
7.191718009528804689e-01
7.276328118913449883e-01
7.307558879835533983e-01
7.337869827036829218e-01
7.470998709312466346e-01
7.531836112085034118e-01
7.587399070608529250e-01
7.670122493515747486e-01
7.692589038831744164e-01
7.777898365112730916e-01
7.841118356791509925e-01
7.910482556706213142e-01
7.995520561802083037e-01
8.031740095936416024e-01
8.090414641115987182e-01
8.155688454637270990e-01
8.235513615452871861e-01
8.319803290903231563e-01
8.354249322416512635e-01
8.403221475493780623e-01
8.481330459109899245e-01
8.518870931268164304e-01
8.578162563011508812e-01
8.671858145726099032e-01
8.728414734818622511e-01
8.756114744945260320e-01
8.820219106054338898e-01
8.930779408116847895e-01
8.974554771144573895e-01
9.041235979853650129e-01
9.094530322787172105e-01
9.148794534308575255e-01
9.213148785746532177e-01
9.273778099223045635e-01
9.343247239092827838e-01
9.406588939730113896e-01
9.452706658870466683e-01
9.502427014830173713e-01
9.541504919693083453e-01
9.632337082950128693e-01
9.730775031667694419e-01
9.745291654616785593e-01
9.813085790466063996e-01
9.875190447480861611e-01
9.912838147305715886e-01
9.980519841348372001e-01
1.004374134795601670e+00
1.009708104838754172e+00
1.014258342406936464e+00
1.020701342216534524e+00
1.025946239909934166e+00
1.032047168761208722e+00
1.038429218037903112e+00
1.041467601881038929e+00
1.048946535635716604e+00
1.055040401834847152e+00
1.060792491830428563e+00
1.066910479334260531e+00
1.070693447040131696e+00
1.077959924981030104e+00
1.079527082451744002e+00
1.087453406496084796e+00
1.095837828543028802e+00
1.097797796263863424e+00
1.105006928540198663e+00
1.110227909489426290e+00
1.118102302282507843e+00
1.120424267660667939e+00
1.127776079343039806e+00
1.132993817739238462e+00
1.135531035460306981e+00
1.142645896520714244e+00
1.148652864614801317e+00
1.152690896817047950e+00
1.157747474593323389e+00
1.164381743241254874e+00
1.168461446969655926e+00
1.176532300930231756e+00
1.179842178899420224e+00
1.185175790208019553e+00
1.189399619390563378e+00
1.193501360831586755e+00
1.201192378894986312e+00
1.206011947142867635e+00
1.211581415415001972e+00
1.217247532888362960e+00
1.221503651543393465e+00
1.226161644431055242e+00
1.233155312783168700e+00
1.238682225116201518e+00
1.243824574892494539e+00
1.248923588574048615e+00
1.251759087772045032e+00
1.258107774570815574e+00
1.264152026583387656e+00
1.268742638933308742e+00
1.274352294331446922e+00
1.278402292521024330e+00
1.281856887306985104e+00
1.288404174770108934e+00
1.292587628778681719e+00
1.296976425818037404e+00
1.303534936799078947e+00
1.308652197573286990e+00
1.313014929474997539e+00
1.315698878256137849e+00
1.320496032682632936e+00
1.327547003119050828e+00
1.333068113048076375e+00
1.338040221671478847e+00
1.341608014208054867e+00
1.346173743209810425e+00
1.351312259109735736e+00
1.356696905978742151e+00
1.361830499383307913e+00
1.366805110014752467e+00
1.370853753321117363e+00
1.374619233564372989e+00
1.380597306454183881e+00
1.384058978521377936e+00
1.387843464932088766e+00
1.392852491294852557e+00
1.398158610461659679e+00
1.402994892034201024e+00
1.408605183618150347e+00
1.412318408519548818e+00
1.416367221774064156e+00
1.422773301420611425e+00
1.427142478396744130e+00
1.430450888035049717e+00
1.434087626500186063e+00
1.439009821086639329e+00
1.445096571445516842e+00
1.450791547054348651e+00
1.455469864555924087e+00
1.459676298747544676e+00
1.464086347613649419e+00
1.467445852097858161e+00
1.471722351995677247e+00
1.476566688542747752e+00
1.481515343928862860e+00
1.484499410145452947e+00
1.489727930722601457e+00
1.494372749140488787e+00
1.494730419518194742e+00
1.501712094458421465e+00
1.508243724273743203e+00
1.512125055088069603e+00
1.515124443660492037e+00
1.519442976906356435e+00
1.524980896569584576e+00
1.529260384562026065e+00
1.531790995211317563e+00
1.535494795209904506e+00
1.541206316476370519e+00
1.545501032858896728e+00
1.549273040799453938e+00
1.552274932865916002e+00
1.556946812130824531e+00
1.562297072489238658e+00
1.565725396921165302e+00
1.570010334542478736e+00
1.576535832587738328e+00
1.578043617599890425e+00
1.581327774597027114e+00
1.586298556775714186e+00
1.590997491629520644e+00
1.595147532359585174e+00
1.599616835460137443e+00
1.602675168840981712e+00
1.607375108093604954e+00
1.611686321382424847e+00
1.616079361773603118e+00
1.619933108214100415e+00
1.623165426554343149e+00
1.626596578280808059e+00
1.630368248371573570e+00
1.634781194164716567e+00
1.638699488711858665e+00
1.641383141346260510e+00
1.646567100869503308e+00
1.651028137858587375e+00
1.654465932737120948e+00
1.656818303538065251e+00
1.662391926749400062e+00
1.668107972883648538e+00
1.673413063991762817e+00
1.675651840415097515e+00
1.677772174809950112e+00
1.679057320318094737e+00
1.684583817441884124e+00
1.689759073256890343e+00
1.694335857763965780e+00
1.696677564006080274e+00
1.701068081583468450e+00
1.705260607792870697e+00
1.709504036493474821e+00
1.712111844442097297e+00
1.715028730577346838e+00
1.718939297766232777e+00
1.723145371998098696e+00
1.726426321896471716e+00
1.729664881205619897e+00
1.732896177518025160e+00
1.736537769626083527e+00
1.741169864609856788e+00
1.744309257886310416e+00
1.747884311824520642e+00
1.751537988156339098e+00
1.755615409884352385e+00
1.759084008063021898e+00
1.763352081327697052e+00
1.767005883062475080e+00
1.769440837922483301e+00
1.773240027975752753e+00
1.775930875350828053e+00
1.779612706795961508e+00
1.783712084114844387e+00
1.788201993137006784e+00
1.791707947317291216e+00
1.795342480869147828e+00
1.798843923121542066e+00
1.801301819008914951e+00
1.805258019692740579e+00
1.808969422502717528e+00
1.811322569157513218e+00
1.814661875106003297e+00
1.817491565072160142e+00
1.823155620139795818e+00
1.826107106933628987e+00
1.829627475883827792e+00
1.831184850104534023e+00
1.835005271883921374e+00
1.839457797213559953e+00
1.843901341015371953e+00
1.845472134371032080e+00
1.847744493319108283e+00
1.851157775321019106e+00
1.854884258024298349e+00
1.858254846670101879e+00
1.861805653204102962e+00
1.864367642710974105e+00
1.868680793759359027e+00
1.873430553756290973e+00
1.875458073487448862e+00
1.878773557677020811e+00
1.881776495628127099e+00
1.884468218817372920e+00
1.888654091024197568e+00
1.891798291351419747e+00
1.895705209922122991e+00
1.898264810226838017e+00
1.901299817848653539e+00
1.904238847094974041e+00
1.907822507981535187e+00
1.910230317039622427e+00
1.912821462816983953e+00
1.915948800350206316e+00
1.919478604164441382e+00
1.922317327070682813e+00
1.924694358159849461e+00
1.928921265922130646e+00
1.932704263936543265e+00
1.935938522010425045e+00
1.937827588643868948e+00
1.941346918591316584e+00
1.944139830346606423e+00
1.946043865109819748e+00
1.949220509548846625e+00
1.953711399291911954e+00
1.956032914159685498e+00
1.959143898662370376e+00
1.961468070139669395e+00
1.964283702872531512e+00
1.967967294717792637e+00
1.970097255377126766e+00
1.972420691461369113e+00
1.976607622128015551e+00
1.979844746065766214e+00
1.984137720674716832e+00
1.985700027331079642e+00
1.989544928062531914e+00
1.990990509153871768e+00
1.994619003942804447e+00
1.997765657088466540e+00
2.000536834315928658e+00
2.002479754541592882e+00
2.005579181034817804e+00
2.007657145562978585e+00
2.011298547250686575e+00
2.015808467147509386e+00
2.018618213909768588e+00
2.020051574661258176e+00
2.022736901529685660e+00
2.025569209507428248e+00
2.028169059866983037e+00
2.031225094822904254e+00
2.035448987640520624e+00
2.037666262559009400e+00
2.040488586008840421e+00
2.042803757364434425e+00
2.045522687446548638e+00
2.047941194706162982e+00
2.050801761741245510e+00
2.052835161871971348e+00
2.057132286083156014e+00
2.059481062533140783e+00
2.062113267780830927e+00
2.064404139627761037e+00
2.065701931902315991e+00
2.068711945898401794e+00
2.072127702547085004e+00
2.074995607791243479e+00
2.077769000430641277e+00
2.079810049266261895e+00
2.081385370161457526e+00
2.083522056781234699e+00
2.087850240149951908e+00
2.090873832790469677e+00
2.093492902609757067e+00
2.095688497167945918e+00
2.099205037565382348e+00
2.100879048120799730e+00
2.104154929362040516e+00
2.106071894008920697e+00
2.108797556442262966e+00
2.111305724457150035e+00
2.113177794387917086e+00
2.116485480617042114e+00
2.118382840972337533e+00
2.121251596491331437e+00
2.123619188507402278e+00
2.125699757498899611e+00
2.129755349998652569e+00
2.132754691546250303e+00
2.134578581720344648e+00
2.136200524648860899e+00
2.138224004198390649e+00
2.140780697922924247e+00
2.144207658903337865e+00
2.146376273438428850e+00
2.149277198794370847e+00
2.151277124673010022e+00
2.152852281301784743e+00
2.155266622759932638e+00
2.157605649269094261e+00
2.161481120704201953e+00
2.164112850328270277e+00
2.166556848710781580e+00
2.168536741662482559e+00
2.169813113485830502e+00
2.172691784416423300e+00
2.174852905506269529e+00
2.177826635303487635e+00
2.180223973457432685e+00
2.181710697062399174e+00
2.184413584929779439e+00
2.187124674856429252e+00
2.189191496143655158e+00
2.191956378488036261e+00
2.194579012953012498e+00
2.196688547068586850e+00
2.199031170189845952e+00
2.200139736887142483e+00
2.203288392934951823e+00
2.205850599977601689e+00
2.208455298661093469e+00
2.210649520988066108e+00
2.212736537931861758e+00
2.215361145552592781e+00
2.216630903381101358e+00
2.218823745896185695e+00
2.221284421364282835e+00
2.223847346524782331e+00
2.226857224881254815e+00
2.229168248871899127e+00
2.231346303620466376e+00
2.232595834268873869e+00
2.235498964926181387e+00
2.237887996902722776e+00
2.240336170087289691e+00
