1.051880544233237000e-04
-6.690011034848953632e-03
-8.623021145140791557e-03
-9.524005066740871828e-03
-1.273096094659549767e-02
-1.472967282404453147e-02
-2.045459605614451462e-02
-2.176076373752719104e-02
-2.078056390975578996e-02
-1.690768046920828119e-02
-1.174251298420470740e-02
-1.865499710930453373e-02
-1.470337273244552018e-02
-4.900634440402245121e-03
-7.815836998812917408e-03
2.539550302576728657e-03
1.305759812647516727e-02
3.494226296696535845e-03
5.450949867160399982e-03
1.744826303316103500e-02
2.773888778363817545e-02
3.656751840784862317e-02
5.464600900703381336e-02
6.910391384374739432e-02
5.536922815619796379e-02
6.821984429403045447e-02
9.243432208722476839e-02
9.575085942417378704e-02
1.215914916680050084e-01
1.246459521043995627e-01
1.361393546117443953e-01
1.433872960713980238e-01
1.610303700622729151e-01
1.594082067165835948e-01
1.859596812766219354e-01
2.038529423219346548e-01
2.203133353529138361e-01
2.397120707595724876e-01
2.478097154021792481e-01
2.507882069437574746e-01
2.736709179992272700e-01
2.836028961516465774e-01
2.970093894925839861e-01
3.088601309323980582e-01
3.188256761416805585e-01
3.406761792439630399e-01
3.578106151332154927e-01
3.692134826143192994e-01
3.801894396632433670e-01
4.069759226794490425e-01
4.137385562140272199e-01
4.236528628771406568e-01
4.446440522996409905e-01
4.448604688236876825e-01
4.633134234346035774e-01
4.852141423825114819e-01
5.027995615258752382e-01
5.185749204321499217e-01
5.332746927801005343e-01
5.427724374858853285e-01
5.573685965269501441e-01
5.700316740309642194e-01
5.903494428699682661e-01
5.998595685786171083e-01
6.155321947951463146e-01
6.291776172743304141e-01
6.398662582791379005e-01
6.560936295480386260e-01
6.685776259258944254e-01
6.808547497647196023e-01
6.878929306579520953e-01
7.135150237956280339e-01
7.297824453852099769e-01
7.291635683845406612e-01
7.558800074575998673e-01
7.651535658643919824e-01
7.777409296437544084e-01
7.885775434371223858e-01
8.035971915385513586e-01
8.111620578536985482e-01
8.280667959626459851e-01
8.417463387316463930e-01
8.508561704810413406e-01
8.690457330080089138e-01
8.827654028203056891e-01
9.000773535463484354e-01
9.126544280405760601e-01
9.232213021136340680e-01
9.356617507091332664e-01
9.452132369704832060e-01
9.607148921931915053e-01
9.750958087568389887e-01
9.842843629618027723e-01
9.958316596463204773e-01
1.009559512685789917e+00
1.017404348243229784e+00
1.029852757958680920e+00
1.043546204754079332e+00
1.051310470078760329e+00
1.068138141402109831e+00
1.087137233582565976e+00
1.094710841096204534e+00
1.108274419421549917e+00
1.115606744737503764e+00
1.128278512571381897e+00
1.133937552618642597e+00
1.148624348372326187e+00
1.162614564976321541e+00
1.177059258570836153e+00
1.188583590788737432e+00
1.195386723062958012e+00
1.204778980632173591e+00
1.215666923539941324e+00
1.228224203857261498e+00
1.235616031374977997e+00
1.245634168644594197e+00
1.263815821073007717e+00
1.270363174027211661e+00
1.280465953931842371e+00
1.291384067968917915e+00
1.302346625057379637e+00
1.310128896989595004e+00
1.331194598343625302e+00
1.335988922132590240e+00
1.340561414084417091e+00
1.352627165771588702e+00
1.361702570513633415e+00
1.374049130353105275e+00
1.386502678687265844e+00
1.393378200441072634e+00
1.405615581737251318e+00
1.415094896728253282e+00
1.420294436863071885e+00
1.432521288213582267e+00
1.440745934972536002e+00
1.455347492653916941e+00
1.463073957591181307e+00
1.471122743122353915e+00
1.480560803791928448e+00
1.488233482865069401e+00
1.497915354052815173e+00
1.508446601118467179e+00
1.516276799171298206e+00
1.529529444568297647e+00
1.535006190813954285e+00
1.544144577699981813e+00
1.552064966678111002e+00
1.559698078726986514e+00
1.565856476234437133e+00
1.579152068339764625e+00
1.588009145384350784e+00
1.593715237101637872e+00
1.606473430234671707e+00
1.612558388615763727e+00
1.621349384271866700e+00
1.630059274611702191e+00
1.638400728681912000e+00
1.646290587271071360e+00
1.653750309902824123e+00
1.663194208187642964e+00
1.671569481424274972e+00
1.680787637665880130e+00
1.687844248775538736e+00
1.693601591161942199e+00
1.701332649970058064e+00
1.708474553011463115e+00
1.718285959626067783e+00
1.726616266601841199e+00
1.736530377809625936e+00
1.741665323513899688e+00
1.748121453397968761e+00
1.754821080136861555e+00
1.765576457789715947e+00
1.771757492874385109e+00
1.779186911552947503e+00
1.786106720333006104e+00
1.792540285710240378e+00
1.801369880328912210e+00
1.808943792036796117e+00
1.817013478248814984e+00
1.822008939152615081e+00
1.828958733958118366e+00
1.835960372891529691e+00
1.843373019658132828e+00
1.850037547293491791e+00
1.858190972614453207e+00
1.863440030877371534e+00
1.872469354649566542e+00
1.879124803172896208e+00
1.886750888192215481e+00
1.893685591273521984e+00
1.899950610186180722e+00
1.905876850619926399e+00
1.914743616126077352e+00
1.919325990386103964e+00
1.925590445698878161e+00
1.932869384870821827e+00
1.938637253632006230e+00
1.943635723617005873e+00
1.952497079186129136e+00
1.958292600946929696e+00
1.965660489027231783e+00
1.969729658417713525e+00
1.976464959648303044e+00
1.982650185431126699e+00
1.990478059307757563e+00
1.995545972439225935e+00
2.004102410959022862e+00
2.011073347049094462e+00
2.014503424623736105e+00
2.018026728945495396e+00
2.024093922860027650e+00
2.031917547521113310e+00
2.037987822622931322e+00
2.043253727260562869e+00
2.047604410837597921e+00
2.055052450362023997e+00
2.062419345430605233e+00
2.065965467951605294e+00
2.072164253335903705e+00
2.076549811107499810e+00
2.085475433774047538e+00
2.090263006987796768e+00
2.093254617000352535e+00
2.102122321339146893e+00
2.107942255406577203e+00
2.109390039245653270e+00
2.116644964409278629e+00
2.121401827921452377e+00
2.126894138122636946e+00
2.132634132872514243e+00
2.137879845502512755e+00
2.142707068122000624e+00
2.149961117826797885e+00
2.153580722564230054e+00
2.159037429796246688e+00
2.161865567342110328e+00
2.167147011459943151e+00
2.174126357092166728e+00
2.178116166104689722e+00
2.181749735764006104e+00
2.187193380975647194e+00
2.194555639568153804e+00
2.200099379951177436e+00
2.201764373300226119e+00
2.208284137033499128e+00
2.214005059709499790e+00
2.217967113153783476e+00
2.224115634989569656e+00
2.227168993735155755e+00
2.232998706201389627e+00
2.238521115936879635e+00
2.243040985934948051e+00
2.247468438676262892e+00
2.250151228388394653e+00
2.255727948049757625e+00
2.259781953619541373e+00
2.264127022730820116e+00
2.269651061052193164e+00
2.275561455429060409e+00
2.280821269171456667e+00
2.284469836829338796e+00
2.287271768208191336e+00
2.292116341081495090e+00
2.296026192114975828e+00
2.301049252373211118e+00
2.306270302829060981e+00
2.309950478485650827e+00
2.314927772825214003e+00
2.319306430139636888e+00
2.324381048278192807e+00
2.326801100367231534e+00
2.330230057894657314e+00
2.336631364445846515e+00
2.339917861903611396e+00
2.345045391213476105e+00
2.350498941738662584e+00
2.352547635069966780e+00
2.358099943858016356e+00
2.360230538298766501e+00
2.364275399228124019e+00
2.369684561303794013e+00
2.374208112747153265e+00
2.376363607339654127e+00
2.381469212073979325e+00
2.384885428687924858e+00
2.390587234115120197e+00
2.393281625094713316e+00
2.398028277148069431e+00
2.401108338948299448e+00
2.405710465687159960e+00
2.407782697745072920e+00
2.412908892890226475e+00
2.416303658523780484e+00
2.419510669318178042e+00
2.425071697170010143e+00
2.427958746808102308e+00
2.430857954098488705e+00
2.434832520991330629e+00
2.438109816740351210e+00
2.443711022441486413e+00
2.446310240001371206e+00
2.449044758983516257e+00
2.453373724583751248e+00
2.459147773053458330e+00
2.462182924512133830e+00
2.464895352366209824e+00
2.468953841389981640e+00
2.472182810772689532e+00
2.476215657630716827e+00
2.480685784771189617e+00
2.482480661619392404e+00
2.485919587778800732e+00
2.490119951087301331e+00
2.494495644199314910e+00
2.495006741312606469e+00
2.499797276131275670e+00
2.502776152887197014e+00
2.506089494176326316e+00
2.509814204151891381e+00
2.513411819335875652e+00
2.516316751343095071e+00
2.520799360714339965e+00
2.524264497359196557e+00
2.528032697203253854e+00
2.530420047308940656e+00
2.534987498974762055e+00
2.537641794013142604e+00
2.540091992538216825e+00
2.542054377089271178e+00
2.546921105525087992e+00
2.548898926895168060e+00
2.554535387978397853e+00
2.556080752607540862e+00
2.559284993424104648e+00
2.561823832648328914e+00
2.566829180021211076e+00
2.568866713246982680e+00
2.571777920553897534e+00
2.575721622434841152e+00
2.578718187990233002e+00
2.581586941702674221e+00
2.583268509825085157e+00
2.585902649674268527e+00
2.590095471342791278e+00
2.592742399641781770e+00
2.595430708401080366e+00
2.599572220925719268e+00
2.601692155770407133e+00
2.605704606139196855e+00
2.606951551605667827e+00
2.610220386341117305e+00
2.614115136297224584e+00
2.616102535029453779e+00
2.619702891923587629e+00
2.623825964736076433e+00
2.625618119304570897e+00
2.628852413706692648e+00
2.631030057278920253e+00
2.632797744873573986e+00
2.637541262704190981e+00
2.640758419013286673e+00
2.641768203873373633e+00
2.644430272406040228e+00
2.647607315698534247e+00
2.651743115852189359e+00
2.654011650023935687e+00
2.656986984910830518e+00
2.658175421843208319e+00
2.661396531655773057e+00
2.664746939081914956e+00
2.666615377026885003e+00
2.669421306805983551e+00
2.673223051121753180e+00
2.676112709735458228e+00
2.678602531204316683e+00
2.680510186537424566e+00
2.682567080394596015e+00
2.685980312888731181e+00
2.688526406327295781e+00
2.690398173815661043e+00
2.694498663647881820e+00
2.696936658409812893e+00
2.698638333391902400e+00
2.701073506803396640e+00
2.704843574054129896e+00
2.705801164141440118e+00
2.709423371571705541e+00
2.711438715125156218e+00
2.714364163615378356e+00
2.716913637712425889e+00
2.718536921626625968e+00
2.721236401417331585e+00
2.724525780967260058e+00
2.727186683199392281e+00
2.729899781080572740e+00
2.732717784319836252e+00
2.733582001287505836e+00
2.736999213817569387e+00
2.738741556736972615e+00
2.742368525935371171e+00
2.743601294929267187e+00
2.745738926321751983e+00
2.748613834285942303e+00
2.749839274419698221e+00
2.753144615974069342e+00
2.756169451796723902e+00
2.758073797256650472e+00
2.761176748153515881e+00
2.764222428385004982e+00
2.764643532739109677e+00
2.767227118646367945e+00
2.770650476076539359e+00
2.771946923213998826e+00
2.775688129446304941e+00
2.776666950743930329e+00
2.779781073658537327e+00
2.781110886297219142e+00
2.784624267958292876e+00
2.785749833676143261e+00
2.789315966404208869e+00
2.790945394193169893e+00
2.793380269678326311e+00
2.795190511905822905e+00
2.797586814933418875e+00
2.800442825432922334e+00
2.802126793957873119e+00
2.803670121281491401e+00
2.805800808903913701e+00
2.807807600910829038e+00
2.810727018181763182e+00
2.812361010328458200e+00
2.815415241667361457e+00
2.816995199353867108e+00
2.819515780438504038e+00
2.820991534944381929e+00
2.824136887258337669e+00
2.825938964263980502e+00
2.827660526476100777e+00
2.828826662257126312e+00
2.832353813857914293e+00
2.834304491434875395e+00
2.835770937237184430e+00
2.838077260224820098e+00
2.841448602337836693e+00
2.842300409435851272e+00
2.844672136484446501e+00
2.846501666601910063e+00
2.848708591341242435e+00
2.850898374446841466e+00
2.853128491206914585e+00
2.855203179513685630e+00
2.856955792006761641e+00
2.859147152834418115e+00
2.861234089540537706e+00
2.863101902123293740e+00
2.866086449707219153e+00
2.866754043853880773e+00
2.869303975203193691e+00
2.870787108884365058e+00
2.873093201698669219e+00
2.875142026589313726e+00
2.877532352709832875e+00
2.878213565738943380e+00
2.880626172345669200e+00
2.882311129663872151e+00
2.884883590760464411e+00
2.887215091887415763e+00
2.889240972938270424e+00
2.891434754887122427e+00
2.892616286876234177e+00
2.894357296827845705e+00
2.895703330135152687e+00
2.897011628397635263e+00
2.899635397067464648e+00
2.901948106904352009e+00
2.904233542189306405e+00
2.905965518941063586e+00
2.908407178552183225e+00
2.909272274435461991e+00
2.910295189222415591e+00
2.912609463278432287e+00
2.915473227366024656e+00
2.916937394378036785e+00
2.918050825107142643e+00
2.920268552406285245e+00
2.922068266683745197e+00
2.924365004444307914e+00
2.924802088809373313e+00
2.927377473876181302e+00
2.928369374348033904e+00
2.931449947851661353e+00
2.932883674131547380e+00
2.935593513633522722e+00
2.935796893571362087e+00
2.939293436990856989e+00
2.939531786279158787e+00
2.942632837432529680e+00
2.942867891109265610e+00
2.946058656577886570e+00
2.948534645059476489e+00
2.949238380148335725e+00
2.950452081790040371e+00
2.952817403002733876e+00
2.954627139694525173e+00
2.956814590084716254e+00
2.957610334683095754e+00
2.959495572622487192e+00
2.960403988296408162e+00
2.963514019423031609e+00
2.965041247939476321e+00
2.966559536983867318e+00
