6.892614521602235828e-04
4.141532656836151944e-04
1.126335926813475585e-03
2.398925387465808672e-03
3.585486023989733519e-03
4.766136540113644592e-03
5.705078320999612887e-03
6.527702553393092445e-03
7.965621498466782593e-03
9.208651266672017791e-03
1.044812346131846273e-02
1.173075560404649408e-02
1.400624572251337255e-02
1.476534070646628310e-02
1.740305731280415019e-02
1.798324205726213598e-02
1.829317904804946340e-02
1.934379094729694187e-02
2.014375306143102035e-02
2.118705042747031850e-02
2.128779898407903715e-02
2.327681479881471560e-02
2.484687688521470747e-02
2.703434125043479089e-02
2.713770027455836634e-02
2.773580715262460514e-02
2.756624074807594027e-02
2.835017125263325152e-02
2.764577042864472048e-02
2.724957992816399652e-02
2.854082505487246652e-02
2.929841773876710326e-02
3.019798393963523189e-02
3.206638162680570947e-02
3.261221345601456739e-02
3.268971077665005359e-02
3.394013185556801065e-02
3.317823939727884003e-02
3.362435313141368121e-02
3.338209535221960123e-02
3.452021915216868519e-02
3.409728359647227341e-02
3.516018855491988282e-02
3.528059364263708836e-02
3.621015762287758954e-02
3.785170000328873241e-02
3.768404226598985607e-02
3.787065878256200974e-02
3.884822696790934254e-02
3.887308777086758566e-02
3.925676395335581104e-02
4.096291786344714164e-02
4.176365543163187977e-02
4.210047522695774952e-02
4.170515793807034327e-02
4.373735164012022836e-02
4.404825797545457861e-02
4.438764340471789555e-02
4.533716225808524791e-02
4.543571581737091553e-02
4.632802523299276581e-02
4.798035155717250005e-02
4.801292220250139020e-02
4.821557097302730382e-02
4.900075103557055556e-02
4.951713826754505082e-02
5.090005027073472160e-02
5.131887266934943848e-02
5.133146226377877097e-02
5.252651475590221219e-02
5.349597477779892418e-02
5.318112966903456446e-02
5.446403974281664728e-02
5.744807903386155157e-02
5.627880558248793408e-02
5.628568349526285458e-02
5.831427120796763702e-02
5.852116550835395614e-02
5.863363232706384626e-02
5.990694008652916458e-02
5.883377910732929400e-02
6.110839895942285493e-02
6.204915443821461957e-02
6.226356825916518067e-02
6.366876432930321239e-02
6.213949074666159922e-02
6.213366674388442340e-02
6.415373125878720550e-02
6.468585943755805756e-02
6.564211508627629255e-02
6.631472004895209993e-02
6.699598894776670477e-02
6.890156941554699543e-02
6.666764646346096113e-02
6.972983803285888460e-02
6.966634988671478734e-02
6.985975948349655573e-02
6.944300201890629687e-02
7.083708821429231250e-02
7.190236022003737570e-02
7.250604399227786323e-02
7.175102079384344800e-02
7.386691628889591188e-02
7.321469051564569175e-02
7.278456390911751395e-02
7.465080910855562135e-02
7.485728430819614532e-02
7.528093206218784694e-02
7.624132008914966119e-02
7.645659383955832888e-02
7.510404387482470800e-02
7.735868386245906003e-02
7.738947258164398380e-02
7.740411874941401094e-02
7.715632563698461566e-02
7.985910392358858134e-02
7.874671631456582610e-02
8.021986983745965638e-02
7.964911362674609308e-02
7.987688718243392272e-02
8.066226478027335722e-02
8.191268390441870662e-02
7.920845896725549340e-02
8.065621546914159001e-02
8.234016233634328108e-02
8.253437024375173681e-02
8.343991901358792374e-02
8.288351534543587917e-02
8.292295565742090202e-02
8.450839325717897366e-02
8.341236572327245802e-02
8.358630537577230180e-02
8.490654537316991157e-02
8.488534502685934902e-02
8.458498045630605255e-02
8.307951802195143176e-02
8.486292046110688325e-02
8.558195907902448052e-02
8.636142250707351531e-02
8.684627327551705522e-02
8.595581290872453262e-02
8.592456654506240576e-02
8.809482177401958825e-02
8.616577040072426197e-02
8.628917159563097294e-02
8.688118347661094587e-02
8.750533815102305712e-02
8.684282488728761740e-02
8.729878971939308840e-02
8.638991749053712144e-02
8.695996219729147658e-02
8.729378249988441196e-02
8.690994593052102368e-02
8.912068986326561471e-02
8.829293248736962141e-02
8.786724193983232178e-02
8.906491632261344382e-02
8.772972426192811313e-02
8.815093664077287838e-02
8.857688975848825030e-02
8.942427137022480876e-02
8.778805553876004031e-02
8.759615502566978074e-02
8.917052304660544326e-02
8.829533857147270348e-02
8.926236547035813762e-02
8.807767197215543575e-02
8.923588398528738141e-02
8.957308719848837419e-02
8.922273037910216642e-02
8.896545273979332424e-02
9.029719248073422855e-02
8.865503920933644200e-02
8.878421314076802295e-02
8.830196964114553349e-02
8.872311444182011397e-02
8.983579262423854739e-02
8.846248569419895569e-02
8.924346738665181467e-02
8.890960864578564826e-02
8.865748083260081847e-02
8.822549545578485530e-02
8.981185366847273255e-02
8.900730833659811769e-02
8.833779144814829509e-02
8.860383085958194183e-02
8.864512396500029423e-02
8.894067424111026798e-02
8.815794924906135421e-02
8.872333835635411170e-02
8.947382940410861241e-02
8.797765806299398528e-02
8.867301670822490267e-02
8.873340332947621256e-02
8.749284898128144305e-02
8.908877032709416888e-02
8.872646412262095994e-02
8.874160138434690481e-02
8.795387431830603564e-02
8.835689144213208779e-02
8.826834794313305477e-02
8.814584728991096962e-02
8.857280047185081551e-02
8.867811659128427282e-02
8.780737323635380565e-02
8.773600403493017619e-02
8.788627507415215645e-02
8.825179078687753198e-02
8.785304883011881005e-02
8.741071872764705208e-02
8.763916180034875270e-02
8.818066659697118559e-02
8.717965712378239473e-02
8.698775878640102599e-02
8.743219339326070705e-02
8.779838413685682463e-02
8.700327665039440939e-02
8.703767810537879623e-02
8.737299803704176582e-02
8.679583354635138359e-02
8.774319203964481284e-02
8.657261389955422937e-02
8.684675090031222788e-02
8.739213724008397521e-02
8.642576174132535205e-02
8.694845423162013420e-02
8.681862033300867532e-02
8.664346812126264008e-02
8.649730813515808803e-02
8.684661567054016706e-02
8.593498710658679929e-02
8.628934105995418602e-02
8.596457519470894482e-02
8.637986978456664577e-02
8.652300510824199875e-02
8.696660764602684446e-02
8.657866936130972912e-02
8.599633254854910369e-02
8.593368034643621145e-02
8.600878350395889382e-02
8.582315239275691010e-02
8.547683872251936321e-02
8.597851346595500321e-02
8.595297382662268892e-02
8.508156682335865639e-02
8.558381302885303965e-02
8.521152062634550217e-02
8.553061783355078718e-02
8.494486753312741056e-02
8.567097575496752937e-02
8.544891522052194821e-02
8.542921654264652720e-02
8.556592035203079705e-02
8.514750441779503354e-02
8.577651801010978405e-02
8.466817812616095340e-02
8.550250672329016977e-02
8.533874858617132575e-02
8.504638519563136045e-02
8.471708228570098975e-02
8.529477261735261828e-02
8.517962211975285691e-02
8.542555733763311510e-02
8.547840550675411819e-02
8.517934108330113552e-02
8.520701374131307848e-02
8.524819144950288030e-02
8.486195947232939851e-02
8.503030040486370122e-02
8.526784152573702036e-02
8.557737402034377994e-02
8.538195208574407558e-02
8.493973860526750352e-02
8.545902602189255071e-02
8.554819716720662992e-02
8.560595973375574597e-02
8.547240692149316033e-02
8.510126383234632719e-02
8.542115939843565597e-02
8.556391835246345001e-02
8.526144325321238782e-02
8.573304823415417442e-02
8.600956163182886527e-02
8.564686228747434016e-02
8.554114009068447544e-02
8.634035998408016999e-02
8.565851613562149025e-02
8.602991522983780004e-02
8.591870376766094775e-02
8.600225630488128603e-02
8.633908248845945099e-02
8.576830871219803809e-02
8.602155188722682144e-02
8.585413335090476272e-02
8.641581380734156270e-02
8.627896002015932042e-02
8.649056150443205915e-02
8.599611091712641708e-02
8.657464073677484384e-02
8.664654014868158893e-02
8.658246324541517269e-02
8.729600562705637501e-02
8.753199387057132574e-02
8.717167124164743042e-02
8.718586016370294400e-02
8.688057957553203814e-02
8.771768801481692746e-02
8.758145625816785018e-02
8.765354298834483748e-02
8.768713812879701253e-02
8.754834661371191373e-02
8.765037082546661695e-02
8.805523906110734877e-02
8.814316929213521223e-02
8.823372388620663587e-02
8.837814720246307820e-02
8.876499193514351960e-02
8.859560397480779892e-02
8.836684189021723479e-02
8.906865966901361675e-02
8.907056805035226676e-02
8.883232543559670125e-02
8.973172652145804118e-02
8.966647727674731394e-02
9.018762216391650044e-02
9.002689747464798220e-02
8.988414471049702148e-02
9.037770052464005888e-02
8.991791862926711010e-02
9.061974147088605602e-02
9.029871240674591792e-02
9.065528117237124650e-02
9.111735411489128855e-02
9.123233209669530386e-02
9.130900733442524897e-02
9.153394551328077056e-02
9.152417104269809645e-02
9.155349748932518905e-02
9.225715198141516693e-02
9.190420522430076122e-02
9.265193908520910626e-02
9.249410238636528170e-02
9.256483333919882095e-02
9.287751429871983488e-02
9.286401825802927112e-02
9.329022424243059441e-02
9.338472826032781504e-02
9.336331877216290376e-02
9.411265709435695515e-02
9.408723883437171420e-02
9.396855669708520375e-02
9.429394407234756303e-02
9.472007141543561937e-02
9.472217639234044306e-02
9.459203514897711329e-02
9.499194398179701404e-02
9.527756388338329274e-02
9.557399598186723522e-02
9.600984478960775115e-02
9.571996321643561068e-02
9.680998511531013762e-02
9.623953817795444232e-02
9.649431099127110667e-02
9.664418472838301466e-02
9.712122843994948351e-02
9.727230045716110662e-02
9.739700317357806447e-02
9.783641977294313397e-02
9.809188311418094719e-02
9.840293339195241296e-02
9.796047470347088448e-02
9.859305068354716484e-02
9.854941213442612591e-02
9.850351497553838653e-02
9.899638478462560731e-02
9.928797557463585333e-02
9.930845331495503914e-02
9.965705490600776373e-02
9.999435959082349223e-02
1.002419625251057683e-01
1.001556064161451265e-01
1.007060508232290874e-01
1.011005995512510441e-01
1.013682294338172640e-01
1.012763393207356394e-01
1.018531481229166535e-01
1.016991167415841196e-01
1.018551412813070295e-01
1.022010312899509082e-01
1.024892747220064737e-01
1.023244952926971180e-01
1.031455718468991950e-01
1.031360925262556072e-01
1.035050776419935009e-01
1.036236533180157765e-01
1.042162777865332235e-01
1.041745250116231092e-01
1.043245015430122463e-01
1.047083165261986776e-01
1.046981555384758483e-01
1.054238881470100225e-01
1.055829948479911351e-01
1.052126705592850153e-01
1.058028316332850355e-01
1.060750519369668965e-01
1.063353928113056901e-01
1.065640503182641724e-01
1.068991998500090218e-01
1.074486821149448906e-01
1.076711052200543112e-01
1.073797448212149563e-01
1.077767806656008687e-01
1.080527211200756482e-01
1.081614073450264113e-01
1.094075559517461160e-01
1.092295624537565069e-01
1.091962210730090116e-01
1.092125660363413853e-01
1.095650496877685898e-01
1.096371352089530182e-01
1.103435304471204192e-01
1.104936079587936770e-01
1.105413378894055526e-01
1.106654806521994994e-01
1.110884863522371702e-01
1.114027485298774850e-01
1.118406079224057714e-01
1.115052161488139099e-01
1.120994899954318724e-01
1.122957974341668996e-01
1.123479800052403221e-01
1.128908034543154582e-01
1.131107975570067314e-01
1.132399490177201651e-01
1.137887307890759758e-01
1.136604947482894867e-01
1.141678880026031490e-01
1.141835478807910059e-01
1.143180117757571085e-01
1.144708363621915748e-01
1.148234754555223225e-01
1.153167336620430222e-01
1.153612490935151391e-01
1.158661502712963892e-01
1.160775743283979228e-01
1.161283323720452704e-01
1.166350552190964091e-01
1.166721131257972693e-01
1.171417901765985786e-01
1.173233800668811860e-01
1.176815759612495904e-01
1.178597774760510863e-01
1.178169711008010961e-01
1.182857145729865611e-01
1.184152155475219209e-01
1.187908219045172298e-01
1.189488889886917006e-01
1.191258128176305581e-01
1.198835323520561491e-01
1.197706520589456730e-01
1.197957989110154248e-01
1.202561912497623203e-01
1.205337691544484113e-01
1.206843282583025256e-01
1.209654505608289410e-01
1.212355732032301819e-01
1.215018623492893080e-01
1.217525003799782707e-01
1.219238441383886096e-01
1.222669056386944536e-01
1.227571223010804347e-01
1.227067693603167697e-01
1.230708131154836377e-01
1.232566603563648028e-01
1.238384485236566357e-01
1.237434639716505774e-01
1.240750872053036080e-01
1.242058613405496864e-01
1.247617916001184379e-01
1.248648255926036732e-01
1.246542305109814425e-01
1.252035552717370714e-01
1.253197451375861471e-01
1.255196636921447895e-01
1.261048936321455261e-01
1.261388798131762023e-01
1.267251707567273733e-01
1.268816551477309484e-01
1.269574802460551322e-01
1.272670383961320983e-01
1.278712110773502220e-01
1.274018436210544447e-01
1.278304790490801257e-01
1.283175865146486960e-01
1.284069668963567223e-01
1.287150779959035651e-01
1.288791764097540482e-01
1.291567925615539625e-01
1.292513450127929509e-01
1.296794209056504887e-01
1.299564065027027371e-01
1.302412533228236580e-01
1.302851641719180442e-01
1.305102068140630844e-01
1.309100614679596930e-01
1.310460213901808724e-01
1.313883815851336900e-01
1.312203643791654550e-01
1.319047921429576942e-01
1.320461052551828718e-01
1.322009487155429985e-01
1.321399619005113601e-01
