-5.107025913275720308e-17
-6.354916592954396258e-15
1.801336857454316645e-15
1.267319582609616096e-15
-1.204036870205982339e-15
6.050715484207103343e-16
4.157785227221211362e-16
1.316169395693123126e-15
1.166844398881039500e-15
-9.547918011776346100e-17
-1.526556658859590243e-15
-6.211697822777750568e-16
-3.297362383136715142e-16
3.885780586188047645e-17
1.720845688168992625e-17
2.831068712794148981e-16
-2.248201624865941896e-16
1.681987882307112050e-16
-4.607425552194399421e-17
-2.609024107869117969e-16
-1.754152378907747413e-16
1.136868377216160321e-15
-1.942890293094023822e-17
-4.435340983377500497e-16
1.078581668423339563e-15
-3.710920459809585519e-16
-4.017064458849972368e-15
-1.932065618603928654e-15
-4.085620730620576246e-16
-1.025846074753644667e-15
8.440470544712752638e-16
3.549660565482781765e-15
-1.367517210582036655e-15
-1.184052855762729356e-15
-2.278038868652743155e-15
-1.355165979433081781e-15
3.260308689689850420e-15
1.704331120677693466e-15
-1.759148382518560609e-15
-1.848382558122807464e-15
-2.000708626548330800e-15
7.039143573583927997e-15
4.034272915731662421e-15
-2.873881688181256888e-15
-1.159621010327072137e-14
-6.700612287247053934e-15
2.456229664105080827e-15
1.796340853843503251e-15
-9.754003160722391246e-15
-2.854105840555121129e-15
-3.491928968202273672e-15
4.098665851159921311e-15
-2.588762537669708653e-15
2.616795669041493997e-15
1.358635426385035395e-15
-4.869993297518249385e-15
8.847644838994028255e-15
-5.108413692056501847e-15
-3.526345881965653383e-15
-5.520583989948591055e-15
-1.031175145271845344e-14
2.703393064962256235e-16
1.324440557226580514e-14
1.711686348215835144e-15
-1.128541704531471529e-15
3.621547506327260351e-15
5.495603971894525072e-16
-2.486344463648038025e-15
-6.148970221886429278e-15
8.243405957841787115e-16
-2.609024107869117722e-17
-6.707412403272883144e-15
1.225075596522628972e-14
3.952393967665557343e-16
2.015609901206971825e-15
1.654232306691483235e-16
-7.238099009043707308e-15
-9.001133172148456967e-15
2.164934898019055254e-15
7.099321130965563529e-15
3.002598170098736053e-15
-4.973799150320700986e-15
-4.358735594678364357e-15
3.963496197911809165e-15
3.437805595751797212e-15
2.751132655021138033e-15
3.225197886536079533e-16
6.762368442991828109e-15
-1.523003945180789818e-14
-1.619260281415790909e-15
-1.973421426271215593e-15
-3.886335697700360754e-15
-9.847123116912825178e-15
-7.210343433428078394e-15
-1.347699729592477531e-14
-4.772293671351235326e-15
-9.303668946358812676e-16
1.782463066035688794e-15
4.973799150320700986e-15
-1.696420781627239123e-15
1.902922264207518373e-15
-6.367684157737584991e-15
-1.071365218763276101e-15
-3.053113317719180486e-16
-1.865174681370263067e-15
-8.365530490550554690e-16
1.169009333779058598e-14
-3.934075287759242453e-15
-1.645128477889557037e-14
-6.861178292183467104e-16
-1.603661647919807289e-14
-6.000755448098971377e-16
-2.632893902898558720e-15
1.578182029504660006e-15
-3.804179193878098949e-15
1.537825422559535431e-14
6.072364833187293729e-15
4.641287354445466886e-15
-5.379585665821195827e-15
6.398215290914777426e-15
3.244626789467020147e-15
-1.013300554575380330e-14
-3.067546217039307411e-15
-3.337885523535533281e-15
6.530331830845170802e-15
1.278810390914486586e-14
-2.657873920952624900e-15
-1.197097976302075071e-14
-4.126143871019394188e-15
-5.239142453206113462e-15
4.793943020331425910e-15
-6.348810366318957929e-15
-3.364530876126536864e-15
-6.299405441723138431e-15
8.507639037702574064e-15
1.852407116587073546e-15
-2.225997164373438745e-16
-5.267453140334055238e-15
9.356959651540819449e-15
7.127076706581191654e-15
5.750955267558310564e-16
9.114931032172534566e-15
-2.668976151198876229e-15
5.354050536254817574e-15
5.080935672197028970e-15
-9.403589018575076213e-15
5.131450819817473404e-15
1.653677195179170620e-15
3.256839242737896806e-15
6.669664820435628232e-15
-4.803935027553052698e-15
1.652011860642233019e-15
-1.005862060310391881e-15
-2.247091401841316664e-15
-2.401412402264213486e-15
2.499667139943540014e-15
-2.631228568361620922e-15
4.717892743144602435e-15
-6.322165013727953951e-15
-1.409428129761636260e-14
2.756128658631951033e-15
8.532063944244327579e-16
8.648637361829970081e-15
3.663735981263016583e-15
4.025113575778505321e-15
-8.474887458476131757e-15
9.168776848866854595e-15
-3.225197886536079533e-16
-1.118216630402457655e-14
-5.900835375882707446e-16
-5.559996907322783765e-15
6.316058787092515622e-15
3.275713034156524262e-15
1.587341369457817501e-14
-2.305933222146450087e-15
-1.127042903448227668e-14
-8.348877145181177500e-15
3.280709037767337656e-16
6.306066779870888834e-16
3.341771304121720950e-16
-6.289413434501511644e-15
2.103317520152359097e-15
8.082978730783452950e-15
2.320921232978889874e-15
-9.511835763476028345e-15
8.081868507758827225e-15
7.920886169188179211e-15
-5.759281940242999553e-15
-7.761569165154468995e-15
3.733124920302088867e-15
7.310818617156655188e-15
4.490297023096445659e-15
1.213473765915296067e-15
2.610689442406055668e-15
1.143751759968836224e-14
3.785860513971783961e-15
-4.578559753554145794e-15
1.166622354276114474e-14
7.718270467194087827e-15
1.938449400995523414e-15
-3.203548537555889245e-15
2.793876241469206339e-15
1.437738816889577641e-16
1.443289932012703503e-15
-1.316724507205435594e-14
9.681144774731365348e-15
4.358180483166052283e-15
1.442179708988078409e-14
6.318834344654078355e-15
-9.381384558082571978e-16
-1.574129715464778163e-14
-1.031286167574307917e-14
5.185296636511793433e-15
-9.964251646010779556e-16
-1.116717829319213637e-14
-7.764344722716032518e-15
-1.597444398981906387e-14
-4.992117830227016763e-15
6.065703495039542538e-15
-1.182942632738104262e-14
-9.153788838034414808e-16
3.734790254839026665e-15
1.253719350557957992e-14
1.784350445177551579e-14
-1.254552017826426772e-16
-8.976153154094389998e-15
4.747313653297169146e-15
1.740219079948701670e-14
-5.930256286035273566e-15
-1.530331417143315813e-14
9.696687897076117603e-15
1.064814902917987600e-14
6.419309528382655148e-15
6.922795670050163261e-15
1.139477401324029472e-14
1.313393838131560156e-14
-6.578626532416365364e-15
1.495636947623779671e-14
6.246669848053443338e-15
-2.530198273120731661e-15
-8.654743588465407622e-15
-4.757860772031108007e-15
-7.514544542175372296e-15
4.438116540939063428e-15
4.528044605933700571e-15
-8.554823516249144480e-15
1.311672992443391151e-14
-1.474542710155901634e-14
8.307243781757734129e-15
1.340039190722563976e-15
-1.115274539387200984e-14
7.828182546631979335e-15
1.333044785667425382e-14
-1.117328451982757549e-14
2.141675725653158237e-14
1.260935800218021533e-15
-1.437350238830958953e-14
1.733863053132722750e-14
1.463273946455956289e-15
-4.330980019062735443e-15
-9.796330413536224708e-15
-2.087219286295294375e-15
2.617350780553806465e-15
-3.272382365082648666e-16
-1.248612324644682341e-14
-5.585254481133005982e-15
-1.009053951506189182e-14
1.456362808127664822e-14
1.668165605650528909e-14
-1.533495552763497471e-15
-1.971756091734278189e-15
1.808664329416842482e-14
-4.403977182931839360e-15
-4.395650510247151159e-15
-1.214167655305686790e-14
7.499556531342932115e-15
-2.294275880387885896e-15
1.124239590311049173e-14
1.846800490312716635e-14
2.329803017175890937e-15
-7.069900220812996818e-15
1.022626427982231683e-14
3.667344206093048216e-15
-1.253191994621261049e-14
2.631783679873933390e-15
-4.568567746332519401e-16
1.971478535978121758e-15
-2.716715741257757928e-15
-8.122114092401488834e-15
-5.911937606128958775e-16
7.499556531342932312e-16
-1.001337901485044262e-14
-2.925576447765365502e-14
-1.227379309298726128e-14
2.036482094069924718e-14
4.426459199180498843e-15
-6.079858838603513820e-15
-1.151134743082593584e-14
1.046468467436056850e-14
8.174294574558871066e-15
-2.738226312359870336e-14
1.178418473912756762e-14
8.259781747455007677e-15
-3.568256801145253184e-15
-3.295419492843621012e-15
-4.691524946309755282e-15
1.512123759539463082e-14
-5.828670879282071837e-15
-8.075762281123388107e-15
-1.518674075384751543e-14
1.631195178930511373e-14
-1.033229057867401909e-14
2.511962859941263484e-14
1.710576125191209813e-14
-6.783462680459706817e-16
2.474159765952776891e-14
-9.143241719300477130e-15
1.248806613673991725e-14
-7.116529587847253582e-16
-1.689454132147716488e-14
5.030142968820427712e-15
3.774758283725532139e-16
-8.294753772730701434e-15
1.678879257838161708e-14
-1.360023205165816861e-16
1.282168815563977628e-14
-5.236366895644550728e-15
-2.411820743120074566e-14
-1.461358811738477900e-14
1.411926131567042799e-14
8.127665207524614302e-15
-4.174854906224822805e-15
-3.604061493689414262e-16
-8.585909760938647411e-15
-2.895739203978564499e-15
7.489286968365149291e-15
4.685279941796238934e-15
-1.691979889528738591e-15
6.645378691771952933e-15
-2.928074449570772357e-15
-1.015590389563669684e-14
9.654776977896518196e-15
6.325356904923751528e-15
2.135236432110332506e-15
3.455749575387301471e-14
2.837036161551509489e-15
-1.925487547183024667e-14
-2.168196178153891525e-14
-1.621980327826122435e-14
1.569994134698049430e-15
2.996866643734108215e-14
-3.228015077461066362e-14
-2.083902495009226502e-14
-2.058214709776962113e-15
-1.304290009329633948e-14
3.474720511320583619e-15
-6.791234241632082747e-15
-1.511832325995499243e-14
-2.274597177276405066e-14
7.160938508832259686e-15
3.451613994620572659e-15
6.870476410014703011e-15
5.818609483121406041e-15
-2.823366540560812060e-15
-1.290155482447374842e-14
-1.593399023835928524e-14
-1.213418254764064860e-14
6.589173651150304225e-15
1.020017403874362572e-14
-2.351827066426892644e-14
-9.597808658945439598e-15
4.122743813006479583e-15
1.454107667608894973e-14
-2.323141679028140061e-14
-2.036357193979654501e-15
-1.672099958494044358e-14
1.528704246522849391e-14
-2.209614435866313809e-14
4.494151578660066169e-14
2.629320372538046592e-15
-3.801993442298367793e-15
1.874507493671018084e-14
-1.263111143456896482e-14
-6.266029362045344253e-15
-1.207209679443543874e-14
-9.386241783815308536e-16
2.190280942726552483e-14
4.374616988100932373e-15
6.448637197148388043e-15
-1.115911508163536218e-14
-2.446612357154265320e-14
2.720693895869041880e-14
4.308844947509271795e-15
-1.922094428064014121e-14
2.584474301237094020e-14
-2.773560894842042008e-14
-5.850649825722698109e-15
1.609021943460575560e-14
4.297152911281188178e-14
-1.679736211235294339e-14
-2.203855153926070999e-14
-8.770449644313060339e-15
9.582612481295881995e-16
2.006835669865481148e-14
2.046002256506085296e-14
9.667960876313942166e-16
4.735448144721488322e-15
-9.133874212530201425e-15
6.547887232422055901e-15
4.355196758787371733e-15
2.268463195065351212e-15
-2.267207255268743805e-14
2.101860352432538721e-15
-5.630912403020716223e-16
-4.386629948172071289e-15
6.408623631770638269e-15
3.812020143989514085e-15
-7.523565104250451378e-15
-7.872313911860828613e-15
1.496663903921557954e-14
3.912842272413285924e-15
-1.472572064287191998e-15
6.135925101347083720e-15
-2.624428452335792106e-15
2.649144792421509578e-14
4.018729793386910166e-15
-3.017003313843247295e-14
6.504519145522635526e-16
9.559020242022597182e-16
-4.145433996072256093e-15
-3.083547306381717363e-14
1.303290808607471269e-14
3.383862634542822333e-14
-1.325745069280515070e-15
-1.946137695441052415e-14
8.494732695041307314e-15
5.502126532164198048e-15
-7.427253256864219868e-15
1.451228026638773410e-14
-1.451394560092467032e-14
8.983785937388688896e-15
1.954769679457513045e-14
-4.260897190633272279e-15
-1.487199252636628583e-14
-7.333161855527236652e-15
-7.761291609398312959e-15
8.278516760995557510e-15
-5.924288837277913255e-15
1.758523882067209014e-14
-1.745645294981556920e-14
-2.279287869555446504e-15
2.728373083016322119e-15
-5.941080960525369252e-15
3.380629109983601587e-16
-4.642564110923786074e-14
-3.005679038992070900e-14
1.172228980550471464e-14
1.963457174625204882e-14
-1.018962692000968685e-14
2.026767642604454598e-14
-1.662447957073709505e-14
2.161604228945179658e-15
-9.429124148141455255e-15
1.153271922404996960e-14
1.624894663265763345e-14
1.769306923193880822e-14
-5.396239011190573018e-15
1.769889790281808814e-14
-2.922662112325724514e-15
8.816003482792211672e-15
1.595473753113196949e-14
-9.729994587814871983e-15
-1.943029070972101964e-14
-6.036837696399288689e-15
1.853878162094701881e-14
-8.619216451677403370e-15
1.952604744559493908e-15
-1.213112943432292904e-14
2.816358257717865822e-15
1.553118744723747252e-14
-7.809308755213351484e-15
-9.721667915130182994e-15
4.199141034888498104e-15
-2.381206343216035634e-14
3.771150058895500605e-15
2.283645494927100066e-14
1.369404589723899322e-14
6.638578575746123723e-15
-1.371125435412068288e-15
1.855682274509718013e-14
-4.054812041687228069e-15
1.725564136023649600e-15
-1.558780882149335450e-14
6.212530490046220058e-15
-2.119915354370505080e-14
5.852818230067669118e-15
9.117984145490254125e-15
9.788003740851535718e-15
2.292332990094791904e-14
-1.373096081280777923e-14
-1.197930643570543812e-15
-3.224365219267610930e-15
1.915939629171248170e-14
-1.391525783489555642e-14
2.576439062096369500e-14
3.384320601540480109e-14
-2.227190654124910768e-14
-3.063937992209275778e-15
4.509725926027385583e-15
-4.210520820890906160e-16
1.111805092435247370e-14
1.535799265539594785e-14
