1.016333131319432611e-04
-6.748836434985449814e-03
-8.708180512184570191e-03
-9.680837469752260824e-03
-1.301432381379213389e-02
-1.506801056715450712e-02
-2.093637214925236911e-02
-2.227007416232090059e-02
-2.125348981141690977e-02
-1.729056308498711295e-02
-1.201279527037665655e-02
-1.907148013254074403e-02
-1.503669399341961248e-02
-5.057751769208054977e-03
-8.021874975417590467e-03
2.493530647838661501e-03
1.320718027939356796e-02
3.571433223050119767e-03
5.582607136482627130e-03
1.775269884257862918e-02
2.826243951073111049e-02
3.717272035084870363e-02
5.559812037730355039e-02
7.014210722040964407e-02
5.634359846298917646e-02
6.939847306700128171e-02
9.386287472620821748e-02
9.743730114746741722e-02
1.235326711844023373e-01
1.266110642074312342e-01
1.382732211556063906e-01
1.458950639270303606e-01
1.637056923898806415e-01
1.621301175728143695e-01
1.886853127879119796e-01
2.068913964067280176e-01
2.237840948710152766e-01
2.432086754629739778e-01
2.514307464496220446e-01
2.546322934597612941e-01
2.776004376130747908e-01
2.877610336065200558e-01
3.014415487634475865e-01
3.133657399312357872e-01
3.234752434986757352e-01
3.458060095172116322e-01
3.633327235956569923e-01
3.746517100110478005e-01
3.856856498038558345e-01
4.127852319069907905e-01
4.196908098363004158e-01
4.295596734479499301e-01
4.508219970723119641e-01
4.511858883463809033e-01
4.699166754454944250e-01
4.917247824851970206e-01
5.095182712730071950e-01
5.253946909086963934e-01
5.403095027011920459e-01
5.501925836550554116e-01
5.648415460177730330e-01
5.777995321224905778e-01
5.979274134658486561e-01
6.080871156233021990e-01
6.235489449125442007e-01
6.370512791918765405e-01
6.483352155932772254e-01
6.648532021862665342e-01
6.771104977786255308e-01
6.896642176005476355e-01
6.966499080865731219e-01
7.225503034626251653e-01
7.391923800620218143e-01
7.385351782339377724e-01
7.652126092294104787e-01
7.747142564806512866e-01
7.871730833243864023e-01
7.983860246941243410e-01
8.137159986036660575e-01
8.211517013296868450e-01
8.382205176245761669e-01
8.520976276157349316e-01
8.611115286297021942e-01
8.793050848284079679e-01
8.932414344483735613e-01
9.107090995187192561e-01
9.234856669861493117e-01
9.341487179089611459e-01
9.468115283722322584e-01
9.564513446691791376e-01
9.720532884744507163e-01
9.862833793384480074e-01
9.954208857060661275e-01
1.007248398354908314e+00
1.021188975323846337e+00
1.029037414160421271e+00
1.041717556554304647e+00
1.055484716467355311e+00
1.063138418720815492e+00
1.079896602640847636e+00
1.099007203821948497e+00
1.106822879138245064e+00
1.120604253325728106e+00
1.127765930657497639e+00
1.140306318383145223e+00
1.146396691948975421e+00
1.161197499922399512e+00
1.175037646477626208e+00
1.189709015370234546e+00
1.201351821798120056e+00
1.208314506911702058e+00
1.217687233665805113e+00
1.228577709467417511e+00
1.241172357368404144e+00
1.248604599333605680e+00
1.258625853839780540e+00
1.276827376985233631e+00
1.283472208811477611e+00
1.293651532783136604e+00
1.304652819141202569e+00
1.316001052474782052e+00
1.323582415172209092e+00
1.344635640348102346e+00
1.349561830141452923e+00
1.353847059823924948e+00
1.366046404515334656e+00
1.375258714688600614e+00
1.387724374392419913e+00
1.400382844710030383e+00
1.407354686263360577e+00
1.419411115225126307e+00
1.428879835335652437e+00
1.434404780504747512e+00
1.446559649696028460e+00
1.454783160602067582e+00
1.469289594174444824e+00
1.477511631836092576e+00
1.485286407304137413e+00
1.494810768388845856e+00
1.502388700624046614e+00
1.512216031417292994e+00
1.522645585409004187e+00
1.530644563107870670e+00
1.543765584960788750e+00
1.549281766952296469e+00
1.558402126632084661e+00
1.566242977944815928e+00
1.573930146348000214e+00
1.580062457050930957e+00
1.593518733735890036e+00
1.602551241956502448e+00
1.608162338506105904e+00
1.620788182868690530e+00
1.627224719764408523e+00
1.635869890661633352e+00
1.644618378277855619e+00
1.653072535375125662e+00
1.660726745596731391e+00
1.668211332902941768e+00
1.677728422438748090e+00
1.686253504122998681e+00
1.695360336630023390e+00
1.702330962081644472e+00
1.708276249796202073e+00
1.716181503083907600e+00
1.723269634703127773e+00
1.732711458217283562e+00
1.741341170657196624e+00
1.751348247442173323e+00
1.756484913657853975e+00
1.762852467559897995e+00
1.769575533248235244e+00
1.780265176175670705e+00
1.786427660249293892e+00
1.793896916016850307e+00
1.800697997473308609e+00
1.807304525954817276e+00
1.816149614066235873e+00
1.823634420132982825e+00
1.831937831758881252e+00
1.836870203596627560e+00
1.843610441436927427e+00
1.850805028090633186e+00
1.858059759996361748e+00
1.864598585017199994e+00
1.873039642682603700e+00
1.878343536022435867e+00
1.887394055198492460e+00
1.893814437067878664e+00
1.901637146013857249e+00
1.908636646453934382e+00
1.914663140443185974e+00
1.920572503107419005e+00
1.929473480803338692e+00
1.933874757197988403e+00
1.940462793713235712e+00
1.947526852573946865e+00
1.953532543380427811e+00
1.958205013272284578e+00
1.967687204226729047e+00
1.973182109516765204e+00
1.980541685870662594e+00
1.984631043292353070e+00
1.991284143570403398e+00
1.997628595515972050e+00
2.005252967265529929e+00
2.010420849831323853e+00
2.019061113891456927e+00
2.025922850830332411e+00
2.029418816459097386e+00
2.032765937662931677e+00
2.038871983742271077e+00
2.046627319566463044e+00
2.053082446544006512e+00
2.058099419174149514e+00
2.062352387136353826e+00
2.070054180630031215e+00
2.077319489028139010e+00
2.080749018491189872e+00
2.086922264046525921e+00
2.091893570282916670e+00
2.100520841150394169e+00
2.105135425162487639e+00
2.108434642721392915e+00
2.117236949545526326e+00
2.123022773134458863e+00
2.124554115947249411e+00
2.131649679587799717e+00
2.136144698360573635e+00
2.142013306797362571e+00
2.147495461078854806e+00
2.152967295034612150e+00
2.157515047785812712e+00
2.165187393766825341e+00
2.168588302847836324e+00
2.174241875029148563e+00
2.177140285350811055e+00
2.182183697667585687e+00
2.188983916366130433e+00
2.193141569065303109e+00
2.196692040908093890e+00
2.202364753393852848e+00
2.209442774492607064e+00
2.215301971599594744e+00
2.216596830103510385e+00
2.222961125235956903e+00
2.228929077346816445e+00
2.233233022375982202e+00
2.239007744084963836e+00
2.242208158960022235e+00
2.248155599628100187e+00
2.253640177383324339e+00
2.258017142800833543e+00
2.262812108130896505e+00
2.265043603920636972e+00
2.270636233356704281e+00
2.274803635143360037e+00
2.279081101271681842e+00
2.284718547992928617e+00
2.290380437655428203e+00
2.296037944449387691e+00
2.299257700803179372e+00
2.301996290288139235e+00
2.306928118051319032e+00
2.311203036955876478e+00
2.315921888093636305e+00
2.321314377546010999e+00
2.324951715275307418e+00
2.329677120563328874e+00
2.334245997755430402e+00
2.339262555863096171e+00
2.341655311454052590e+00
2.345143599581696936e+00
2.351646355100161845e+00
2.354851499361873213e+00
2.359885002124186837e+00
2.365300578750157534e+00
2.367445726238380121e+00
2.373079904651135053e+00
2.375217833829960323e+00
2.379107919774857471e+00
2.384441725739042894e+00
2.389123054692738002e+00
2.391075491752792992e+00
2.396604410252773043e+00
2.399898956336305567e+00
2.405407604390272791e+00
2.408242675821088863e+00
2.412854293912301884e+00
2.416290266097057771e+00
2.420711338868318130e+00
2.422777736943043436e+00
2.427969016090167464e+00
2.431313608823488348e+00
2.434463307522050535e+00
2.440032318196725392e+00
2.443056214466536424e+00
2.445872022716137906e+00
2.449723417808528314e+00
2.453058104016621055e+00
2.458403557251513050e+00
2.461286701240641861e+00
2.464037203943689747e+00
2.468278351310767338e+00
2.473758770363909232e+00
2.476957479405919038e+00
2.479607967538248303e+00
2.483869270425688836e+00
2.486869371530688877e+00
2.490887804251640691e+00
2.495750573210452572e+00
2.497394585247960208e+00
2.500876829056517092e+00
2.505275940223231412e+00
2.509271872578484608e+00
2.510162825869462377e+00
2.514568013244224964e+00
2.517800527484915563e+00
2.521280249081193414e+00
2.524698293853960163e+00
2.528242683970472360e+00
2.531169560961394449e+00
2.535892761517928751e+00
2.539409408191064976e+00
2.542928000203167116e+00
2.545370480722805695e+00
2.550163408981015234e+00
2.552546392294317013e+00
2.554734065616456551e+00
2.556977188279679680e+00
2.561760244769311523e+00
2.563726161216266508e+00
2.569467183783557207e+00
2.570984178900941330e+00
2.574375490476382478e+00
2.576712269506433284e+00
2.581974059468744809e+00
2.583810695893490550e+00
2.586713532123926296e+00
2.590598993319067400e+00
2.593933878303739338e+00
2.596496707752510513e+00
2.598317054399473580e+00
2.600740153237743879e+00
2.604990725016028019e+00
2.607717527339484587e+00
2.610384351948157544e+00
2.614341349084017274e+00
2.616985501211733123e+00
2.620855578129932972e+00
2.621684317543850895e+00
2.625170913894525171e+00
2.628955401991337038e+00
2.631060544728207162e+00
2.634819983503221330e+00
2.638654031390762267e+00
2.640591737817793661e+00
2.643670450212617151e+00
2.645971833682606356e+00
2.647791855353742729e+00
2.652157586788239207e+00
2.655585502854376667e+00
2.657003446716852402e+00
2.659690329704298417e+00
2.662576953107949063e+00
2.666587471378312202e+00
2.669071178876237571e+00
2.672025055783852299e+00
2.673188591128027980e+00
2.676169350465630536e+00
2.679617099013902770e+00
2.681526048026553255e+00
2.684567335354617779e+00
2.688241838012186413e+00
2.691255773371678650e+00
2.693342619381902558e+00
2.695548276549593059e+00
2.697990712903258537e+00
2.701409155685222441e+00
2.703606774426957848e+00
2.705417106873477806e+00
2.709776472317428464e+00
2.711983878858428731e+00
2.713603926839543323e+00
2.715896788013486329e+00
2.719637343358824566e+00
2.720969855515078528e+00
2.724312824573504876e+00
2.726352887707881756e+00
2.729463503780913847e+00
2.731577472615811075e+00
2.733717447018754854e+00
2.735817170378441965e+00
2.739205601341740071e+00
2.742138257924183531e+00
2.744553919656705254e+00
2.747480551413711058e+00
2.748739606391121360e+00
2.752123582882022301e+00
2.753572465837536232e+00
2.757292238653585859e+00
2.758515961206494005e+00
2.760358865956843655e+00
2.763596612136244079e+00
2.764590889513030003e+00
2.768126916613698363e+00
2.771073380821700294e+00
2.773223601116824977e+00
2.776002540808892416e+00
2.779129789943471263e+00
2.779371510962933112e+00
2.782146412385935630e+00
2.785721749784100254e+00
2.786968039485065773e+00
2.790499433005832142e+00
2.791663315273938295e+00
2.794680752035641369e+00
2.796042239368876192e+00
2.799391101001756699e+00
2.800589602561629476e+00
2.804184145058480127e+00
2.805722993750120686e+00
2.808277414130736727e+00
2.810647265066547273e+00
2.812759968441772784e+00
2.815258867523036113e+00
2.816899761961834336e+00
2.818826696903967921e+00
2.821122606488539297e+00
2.822874446161198758e+00
2.825805638040356893e+00
2.827349315468286051e+00
2.830350613676873017e+00
2.831999792932179627e+00
2.834682994174683834e+00
2.836114007731961983e+00
2.839075426691421544e+00
2.841021440798439102e+00
2.842683499089508903e+00
2.843966353455417373e+00
2.847347418018121523e+00
2.849503476610314667e+00
2.850676188871284378e+00
2.852953736553532682e+00
2.856381154935728972e+00
2.857600579805187557e+00
2.859616995588888599e+00
2.861445895603520473e+00
2.863734901442181346e+00
2.865715340663000266e+00
2.867989883700026610e+00
2.870256889756999996e+00
2.871958001454570475e+00
2.874176172068581447e+00
2.876241822454166375e+00
2.878042216458667202e+00
2.881242480635231029e+00
2.881646154064968712e+00
2.884363591578817498e+00
2.886028206617271774e+00
2.888054433762472950e+00
2.890397761039889879e+00
2.892358430219367893e+00
2.893267548636291764e+00
2.895830364050332673e+00
2.897345776543335472e+00
2.899781854188285823e+00
2.902477615826132507e+00
2.904272083515879732e+00
2.906584860890948363e+00
2.907675227016265573e+00
2.909363165583653821e+00
2.910986925451927387e+00
2.912113551672600220e+00
2.914728360234407400e+00
2.917173446411765347e+00
2.919240216570422763e+00
2.921140400811616189e+00
2.923620418749965477e+00
2.924397145251742991e+00
2.925426752298504685e+00
2.927939204301176712e+00
2.930632855612015586e+00
2.931909035690051901e+00
2.933269703586287580e+00
2.935411710900842852e+00
2.937200752584270269e+00
2.939531136659125465e+00
2.940110024454027471e+00
2.942517233559983847e+00
2.943461391013105555e+00
2.946494624473540824e+00
2.948023593495349370e+00
2.950658245313658945e+00
2.951033554199204101e+00
2.954011977504630959e+00
2.954946151512891195e+00
2.957646921745519908e+00
2.958210272697848975e+00
2.961414020279418580e+00
2.963519363753641667e+00
2.964219229407334844e+00
2.965616358744776804e+00
2.967783823287518885e+00
2.969717218307456275e+00
2.972072295945531017e+00
2.972446876854967002e+00
2.974405843145983663e+00
2.976000577048290907e+00
2.978675660691748828e+00
2.980234926075753688e+00
2.981761601675894546e+00
