6.577961811338096541e-04
5.201039066232701147e-04
1.369510592818911363e-03
2.810467209869560185e-03
4.184408990010985221e-03
5.630737377286290125e-03
6.826389881956378136e-03
7.860609510210166823e-03
9.698776612197448216e-03
1.118258496691487518e-02
1.269104783650935181e-02
1.408358455470986453e-02
1.672285918295103244e-02
1.750374071350991809e-02
2.046009380403672820e-02
2.109357301786464467e-02
2.146767572586803785e-02
2.270719700461117097e-02
2.357278723228188252e-02
2.473601836398495873e-02
2.483050340186625238e-02
2.695769369515288796e-02
2.856317579197125561e-02
3.095445049711902444e-02
3.110955711593887257e-02
3.154394359911842638e-02
3.149928220013823582e-02
3.241774255627225682e-02
3.152316246890161239e-02
3.103218537706249613e-02
3.250641143288210411e-02
3.298613783907376057e-02
3.408599740005812534e-02
3.578702284075922779e-02
3.629552752585168962e-02
3.657446918875918718e-02
3.769614190833732448e-02
3.709526917904734655e-02
3.727910149757885511e-02
3.733680209571223901e-02
3.840544527701331839e-02
3.800506993098912850e-02
3.889316179134433976e-02
3.921659436867407089e-02
4.008624936873591421e-02
4.169699844591315957e-02
4.121287002850283071e-02
4.196013033682310933e-02
4.256194182973188633e-02
4.277863157847503622e-02
4.343317627722646790e-02
4.500816345764969972e-02
4.554643192523440826e-02
4.577184444682119019e-02
4.541799533979570813e-02
4.762534010873005486e-02
4.830956736656363826e-02
4.819005679319396385e-02
4.964744346229545829e-02
4.921432245674346728e-02
5.052398793172198366e-02
5.207976421542222234e-02
5.184280330158243244e-02
5.173086280280073113e-02
5.328652878452086461e-02
5.400185646559613889e-02
5.469508093520788344e-02
5.453698462492641286e-02
5.495231909083166111e-02
5.672920785879440736e-02
5.731647820293356982e-02
5.693130743603964233e-02
5.865924864386552057e-02
6.073043479581804321e-02
6.028859401120748029e-02
5.979217212733604903e-02
6.307734099073339373e-02
6.178026751635508351e-02
6.259631826716179070e-02
6.358219290036426496e-02
6.308794069572752627e-02
6.442045685378602893e-02
6.470262141122042066e-02
6.551397395687608149e-02
6.736158571491838998e-02
6.639961295061101720e-02
6.559579736204464162e-02
6.797646866226553231e-02
6.770294912034917345e-02
6.866185284221464069e-02
6.862610760788719066e-02
7.012444111785230694e-02
7.121834387597821003e-02
7.046041101909991666e-02
7.241504752509282661e-02
7.250357814011640367e-02
7.219356398356795157e-02
7.216689305723454628e-02
7.344622134657315116e-02
7.397284486616613475e-02
7.450938293953894564e-02
7.449171302562276886e-02
7.598423955954752840e-02
7.464371494511883032e-02
7.549030606583959080e-02
7.694816781668983863e-02
7.677236272545415185e-02
7.642954222062915692e-02
7.781039858937986720e-02
7.817770321261716115e-02
7.677475435996435060e-02
7.853508818744153741e-02
7.878163756637408810e-02
7.873309314213566834e-02
7.883195863802716641e-02
8.058918074591089886e-02
7.973013598493744469e-02
8.130664342931866184e-02
7.989525538059667753e-02
8.106895926106023886e-02
8.078902624948085254e-02
8.244231600401505378e-02
7.927926651199404540e-02
8.135250278186255402e-02
8.209727716520187624e-02
8.234607084000118704e-02
8.356330309491992459e-02
8.255216978380738868e-02
8.327191474323804299e-02
8.473844191690969863e-02
8.261559142700997116e-02
8.290256927388883756e-02
8.442242405639176217e-02
8.416449265316117145e-02
8.437543566848625110e-02
8.292698763554315344e-02
8.342949232231780532e-02
8.538034045602742317e-02
8.547206997759114466e-02
8.507094179123546318e-02
8.459059541946203908e-02
8.486483070045615362e-02
8.706151550015595042e-02
8.508215816316221092e-02
8.532233458160431994e-02
8.670920861794492729e-02
8.677896136803352201e-02
8.496703880831503464e-02
8.680036683638003847e-02
8.553927749720624529e-02
8.559378061241032509e-02
8.516083700577575799e-02
8.559612846251492269e-02
8.668935314251430269e-02
8.670364116334172699e-02
8.630216489363780330e-02
8.677481599412274760e-02
8.716796170633812901e-02
8.745869911856206380e-02
8.636647467870375849e-02
8.719303720630740273e-02
8.658993029002542974e-02
8.537868310568780261e-02
8.673108923582976970e-02
8.634296470883291719e-02
8.684379330876836056e-02
8.695845950291306026e-02
8.760431811395898161e-02
8.705890909871780159e-02
8.709980820561892545e-02
8.688972087672783284e-02
8.767918352568332407e-02
8.648932494652587788e-02
8.680805888125102399e-02
8.600316602539352651e-02
8.738189727027600995e-02
8.754054432269949004e-02
8.645145721688579643e-02
8.647227756620136374e-02
8.708750760653248546e-02
8.700292124612889200e-02
8.686131325920812274e-02
8.722141106938406663e-02
8.691094949257861801e-02
8.673796735559677340e-02
8.652989148745023062e-02
8.693758125483599941e-02
8.688520233004037863e-02
8.646919839662541019e-02
8.716372177596037885e-02
8.760782186654915427e-02
8.625682974251391855e-02
8.667941858375891040e-02
8.673989980456885129e-02
8.622995490508725269e-02
8.707213200785807183e-02
8.701854153153291971e-02
8.654426419987686081e-02
8.652123297195481177e-02
8.676294358643162064e-02
8.686671175805241174e-02
8.608757807416268781e-02
8.647957348004042810e-02
8.714320473157689817e-02
8.684756147196452669e-02
8.648362677656468156e-02
8.662876050849421805e-02
8.657760941798699206e-02
8.629852586252226287e-02
8.639128786555086426e-02
8.710412662519850802e-02
8.681397402776522276e-02
8.704812542866782743e-02
8.683023719986648903e-02
8.660849740802427366e-02
8.740128111886315276e-02
8.656607447571389169e-02
8.691859173836719021e-02
8.709446557346307849e-02
8.693743704485129564e-02
8.689261762013000823e-02
8.606858777725226450e-02
8.744103008424382317e-02
8.706858676229706218e-02
8.704055414022890402e-02
8.697268629812972274e-02
8.727682077487658452e-02
8.674074018885090387e-02
8.706773766863903918e-02
8.749075172671426370e-02
8.700435333827484519e-02
8.668983797984675110e-02
8.686401926220489733e-02
8.746743991111474714e-02
8.814793336666663925e-02
8.782525876318983404e-02
8.785187188795524904e-02
8.786225000663509810e-02
8.784862821647392017e-02
8.833318295145145549e-02
8.774454938992871933e-02
8.790829707289524175e-02
8.807514256272251651e-02
8.800103481055177035e-02
8.790270897019140939e-02
8.767668984373638841e-02
8.838932255210188438e-02
8.845961360269521956e-02
8.816773577790067151e-02
8.865164033098336949e-02
8.905803657752575653e-02
8.875002397949764699e-02
8.900863688044530209e-02
8.861770025650431148e-02
8.904095780387404069e-02
8.886695125549255725e-02
8.970335996825150315e-02
8.927926016994904013e-02
8.955810244803631692e-02
8.959294027609540634e-02
8.964336476332970816e-02
9.021246097734017533e-02
9.034289130512389299e-02
9.039825596957778986e-02
9.058371523230696054e-02
9.060812739879409161e-02
9.066537340019176217e-02
9.073079600363764818e-02
9.061510380336514070e-02
9.125449254472525751e-02
9.145220410992144222e-02
9.154449131611973323e-02
9.101540490751658385e-02
9.199594841738091555e-02
9.251515505293007868e-02
9.204082842343117021e-02
9.237448904269751626e-02
9.207307922294653835e-02
9.260313604071808424e-02
9.286224062670962731e-02
9.280334182307278801e-02
9.348778347831636359e-02
9.357964800135472327e-02
9.349050256517087154e-02
9.336823692189719082e-02
9.427691272209898221e-02
9.395474316665335113e-02
9.464112894760386141e-02
9.453235961984346458e-02
9.500675487805343433e-02
9.510195539100797790e-02
9.460366798769945240e-02
9.527605812286213394e-02
9.508057016850691989e-02
9.607332304718550764e-02
9.587203681209187367e-02
9.642766332649382877e-02
9.570997478960777127e-02
9.665578754646622639e-02
9.682553163130615259e-02
9.671264456131156706e-02
9.756061239137071850e-02
9.750588108303569201e-02
9.797164177396376628e-02
9.783208950863490905e-02
9.775789121107179847e-02
9.886715878239683841e-02
9.850132896019399287e-02
9.844732581902466972e-02
9.910569380389146199e-02
9.910881901371344782e-02
9.944111844425589097e-02
9.980661542987304125e-02
9.996092353311041012e-02
9.999651308974602526e-02
1.006684726412491460e-01
1.007693692294836518e-01
1.008263581375870854e-01
1.007409912686507564e-01
1.016295043824522043e-01
1.018624281066991544e-01
1.016368049570224585e-01
1.022321723898257095e-01
1.028526852634534805e-01
1.030332594360749005e-01
1.029808394888098999e-01
1.031679856427404202e-01
1.038380566249691578e-01
1.032183516915693988e-01
1.043908748826011118e-01
1.041996513296414434e-01
1.044281734894722258e-01
1.047929099089273119e-01
1.046690886962617223e-01
1.054578651938896522e-01
1.056293154186674493e-01
1.055530558203026104e-01
1.061874521295755464e-01
1.064944837173182057e-01
1.064712968473292276e-01
1.074877466558658151e-01
1.071342222699580432e-01
1.072353125304541799e-01
1.075917293005433512e-01
1.076990605302875215e-01
1.083753193546677096e-01
1.086455913930763767e-01
1.086942451419021238e-01
1.094249843339247658e-01
1.094909551738483117e-01
1.094487748695771728e-01
1.094007134547852894e-01
1.101256803897864567e-01
1.106157838297352897e-01
1.102219712815709768e-01
1.109348666216656426e-01
1.113927890077909960e-01
1.116542304202527425e-01
1.118869337243895840e-01
1.116068259997947676e-01
1.127085651515073589e-01
1.127120983125116799e-01
1.128058710007506515e-01
1.133059682405721802e-01
1.137451654867743106e-01
1.139179567056461395e-01
1.140467497742085334e-01
1.142291077783636616e-01
1.147397120455262570e-01
1.151619069380154375e-01
1.148874735979973638e-01
1.154761282044991372e-01
1.157171499833146155e-01
1.158601757133056742e-01
1.160874786875401854e-01
1.164654394160793138e-01
1.166261029482581896e-01
1.168274789675287362e-01
1.174557620692238263e-01
1.171816105670419467e-01
1.174675553127017408e-01
1.182093274937724842e-01
1.185064666270128492e-01
1.189113269775505105e-01
1.186236073242736694e-01
1.193010895546918471e-01
1.191365338330816481e-01
1.195315772487680755e-01
1.200878437424594963e-01
1.201598906398321787e-01
1.202704525001616065e-01
1.207562834487632131e-01
1.207554177398424827e-01
1.214164866364781104e-01
1.216282922249043857e-01
1.222123574066397156e-01
1.221726647100335600e-01
1.221112525447123343e-01
1.225279806699352547e-01
1.227698878067844945e-01
1.235529995514803719e-01
1.237450824739686345e-01
1.232561213300135544e-01
1.237567861655424067e-01
1.240744393999246853e-01
1.246318008248770842e-01
1.246700150833392889e-01
1.249867159304582365e-01
1.256597872048395570e-01
1.260314436180311748e-01
1.256025660429341828e-01
1.262033425638710293e-01
1.264017181621967800e-01
1.265877777593592268e-01
1.275310224684416127e-01
1.275008660150241946e-01
1.275705181017807166e-01
1.272444179203115200e-01
1.281499591425128981e-01
1.279727843110035901e-01
1.285555782276448233e-01
1.288585112529234411e-01
1.287144517815770883e-01
1.291037012198712475e-01
1.297182436697112140e-01
1.298185912685339560e-01
1.301817195712282604e-01
1.300686767196463089e-01
1.304650102757455854e-01
1.306537664419809841e-01
1.307661777787608171e-01
1.312747233988277029e-01
1.316800012961393818e-01
1.318528536739604351e-01
1.321070102593685236e-01
1.322231713366043004e-01
1.325842284440262031e-01
1.327429306927532804e-01
1.328190348483258010e-01
1.329399780665440067e-01
1.332864346713151238e-01
1.339585926492193046e-01
1.338766125511156591e-01
1.343557053457632988e-01
1.344925054682242771e-01
1.349129227743017800e-01
1.351225885714219255e-01
1.351501121951764195e-01
1.354208434849108744e-01
1.359893621251007656e-01
1.361216615053564283e-01
1.364602551778633099e-01
1.362676472647764425e-01
1.368893151712221867e-01
1.370065988849623051e-01
1.373485996199799164e-01
1.373422150383946383e-01
1.377084683205073712e-01
1.380927644935941723e-01
1.382248619826044744e-01
1.382351305301432742e-01
1.387771276866295866e-01
1.389320913022742965e-01
1.391321743352268991e-01
1.394429180000756330e-01
1.394870811733273375e-01
1.399346418943153425e-01
1.397981647372535385e-01
1.400465635615229243e-01
1.407491873059765752e-01
1.408935266748106152e-01
1.410166748299602202e-01
1.413810606848258933e-01
1.415033425459528149e-01
1.418216533770464416e-01
1.419599541784077323e-01
1.422668438309071248e-01
1.423627916109427849e-01
1.429272892230476766e-01
1.430343194745948010e-01
1.428627330078463264e-01
1.434322966260320187e-01
1.435388960449936191e-01
1.436062341510497831e-01
1.438904749706739761e-01
1.440618778853543502e-01
1.446188093733766222e-01
1.451618197736090354e-01
1.450480010767882522e-01
1.452155337483912734e-01
1.455896726461591018e-01
1.452687124152834963e-01
1.456230064241205990e-01
1.462918990322552570e-01
1.461893918744016085e-01
1.462724920668292128e-01
1.466506530456173074e-01
1.468796630834912076e-01
1.468708450985921066e-01
1.471795498983232420e-01
1.473679372409035515e-01
1.478457205287292686e-01
1.479776403868728885e-01
1.480129553922467089e-01
1.483138391894668617e-01
1.484026871845873508e-01
1.487706201795457595e-01
1.486781056470058426e-01
1.491535488302761225e-01
1.493703682771380936e-01
1.495647571743403681e-01
1.495213256445433736e-01
