8.775364680335895817e-05
-6.356514201292657630e-03
-8.167006772622397576e-03
-8.707721748086823255e-03
-1.123869758846188054e-02
-1.295673090375313620e-02
-1.794357543554759085e-02
-1.907372789963894880e-02
-1.827812275883582138e-02
-1.489470100939920341e-02
-1.032627414163492588e-02
-1.647017823094834230e-02
-1.294186850630155150e-02
-4.068355094357359661e-03
-6.676950862870549390e-03
2.818077386591280251e-03
1.233597360392885492e-02
3.246311774189163286e-03
4.911033044927793668e-03
1.592251619087310666e-02
2.503372926021923267e-02
3.337689210669954332e-02
4.961951738469109335e-02
6.358759064553144713e-02
5.031437336100642865e-02
6.208125099507532524e-02
8.492575717658699952e-02
8.692407288241242591e-02
1.112861441714774746e-01
1.142201642610335688e-01
1.247359754229137030e-01
1.300701335376476253e-01
1.467347779293932120e-01
1.450565214192017782e-01
1.713799719676295796e-01
1.876551639020093698e-01
2.018085146120063844e-01
2.208988504354692795e-01
2.284477296632607124e-01
2.301994483043358075e-01
2.525150634019086016e-01
2.612896415129123961e-01
2.732855948781003352e-01
2.846389678582187388e-01
2.937718017102798895e-01
3.130507874680013569e-01
3.280222798143451191e-01
3.399380603932132816e-01
3.507245130264779465e-01
3.756466166542476448e-01
3.816311878059956975e-01
3.917442569472814884e-01
4.112654373813982023e-01
4.107647638421718095e-01
4.276272039688985838e-01
4.499731376245305059e-01
4.664446764399828860e-01
4.816822114416281497e-01
4.951026808125334466e-01
5.025174250545548782e-01
5.167726341344012209e-01
5.280549477206003539e-01
5.490490173800673945e-01
5.554451380527403170e-01
5.719795860916347952e-01
5.863747416952100888e-01
5.941449327342527287e-01
6.085264214178415232e-01
6.220887338057324856e-01
6.329299648447285209e-01
6.402914293663487522e-01
6.643759387586859466e-01
6.787134403228989310e-01
6.784036831586688354e-01
7.049389094557790836e-01
7.132056261411059417e-01
7.264468573075264501e-01
7.352572987362757662e-01
7.483548782460847093e-01
7.568325654993279805e-01
7.730945054475332201e-01
7.854600070663660949e-01
7.954727797459238969e-01
8.135147417999686326e-01
8.255374131590720310e-01
8.420762188575948715e-01
8.535897569797434858e-01
8.634712449521424471e-01
8.752171504349316455e-01
8.843708140215169600e-01
8.991429478456882673e-01
9.142172187488781798e-01
9.240649702314887026e-01
9.337028161416323080e-01
9.464568937293666995e-01
9.545898873695450870e-01
9.655584800467619244e-01
9.791603932847739999e-01
9.874548606344888402e-01
1.004267239565590941e+00
1.022506024889807463e+00
1.028837216513321051e+00
1.041004801810050617e+00
1.050013432113962697e+00
1.062655294549032625e+00
1.066682476834865723e+00
1.080368384837826490e+00
1.095029855798982599e+00
1.108303456217921923e+00
1.119238979471184559e+00
1.125065396294718356e+00
1.135046274431252833e+00
1.145570760706861480e+00
1.157938041579651633e+00
1.165710600023961430e+00
1.175832756931983747e+00
1.193059964610804213e+00
1.200311237614897442e+00
1.209237488852183295e+00
1.219842084790904613e+00
1.228756139511602452e+00
1.237588248985176831e+00
1.257780627620113556e+00
1.262054786201922241e+00
1.268732262274844924e+00
1.280202213960136781e+00
1.288486257612307728e+00
1.299923260973862904e+00
1.311554675300884654e+00
1.318609295584824315e+00
1.330998029317786102e+00
1.340581194890916983e+00
1.344737509863229263e+00
1.357305021892966757e+00
1.365419934078893283e+00
1.379454576608422300e+00
1.385580695300584697e+00
1.395354985916816837e+00
1.404093760262707935e+00
1.412328825679353139e+00
1.421256138045466022e+00
1.431757555819901162e+00
1.439799526895459092e+00
1.452680965659411516e+00
1.458305282916830592e+00
1.467868928741677959e+00
1.475802369584177098e+00
1.482951109503876319e+00
1.490332889437224528e+00
1.501534329318619632e+00
1.509509297840096798e+00
1.516154212286875191e+00
1.528944980400626985e+00
1.534704421256316786e+00
1.543175224892119113e+00
1.551403561152674415e+00
1.559157172079789877e+00
1.568396443742279267e+00
1.576586858012854364e+00
1.585160719239307126e+00
1.593001222972843411e+00
1.602350466603367440e+00
1.608859221049593113e+00
1.614334329366926779e+00
1.621307849255192224e+00
1.629161425832436505e+00
1.640205990941315584e+00
1.647855207029285785e+00
1.656960161566735978e+00
1.662620207236415792e+00
1.668892980309797380e+00
1.675287222362673134e+00
1.685874191438248682e+00
1.692860306380625790e+00
1.699528474516764476e+00
1.707547161732109409e+00
1.713464817021831177e+00
1.722018624715768942e+00
1.729827192720807538e+00
1.737267355097664057e+00
1.743098408949320888e+00
1.750098556544566808e+00
1.756247448421621726e+00
1.764932843476316515e+00
1.771025856767270534e+00
1.778350311320014310e+00
1.784002640174358723e+00
1.792180111507434503e+00
1.799632697797416192e+00
1.805669607588776371e+00
1.812915551911728596e+00
1.820164339443909096e+00
1.826095153813270144e+00
1.834531137737917428e+00
1.840541402866981757e+00
1.845122483649524359e+00
1.853645399877166922e+00
1.857768675436791472e+00
1.864508732796045454e+00
1.870202080829699742e+00
1.877423462602451076e+00
1.885066221941811060e+00
1.889252028093203473e+00
1.896453639499033228e+00
1.901969582308298934e+00
1.909742196069292186e+00
1.915286563610927972e+00
1.923849188487117168e+00
1.929561220257863807e+00
1.934634748253421632e+00
1.938581239436834469e+00
1.944386371752759413e+00
1.952161162572525699e+00
1.956810990425440933e+00
1.962767520170083824e+00
1.968308117226360121e+00
1.974453332556873830e+00
1.981354486867689779e+00
1.986431447227650082e+00
1.991766951333267643e+00
1.993928619674863345e+00
2.003369086772008867e+00
2.009608176424153125e+00
2.011147773274768458e+00
2.019808920575983269e+00
2.025770275844658741e+00
2.027894561260366046e+00
2.035230080528219077e+00
2.041528345378914810e+00
2.045828216138291022e+00
2.052438061339529440e+00
2.056985529585662942e+00
2.062396998482253885e+00
2.066736504216650339e+00
2.073234883675929563e+00
2.077062965924234117e+00
2.080509738047995327e+00
2.087010305924728026e+00
2.094058545120104142e+00
2.097657556635197817e+00
2.101705883909508188e+00
2.106722667555232853e+00
2.114636495924781201e+00
2.118777451382992005e+00
2.122924062785292776e+00
2.128577857788382044e+00
2.133643466635748442e+00
2.136255143216517105e+00
2.143628575730325281e+00
2.147002405770357392e+00
2.152114720078913912e+00
2.158154037743134523e+00
2.163092955022825059e+00
2.165703413005078293e+00
2.170877356117466128e+00
2.176697711667036739e+00
2.180564305088465549e+00
2.185151113267101319e+00
2.189306004814992157e+00
2.195867831932251324e+00
2.199479821568357529e+00
2.204641899194905275e+00
2.209449753181302878e+00
2.213384417415212635e+00
2.217065987493387347e+00
2.220961657275301260e+00
2.226547053562963452e+00
2.230429437685641947e+00
2.236114493649735024e+00
2.240601572408135844e+00
2.243606830068328950e+00
2.249036581697150261e+00
2.251761553729313192e+00
2.257250538730142697e+00
2.262019851333745724e+00
2.265598349026040292e+00
2.270681203696709449e+00
2.273679363732459713e+00
2.278516358343167791e+00
2.281570350154458193e+00
2.285555286832858801e+00
2.289794224939949885e+00
2.294234997471827242e+00
2.297782279871576350e+00
2.301495146776781908e+00
2.305509685051674307e+00
2.312028433789910409e+00
2.314307005725903643e+00
2.318400672854524558e+00
2.321731294697950254e+00
2.325849514456535871e+00
2.329780051326714396e+00
2.334001451896081214e+00
2.337902343500430469e+00
2.340815491186168718e+00
2.345339812480432773e+00
2.348367164163836396e+00
2.352927578872692216e+00
2.356766569481187457e+00
2.359343965771345086e+00
2.365686045174040686e+00
2.367612869626450678e+00
2.370310864980618160e+00
2.375705968784463717e+00
2.381099875011629674e+00
2.383925311717358220e+00
2.387124259901012291e+00
2.389880831675160966e+00
2.394434686742729745e+00
2.397541047280689952e+00
2.400938318406437677e+00
2.404301728966131702e+00
2.408159403552223132e+00
2.410751234180817715e+00
2.415135647623961379e+00
2.417509209775485335e+00
2.421937405455599990e+00
2.424570720890577569e+00
2.428037871477939813e+00
2.431728370714579590e+00
2.436304444519770573e+00
2.439404146395173889e+00
2.442446133671838826e+00
2.445498575871009272e+00
2.449500586720290585e+00
2.452765996457555886e+00
2.455078992292600404e+00
2.459599951065766898e+00
2.462654899293603705e+00
2.464833148168218635e+00
2.468744619661017659e+00
2.472351792588192154e+00
2.475248502635725600e+00
2.478830142155804772e+00
2.481275462202102489e+00
2.484732146159154276e+00
2.488534646040921228e+00
2.491100712564126685e+00
2.494886309825922410e+00
2.497797385692637651e+00
2.501491070154905128e+00
2.503880249734392827e+00
2.505331856921654055e+00
2.509448943639289720e+00
2.513217519483692097e+00
2.516405938525365205e+00
2.518978978900213050e+00
2.521999985472183958e+00
2.525114454280845244e+00
2.528327525608512705e+00
2.531140536592678458e+00
2.533167575186849430e+00
2.537396118885164586e+00
2.539750329654334671e+00
2.542727197500993075e+00
2.547068324062526479e+00
2.549830760200828550e+00
2.552593499776804720e+00
2.554535817986465229e+00
2.556143166406167122e+00
2.561019958113669226e+00
2.562974835078293712e+00
2.565046997214407209e+00
2.568431090504601055e+00
2.571492075682617617e+00
2.574566259283341818e+00
2.576510775120281149e+00
2.579775650694464240e+00
2.582553712575526017e+00
2.585867845832733991e+00
2.588134682493738570e+00
2.591374911329859199e+00
2.592363945011500359e+00
2.595968854023849914e+00
2.599241130960414647e+00
2.601492782314643648e+00
2.603813149057941256e+00
2.606233240281373043e+00
2.608142912709288108e+00
2.612016931095400896e+00
2.615474314281498902e+00
2.617571831022980078e+00
2.620292667301652667e+00
2.622309188571660954e+00
2.626951843413600773e+00
2.629478753508311950e+00
2.630470800419575372e+00
2.632986174277685443e+00
2.635591744307204998e+00
2.639029796856653842e+00
2.641290347238753444e+00
2.643112086040686037e+00
2.646549704943046422e+00
2.648248375860898118e+00
2.651104181508561641e+00
2.654422308395438357e+00
2.656156635059032656e+00
2.656114445498821919e+00
2.660444593400852931e+00
2.663565883343332441e+00
2.665938580735712105e+00
2.668633029021039604e+00
2.669859179377943814e+00
2.672355713919752684e+00
2.675112120532554982e+00
2.677534463055483815e+00
2.679040817350585080e+00
2.681181041930433384e+00
2.685093686041329253e+00
2.686970303426734485e+00
2.690222847459763145e+00
2.691198376673906267e+00
2.693367745702846427e+00
2.696446009128396604e+00
2.698350445629906336e+00
2.701324794032598842e+00
2.704318940684598882e+00
2.705696540033114772e+00
2.709239525760112954e+00
2.711131173515093806e+00
2.712709216405633228e+00
2.715294796605924876e+00
2.716693989995751402e+00
2.719495152679885397e+00
2.721984935286547724e+00
2.723919604472856193e+00
2.725541677251669181e+00
2.727994423734632523e+00
2.729495267432597849e+00
2.732510326225825903e+00
2.734194806394186106e+00
2.736983901884393333e+00
2.738709983339046250e+00
2.740727667393828337e+00
2.742831871866162619e+00
2.745858974786646201e+00
2.747936486243466980e+00
2.749305359771396784e+00
2.751126433387065973e+00
2.754336668081253325e+00
2.756446857521286375e+00
2.758280096060136799e+00
2.760337165020390060e+00
2.762063454856400480e+00
2.765230725171044845e+00
2.766031930417192530e+00
2.769321846931302122e+00
2.769894995643464863e+00
2.772654150862894795e+00
2.774970623638717715e+00
2.777188837556474610e+00
2.778820916791917117e+00
2.780471872969811908e+00
2.782720576670617341e+00
2.786063706126618467e+00
2.788463858529535155e+00
2.788878709490868690e+00
2.791088398312839836e+00
2.793380826445933884e+00
2.794637360958983852e+00
2.796569580356064844e+00
2.798907156929930196e+00
2.802271535343894282e+00
2.802773317421406229e+00
2.804524569168661330e+00
2.807027223939930760e+00
2.809284274376564472e+00
2.810915684158493022e+00
2.813995778616747323e+00
2.814088198233148930e+00
2.816159153905849255e+00
2.818302416337687077e+00
2.818843734426859537e+00
2.821529738012683364e+00
2.823705714241922404e+00
2.825932228967001247e+00
2.828065672066842673e+00
2.830136846715075372e+00
2.831855533899372279e+00
2.833620166029422460e+00
2.834370697949494922e+00
2.837231234857427786e+00
2.838603599084939422e+00
2.840683366662108522e+00
2.841990337105471109e+00
2.844434718847774768e+00
2.845934081690761008e+00
2.847907088850090584e+00
2.849640889369493113e+00
2.851861970220515019e+00
2.853708350758048073e+00
2.855235337088253722e+00
2.857935224037748689e+00
2.859430316451271548e+00
2.861128060434231735e+00
2.863703209879527201e+00
2.863172590763993330e+00
2.866365935476329785e+00
2.867770896895326160e+00
2.870094201577686022e+00
2.871049731459610399e+00
2.874010505271853866e+00
2.875178082744451746e+00
2.876432772877479227e+00
2.878312057567403492e+00
2.880837938538099774e+00
2.882291518759906523e+00
2.884161468262072869e+00
2.884849048245795355e+00
2.887157989647904710e+00
2.889062856920300515e+00
2.889680052794154630e+00
