1.737462235219808991e-05
-4.998934391890013512e-03
-6.295013983827691534e-03
-5.195121424055252311e-03
-4.832107849617892949e-03
-5.295849723822691063e-03
-7.000507231890332020e-03
-7.374863916041834999e-03
-7.397247909613730715e-03
-6.056093370713397719e-03
-4.222907228072270841e-03
-6.927899597999525282e-03
-5.061156242455332535e-03
-5.510320410258003976e-04
-1.373729875205843528e-03
3.718250217394697930e-03
8.546331161390065267e-03
3.224592344349835188e-03
3.822540422582156473e-03
9.542030693602791477e-03
1.355992402751954144e-02
1.869514189481992494e-02
2.647130015674386411e-02
3.590243843680781394e-02
2.744674845778589597e-02
3.375447527432129391e-02
4.774363806124443110e-02
4.605813817830207296e-02
6.028803964796001363e-02
6.328420056140118821e-02
6.813995137544867631e-02
6.696554323587987356e-02
7.708573683942106236e-02
7.766956241663140748e-02
9.688506463873290675e-02
1.052343348234277276e-01
1.094490208734712061e-01
1.229654979705644274e-01
1.290163567381494847e-01
1.261707111557854866e-01
1.420842619503817350e-01
1.460192507682995244e-01
1.518791355116795305e-01
1.585702542479938970e-01
1.620385153332720707e-01
1.720644549074665519e-01
1.777848754825800681e-01
1.883123652247949420e-01
1.994413401233501582e-01
2.112018621780814009e-01
2.133721151048458831e-01
2.231186464917258305e-01
2.361235751963174645e-01
2.344053571289076987e-01
2.411266821044547315e-01
2.584636008784461092e-01
2.693920767909309677e-01
2.812876127356258582e-01
2.876131044515252699e-01
2.877819973420773780e-01
2.979573906247954818e-01
3.042344332622243797e-01
3.173618093056398415e-01
3.235093973224401065e-01
3.309106071149844341e-01
3.456412522638515616e-01
3.495477835345470741e-01
3.517006590634065843e-01
3.624478675978191622e-01
3.713780911559759201e-01
3.785813953270369403e-01
3.950420715151408690e-01
4.015898806558395595e-01
4.026400421941129237e-01
4.209502150140716492e-01
4.256523526910144795e-01
4.355811634399159860e-01
4.423623010340507200e-01
4.436565002430430948e-01
4.564396083045395569e-01
4.687561703041971395e-01
4.765611904872165683e-01
4.876248404701382100e-01
5.016405229482091555e-01
5.032908035477237085e-01
5.099956955062551200e-01
5.207150417452462987e-01
5.289375396768704052e-01
5.409456689953638930e-01
5.434462504405064287e-01
5.513625003210429476e-01
5.648048719273508489e-01
5.738976751883974048e-01
5.776896844557284361e-01
5.867998773470977092e-01
5.989947791007256273e-01
6.026372659133880649e-01
6.169738477446848890e-01
6.201219541739879659e-01
6.316047407276011993e-01
6.378176609030230537e-01
6.485196293092078124e-01
6.535861089167742666e-01
6.673951607941011055e-01
6.724659291289184493e-01
6.737187528997451436e-01
6.875781018480451312e-01
6.932650897093975972e-01
7.032217102910581774e-01
7.087843389833481389e-01
7.175860087762852002e-01
7.249686435322785227e-01
7.314120542141534509e-01
7.428222898630019166e-01
7.544499677459234332e-01
7.556647163929370858e-01
7.650332635665637593e-01
7.782929543685725982e-01
7.855960955660883371e-01
7.896048081612222491e-01
7.981376405071577418e-01
8.046067388653412866e-01
8.109935683972366860e-01
8.166097722040395190e-01
8.295550914950609034e-01
8.403328344420499807e-01
8.463288572025194911e-01
8.501840028377799507e-01
8.598634744716412426e-01
8.698827509130963032e-01
8.731362795051599290e-01
8.816763974744021848e-01
8.918951858315338210e-01
8.965817300407461499e-01
9.004905402171824447e-01
9.125093914513306981e-01
9.227983061825412170e-01
9.280058277969125413e-01
9.352870193872075966e-01
9.409490540417718707e-01
9.504524323195144841e-01
9.559570444629441610e-01
9.644096040895179245e-01
9.733876565464913977e-01
9.795220319449484681e-01
9.878310391802110901e-01
9.930579284456271250e-01
1.001010782039543079e+00
1.009395345811616052e+00
1.016178246779163574e+00
1.020818258747262508e+00
1.027786407822599779e+00
1.034588716757494753e+00
1.041811217295905534e+00
1.050409745905126258e+00
1.057683878806937594e+00
1.060801726150199853e+00
1.068285546585601820e+00
1.082835595991409772e+00
1.086317129788850089e+00
1.094634767707960865e+00
1.099311228478734082e+00
1.105745992058988492e+00
1.113095646620273937e+00
1.118627820557233088e+00
1.127437801409529428e+00
1.135576928672367147e+00
1.140841003162179179e+00
1.145802032772260004e+00
1.153092602814137724e+00
1.161560712133373308e+00
1.171199428910671747e+00
1.176097219985600573e+00
1.182768385021686797e+00
1.189290085751396386e+00
1.194905572767201107e+00
1.201311466449550114e+00
1.205983083162200487e+00
1.212645595525049691e+00
1.219386223725314577e+00
1.222997131176026819e+00
1.230362353079674120e+00
1.240306027097906716e+00
1.245465080533732838e+00
1.250078969912423288e+00
1.257548536209536438e+00
1.264243995439670476e+00
1.270939981957159626e+00
1.277994549230157650e+00
1.281097094288257354e+00
1.289737083088071223e+00
1.293553692629644480e+00
1.301153328830980671e+00
1.308192538722447562e+00
1.312313364731964249e+00
1.320332351562972573e+00
1.324835984231891750e+00
1.332373251778141032e+00
1.338652941140479058e+00
1.344846111331648109e+00
1.350774619927184395e+00
1.354047336646504895e+00
1.360940323471421687e+00
1.368146800510622763e+00
1.371708619303677601e+00
1.378506273644551916e+00
1.386740839593004093e+00
1.391191377989944522e+00
1.396200625464223632e+00
1.401907383818282504e+00
1.408848001126687954e+00
1.411699738156906747e+00
1.417016783046438855e+00
1.426154560068530586e+00
1.429683235871846758e+00
1.435494839265115896e+00
1.441889841944267836e+00
1.447255184399641958e+00
1.452685633746039207e+00
1.458798647585809460e+00
1.465319497270183735e+00
1.470183961220882018e+00
1.474915638881737712e+00
1.480704347251519781e+00
1.488742156182479182e+00
1.491953238604434295e+00
1.498483138769667100e+00
1.503676944391765247e+00
1.509576520322638116e+00
1.514350564803864430e+00
1.518378300644846801e+00
1.523402402255748411e+00
1.528590809784677429e+00
1.536073822017651747e+00
1.541830866576863190e+00
1.543365033920801821e+00
1.549097849832483220e+00
1.556055648974111083e+00
1.561602016517655400e+00
1.567383985346107789e+00
1.570527917539563667e+00
1.575166413330389537e+00
1.580894106764167528e+00
1.587129028018683163e+00
1.592047658141078736e+00
1.596283295872620744e+00
1.602675861213543884e+00
1.607511471526262614e+00
1.612689062031759324e+00
1.617564502146131344e+00
1.621356761374248556e+00
1.626627599500986898e+00
1.631324415609974210e+00
1.635498109933718247e+00
1.641911938811189797e+00
1.647039104616637273e+00
1.652526920015722212e+00
1.656977723822146809e+00
1.659744423572986349e+00
1.665191325079939055e+00
1.669612022128547757e+00
1.674967171881960759e+00
1.680319773390009486e+00
1.684655433804874258e+00
1.688516836325021586e+00
1.693865649023497344e+00
1.698873376398095436e+00
1.703907979910832537e+00
1.708010374245830576e+00
1.712758984818119723e+00
1.717841172663714833e+00
1.723947290694095802e+00
1.728450991192697517e+00
1.731517032855430127e+00
1.734068492075256485e+00
1.739856798669354054e+00
1.745112069446239422e+00
1.750753173759136638e+00
1.755691695997206203e+00
1.757506260677747401e+00
1.761971154930288330e+00
1.768949220917317655e+00
1.775457535708318435e+00
1.775891117302079492e+00
1.778416525856528763e+00
1.784846380847441738e+00
1.789906705953852928e+00
1.793601180806866147e+00
1.799474839318258912e+00
1.802432826523831633e+00
1.806802841940116977e+00
1.811055693851387316e+00
1.815914127955311042e+00
1.821198902607664261e+00
1.823688903687353147e+00
1.827651592098601618e+00
1.832379435032311488e+00
1.837364807751467044e+00
1.840558000568868202e+00
1.844249753342855236e+00
1.850622116113310289e+00
1.855083159977674034e+00
1.858019559865765613e+00
1.862636785299048414e+00
1.866709616167668173e+00
1.870589142956984086e+00
1.873633647728063290e+00
1.876049909919480951e+00
1.881113309170575842e+00
1.884945172998515162e+00
1.889516952207441314e+00
1.893871830748230733e+00
1.897220764233339407e+00
1.900942661931670497e+00
1.906040972951641876e+00
1.909015081879880116e+00
1.914987493109562733e+00
1.918130127510896399e+00
1.922621081384435326e+00
1.925064098846453353e+00
1.929951244164916258e+00
1.934037763027331991e+00
1.938566486654069054e+00
1.941817161926539415e+00
1.945439716150844545e+00
1.949022757596599931e+00
1.953130044869590742e+00
1.956944828174748352e+00
1.960062473441475994e+00
1.963802060542945149e+00
1.968375163946047834e+00
1.971646771825604771e+00
1.974601692692685040e+00
1.977599766545959259e+00
1.983380822296967994e+00
1.987248412279010612e+00
1.989636018485778424e+00
1.993291861353776007e+00
1.996658459416462916e+00
1.999866985497634753e+00
2.004291805320769448e+00
2.008172068094643326e+00
2.010951237541128478e+00
2.014617873284068494e+00
2.018116746522661487e+00
2.022046181983186308e+00
2.024638564162901666e+00
2.029364008459285884e+00
2.031822792458755078e+00
2.036133797916418686e+00
2.039167078330590854e+00
2.042460776401326061e+00
2.046647835209951527e+00
2.050022876563801777e+00
2.053081310700131112e+00
2.055285047178124103e+00
2.059793873777140849e+00
2.063229457221144258e+00
2.066267492470252432e+00
2.067840901440923584e+00
2.071413859294784388e+00
2.075646012017760000e+00
2.079767428586273059e+00
2.083365478686002525e+00
2.086771834213485111e+00
2.089956122153842966e+00
2.092186685003330382e+00
2.095734858283590629e+00
2.099354292195279914e+00
2.101686883511915127e+00
2.105725187036235901e+00
2.108738391059024941e+00
2.112362057588723641e+00
2.115446084943005456e+00
2.118263387713457568e+00
2.121260567164248823e+00
2.123754803723803430e+00
2.127294054665972656e+00
2.130706199778383159e+00
2.133194086242885756e+00
2.136899673423720447e+00
2.140092684991093730e+00
2.143000104721779486e+00
2.145819304374800396e+00
2.148249531365345799e+00
2.152342875974165182e+00
2.154879267045868296e+00
2.158911385455635212e+00
2.162943342125988266e+00
2.164775059202735719e+00
2.167861585491317467e+00
2.169852798493077106e+00
2.173887083257023622e+00
2.177763469416592379e+00
2.179788290661898387e+00
2.182213563285314795e+00
2.186152436669373866e+00
2.189008145243793280e+00
2.192096914397186680e+00
2.193575871398401045e+00
2.196803179474069445e+00
2.200421391590273057e+00
2.202911364437313502e+00
2.205872361653366198e+00
2.208701614728655116e+00
2.210400934389180616e+00
2.213386797617758361e+00
2.217003084675863711e+00
2.219225284149794586e+00
2.223345778867127809e+00
2.226408193124550294e+00
2.227718432830353201e+00
2.231080128888458081e+00
2.235122039535626381e+00
2.237037739343621823e+00
2.238801382607217505e+00
2.242773203781378566e+00
2.245788998294031114e+00
2.247665982552454977e+00
2.249909046658113976e+00
2.254121017708465402e+00
2.256789394661871562e+00
2.259527758849075418e+00
2.261701216992665131e+00
2.264532125423444953e+00
2.267133522801035639e+00
2.269659804654811097e+00
2.271585073781650976e+00
2.275476486214232263e+00
2.278521124073579429e+00
2.279721531697322945e+00
2.281996756210197930e+00
2.285120295385965949e+00
2.288201229024199534e+00
2.291319244767288765e+00
2.293447925120794650e+00
2.296093479046867003e+00
2.299711353177029238e+00
2.301798765690324267e+00
2.304338311730293132e+00
2.305258433753253566e+00
2.308426124550879255e+00
2.311547376741790227e+00
2.313200067209509658e+00
2.315423646174400663e+00
2.318875960833649330e+00
2.321675739730731713e+00
2.324295934438192379e+00
2.325981786560143316e+00
2.327901349593430425e+00
2.330787811875163928e+00
2.333818601734809484e+00
2.336777783026722233e+00
2.338778059256880315e+00
2.341350627577563071e+00
2.343000862172344156e+00
2.346077939924477107e+00
2.347651023393391156e+00
2.350930991381991575e+00
2.353042940821596041e+00
2.356074485324748391e+00
2.358704088176813762e+00
2.360837187727952813e+00
2.362010681539254975e+00
2.365169710779325030e+00
2.366581349800750633e+00
2.368731553994733563e+00
2.372029272267032418e+00
2.373764173214670592e+00
2.377125666020421413e+00
2.379276076120403260e+00
2.381426618774659776e+00
2.384407662513720716e+00
2.386419144898666023e+00
2.388362888164893061e+00
2.389609601927814353e+00
2.391837062398254776e+00
2.396007503783059267e+00
2.397690029387693933e+00
2.400115199858575021e+00
2.402046624899290883e+00
2.404771914707191982e+00
2.406831147237312507e+00
2.409986422943362516e+00
2.410863049303956007e+00
2.412579378263441043e+00
2.415823037539684304e+00
2.417582527651963353e+00
2.420209904388494593e+00
2.421238395748981809e+00
2.424782339640495721e+00
2.426849392494889290e+00
2.430116840644641840e+00
2.432150547413884034e+00
2.433471445295440461e+00
2.434824324570538323e+00
2.436750900579254253e+00
2.439985704088641238e+00
2.442586777458801262e+00
2.443595531981034519e+00
2.445916151518643833e+00
2.447700766616966561e+00
2.450113349507734739e+00
2.453117225380383903e+00
2.455638678064413050e+00
2.457792385520299216e+00
2.459278381805908964e+00
2.461123157399752959e+00
2.463595647947352862e+00
2.465518617020405756e+00
2.467327675482186233e+00
2.468866556051878103e+00
