-1.471045507628332490e-17
1.458277942845143092e-15
1.955102746364900605e-15
-2.837730050941899975e-15
9.769962616701378345e-16
-1.043609643147647089e-16
9.015010959956270240e-16
1.276756478318930077e-17
1.245115122117113044e-15
1.035838081975271060e-15
-4.174438572590588355e-16
3.302913498259840806e-16
3.347322419244847107e-16
5.606626274357040578e-17
8.937295348232510693e-17
-2.170486013142181115e-16
-2.964295475749167884e-16
-1.720845688168992687e-16
-1.804112415015879378e-16
-9.159339953157540965e-17
6.189493362285247910e-16
-1.386668557756820543e-15
2.792210906932268837e-16
-1.689759443479488326e-15
6.550315845288423243e-17
7.216449660063517759e-17
4.835021272242557207e-16
-1.510735980758681754e-15
-3.235745005270018690e-15
-2.658984143977249835e-15
-3.058664432842306151e-16
-2.958744360626042022e-15
4.099498518428390407e-16
-5.792588630981754526e-16
-4.843347944927245703e-17
1.516287095881807616e-15
2.756128658631951033e-16
9.518774657379936362e-16
-3.524958103184872016e-15
-4.920161500443498773e-15
-2.146928468338415807e-15
3.411698007438346344e-15
3.991191058205778354e-15
-4.042738366294429429e-15
1.806506333412727561e-15
-6.182658551789898998e-15
-1.754846268298138096e-15
8.835571163601229614e-15
3.872457909892546297e-15
1.387917558659523891e-15
9.746370377428092348e-15
-2.997602166487922856e-16
4.412026299860372313e-15
-4.769240558033516556e-15
1.366129431801255091e-15
-1.172395514004165362e-15
-2.799704912348488632e-15
-3.909650381217489136e-15
2.151612221723553265e-15
-4.715672297095352563e-15
-7.822631431508852290e-15
-1.787459069646502139e-16
4.745370763004075311e-15
-2.825517597671023316e-15
9.220402219511924753e-16
1.350308753700346603e-15
-8.387457395286901311e-15
1.303124275153777568e-15
5.974387651264123633e-15
4.359568261946833256e-15
6.106226635438360972e-16
-3.154143612960069747e-15
7.737144258612715678e-15
-4.330424907550423370e-15
3.662070646726078785e-15
-2.428057754855217464e-15
1.385003223219882745e-15
4.339306691747424433e-15
-3.355649091929535801e-15
6.077915948310419197e-15
2.618461003578431795e-15
-4.256595076412850555e-15
5.157541060896164519e-15
-7.780442956573096846e-15
3.334554854461657685e-15
1.352251643993440635e-15
-4.558575739110893007e-15
-1.087463452620340863e-14
-1.038058528024521424e-16
6.616929226765933139e-15
-1.020850071142831470e-14
1.019018203152199893e-14
4.899414207670816097e-15
2.527977827071481395e-15
1.998956555837594241e-15
-6.978306821281421088e-15
-5.660472091051360558e-15
4.740652315149417954e-16
7.470135621190365404e-15
1.447952868716129021e-14
1.328048782056612304e-14
2.512434704726729141e-15
1.239952585052606107e-14
6.565858967633175843e-15
1.777467062424875795e-15
-1.076305711222857932e-14
9.916512055951897462e-15
7.455147610357926800e-15
-4.035660694512444182e-15
-5.140887715526787329e-15
1.766364832178624072e-15
8.540945728441330023e-15
-1.281807993080974465e-14
1.254274462070270538e-14
-4.423128530106624036e-15
3.575473250805316449e-15
5.632161403923418782e-15
6.467049118441537045e-16
-6.994405055138486254e-17
-4.691247390553599246e-15
2.168820678605243317e-15
-3.193001418821950384e-15
-8.856249067434873281e-15
9.597878047884477819e-16
9.810485757100195201e-15
-5.336286967860814659e-15
5.302980277122060278e-15
2.535194276731545055e-15
6.173950239940495458e-15
-5.578315587229098753e-15
3.362865541589599066e-15
7.455147610357926011e-16
-9.858780458671389763e-15
1.047217867977678938e-14
1.104671909502030753e-16
1.031008611818151564e-14
-2.752797989558075831e-15
3.935740622296179857e-16
1.246835967805282128e-14
3.835265438567603458e-15
-1.402211680101572797e-15
8.053002709118572587e-15
4.757305660518795933e-16
-4.413691634397310110e-15
-1.049160758270772931e-14
7.854272787710670450e-15
3.820277427735163277e-15
1.256383885817058468e-14
-3.101963130802687516e-15
-4.621303340002214100e-15
-2.546296506977796383e-15
7.610578833805447769e-15
7.710498906021712489e-15
5.956346527113965076e-16
1.023736651006856777e-14
6.657452367164751573e-15
-3.449462937510361403e-15
9.992562333138720937e-15
7.265299473147024148e-15
7.689404668553834767e-15
-6.726286194691510995e-15
8.830713937868495817e-15
2.566835632933362032e-15
3.929079284148429060e-15
9.244827126053678070e-15
4.675149156696534129e-15
1.545874539488068068e-14
3.619327060278010480e-15
2.533528942194607257e-15
9.260925359910743976e-15
-1.953992523340275521e-16
4.390376950880181728e-15
-5.806466418789568391e-15
1.063427124137206154e-14
4.883315973813750980e-15
-9.647838083992609784e-16
-2.227107387398063878e-15
4.184430579812214748e-15
1.723621245730555568e-15
-1.474487199004670427e-14
7.120415368433442040e-15
4.640177131420841950e-15
9.510725540451404198e-15
-1.034616836648183355e-14
1.414257599918755716e-14
-2.313260694108976319e-14
6.088463067044358846e-15
-1.790068093754371299e-14
4.369837824924616080e-15
-1.015354467170936895e-14
-7.478462293875054393e-15
-8.726352973553730763e-16
-2.236544283107377803e-15
1.171951424794315269e-14
1.224298440405391438e-14
5.130895708305161330e-15
-1.114441872118732085e-14
-4.539146836179952295e-15
1.070477040343575955e-14
9.126588373931099151e-15
2.159938894408241860e-15
-4.523603713835200040e-15
-9.011125179370083755e-15
-1.404432126150823063e-15
8.623657343775903112e-15
4.292677324713167669e-15
2.238154106493084315e-14
3.381739333008226917e-15
-3.561595462997501992e-15
-1.806943483728673477e-14
-1.544764316463442659e-14
2.589040093425865084e-15
6.682987496731129827e-15
1.934508109258104064e-14
1.147193451345174234e-14
2.210231997423761780e-14
7.565059689795816730e-15
5.433986594027828719e-15
-2.874367410754530346e-15
-1.375066727149487677e-14
1.177835606824828612e-14
-9.326428518363627013e-15
1.117383963133988756e-14
-6.691314169415818816e-15
-9.076628337822966791e-15
1.505018332181862231e-14
-2.281508315604696691e-14
2.632338791386246252e-15
3.163580508669383672e-15
2.728373083016322119e-15
-1.166261531793111310e-14
-1.883382338974115404e-14
1.211503120046586471e-14
2.146616218112740266e-15
1.226629908757104197e-14
-1.390498827191777360e-14
9.468814621271803213e-15
8.736622536531512601e-15
1.720845688168992638e-15
-1.512956426807932139e-14
-3.901878820045113008e-15
1.067618216055166095e-14
2.260774900619821816e-14
5.077882558879309411e-15
-7.699396675775459977e-15
-1.526001547347277578e-15
-2.041339319802659778e-14
6.092626403386702552e-15
-2.308597757405550485e-14
-6.871447855161249928e-15
1.037198105180436863e-14
-7.591705042386819919e-15
-2.130295939650750319e-14
-2.660288656031184549e-14
3.910760604242114071e-15
5.117295476253502910e-15
-2.203792703880935891e-15
-5.226097332666767904e-15
2.471911564327911100e-15
-4.775624340425110922e-15
7.638334409421076880e-16
1.109862202142153377e-14
1.062677723595584224e-14
2.333688797762079001e-15
-8.897049763589848541e-15
-1.312450148560628842e-14
-1.181360564928013433e-14
-8.296696663023795268e-15
1.028621632315207598e-15
1.259131687803005598e-14
1.152244966107218678e-14
1.474209643248514074e-14
1.429689699961045280e-15
7.960021530806216674e-15
-7.128742041118129452e-15
7.051581540906681830e-15
-5.025424520965771143e-15
1.332933763364962968e-14
4.712619183777633004e-15
-5.779821066198565202e-15
1.038585883961218308e-14
2.331745907468985166e-15
-1.023181539494544230e-14
6.946110353567291643e-15
3.704536677417991055e-15
-8.191503031440561118e-15
1.388333892293758341e-15
8.975042931069765851e-15
-6.304123889577794999e-15
-6.169231792085838890e-15
-5.344613640545503649e-15
-1.014799355658624348e-14
2.930988785010413267e-14
1.321470710635708239e-14
-1.951022676749403079e-14
-8.841816168114746751e-15
-2.056410597361946297e-15
-8.922307337400069969e-15
3.860245456621669638e-15
2.365052598207739783e-14
1.114636161148041468e-14
1.143821148907875391e-14
-5.265787805797117440e-15
-5.854899898238840971e-15
-3.389649672058681062e-15
-1.859887244215485756e-14
-3.776839951896704090e-15
-3.064673514963089828e-14
2.175176705421222474e-14
-1.245364922297653714e-14
-1.956698691962799393e-14
1.250596848301199739e-14
-1.410788152966802102e-14
5.158928839676946280e-15
-4.349159921090972413e-15
1.825761763996069805e-14
-2.548336541785545225e-14
-2.071912086343274988e-14
-4.810318809944647064e-15
-1.214847666908269711e-14
-3.521349878354840383e-15
-1.893804557617784364e-14
3.020361738492738179e-15
6.422501419578452726e-15
7.179673522372809518e-15
7.316508510157860251e-15
-3.575195695049160412e-15
-1.071712163458471423e-14
8.167772014289198089e-16
-5.284522819337667272e-15
-1.401691263058779637e-14
2.270843235674391356e-14
1.779479341657008639e-15
7.790226796977606606e-15
-3.338787579743041189e-15
1.246482084216182708e-14
2.109916408254974865e-14
-4.519301599614777527e-16
-1.511499259088111644e-15
-7.295830606324216584e-15
5.103903411018961518e-15
7.340170138370182890e-15
-2.034594714928061775e-14
3.316489444182834922e-14
1.749086986357894931e-14
5.230087196661514876e-15
1.464314780541542412e-15
-8.053072098057611596e-15
-2.631955417498055371e-14
2.199917331635603520e-14
-1.000288393782078420e-14
-7.993952721996322334e-16
-5.624389842751042655e-15
1.541977700039720529e-14
-2.367973764121067402e-14
1.083118620834322396e-14
-1.322668157725109772e-14
-2.250788097568623388e-14
2.651249879359607471e-14
-6.790921991406406417e-15
-1.499737833920988742e-14
-3.020708683187933619e-15
2.481105598750588099e-15
-1.623562395636213225e-15
-7.405118185310755431e-15
-6.510555983219035044e-15
-1.130182752939745752e-14
-1.930261506188912837e-15
-2.403417742602442824e-14
7.838452109609762159e-15
-5.016820292524925920e-16
2.308112034832277105e-14
-4.265615638487929636e-15
3.217912047936977160e-15
-4.820310817166273062e-15
-7.289308046054543214e-16
1.988756381798850662e-14
-7.388256673124260424e-15
-1.560099271991077886e-14
1.393947457462019271e-14
2.828709488866820894e-15
-2.325285797244447495e-14
6.672856711631425021e-15
-1.921476866506566151e-14
2.543507071628425769e-14
3.136796378200301676e-15
2.396832732287634937e-15
-1.477790112502930103e-14
-9.393319455597293389e-15
-2.059394321740626373e-14
2.072592097945857909e-14
-2.565725409908736702e-15
1.331698640250067500e-14
2.244954222518913525e-14
7.677192215282958108e-15
-9.421352586969078339e-15
1.908750935086800508e-14
-1.538630334252388884e-14
-1.071920330275588569e-15
6.735167978888512058e-15
2.536471033209863928e-14
-1.080274758535892886e-14
-1.985217545907858039e-14
-2.574176982683695908e-14
-1.539726679489206175e-14
1.439542929304593536e-14
6.986772271844188096e-15
1.466174404107789554e-14
-2.124078690712849417e-14
-3.103892143307973785e-14
-5.482420073477101299e-15
-4.063402392340264821e-14
-1.180305853054619547e-14
1.124572657218436733e-14
-3.686773109023988929e-15
3.134159598516816961e-15
5.619116283384073225e-15
4.954398002965376665e-14
-1.833172502685442926e-14
-1.200345378649103698e-14
-7.006339952653206827e-15
1.085520562327246792e-15
-1.926320214451493409e-14
-4.392874952685588425e-15
-1.206340582982079455e-14
1.605104937851820021e-15
-3.362310430077286598e-15
1.049216269422004138e-14
-8.146261443187086115e-15
-1.922489945016536631e-14
-1.336153410136375833e-14
1.737998633899451167e-14
-2.077366056951746158e-14
-3.297362383136714846e-15
-1.524058657054183546e-15
1.102090640969777250e-14
-1.876110378162820931e-14
-1.716377040494876345e-14
2.075201122053726863e-14
-1.400463078837788070e-14
4.755529303679395248e-14
-6.706857291760570282e-15
4.198585923376186031e-15
-2.680883293137981089e-14
4.572453526918707464e-15
-8.169853682460371323e-15
-7.202294316499547019e-15
-4.202194148206217663e-15
7.516487432468466131e-15
-2.851607838749714432e-15
1.037558927663440026e-14
-1.060096455063330716e-14
-2.043643032578756776e-15
1.676520033910833187e-14
1.628280843490870148e-14
-1.866007348638731966e-15
-8.513745264338013183e-15
-1.876276911616514553e-14
5.096756350297937262e-15
-1.527944437640371610e-15
1.886824030350453651e-15
-6.218359160925501562e-15
-9.020562075079396891e-16
3.581024365928442705e-15
6.075417946505012500e-15
-4.324873792427297114e-15
-2.553790512394016474e-15
4.268807529683727115e-16
-2.182004577022666973e-14
-1.111138958620472250e-14
1.387084891391054953e-14
3.006483950684923722e-15
2.630701212424923900e-14
9.773570841531409188e-15
-1.679434369350474412e-14
-1.155797679786019261e-14
1.836558682910549730e-14
1.411065708722958296e-14
1.490196854803116303e-15
1.113553693699031939e-15
1.342870259435358075e-14
8.772427229075674467e-15
1.130651128278259459e-14
-3.525513214697184720e-14
7.710776461777868525e-15
1.729755227941609620e-14
3.599343045834757693e-15
2.044003855061759939e-14
7.161493620344571759e-15
-6.598888102615774187e-15
-1.108946268146837667e-14
-1.267097538004691109e-14
-3.275435478400368225e-15
5.032085859113521743e-16
-1.004224481349069726e-14
4.429789868254374439e-15
6.721012635324541564e-15
-4.028999356364692991e-15
1.148248163218568120e-14
-2.141953281409314589e-14
7.415734692983733301e-15
-1.221578393995059754e-14
-1.960320794580638828e-14
1.855737785660949220e-14
-1.885269718115978347e-14
1.142363981188054778e-14
-2.276512311993883376e-15
1.190436638154324037e-14
-1.281086348114968138e-14
-7.376876887121851876e-15
-8.649747584854594228e-15
-1.804667526528192083e-14
