6.994405621244146817e-04
3.808819220573340914e-04
1.043328380185788934e-03
2.258686076120317715e-03
3.381786889002471805e-03
4.467351195210638934e-03
5.319569055623635592e-03
6.064400270057282265e-03
7.364833866407978664e-03
8.515637488960239865e-03
9.662583035408366106e-03
1.089447417668426045e-02
1.303792353413540418e-02
1.378409953643150096e-02
1.629629840501709004e-02
1.685196256837901210e-02
1.713610548659566524e-02
1.811567189094377348e-02
1.887928441504436658e-02
1.987162997942028622e-02
1.997253571580066139e-02
2.190788964692314336e-02
2.344985822844145376e-02
2.554512768165436570e-02
2.563224030961140307e-02
2.627918536999767143e-02
2.605029084782509163e-02
2.680366960854813421e-02
2.616031121114694227e-02
2.579292451118399276e-02
2.700026178774711516e-02
2.785233635125529059e-02
2.867691798241978757e-02
3.059142215659910527e-02
3.114950024492673525e-02
3.113905147064225526e-02
3.242520107481593888e-02
3.161624222280120383e-02
3.215412125315195158e-02
3.179863968764366083e-02
3.294133337307635773e-02
3.256601690494156931e-02
3.365606281295444036e-02
3.368681401742653486e-02
3.466939676630328288e-02
3.630559472213559791e-02
3.626383445589840410e-02
3.621441409378780424e-02
3.731717594662762455e-02
3.728554440554331106e-02
3.757873660413897643e-02
3.931133712370136341e-02
4.021128206291006701e-02
4.060046798673214163e-02
4.021151745410111306e-02
4.209587748747628533e-02
4.230230517911139076e-02
4.285049126029441546e-02
4.359169873625767799e-02
4.391429010443653747e-02
4.457353489483062425e-02
4.625191988896373146e-02
4.641287303102650807e-02
4.679936485073086377e-02
4.727819291149924080e-02
4.772110976461473031e-02
4.930978831098322551e-02
4.991452334187235912e-02
4.985361975554026409e-02
5.081048380369857648e-02
5.187601584562988311e-02
5.166426750507165100e-02
5.278385369120992127e-02
5.598304939086217596e-02
5.462805663507511872e-02
5.482762526445543461e-02
5.632966168647009914e-02
5.709776707066146345e-02
5.700726431630435964e-02
5.838292182637881689e-02
5.705152037817417393e-02
5.970115106867630167e-02
6.081852165334632188e-02
6.085465452105851686e-02
6.201935177683006589e-02
6.044176370355865135e-02
6.072798442305522154e-02
6.271148281638727617e-02
6.338865457215775434e-02
6.433944619135084642e-02
6.532138386112629203e-02
6.569423866834847581e-02
6.771180359785720915e-02
6.525426452771093677e-02
6.842505719652584861e-02
6.839874245678725928e-02
6.877298869825357319e-02
6.848041692520509538e-02
6.981137664995223924e-02
7.083674892796051892e-02
7.154361510625961706e-02
7.073066962106218381e-02
7.285738808312836046e-02
7.256894076505615576e-02
7.172309806292781476e-02
7.355822584524634999e-02
7.391160552523133587e-02
7.479770526834217392e-02
7.548196197864825985e-02
7.543696226647413072e-02
7.456362816492470569e-02
7.685556467290259597e-02
7.676639137921040246e-02
7.683623309688454583e-02
7.633153323366077825e-02
7.931278435056776654e-02
7.828288011278530800e-02
7.947997684410661179e-02
7.972468300855793666e-02
7.940468950368559375e-02
8.049331969516465568e-02
8.154329252136811867e-02
7.932230364645168064e-02
8.043572697968832952e-02
8.237271584932885637e-02
8.261922868073109938e-02
8.308086878640970341e-02
8.292401680700782485e-02
8.268543825389261526e-02
8.416852476056869981e-02
8.372690387031314629e-02
8.387451697254627581e-02
8.501013943434852782e-02
8.492358008904286881e-02
8.462708596452045429e-02
8.355694024836886336e-02
8.534213131493717519e-02
8.551347184462139428e-02
8.671382955756437583e-02
8.733999311452807224e-02
8.657672223025536518e-02
8.647611029281269956e-02
8.818633707597359206e-02
8.679974587730086844e-02
8.679739835336211518e-02
8.694134219634974681e-02
8.784565441194248925e-02
8.780723361833721319e-02
8.747335467209485516e-02
8.691016183612050583e-02
8.792222269379404431e-02
8.821046385212372165e-02
8.778021705436571398e-02
9.011187744738939631e-02
8.926683741010897621e-02
8.882845653415605280e-02
8.995691204770306371e-02
8.818625231094895378e-02
8.857176956766824039e-02
8.969725015905952170e-02
9.043145610662739475e-02
8.857936272507363484e-02
8.918016209012567808e-02
9.041620867433293463e-02
8.949300019582737131e-02
9.058568726523964776e-02
8.904554105815046250e-02
9.015506986492281827e-02
9.064137260200187673e-02
9.051346581803550173e-02
9.029882336103454976e-02
9.172464795768790757e-02
8.993106511796668256e-02
9.023935907709891568e-02
9.005673882788767237e-02
8.978781613615248458e-02
9.116649216702725489e-02
8.992453868706769271e-02
9.085354865896204390e-02
9.012130719132786794e-02
8.981650363401535997e-02
8.964401721474946072e-02
9.123242145542856396e-02
9.060739666192962893e-02
8.969090295095936971e-02
9.006292363437161386e-02
9.011619187945511811e-02
9.046879945646615906e-02
8.991324338601028310e-02
9.015958205986686347e-02
9.085431929903825532e-02
8.967728124622785513e-02
9.049044423400734449e-02
9.053825828578633550e-02
8.916085655071716298e-02
9.084275285457323046e-02
9.021946577773842790e-02
9.065473262353168638e-02
8.957983073383955774e-02
9.017791850385577235e-02
8.993547670630316904e-02
9.011771345833181901e-02
9.036209139669613977e-02
9.024986026764308944e-02
8.921236135259022482e-02
8.948149215490747155e-02
8.960135185241967226e-02
8.994326831170604275e-02
8.962340377013397474e-02
8.916588022812919900e-02
8.914869784880198600e-02
8.984227718850679167e-02
8.852374952242521300e-02
8.851272812173560656e-02
8.900143181409862769e-02
8.916825789489313259e-02
8.861842310559120417e-02
8.853333788370972013e-02
8.895037561164563511e-02
8.839615232409442358e-02
8.943604989857718846e-02
8.832826507181222586e-02
8.806514712649426979e-02
8.896625255838520874e-02
8.796314439199237611e-02
8.853031843929198841e-02
8.823068197975116045e-02
8.834193643569129839e-02
8.800792585476749363e-02
8.803539318976509598e-02
8.731008623762660792e-02
8.787220678640325633e-02
8.737433720864366815e-02
8.757223330746999324e-02
8.756494778663614920e-02
8.817887915433479662e-02
8.778282680968997609e-02
8.702918263745565430e-02
8.698412478334843767e-02
8.696502476664323689e-02
8.696329320427392817e-02
8.638404074832294055e-02
8.694419688587091966e-02
8.684229725673243971e-02
8.606399772628760270e-02
8.662289540399761845e-02
8.598351699801118353e-02
8.622452471507718874e-02
8.567478609584525118e-02
8.630670181912734884e-02
8.589126951547944311e-02
8.607548837437883904e-02
8.621959519182521847e-02
8.571979582338030978e-02
8.661311455606601761e-02
8.489770431804651019e-02
8.582959836046330504e-02
8.576778885726805968e-02
8.545904414097951762e-02
8.494322617739379078e-02
8.539140102194903159e-02
8.531397687591130152e-02
8.560768980684574370e-02
8.562261123609560265e-02
8.524480191613227620e-02
8.521178706422817550e-02
8.504494803977592776e-02
8.472323601831681372e-02
8.499110381603558473e-02
8.503787161174551634e-02
8.541118125279745232e-02
8.510985301856281715e-02
8.477347193096855527e-02
8.506212623442124809e-02
8.482541525324005516e-02
8.511644454565757412e-02
8.485059573130292188e-02
8.453064342596570968e-02
8.464637115946309354e-02
8.493556080986031098e-02
8.443334025229284889e-02
8.476851943469011774e-02
8.511828929743082972e-02
8.482235909520774442e-02
8.448756354763810317e-02
8.515828374650320776e-02
8.452303087139900750e-02
8.463420553829323345e-02
8.474105973156013938e-02
8.444245771377784093e-02
8.495143068266354514e-02
8.429400591833899337e-02
8.437241350994699463e-02
8.434908133549132159e-02
8.459903639532768971e-02
8.460082508517029198e-02
8.461710451554022017e-02
8.435763055906923824e-02
8.466505019452233438e-02
8.483282226468602527e-02
8.477406373582813126e-02
8.530026874093431244e-02
8.558609521334047121e-02
8.490732109986089127e-02
8.497871348445348860e-02
8.460498636332247635e-02
8.519387105226700063e-02
8.510472795373179300e-02
8.533550550623933417e-02
8.515894477061493328e-02
8.488170472405320854e-02
8.494289619250369738e-02
8.527041031731218135e-02
8.533233743926299519e-02
8.546264834722577808e-02
8.532085979774516049e-02
8.590628447618608998e-02
8.559033192286032155e-02
8.543751568444929445e-02
8.587208461000911397e-02
8.582419184278027025e-02
8.563536308460759083e-02
8.642076176084888262e-02
8.609290027377228260e-02
8.676949516456063105e-02
8.654686313635323591e-02
8.631780496973656680e-02
8.669678104732121693e-02
8.641672674688855027e-02
8.681476771624642430e-02
8.646352298001595826e-02
8.673517472844076426e-02
8.730428096873185662e-02
8.747705085916465673e-02
8.726348235381041485e-02
8.734650526751910893e-02
8.746550563327072647e-02
8.734196840019319008e-02
8.797082596201093174e-02
8.767805576559686842e-02
8.819305077486956634e-02
8.806059309495549436e-02
8.811112625345492166e-02
8.840064574407745235e-02
8.837654643743657334e-02
8.866060136514125611e-02
8.871671234834496711e-02
8.861759813801092789e-02
8.923374282086531106e-02
8.922269304854767158e-02
8.901486261203735151e-02
8.944201690927279513e-02
8.975482867824977062e-02
8.957275235100491118e-02
8.954597383772477937e-02
8.985782466477056085e-02
9.013930197543260081e-02
9.042115796236076253e-02
9.071984464634516576e-02
9.044338750910498048e-02
9.135082359377247330e-02
9.075526331121210044e-02
9.110768960377212122e-02
9.105296979263678703e-02
9.149418671198725206e-02
9.167900436407994125e-02
9.166840837134086761e-02
9.218066353992657169e-02
9.226919511750573955e-02
9.253376923453035530e-02
9.221978359859404895e-02
9.271314141308416301e-02
9.252977042086477089e-02
9.251999797730321717e-02
9.306550989539585927e-02
9.322108434636959540e-02
9.326447958735248345e-02
9.353898844005979762e-02
9.367611148046182945e-02
9.418909123593087462e-02
9.404756054486607120e-02
9.449597830194811365e-02
9.476879369903848382e-02
9.493298073877534660e-02
9.501225572253033103e-02
9.545478725177290735e-02
9.529342518766731329e-02
9.545295174886354872e-02
9.559459892646073043e-02
9.582972784430535129e-02
9.568987208719254012e-02
9.657912674752018589e-02
9.664112528611350228e-02
9.677636981520229553e-02
9.693272049384694944e-02
9.752696359550025451e-02
9.741337694712724760e-02
9.760680653055998912e-02
9.797187955777754420e-02
9.786277693986751569e-02
9.849762046151340489e-02
9.866106887709431839e-02
9.833140316418237381e-02
9.893456365085157023e-02
9.920670927110439297e-02
9.927553197711706801e-02
9.957084234611546236e-02
9.990526918867545514e-02
1.003502605962132005e-01
1.004885101078665244e-01
1.002585695476456984e-01
1.006345330485537842e-01
1.009577125522299335e-01
1.009821467831961972e-01
1.021663022148457389e-01
1.019046225778184045e-01
1.018963240953595084e-01
1.020100606756622202e-01
1.023076302968258799e-01
1.022814603971832353e-01
1.029953464356874598e-01
1.031439534708945005e-01
1.032974448930400885e-01
1.033279696406256554e-01
1.035900368357547674e-01
1.039948115687744645e-01
1.043732268249062956e-01
1.040714515428105835e-01
1.046565921086537315e-01
1.047777019681171984e-01
1.049417974623519934e-01
1.054097903877847242e-01
1.055687795502679577e-01
1.056414104719839847e-01
1.062168437777907121e-01
1.060236306281770319e-01
1.065649961591006029e-01
1.065674416440289402e-01
1.067282513429278767e-01
1.068606545316702350e-01
1.071521601762949194e-01
1.075904598544842605e-01
1.076605042348588032e-01
1.081515767379016280e-01
1.084714967381130851e-01
1.084168046645357791e-01
1.089194922651295083e-01
1.089740741194816370e-01
1.094678147986777733e-01
1.095246185917369552e-01
1.098959293078874966e-01
1.100904881716084360e-01
1.101038675786398802e-01
1.104976616636671460e-01
1.105851320147655803e-01
1.109802904672787249e-01
1.111921615399883989e-01
1.113146818747992456e-01
1.120288147114531091e-01
1.120002394125978046e-01
1.120495231709582318e-01
1.123836893395801367e-01
1.127079710427749820e-01
1.128852278531683462e-01
1.130942580480327059e-01
1.135008284056761990e-01
1.135942821338369185e-01
1.140174259410389884e-01
1.140966951269204444e-01
1.143838212677236871e-01
1.149168341997231502e-01
1.148816929560236705e-01
1.152597209325161437e-01
1.154380390220209190e-01
1.160171411792541296e-01
1.158872708000320689e-01
1.162240177676686359e-01
1.164035493604582278e-01
1.168241641598630060e-01
1.169682417155778337e-01
1.168669557400411341e-01
1.173038228796608601e-01
1.175394189745847529e-01
1.176726074083833395e-01
1.183869677070089610e-01
1.183706585603600120e-01
1.188800248881729943e-01
1.189592109630944611e-01
1.191232357775725836e-01
1.194174064229326926e-01
1.200251365555016769e-01
1.195700385189769344e-01
1.200222798245105110e-01
1.203868445718706548e-01
1.206386029461397197e-01
1.209674753039241130e-01
1.211065741629379772e-01
1.213726199804523176e-01
1.214748811166748155e-01
1.218301646660844839e-01
1.222115075648551874e-01
1.223607958668922052e-01
1.224700949202256334e-01
1.227460547200236313e-01
1.231880102154036816e-01
1.233269516273155647e-01
1.237039769880221435e-01
1.234759364945459958e-01
1.241716190876787085e-01
1.242407003308027696e-01
1.245003660996135270e-01
1.243822888180053932e-01
