-3.278785145524991678e-05
-4.301622041384314983e-03
-5.302201859103473566e-03
-3.310609233929893633e-03
-1.334315672782416563e-03
-1.029858501305332998e-03
-8.904317895325900359e-04
-9.244585455968257117e-04
-1.477275159738201081e-03
-1.399883026044075086e-03
-1.346035948918883340e-03
-2.189216090845185446e-03
-1.368253459567866665e-03
3.233952750078321293e-04
5.958013578929507049e-04
2.421622778854388980e-03
3.962931475934288773e-03
2.181479546092639048e-03
1.910653608952644390e-03
3.410406542812767332e-03
4.342448061448571546e-03
6.035494416975967398e-03
8.435578061052757468e-03
1.198198246296119235e-02
9.430015782951240225e-03
1.163554295249077247e-02
1.645218365428223473e-02
1.528637895466536736e-02
1.980366908923201358e-02
2.109706193218916642e-02
2.227015154063909097e-02
2.094355945998195925e-02
2.426647706322091619e-02
2.554069322969614378e-02
3.265223841490312584e-02
3.531495161574513264e-02
3.582502193319327816e-02
4.086289559443666980e-02
4.376914083405749473e-02
4.160375004497044588e-02
4.755541170791013905e-02
4.874714127175942824e-02
5.018218371636878894e-02
5.192496812215728619e-02
5.250745353120082892e-02
5.739091054306481171e-02
5.953859605863724702e-02
6.279941115583950739e-02
6.771034204198482509e-02
7.066670149998467709e-02
7.114549023489549762e-02
7.609620782261773686e-02
8.129975057381999548e-02
8.072958750742899314e-02
8.190675707363059832e-02
8.597252610795907968e-02
9.108163954288665820e-02
9.909743092158265765e-02
9.911328736790613048e-02
9.645802043050227814e-02
1.025348371375028600e-01
1.034597167617578584e-01
1.079874500500283968e-01
1.122797558061906509e-01
1.136124312143367149e-01
1.150401936837461697e-01
1.238641704019811107e-01
1.224777411989077108e-01
1.274781088581503075e-01
1.285614058241358604e-01
1.334156349713721268e-01
1.411845659989202917e-01
1.409181822896153902e-01
1.423792881863435444e-01
1.496928200374403328e-01
1.492664385393338844e-01
1.547112033357580796e-01
1.568695877924978777e-01
1.579271378087438449e-01
1.672674004183672958e-01
1.725650004812495641e-01
1.702187012635879571e-01
1.763849460631026489e-01
1.851692459640815192e-01
1.805766300257294066e-01
1.805806319235251645e-01
1.851064334687605173e-01
1.886018461995224160e-01
1.956450499382686170e-01
1.930850385745426501e-01
1.962196555399434994e-01
2.054424204001186749e-01
2.083722910602408551e-01
2.108560171859190369e-01
2.154699687725321333e-01
2.220645531988333921e-01
2.189067547202845077e-01
2.284493476734119621e-01
2.274701655885278395e-01
2.307759988986630151e-01
2.364450018220441152e-01
2.406446943942064098e-01
2.409385826513976148e-01
2.443993267394337088e-01
2.459491745649490246e-01
2.532532101780036182e-01
2.562737427647381327e-01
2.571256540063102669e-01
2.649268974770684903e-01
2.636086105862235907e-01
2.672838673816362864e-01
2.682656378377757944e-01
2.709468110863946788e-01
2.767889249094649395e-01
2.837287542756862790e-01
2.823967218133453527e-01
2.860534787826100600e-01
2.915809578971749749e-01
2.923198624575965576e-01
2.951109093726757004e-01
3.037071699975857908e-01
3.035972953296990351e-01
3.063976907707787745e-01
3.112974057506601722e-01
3.160143167456822555e-01
3.190634326097001594e-01
3.237433237667993735e-01
3.249870054070819747e-01
3.290348009426846132e-01
3.311304740089101029e-01
3.327811949961718141e-01
3.403274754786327350e-01
3.408146533840977765e-01
3.428255245266887963e-01
3.463030887815795600e-01
3.520246524773474328e-01
3.528035965022584541e-01
3.577695294278614435e-01
3.656935666639531957e-01
3.651944925143935650e-01
3.680244469226778836e-01
3.739090201375742661e-01
3.753771488578834248e-01
3.792216931376471423e-01
3.821075619293102243e-01
3.836430580044797312e-01
3.888265693266506617e-01
3.920366607945506843e-01
3.987182064778616031e-01
3.973343151541572915e-01
4.013401534864574627e-01
3.995609489127670555e-01
4.064667887829297999e-01
4.100973701023235551e-01
4.091908460063081177e-01
4.183022112070950982e-01
4.187427673891614410e-01
4.229560521603238366e-01
4.237517471835059446e-01
4.281692560090168964e-01
4.307492283818548651e-01
4.347431904960598059e-01
4.395790785282628343e-01
4.418790023287892388e-01
4.485750250826543439e-01
4.485017720201833202e-01
4.477408135140824030e-01
4.525754103243134208e-01
4.573568508411661182e-01
4.587908691220638491e-01
4.636834222524630622e-01
4.681217015031072237e-01
4.692885872443365303e-01
4.727919136529281641e-01
4.765837708719004029e-01
4.786590983671122346e-01
4.812053651504841212e-01
4.846070162972531126e-01
4.853327452369696760e-01
4.892540843473393020e-01
4.929348111537666388e-01
4.951751219125825054e-01
4.994450413372512054e-01
5.050273310701041130e-01
5.069326574962629284e-01
5.077985849504887961e-01
5.089605498470978207e-01
5.135059720843613285e-01
5.156564875503069079e-01
5.222085061917288717e-01
5.243034776995897372e-01
5.242958260386303415e-01
5.282664735672948364e-01
5.308034552462292943e-01
5.341804111604863126e-01
5.357291746352614847e-01
5.418537245946923875e-01
5.434558253284299534e-01
5.468225963482133967e-01
5.468557426762622464e-01
5.517791928166204674e-01
5.555521827343856689e-01
5.569027619366193615e-01
5.596664324488311859e-01
5.620666246016841061e-01
5.630017707120636983e-01
5.672928775950408786e-01
5.711049805665370238e-01
5.742484689345559445e-01
5.757427870345316334e-01
5.790733445535360957e-01
5.843342507572709676e-01
5.839868634483239562e-01
5.874324892205334825e-01
5.924996812846209382e-01
5.951439576115133967e-01
5.965860046090698532e-01
5.978807576993293571e-01
6.020444617983052860e-01
6.049341284403633168e-01
6.051258466094712185e-01
6.080742719399594431e-01
6.145612014600869699e-01
6.151480673624528661e-01
6.161534705565849812e-01
6.202595091323741539e-01
6.239402822802712079e-01
6.261428439709938454e-01
6.283633142679801997e-01
6.311011529271192133e-01
6.335061350810241576e-01
6.352989511681812473e-01
6.387717803393059279e-01
6.427932044980770865e-01
6.426927453235588006e-01
6.469297587925697535e-01
6.490641278006730186e-01
6.513966215304338725e-01
6.547099702040006797e-01
6.574805703995543205e-01
6.587528890080094346e-01
6.611819853569212979e-01
6.641854491924849002e-01
6.663456199221664544e-01
6.689999504820742793e-01
6.719354506183710107e-01
6.743961631513246680e-01
6.765594338455539480e-01
6.762368330537151806e-01
6.796663419337093393e-01
6.822344836316091010e-01
6.847033221776414047e-01
6.873100192713940126e-01
6.873979130654678249e-01
6.921760878419201957e-01
6.952311891034099745e-01
