4.655165142253281342e-15
2.962075029699917816e-16
5.853650897336137820e-16
-6.858402734621904765e-17
5.776490397124689803e-16
-8.166800569142651369e-16
-1.032507412901395575e-17
1.187938636348917475e-17
-5.907774269786613787e-17
4.667377595524157804e-16
-1.237898672457049533e-16
-9.674483436583614551e-16
-2.071676163950542219e-16
4.951039578315885860e-16
-3.204103649068201910e-16
2.960742762070367380e-15
-2.680300426050052860e-15
2.607469795634642723e-15
2.852496017169414854e-15
5.611511255665390877e-15
1.444067088129941076e-15
1.088462653342503502e-15
1.952438211105800128e-15
4.196643033083091506e-16
6.872169500127256571e-15
-7.414069358446795306e-16
7.815970093361101591e-17
2.637556839601984554e-15
-1.266320381887453615e-15
-7.347233932364360650e-15
1.320610287791623658e-15
-1.101008173520767721e-15
-2.154609823890041301e-15
-1.088018564132653452e-17
-7.016609515630989405e-17
1.969424623382565272e-15
-5.803135749715693584e-16
-4.245492846166598831e-15
-4.949374243778947668e-15
4.464539848925142103e-15
-2.332023463225141203e-15
3.672284698552630087e-15
-3.524180947067634245e-15
6.317169010117141149e-16
-5.182188012042843140e-15
-2.689293232549516574e-15
8.485545599512533664e-15
2.927713627087769036e-15
-6.178557665492689769e-15
5.401235014801386806e-16
-9.039768933405412301e-15
-2.957523115298954435e-15
-4.080402682404837846e-15
1.898703416713942750e-15
2.578603996994388480e-15
4.682032539449209834e-15
-4.099165451521002650e-15
2.235156504326596437e-15
5.018208071305707878e-15
1.260991311369252859e-15
1.017391726421124003e-14
1.150191053511662113e-15
-3.071543019927958126e-15
-4.301781153515094035e-15
2.188416114989877416e-15
4.600764214046648451e-15
1.484701250831221767e-15
-6.545652908584997754e-15
-2.551014954832453346e-15
-8.574807530692396082e-16
3.505862267161319257e-15
-2.405853294362714412e-15
-1.116384762411826196e-15
2.786493258355449294e-15
2.347982919204127907e-15
1.023764406582472420e-15
4.960976074386280730e-15
1.226824197786413620e-15
7.698841564263147903e-16
-6.486672310401786313e-15
-3.696654093943152670e-15
-2.486066907891881594e-15
1.598748911035841022e-15
-4.269445907922886571e-15
2.017941369558684348e-15
-1.589284259750911582e-16
-7.237710430985089803e-15
1.027888885118954967e-14
-1.051297937593176425e-15
-1.296157625674254578e-15
4.568512235181288272e-15
6.361300375345990822e-16
5.106803868670794783e-15
1.877858979426605304e-15
-4.991659863229358671e-15
1.717903597153735927e-15
6.616485137556082533e-15
3.220729238861963536e-15
4.036909695415147136e-16
-9.172440584848117750e-15
-1.203342980815591458e-15
-4.789502128232925378e-16
3.461939068749586612e-15
-5.108830025690735902e-15
-2.322309011759671241e-15
5.734898667064669484e-15
3.176889307177077781e-15
-3.822532568253933442e-15
2.718568425930101130e-15
4.542623222025809652e-15
-5.547187709176170996e-15
-9.957423774409335768e-15
-5.299878591547013728e-15
2.900603368605203618e-15
-1.114742326224771263e-14
-6.596410917492079509e-15
-1.854797565536969857e-15
9.606487480495751047e-15
-2.915986896390165836e-15
6.363822663280061211e-15
3.657761593611752529e-15
2.486290687220282832e-15
5.829912941290871048e-15
-4.683467155763843045e-15
7.692249615054435721e-15
-6.869124193065178920e-15
2.728919520911254908e-15
-9.175778192815897089e-15
-3.584185032101671861e-15
-7.240819055454039308e-15
-1.430397467139243844e-15
-1.162618612493559937e-15
4.327500163769926214e-15
6.145285669223454893e-15
5.190077534411586056e-15
-7.185710360069208049e-15
8.713446630892462829e-16
2.419522915353411447e-15
-2.051456227114556545e-15
1.081761763499500225e-14
2.729844128523950376e-15
-3.576874907373905697e-15
4.027306266252139431e-15
2.626412975992309189e-15
5.120917578871342029e-15
-1.770014690372079346e-15
1.243255498550865902e-15
-5.260188118416664193e-15
-2.668670839867104430e-15
4.243848328311372263e-15
6.006542485614829830e-15
-2.311664748511077609e-15
-3.462882758320517768e-15
6.295602927863797257e-15
2.382607999784625040e-15
8.650996585757298365e-16
1.068242716506517730e-15
-2.339517468641361293e-15
9.925116284392743277e-16
-1.481648137513502603e-15
-4.471423231677817809e-16
-9.513501098012967326e-16
5.819955628538764554e-15
6.846384570380337253e-15
7.992995154637583495e-15
1.045302733260200550e-14
7.785744271515682827e-15
-4.639177930698679271e-15
4.506256479075431969e-15
-2.532196674565057018e-15
-1.124422777110112252e-14
1.297431606595012033e-14
4.930500452360320015e-16
8.928746630942896647e-15
5.007105841059455761e-16
-1.232597357514464390e-15
-1.185412878967895355e-15
1.115607606294588622e-15
-1.152966611073225044e-16
2.383371278114054929e-15
-6.210892911084897233e-15
-5.106692846368332526e-15
7.401718127297840826e-15
5.854483564604606719e-16
-6.633610327710926090e-15
2.260303055834356396e-15
3.945427318186034452e-15
1.139122129956149303e-14
3.361977363169899039e-15
7.301381721447342248e-16
1.737082699904135576e-15
6.461720047923335895e-15
3.465422393489348107e-15
5.091926880140817648e-15
4.585054558248202417e-15
5.600048202936136622e-15
-1.350308753700346603e-15
5.909689404504092945e-15
1.157593465528350427e-14
1.253311343596408271e-14
-9.029443859276397165e-16
-5.347333686955834859e-15
-1.597721954738062779e-15
1.586797360175751101e-14
-9.442752135768728648e-15
8.130635054115487365e-15
-9.164835557129435403e-15
2.809641408418883502e-15
1.255481829609550402e-14
1.424571571817523285e-14
-1.440747521286311745e-14
2.337602333923882826e-15
1.545541472580680351e-15
-2.317535052753783150e-15
1.109137781618585396e-14
-1.875360977621198607e-15
-6.616929226765932695e-17
7.021105918880720917e-15
1.248259828834363827e-14
7.414846514564033668e-15
1.046979170027384494e-14
-7.122691325633923434e-15
-5.388911539228047496e-15
1.620620304620956711e-15
-2.732480908207435091e-15
-1.318756215340499707e-14
5.224043420071211813e-15
4.909961326404754958e-15
3.535505221918810877e-16
-1.281164063726691955e-14
2.718492098097158377e-15
6.360356685775059469e-15
4.470146475199499093e-15
-3.161471084922595664e-15
-2.260636122741743561e-15
1.041511321631105680e-14
-7.154998815650515136e-15
1.040251218498156106e-14
7.659040068830336900e-15
-3.469780018861001748e-15
1.545263916824524117e-15
-7.765177389984500628e-15
-4.110101148313560594e-15
-9.966305558606336831e-15
-1.150801676175206103e-15
-9.311829085589807492e-15
-1.284611306218152960e-14
-2.801703313792813595e-15
1.976918628798784968e-15
-4.373335027452185456e-15
-9.502287845464252162e-15
-1.254535364481057592e-14
-5.749289933021372766e-15
-7.995271111838065086e-16
1.505284785707772279e-14
8.519907002124682246e-15
6.011857678345222706e-16
-1.621208722824007896e-14
2.800870646524345091e-15
-3.426370298598157929e-15
7.102873844644363639e-15
-4.859779245691698084e-15
6.492639759159146624e-15
-1.252287162856191643e-14
9.888256879975187998e-15
9.421130542364153825e-15
5.739575481555902804e-15
-1.760086520974368889e-14
3.706257523106160376e-15
1.661154547250021175e-14
1.383715364511317606e-14
4.878764059412788192e-15
6.757372439381015504e-15
2.713052005276495167e-15
-3.405720150340130024e-15
7.724820783039375973e-15
-2.000327681273006308e-14
-9.225342711971506624e-15
-1.064731636191140789e-14
-6.653011475066250253e-15
1.632077806235088327e-14
3.648137347767032806e-15
1.261907245364568490e-14
-7.188694084447888205e-17
1.017552708759694788e-14
-5.443978601249454717e-15
2.893796313685470665e-15
8.997302902713499243e-15
7.533640378198924661e-15
5.445643935786392737e-17
6.261657858885882730e-15
1.000505234216575521e-14
-1.008526595569492160e-15
-3.072708754103814584e-15
1.165623153553951795e-14
-1.019023754267323045e-14
-1.234123914173323972e-15
3.702593787124897220e-15
-8.867906409193437669e-16
5.823674875671258443e-16
2.208583316232193281e-14
-8.040901278150158974e-15
-7.733425011480220999e-15
6.829536935981650916e-16
-9.730327654722259543e-15
4.670042130783258478e-15
2.198280446563671858e-14
-9.706346837390356831e-15
1.361660784127138798e-14
1.793915016534697376e-14
4.043210211079895007e-15
-6.039169164751001606e-15
-5.459910301652826054e-15
-1.200178845195409919e-14
2.748357097459574807e-16
-2.277178445808658495e-15
-1.208527722340591044e-14
4.514610907335736720e-15
-8.452405442227472274e-15
-1.226091450590160950e-14
-2.887651229244170190e-14
-1.042826935915286462e-14
1.898081691820152613e-14
6.087463866322196168e-15
1.512867608965962018e-14
-1.331346144439748986e-14
-1.369226954039959238e-14
-2.751132655021138132e-16
1.474143029867036562e-14
3.099631662450974599e-15
4.906408612725954059e-15
1.990796416606599425e-14
-1.840649854756293245e-14
2.877309501769787175e-14
-1.178945829849453705e-15
1.847233477292320304e-14
4.833078381949462583e-15
-4.674149955974371450e-15
8.193612455187349521e-15
-1.134708993433264375e-14
-4.750744242443261010e-14
-1.712519015484304042e-15
5.657641022338566302e-15
2.498778961523839986e-15
1.719102638020331023e-14
1.942984662051117061e-14
2.166283818993974791e-14
2.352051886589379286e-14
-1.077915534608564523e-14
5.874467579047859702e-15
-1.040012520547861662e-14
-7.876754803959329933e-15
6.986466960512416298e-15
-6.154687870463249314e-15
-2.280953204092384104e-16
1.918365466480054202e-14
-9.178213744576169309e-15
-1.069178079404764473e-14
-1.678562844276143447e-14
-2.328953696562052897e-14
-1.762701096197361153e-14
1.887179301718333583e-14
1.359723444949167958e-14
-1.831723661638306963e-14
5.242695166884914360e-15
1.591321519001098601e-14
-1.205352484490163081e-14
2.724231951134470470e-14
1.469258048558685899e-14
-1.246508452013017563e-14
-1.317695952351982669e-14
2.532107856723087055e-14
1.034877739058970250e-14
1.293126716817028023e-14
1.589950393565686770e-14
-8.815226326674973507e-15
8.580303134664290421e-15
-8.306189069884339928e-15
3.252564884093090054e-15
-1.418087869353712493e-14
-2.419509037565603567e-15
-6.383671369292187851e-15
1.743793998087994704e-14
2.378430785654472664e-15
2.289124445553625343e-14
-1.786631953493156283e-14
1.753125422609969051e-14
3.984090835018605547e-15
2.095101869770132759e-15
-4.102718165199803549e-15
-8.780143279096819861e-15
-9.930667399515869533e-15
-2.607358773332180171e-16
-1.453281939234329846e-16
-4.161671007807399229e-15
-1.742062050169579394e-14
-9.059919481302358867e-15
2.747618799148199201e-14
-1.531508253549418419e-14
-1.332045584945262861e-14
-2.694550138571116706e-14
3.076761068143696428e-15
-6.918188244497968949e-15
-8.159806164087513013e-15
-2.392874787204846209e-14
-2.103922591700779857e-14
2.367361862098960091e-14
-6.336542401896849747e-15
6.533384944162889573e-15
-6.790068507456226289e-15
-1.191824416935105434e-16
9.337475237458648002e-15
2.202499294057247403e-14
3.777256285530938934e-15
-1.947420003034494441e-14
-8.550438135301874682e-15
1.092503865152139002e-14
1.182709485902932971e-14
1.214078837463716827e-14
-3.973377182830972907e-15
9.506784248713983428e-15
2.814637412029696896e-15
4.658162744419769379e-15
-2.812750032887834190e-15
6.295575172288181496e-15
-3.368749723620112487e-15
9.275413770382102029e-15
-2.117483965946576053e-14
-6.415701303552623516e-15
-6.988298828503048072e-16
3.104627666061787598e-15
2.520400554928414888e-14
-1.443312136473196112e-14
7.907119403682827800e-15
-1.507682867440962590e-15
6.158407117595743006e-16
9.268363854175731755e-15
-7.967626558524899021e-15
4.663380792635507286e-15
-1.420169537524884662e-14
-4.463762692807904727e-15
1.426525564340863661e-15
3.885503030431891855e-15
-1.021560613878591492e-14
-1.407818306375929827e-14
8.012090990661135859e-15
1.131816862454115799e-15
2.235828189256494708e-14
-2.351574490688790398e-14
6.228961790810671946e-15
-3.183459051925296960e-14
4.558409205657199228e-15
1.042976816023610785e-14
9.485134899733793633e-15
9.456602168000926554e-15
-6.997735724212361801e-15
1.814465244720509013e-14
-4.699574063238287249e-16
1.186301057387595462e-14
7.282119351970095118e-15
-1.860722687041515994e-14
-9.228506847591689228e-15
4.288486232795207570e-14
2.570721413519550096e-16
8.001599383078428521e-15
2.373395924237797756e-14
-9.980960502531387875e-15
2.215838623698118770e-15
-2.025235534830471824e-14
-1.534256055535365706e-14
1.163275031856869579e-14
-1.274264027628646477e-14
4.175876311407478250e-14
-3.441569251805276241e-14
-5.005884595732368174e-15
-1.862510146111162590e-15
-5.488609566839386124e-15
-8.378131521880049642e-15
1.525168880078808876e-15
2.595040848873963993e-14
-1.302458141339002370e-14
-1.182681730327317367e-14
1.585237496826153038e-14
-3.120531610889543016e-14
1.868988297459850466e-14
-1.939715055243595983e-14
1.483813072411521779e-14
1.167677066149508360e-14
-1.424943496530772753e-14
8.784140081985470576e-15
-2.667327470007307887e-14
9.207079543216423947e-15
3.585243213422017934e-15
1.145872285945870301e-14
5.436096017774616333e-15
-2.118144548646228178e-14
-1.879119082559554957e-14
1.224498280549823974e-14
-2.023103906623191522e-15
-2.599409576475863860e-14
1.478817068800708543e-15
2.179312286187951050e-15
2.614425342883919330e-14
1.744782096579911078e-14
-1.571742735961834039e-14
-1.556949014158704030e-14
1.171007735223383798e-15
-1.975020147426676037e-14
-1.731415011363424108e-14
2.022715328564572834e-15
-3.470562726093362592e-14
1.394190318748655961e-14
