-1.365069831703421832e-01
1.205960602800148634e-01
5.572552690004014403e-02
-3.208808633717142450e-02
-4.672551912758745804e-03
-1.821455441553891941e-01
-1.736218992431520086e-02
-2.075900100308044061e-01
-2.038659276099186735e-01
7.044478896068168128e-02
-6.186734691226218885e-01
6.460156257260116219e-02
1.526862040088921291e-01
7.056186282811667543e-02
8.836786398610274595e-02
4.680570147801194764e-02
-2.524958387282075917e-02
2.596617043891767673e-02
-4.178743893584659780e-02
-1.055750295157848878e-01
9.921268827883467090e-02
-1.853120251139791508e-01
3.456733508520258569e-02
-5.157115177676886431e-01
-1.653856143613495755e-01
2.145644797676571902e-01
-4.100781832892255174e-01
-6.000978073351215247e-02
-1.719377994531856857e-01
3.008290229205916044e-01
-4.264784462460630143e-02
-1.220822408865153419e-02
-5.029475043102835802e-02
-1.733957967159277247e-01
1.478323437198019175e-01
-1.681284916172992305e-01
-1.072329971423666012e-01
2.881803256974998506e-01
-1.190353351238779001e-01
5.416892304099486105e-02
3.542311898204519860e-01
2.218247525030344128e-02
-1.232525391820071536e-01
-5.798338652801163229e-02
2.815405796152606679e-02
-1.236745479332442138e-01
4.456163808748642152e-01
-1.936422204106950096e-01
5.838971091620059894e-02
3.676164619373558512e-02
-1.413353711831848714e-01
1.111604859767119785e-01
-1.149314926170343365e-01
3.993449162541813369e-01
-1.188651647371911924e-01
-1.385247654068507694e-01
1.981731605865311163e-01
2.316869322687393484e-01
-1.055896806521159359e-01
9.753242370954549878e-02
6.120297621647481125e-03
6.295588847675435973e-02
-6.209482073585863571e-01
-4.660000239178212905e-02
1.615834414502295424e-01
-3.456180680037097136e-02
-1.784827298519128524e-01
2.243409807674392464e-01
-9.873466048631468484e-02
2.632770090112934724e-01
3.606546558463348262e-01
6.110039576628872177e-02
-3.031419493318892600e-01
1.755863232497498483e-01
3.314337270410137593e-01
-1.225299539377391750e-01
-1.561381363689732793e-01
-6.713922048935244691e-02
1.170910303999687374e-01
-2.670451120054054273e-02
2.387288493991861493e-01
1.073332275746722020e-01
-4.035615857212899726e-01
1.785989230366932454e-02
7.387274448178154929e-02
-3.343651045693312729e-01
8.935176150434567810e-02
1.905686631906822748e-01
1.106694306529797285e-02
1.489939312523912984e-01
-1.857052500732677136e-01
-1.252536131991683066e-01
1.434538425761299092e-02
-1.247086915566165827e-01
1.989484028205221536e-02
-2.119486189366822371e-01
4.600991663803805781e-02
9.826701256837501453e-02
-2.517125137025816653e-02
2.483938780757407594e-01
-4.191456108253333035e-03
1.718803646819452025e-01
8.840959455563786318e-02
-7.946322714340835203e-02
-7.143174930365139841e-02
4.548145551796685393e-02
-2.529644122550414251e-02
-5.972853601782860539e-02
-2.208981430260334444e-01
-3.656295424498680058e-01
3.735587440268181569e-02
-1.262616206235259997e-01
1.670243211571845743e-01
6.387874880827244528e-01
-1.256561648537044551e-01
-5.085753436467192745e-02
-5.427406432633464367e-02
-2.433348957008644453e-01
-5.123712784780744961e-02
2.061882196559078895e-01
2.054424616941838699e-01
3.081209805602377547e-02
-1.297000343690662971e+00
1.628911315851101216e-01
-7.379619287006888850e-02
1.054523118476694554e-01
-1.104169041974810694e-01
-2.055051277134876953e-01
