-5.207279576682618746e-03
-3.139535870705676551e-03
-2.930302621536961735e-03
-3.658751463912272763e-03
-3.789935138867902339e-03
-5.380359093326447621e-03
1.257955877938356223e-05
4.115034428910758525e-03
3.264776646624924228e-03
6.706047964436688200e-03
1.262069167456554911e-02
2.454438053109034290e-02
2.479704232645542003e-02
3.263367051897674703e-02
4.345493328267419075e-02
4.422707565558496590e-02
5.285146119608595539e-02
7.320449823498921538e-02
8.620722211840638194e-02
8.684374712209870506e-02
1.012118683255620599e-01
1.089199602085382940e-01
1.192469725861012575e-01
1.313119071948210259e-01
1.479768585854388807e-01
1.575362672844114742e-01
1.650998167924661308e-01
1.809754747434067779e-01
2.004386017979565004e-01
2.036888906981759173e-01
2.142538405702183180e-01
2.302868157395923931e-01
2.431286935626078838e-01
2.500195300597160553e-01
2.648806205072341546e-01
2.843377333901532245e-01
2.883366491002671284e-01
3.048640053613638767e-01
3.183562915602814458e-01
3.309215333334699083e-01
3.443580216470538136e-01
3.675257315106448264e-01
3.671662015329449913e-01
3.831517338264935901e-01
3.937203220291098926e-01
4.110375918062022516e-01
4.214540059106917091e-01
4.394466892063097485e-01
4.528658087536225341e-01
4.623517797473035706e-01
4.777217022132376756e-01
4.893015757313353142e-01
4.955371069045813592e-01
5.088974894965925255e-01
5.219975689865812285e-01
5.332890239442955593e-01
5.510549778833541135e-01
5.558331205594053692e-01
5.775543623081464961e-01
5.851345260350705457e-01
5.967239883794219768e-01
6.082954784359211331e-01
6.270493832767565223e-01
6.346496674712209796e-01
6.513326856488016459e-01
6.601193798188436102e-01
6.701585551387475581e-01
6.864232263847275251e-01
6.974269831341289860e-01
7.078554635667745343e-01
7.223995569037666709e-01
7.365217622722693980e-01
7.448341758126416634e-01
7.588194434647695941e-01
7.695848720548003064e-01
7.822695433757647088e-01
7.896458915307673632e-01
8.047124034999793007e-01
8.145605689254863391e-01
8.275146751803134082e-01
8.396717422777147943e-01
8.508275664618718537e-01
8.628669242426958430e-01
8.718248938812903637e-01
8.807505103428718840e-01
8.995632749024179420e-01
9.071405867029200820e-01
9.169686116393921393e-01
9.295623380597777263e-01
9.374441866517674304e-01
9.495707370769247424e-01
9.607376003600707204e-01
9.715758172686466132e-01
9.819103213063684610e-01
9.919090534054293418e-01
1.000361191327223009e+00
1.014988279670403948e+00
1.025277382069973431e+00
1.036158100874905452e+00
1.046429023826311200e+00
1.052368620694278611e+00
1.065839800070915500e+00
1.074351921519466346e+00
1.085774272186147638e+00
1.095408347509695846e+00
1.106375433665131469e+00
1.116235951396075343e+00
1.126133452691866932e+00
1.135658396555391469e+00
1.146186492162317494e+00
1.157381560101458984e+00
1.165002114233981256e+00
1.175893574629630844e+00
1.186657231081484465e+00
1.193888921692962457e+00
1.203378162853671274e+00
1.214906889691596659e+00
1.222723529616179805e+00
1.230551966002243258e+00
1.242961326229799823e+00
1.250542684873326094e+00
1.259373263868192483e+00
1.271766956073555610e+00
1.277478044208399721e+00
1.288180293942234655e+00
1.296509493014177838e+00
1.305817473355084690e+00
1.313848886967703633e+00
1.322499204887082502e+00
1.333199823618203217e+00
1.340091821965763819e+00
1.350631546499692304e+00
1.361217858571619255e+00
1.368930336935022529e+00
1.376640925153924000e+00
1.387233489371305195e+00
1.394657722159925894e+00
1.399469527465847074e+00
1.410919661503264422e+00
1.419660141877749915e+00
1.428825389496511722e+00
1.435422063026392081e+00
1.444121092749270030e+00
1.451587512052824103e+00
1.459680954951758647e+00
1.468258055270459161e+00
1.478009907219502983e+00
1.485775625095957730e+00
1.493569965482940187e+00
1.504678886545506522e+00
1.510736919973293846e+00
1.518076533944254347e+00
1.526356847118919946e+00
1.534064991707915215e+00
1.540133940429305959e+00
1.548505181862958935e+00
1.556778190243136351e+00
1.564820084238950804e+00
1.573588059526001448e+00
1.580612841431248805e+00
1.586655889119433338e+00
1.594753662937813843e+00
1.602366435729492444e+00
1.610261236462708467e+00
1.615174655276436777e+00
1.625054672172993708e+00
1.632607679869684913e+00
1.637939715793563122e+00
1.648096748782986509e+00
1.653183063737781788e+00
1.662099754206569635e+00
1.668489397431155652e+00
1.673792074381220463e+00
1.680514841634886070e+00
1.687599543858042006e+00
1.696133725817473126e+00
1.701665236073767185e+00
1.708515884909732385e+00
1.716085489071261572e+00
1.724407604825134666e+00
1.730357285515601307e+00
1.735029428328262791e+00
1.744647003036598587e+00
1.748845293292021319e+00
1.758237046537892478e+00
1.762796326847561268e+00
1.768631319719948580e+00
1.777498148352725682e+00
1.784443117647778854e+00
1.789750441557870664e+00
1.795931935755520792e+00
1.801981917689787327e+00
1.808733102357643618e+00
1.816327258925055421e+00
1.821564175579915457e+00
1.827043221912355797e+00
1.834608505836332837e+00
1.840689967172766117e+00
1.846784304134385213e+00
1.853231311338366272e+00
1.858565689775659946e+00
1.862907773632079156e+00
1.868697666188352091e+00
1.876436058240877003e+00
1.883275007672251311e+00
1.889337196059416080e+00
1.893613697477938063e+00
1.900862976611438881e+00
1.904198280076930594e+00
1.912349564602035867e+00
1.918452352646524472e+00
1.925251257590543608e+00
1.929917853297250740e+00
1.937221944217843550e+00
1.941763124652629013e+00
1.946465615876924016e+00
1.951127354076088061e+00
1.957929586535969824e+00
1.964239831231063382e+00
1.968208527513833461e+00
1.974101791233364711e+00
1.980821616294532239e+00
1.984379092897033070e+00
1.990453462481155178e+00
1.997096901898587351e+00
2.002027023838351738e+00
2.007356229183701934e+00
2.012816938667988165e+00
2.017475367031762445e+00
2.023032489702949910e+00
2.027959367192930795e+00
2.033140813128628377e+00
2.039907421761145034e+00
2.044762360087278186e+00
2.048790998945265951e+00
2.054725735954610943e+00
2.057644991569288262e+00
2.062846112603238247e+00
2.067700264671615162e+00
2.074788087171536954e+00
2.078604946832038003e+00
2.084241031658552679e+00
2.087830952121599637e+00
2.094814543481921199e+00
2.099044771354721117e+00
2.104236752097978780e+00
2.108635529355556759e+00
2.112925693514097869e+00
2.118189523411861508e+00
2.122974267848236618e+00
2.126630438183742644e+00
2.132869943199374951e+00
2.137928131912875784e+00
2.141468726388753296e+00
2.146741935444170135e+00
2.150374512337083210e+00
2.153694507679811743e+00
2.159847525693603387e+00
2.163010823282110806e+00
2.169620591498394813e+00
2.173808059547554183e+00
2.177038805787908426e+00
2.181801692488299249e+00
2.187936248327670086e+00
2.190550459144712914e+00
2.194385096292598369e+00
2.197544962155741910e+00
2.205950774050360774e+00
2.207421933038482553e+00
2.213166710966484096e+00
2.216473044086766819e+00
2.220083692345175219e+00
2.225881581594284064e+00
2.229157763562730654e+00
2.234304673447383927e+00
2.236929861559544541e+00
2.241922431673879945e+00
2.246790219550974577e+00
2.250215459609087088e+00
2.255175517939554286e+00
2.258729757071314737e+00
2.262710925016768293e+00
2.265775319091939632e+00
2.271294870284309653e+00
2.276369413832389110e+00
2.277860479957523943e+00
2.281903607054113881e+00
2.286471122017391444e+00
2.290214650333047608e+00
2.294614304022832840e+00
2.299271456047759621e+00
2.302283393557473357e+00
2.306163212586586742e+00
2.309656578488191059e+00
2.314200418244568347e+00
2.317638122552884372e+00
2.321712139462956959e+00
2.324861764694354793e+00
2.329454559249099166e+00
2.331482351518334717e+00
2.335014577149829407e+00
2.339841017248297295e+00
2.343538813614135741e+00
2.347826263043589101e+00
2.350974416317703319e+00
2.355364993404904350e+00
2.357754165732190543e+00
2.361532469245069876e+00
2.364914484626866820e+00
2.368539980897320429e+00
2.373922521893788051e+00
2.375182713071941620e+00
2.379260122760236129e+00
2.383798468560705874e+00
2.386865435697139937e+00
2.388743656443945262e+00
2.392891407373567425e+00
2.396420000862719668e+00
2.401130691414528506e+00
2.403311400971282374e+00
2.407187077032573619e+00
2.411774248475581750e+00
2.413578539565492065e+00
2.417191788924377693e+00
2.419064031881789312e+00
2.423678825880775989e+00
2.427557776747859553e+00
2.429141796443688328e+00
2.433263915950006240e+00
2.436385008405276498e+00
2.440573569987894764e+00
2.442800316227135671e+00
2.446576372633160190e+00
2.449772864964397723e+00
2.452283190548548042e+00
2.455002471721701607e+00
2.458926722331204573e+00
2.461474325041016264e+00
2.464804771041979592e+00
2.468290264561921354e+00
2.471101528744015674e+00
2.473768752899517587e+00
2.477684144732412275e+00
2.479673067594818203e+00
2.483279935207597156e+00
2.486237753520868843e+00
2.489628362831386443e+00
2.492499929608902764e+00
2.494090975005406552e+00
2.498230113546012099e+00
2.501472537384047623e+00
2.504137806071658812e+00
2.507556651828999783e+00
2.510300498016142079e+00
2.513710715947000907e+00
2.514638576260637581e+00
2.519416598582073341e+00
2.522167292989370146e+00
2.524649598131822881e+00
2.527202871900670278e+00
2.530789527885519252e+00
2.533621079963475076e+00
2.535258766021093013e+00
2.537909359356112837e+00
2.540531778852283207e+00
2.544081336628523538e+00
2.546013748451919856e+00
2.549701987689652949e+00
2.551203120435115324e+00
2.555208486184853633e+00
2.557337078832313093e+00
2.560059521671333105e+00
2.562549483856709109e+00
2.565377824014425379e+00
2.569195417841079188e+00
2.570233952958959733e+00
2.572578381584082585e+00
2.575554043550420946e+00
2.578748200851905814e+00
2.580808471863810016e+00
2.585166816446893723e+00
2.587404204960943144e+00
2.590719017862458617e+00
2.591983721248352968e+00
2.593738467177582940e+00
2.597681685170321497e+00
2.600138228172915067e+00
2.602387890724435771e+00
2.604339300401344204e+00
2.608568442417520838e+00
2.610447177239410443e+00
2.612184247177217866e+00
2.615061017332372284e+00
2.617040412417386719e+00
2.620437525055373751e+00
2.621694252438811379e+00
2.625564142267557077e+00
2.627533212016573305e+00
2.629118013048973523e+00
2.631275712386682564e+00
2.633905192099157855e+00
2.637502888201137985e+00
2.639710261038227923e+00
2.642049645593349094e+00
2.643995876363136599e+00
2.646604454615150814e+00
2.648996772235216124e+00
2.651421321831581857e+00
2.654535042027698299e+00
2.657056581937391027e+00
2.659381764032817230e+00
2.659760854386199913e+00
2.662463531586153564e+00
2.665493731738300731e+00
2.667071069006301087e+00
2.669125882654750370e+00
2.671002661479557894e+00
2.674475653087378557e+00
2.676859650459231688e+00
2.678717119723518003e+00
2.681193974380340794e+00
2.682620115551854312e+00
2.685762335802194478e+00
2.688065213422285549e+00
2.689279887517157963e+00
2.692530190299515791e+00
2.695104798203844521e+00
2.696906114381340203e+00
2.699057254694702923e+00
2.699970477507776856e+00
2.704159538218338099e+00
2.705382463877983312e+00
2.707508980257180564e+00
2.710130667841569085e+00
2.711192113110127977e+00
2.712421052803517529e+00
2.715808559430795022e+00
2.717240765475539277e+00
2.720793334848797596e+00
2.721272845984056499e+00
2.724151308199363797e+00
2.726018316032671862e+00
2.728534555509151804e+00
2.730219437597588783e+00
2.731345431922447720e+00
2.734167507573033618e+00
2.737164221696520627e+00
2.738517645964520852e+00
2.741039508434190086e+00
2.742975835634990478e+00
2.745088987082850540e+00
2.745979631845910429e+00
2.747978153966660120e+00
2.749797979643034740e+00
2.752641323126477246e+00
2.754316027410937728e+00
2.756158510240630299e+00
2.756835194885864482e+00
2.760005461553522998e+00
2.762324135063795261e+00
2.763420040265699651e+00
2.766322493911971492e+00
2.767760564810044066e+00
2.769439232387509886e+00
2.772557353466632346e+00
2.772658804600352855e+00
2.775758226580718357e+00
2.777680342398187729e+00
2.778439026804460976e+00
2.781082617568344073e+00
2.782330033304094119e+00
2.784800393148374020e+00
2.786248876868485436e+00
2.788897600251496467e+00
2.790398317411549645e+00
2.792061311221652797e+00
2.793431874537266157e+00
2.795507941662832341e+00
2.798104673389673724e+00
2.799781087834464888e+00
2.800826570954720207e+00
2.802652891647218425e+00
2.804462190174817238e+00
2.807191046346712238e+00
2.809066761623771669e+00
2.811012446136600840e+00
2.812974889623217400e+00
2.813209155084280599e+00
2.815805268651043303e+00
2.816422273546989707e+00
2.818348131149398750e+00
2.820669432940203780e+00
2.822309784318492110e+00
2.824653050215267580e+00
2.826747287163506872e+00
2.828524815052484431e+00
2.830310901636062582e+00
2.830983094813370293e+00
2.833203084799242877e+00
2.835075717565147979e+00
2.835613292635728921e+00
2.838171600949928930e+00
2.839265672002320606e+00
2.841757941010199850e+00
2.843910787131282536e+00
2.845812233665497182e+00
2.845264480054913392e+00
2.847577911956858276e+00
2.849387675826147159e+00
2.851167569025744530e+00
2.852991627763719062e+00
2.855108916244188499e+00
