-1.917066102778848036e+00
1.412129740249676857e+00
-4.251918981140225817e-01
-7.108550950681324920e-01
7.861999894271088918e-01
2.857174266803628737e-01
3.059914543071806659e-01
7.708338666246616899e-01
1.349408318287686592e+00
7.486209816398381456e-01
-1.115836285521250026e+00
6.332833881461908954e-01
1.875825388281069372e-01
6.490946232081825640e-01
-1.906646409393926600e+00
-5.458853624670032545e-01
7.650400187745848291e-01
8.313465886119861814e-01
-1.376751859629415410e-02
7.345134342475818645e-01
-5.479202514937389634e-02
-7.196126753304105117e-01
7.346085327869658066e-01
-4.587845562478876094e-02
1.041273982109021334e+00
1.261602212579505000e+00
2.687987613050302649e+00
-2.623693776883935791e-01
4.632059233981807300e-01
2.265684981118627928e+00
-6.906463535744645776e-01
2.433260503268730533e-03
-8.890611741348941610e-01
9.116157593833061901e-01
4.241289808234099956e-01
4.107762390986569589e-01
-4.770928554406041466e-01
-2.587192640983676517e-01
-1.300909495160745610e+00
-1.066658939204920831e+00
1.111268793441122366e-01
-1.245481756738218287e-01
-8.521909319108941228e-01
2.783803125202179499e-02
6.053818031494673235e-01
-3.637329601390096867e-01
-7.609635837973241501e-02
1.690115204646259472e-01
-1.658912830994179632e+00
-1.151537790498032621e+00
1.096990259220777864e+00
8.176384849455349546e-02
2.728271979495631161e+00
-6.210491850566948191e-01
-9.747071940510483312e-01
-3.092335383497288870e-01
1.780521405567835780e+00
-1.109430272481630064e+00
-8.475244144346888442e-01
1.929433555860517180e-01
6.439172756246908103e-01
1.206550448067004100e-03
-3.148129925202415857e-01
-1.128230764861538837e+00
-1.465943198205343467e+00
-6.445050076593019650e-01
8.394130850598123805e-01
-1.578843692595052417e+00
-1.182850648702988172e+00
-1.032587262641998738e+00
-1.102035255592447971e+00
1.014140326806263648e+00
-3.498015019977613882e-01
6.361666789817849166e-02
8.713295109668605098e-01
-1.701140906139656517e+00
-3.641657387400568879e+00
-1.128411245715855576e-01
-1.139880792198337600e+00
-1.244944781798378308e+00
1.470563425970935700e+00
1.027577145810916637e+00
-1.031086649278885270e+00
-2.008672510067461836e-01
-1.407978791725549517e+00
1.617254196469032346e-01
2.047631123353713667e-01
1.461547523327852427e-01
-9.734728341585749956e-01
-1.406864504007853345e+00
1.344341910138345531e-01
6.890736290112413620e-01
-1.076294819992295926e+00
-5.451630325662326637e-01
1.563072918526638710e-01
-5.294095296633656300e-01
-7.019564086281145920e-01
1.217784871392530582e-02
-1.860397218092063321e-01
5.154448130403787021e-01
-2.497064002574451158e-01
1.184035777174615056e+00
-1.129432650405111094e+00
-1.260366818586146076e+00
2.403175195648507290e-01
-4.467175261287485988e-01
-2.748130173986379488e-02
3.247807757003768891e-01
6.095347687564760530e-01
3.422834959956104206e-01
-8.766126402817778218e-02
2.420516458874620580e-01
-5.251944355726278352e-02
-2.716694756898304086e-01
-9.172259603991380628e-01
3.344467081658593077e-01
-9.533640154492483143e-01
-7.021804221347167918e-02
-1.260144492161492380e-01
6.243004138443118967e-01
5.731533651364982829e-01
5.964155666010043655e-01
-6.678780981129011085e-01
-4.360140930021267902e-01
-3.878497585417449711e-01
-4.935223636256182433e-01
-8.735546150998272363e-01
4.571140342849964733e-01
