9.957847955371671670e-04
4.796504533685626119e-03
6.963430200399552475e-03
1.035238337530608281e-02
1.085604484795514406e-02
1.408349556816849632e-02
1.917531973628497366e-02
2.264984705113083988e-02
2.490864540568589816e-02
2.383586905255862670e-02
2.734573369686446598e-02
3.059252395383189882e-02
3.543856823139848733e-02
2.962855160600468690e-02
3.111909549608207759e-02
3.165405874739755931e-02
3.410515829211295535e-02
3.659239503335513788e-02
3.676742668049605423e-02
3.641790228786520589e-02
3.564718663538755244e-02
3.900326816261116131e-02
3.984112876325964642e-02
4.101738856848018838e-02
4.472498967481470383e-02
4.436572478713067536e-02
4.666322178721954428e-02
4.722271471265074294e-02
4.821355007756020217e-02
5.314327663271380814e-02
5.363947313808567485e-02
5.300953426707231270e-02
5.849527164983719246e-02
5.687116034068633724e-02
6.294687760036413171e-02
6.162029333473669629e-02
6.190331072708549903e-02
6.878312963536720170e-02
6.503346472936985534e-02
7.279354229131856924e-02
6.983748405715579921e-02
7.051138600376230525e-02
7.428487213481722862e-02
7.491240860941209001e-02
7.897847688240698660e-02
7.809263009690295410e-02
7.881713617461579002e-02
8.351820191525420600e-02
8.524595625599118431e-02
8.668170985111862958e-02
8.779965028705959129e-02
8.649130147785026590e-02
8.800221513639146231e-02
9.025071738215678652e-02
9.202141652578681164e-02
9.087758788638883312e-02
9.093312668608215243e-02
9.223566125119334047e-02
9.249057052695529302e-02
9.511109191674815833e-02
9.635106295881205873e-02
9.543371498816270726e-02
9.786536535725175179e-02
9.903183147429539535e-02
9.899261075862123005e-02
9.930704362047564071e-02
9.831075342184814048e-02
9.906640873625444099e-02
1.015687562268925703e-01
1.031746905476677717e-01
1.048003355715973056e-01
1.027707275013090699e-01
1.006400571052743914e-01
1.051153947281646267e-01
1.030400680234107441e-01
1.041435958970547970e-01
1.035943600546691268e-01
1.028594568986656160e-01
1.021906322354604185e-01
1.068087528955310034e-01
1.061943678988640782e-01
1.051317657633966396e-01
1.033332054673338635e-01
1.036985128034976222e-01
1.040778971745375397e-01
1.029948345280552457e-01
1.029309713646636842e-01
1.046752713097942739e-01
1.040322207291281692e-01
1.063623766714259372e-01
1.056759912022522119e-01
1.030158869398712651e-01
1.032782113950083541e-01
1.037424374504578722e-01
1.049505766859978595e-01
1.038251492005963922e-01
1.048021230014643812e-01
1.040773903739031919e-01
1.036310717131637554e-01
1.041548221534453339e-01
1.041716957912590252e-01
1.042710714894487106e-01
1.015694407955848727e-01
1.022187864809155078e-01
1.018052567180071782e-01
1.034775486562996699e-01
1.021721037161363727e-01
1.033320352988866264e-01
1.027559536170936649e-01
1.008150217475842630e-01
1.013050128822659546e-01
1.021607791830777545e-01
1.026741854755997413e-01
1.021475652519360927e-01
1.016767620351774343e-01
1.003332273859542240e-01
1.023865855297859950e-01
1.003392476747334977e-01
1.000319031056648433e-01
1.013659732739967817e-01
9.964417090923965992e-02
1.013584669810809469e-01
1.005865543480531921e-01
9.956515134598510619e-02
9.973151789199220796e-02
9.888964734934418965e-02
9.838505638879589676e-02
9.950349575340214359e-02
9.907467383657569959e-02
9.919903229998064398e-02
9.979622692010323148e-02
9.928479807671883317e-02
9.865649721211802725e-02
9.877545225975743748e-02
9.882775543070319857e-02
9.878645028899611658e-02
9.898695633428550300e-02
9.844669637004459239e-02
9.777701202154956417e-02
9.855012605543948812e-02
9.781508613690759191e-02
9.867639352928593566e-02
9.863406928862245016e-02
9.861051032648439352e-02
9.804996431007766133e-02
9.848389488183409424e-02
9.880801972766876939e-02
9.825478098727925824e-02
9.830779903757141946e-02
9.882861684131778734e-02
9.819594249891078208e-02
9.945407262407725268e-02
9.870513807701042364e-02
9.894506000467692686e-02
9.864198774973528816e-02
9.914963317483972693e-02
9.924503526415417998e-02
1.007206081567617595e-01
9.904014986736398019e-02
9.950553394344030522e-02
9.995844174456622322e-02
1.003936605186362963e-01
1.008195179117769985e-01
9.996833694319659513e-02
1.015021797754769167e-01
1.009376205853642627e-01
1.017431702943450422e-01
1.015527681800259402e-01
1.019993354339010783e-01
1.014739935031056389e-01
1.028448730996883997e-01
1.027330187966854352e-01
1.028599278685559532e-01
1.028166876937322144e-01
1.035806702885913033e-01
1.031702402809967084e-01
1.037761630374916672e-01
1.045816137701468390e-01
1.041255372401101859e-01
1.048059355512196006e-01
1.056750900199056181e-01
1.061396096377706794e-01
1.054384889300932632e-01
1.063638183480848098e-01
1.068565144475721734e-01
1.066369671399399338e-01
1.070215446536854770e-01
1.077566496371243632e-01
1.073723782459762993e-01
1.085871395344186197e-01
1.088094569194643507e-01
1.090261978593156100e-01
1.090901786713852767e-01
1.092024783939756355e-01
1.099559799267453009e-01
1.103341731161264494e-01
1.100661132460924591e-01
1.105773775653541291e-01
1.114769075770953577e-01
1.122211367325434556e-01
1.121747913921852802e-01
1.122196416466304664e-01
1.129444945578730319e-01
1.133168303225747242e-01
1.139746884601373911e-01
1.145497158746578564e-01
1.149683949366726715e-01
1.142547695310795891e-01
1.157699926864456524e-01
1.158178787609149968e-01
1.167710971928169333e-01
1.167365460055889148e-01
1.167053408879128451e-01
1.170998680342900389e-01
1.176330804791348023e-01
1.185884105502304914e-01
1.185048281168590290e-01
1.184491119933612502e-01
1.194219508226365412e-01
1.198291312150283200e-01
1.208288188189515361e-01
1.206951197231442702e-01
1.216587891237918273e-01
1.215568037903041881e-01
1.220535056126173384e-01
1.223982331596469297e-01
1.229869347382724354e-01
1.237234118457626181e-01
1.242780453432778404e-01
1.244848316999812993e-01
1.251084628027011314e-01
1.250460477465509812e-01
1.254793068647545029e-01
1.262472114052877459e-01
1.264367859989632137e-01
1.266472116089504274e-01
1.277433609404347858e-01
1.271352170416168992e-01
1.285903419676096560e-01
1.286697364173434999e-01
1.293197357746523335e-01
1.299149927388274506e-01
1.301670114518816979e-01
1.304694006980629817e-01
1.307626622280340378e-01
1.313271424351877270e-01
1.324556839712816292e-01
1.326971774394052062e-01
1.323801552709679974e-01
1.330003213500794701e-01
1.327977244154331937e-01
1.338597128401461944e-01
1.340583850538353550e-01
1.344854253445735837e-01
1.348888992549541477e-01
1.352625448566124045e-01
1.359366087955118374e-01
1.353629823196763338e-01
1.366063194092124455e-01
1.370938191435233378e-01
1.376800703014203764e-01
1.376146312952254425e-01
1.385371940518322909e-01
1.387108902798393772e-01
1.391608728283854624e-01
1.390869418061824736e-01
1.397073339404815151e-01
1.404313046615064120e-01
1.406202738514941986e-01
1.410591324722329787e-01
1.417947708252529637e-01
1.419755065974369068e-01
1.428185800458781074e-01
1.424160057364199927e-01
1.426652994734886326e-01
1.437803198773724145e-01
1.433131841710214016e-01
1.437550717214125529e-01
1.442233339363119260e-01
1.448949256444487799e-01
1.454338170646840012e-01
1.459236074456402021e-01
1.458908372308321544e-01
1.466116544624334050e-01
1.465603145024622078e-01
1.466861035649659195e-01
1.472743179544302450e-01
1.478589196194905753e-01
1.479424082137936747e-01
1.482402617891073193e-01
1.487575055275073277e-01
1.489020556488569458e-01
1.494411483204263758e-01
1.502621720023259722e-01
1.503788324082094008e-01
1.509004958638130445e-01
1.510338779778831186e-01
1.509819361529911863e-01
1.516070490068462673e-01
1.520806119734292861e-01
1.523799999484458934e-01
1.528067503848223874e-01
1.525635726095989353e-01
1.537135293145386328e-01
1.536394733429750081e-01
1.541960295527091129e-01
1.542449571578398959e-01
1.550770162943484742e-01
1.551918449003727163e-01
1.555456201651548021e-01
1.556310261015702578e-01
1.554851694464410017e-01
1.560603104511616712e-01
1.566340979971353742e-01
1.567251856400414256e-01
1.572882453031741457e-01
1.577232541107181363e-01
1.578602151656516295e-01
1.582081623689333416e-01
1.588108000715037771e-01
1.590094980051259266e-01
1.588841087813896435e-01
1.595198646861866465e-01
1.598028766439879289e-01
1.599207510621134254e-01
1.606721692383719646e-01
1.607720967751290753e-01
1.605807522731626802e-01
1.616025545014183329e-01
1.614865523331531771e-01
1.617218078925775904e-01
1.625010257555752624e-01
1.624256100080400667e-01
1.628620056582536779e-01
1.629727733834306080e-01
1.635911541102240407e-01
1.637827957451221672e-01
1.641871184815530960e-01
1.642235089228747114e-01
1.643472264767330826e-01
1.650707003460524236e-01
1.650198386547921947e-01
1.656961707779387727e-01
1.659410414475050721e-01
1.660903562458262706e-01
1.664601710542819302e-01
1.667774433091116226e-01
1.668573787719133950e-01
1.670236948707011504e-01
1.672756840624890218e-01
1.678747900280420924e-01
1.680130328373047877e-01
1.680816203208577164e-01
1.687895871867470254e-01
1.689181193845035178e-01
1.691938504552011890e-01
1.695909408500557713e-01
1.697404219293670025e-01
1.699509326008567522e-01
1.703807645411465899e-01
1.702029290631134895e-01
1.708827125566316496e-01
1.709381381225693053e-01
1.711683699216688948e-01
1.713640310724262872e-01
1.717351956126478008e-01
1.721551560754945587e-01
1.720184865539181318e-01
1.725364543877423995e-01
1.730017771731412468e-01
1.729186263427923420e-01
1.732004962998044684e-01
1.734539745111770004e-01
1.738871203222653872e-01
1.743198412371058659e-01
1.743473427113500784e-01
1.746649029065730496e-01
1.747845297630782613e-01
1.748800620488974722e-01
1.753560115249719331e-01
1.754619223235472647e-01
1.759332265647979288e-01
1.763533441171943605e-01
1.763938177254337492e-01
1.766994773711502986e-01
1.768825459196257388e-01
1.772054005748542604e-01
1.770043033114733766e-01
1.774269205591796628e-01
1.774855324662930611e-01
1.778712875643432834e-01
1.781250806764035632e-01
1.783014296534036203e-01
1.786315413741227931e-01
1.790453575991157453e-01
1.789672168965515953e-01
1.793989351338017291e-01
1.793128602946811312e-01
1.799225660743562216e-01
1.800022677776917102e-01
1.802843941041611109e-01
1.804073874794042409e-01
1.806356911278571842e-01
1.808526880944339721e-01
1.809001491438309017e-01
1.811942260748799494e-01
1.817995781504114505e-01
1.819499209156388575e-01
1.819564048943493606e-01
1.821005969263921054e-01
1.825459625526763552e-01
1.827157981654694008e-01
1.829673465959091305e-01
1.829179363719656004e-01
1.833862614392929580e-01
1.834025919931518422e-01
1.838689613449478177e-01
1.838550930462264366e-01
1.839592440918261240e-01
1.843207080123016872e-01
1.848375338408476121e-01
1.848002354136582814e-01
1.849658578008170073e-01
1.851546432587027335e-01
1.853591871868263408e-01
1.854559109907535919e-01
1.858180076995951946e-01
1.860116451606628196e-01
1.860963974994228332e-01
1.863929657351399150e-01
1.866654193419635954e-01
1.868009656148353070e-01
1.870607310944403801e-01
1.872282278802501754e-01
1.874726677227779026e-01
1.876764039663779415e-01
1.879048857278050044e-01
1.880989343661527979e-01
1.881378944066375569e-01
1.883651719861953178e-01
1.887783836900243373e-01
1.888091319067380647e-01
1.889953662098027287e-01
1.892129990705853637e-01
1.894203751316779205e-01
1.895213663743188504e-01
1.899070002192133899e-01
1.899312812734908207e-01
1.901344045318391629e-01
1.904247663370141896e-01
1.906845457058585491e-01
1.909145788809531175e-01
1.910498018673595089e-01
1.911357040840968857e-01
1.911673769683620849e-01
1.912265377532916810e-01
1.917162526657099630e-01
1.919180964794744149e-01
1.921014471695609294e-01
1.921975393802400622e-01
1.923880083980996358e-01
1.925496868850543886e-01
1.926102190577545781e-01
1.930320104344654952e-01
1.930179970932989486e-01
1.932223337092619231e-01
1.933873958951076721e-01
1.934726187346547943e-01
1.938399851045740918e-01
1.940191237244635603e-01
1.941006156379972147e-01
1.944271848215083642e-01
1.945003944980766009e-01
1.945502345057954219e-01
1.948655206820687491e-01
1.951420012024314421e-01
1.951100479963180090e-01
1.952436750344073157e-01
1.953317315544714494e-01
1.955860149111038893e-01
1.957541416466096473e-01
1.961277070800789002e-01
1.962759459408431328e-01
1.963407862572093265e-01
1.965174865586543085e-01
1.967113564422718341e-01
1.967916970056590720e-01
1.970761238991579900e-01
1.970542011517098790e-01
1.973581953739923789e-01
1.975203145215009004e-01
1.977965813680835350e-01
1.979460995074627527e-01
1.978967579785045339e-01
1.981516283165588865e-01
1.982308431388118686e-01
1.983849426763664436e-01
1.987500395888059657e-01
1.986508969811580649e-01
1.989167905518373636e-01
1.992002859379758406e-01
1.991291566335717522e-01
1.993824140749593243e-01
1.996996685100943802e-01
1.998443366012458144e-01
1.999035812468250295e-01
2.001792673343067153e-01
2.000394149878887418e-01
2.003827739052315704e-01
2.006225648254712779e-01
2.008413100875976465e-01
2.008170962747809762e-01
