-1.854702812728738381e+00
1.413089402181325616e+00
-4.054634838133377439e-01
-7.311804192007085312e-01
7.683816521519267750e-01
3.360577702519843002e-01
3.015495684116201724e-01
8.428168832628658569e-01
1.317003642659179574e+00
7.684977379055416558e-01
-1.086815556505630109e+00
6.419781355817303359e-01
2.099619505259011920e-01
6.487436589204681470e-01
-1.859828262867100124e+00
-5.072179365935193252e-01
7.851256534136145104e-01
8.158985669194246393e-01
-1.906279071773625978e-03
7.359471561594397304e-01
-2.965294997369444588e-02
-7.287398359229930733e-01
7.048160033417106840e-01
-1.497442946791152120e-02
1.039837745117710988e+00
1.212018757006344094e+00
2.656153382738955848e+00
-2.871894356729409181e-01
5.194049398146822760e-01
2.162645861183133622e+00
-6.619748011953933142e-01
1.305660563334521546e-02
-8.743049139326709573e-01
9.275971994928083886e-01
4.741670990926479257e-01
4.444398345390684346e-01
-4.744851408218582756e-01
-2.572978259844437843e-01
-1.291327222005733022e+00
-1.072094488130458823e+00
1.144199162943527331e-01
-1.236702672344425630e-01
-8.101295652893940602e-01
3.734798735193649299e-02
6.032082196338343083e-01
-3.717271231198924220e-01
-1.147759590853900252e-01
1.807538760749692885e-01
-1.611448234415953085e+00
-1.105122499327571894e+00
1.112449120075452935e+00
8.749838104816277939e-02
2.743434256367118795e+00
-5.308494625960561430e-01
-9.776421365171570343e-01
-3.126212022790672562e-01
1.839329832870986836e+00
-1.049139474737818878e+00
-7.602125236184619217e-01
2.026310116128026417e-01
6.604193429949843930e-01
-3.514120790762215608e-03
-3.134199981992567552e-01
-1.131361005202866865e+00
-1.456208982466978386e+00
-6.257013315064843262e-01
8.467792238277070949e-01
-1.581413202078930214e+00
-1.177799669176049058e+00
-1.017098305520714119e+00
-1.146807084686543909e+00
1.020036294991083725e+00
-3.842568381074569772e-01
5.857193155138144813e-02
9.639196841496220358e-01
-1.639507349139555092e+00
-3.638067557908188476e+00
-6.806680507566485738e-02
-1.048949771784427609e+00
-1.244250506530117484e+00
1.470827362051094545e+00
1.014591072367128977e+00
-1.029611810282793583e+00
-1.720765538337375167e-01
-1.383226152245535578e+00
1.879500167014308554e-01
2.498035038083778747e-01
1.029040390188945414e-01
-9.843795026516438673e-01
-1.382595121266064542e+00
1.816394208052050652e-01
6.960447611276335822e-01
-1.085378808600576894e+00
-4.830945230094703113e-01
1.471709335036428534e-01
-4.041854586125878668e-01
-7.987212070546435561e-01
1.227449031087966824e-02
-1.839308554939681206e-01
5.254888553122528672e-01
-2.696500942196583539e-01
1.189453566402621343e+00
-1.146252861643075160e+00
-1.284978523783839144e+00
2.407983537505365979e-01
-4.585928370304100388e-01
-4.697137878030008956e-02
3.270399693502065164e-01
5.646021317420366614e-01
3.500882635049866742e-01
-5.856586121339310558e-02
2.480280650481665461e-01
-3.966850257402049218e-02
-2.854174821930459682e-01
-9.639386767609183782e-01
3.306277112425152209e-01
-9.637159424305622446e-01
-4.584078507956151211e-02
-1.009332468794906790e-01
6.327456486725415719e-01
4.669318699875582568e-01
5.997563436461180730e-01
-6.655306600793069460e-01
-4.026904090321538621e-01
-3.944844827587261626e-01
-4.798405839684483087e-01
-8.875106511396945175e-01
4.731203380717215468e-01
