-1.928639452056177817e+00
1.412156495732828088e+00
-4.240563222429684642e-01
-7.244006538104416082e-01
7.914794314829201038e-01
2.974154062105757723e-01
3.058658577333937534e-01
7.586198419628267242e-01
1.328962632426834434e+00
7.516172196111490234e-01
-1.084403728839621772e+00
6.190455728725832163e-01
1.368620779382418995e-01
6.670653528575417601e-01
-1.912864551819084324e+00
-5.407041848988207722e-01
7.649115746134395044e-01
8.093326750572236161e-01
-2.513194461389351569e-02
7.354881991814787856e-01
-4.850148331559528403e-02
-7.198031644585881628e-01
7.331121859004050556e-01
-2.622378515576577473e-02
1.039237259049718975e+00
1.252702339851390567e+00
2.660746931833186668e+00
-2.480176333473874117e-01
4.543822398225880743e-01
2.308933798256918912e+00
-7.253789884953836253e-01
4.619795973762459880e-03
-8.861172072322011095e-01
9.111063246273154448e-01
4.135303290239734086e-01
4.041558250579341260e-01
-4.736599016706071197e-01
-2.613187521122373735e-01
-1.316861353142152025e+00
-1.065334694843299124e+00
1.287765867005820908e-01
-1.134858482731214979e-01
-8.546653350645087022e-01
1.631583979123887515e-02
6.218739326579972859e-01
-3.466098531539098526e-01
-1.616864847709095776e-02
1.816901247427923916e-01
-1.657338097218753914e+00
-1.136515483050910547e+00
1.095855083090483628e+00
8.163606570009274144e-02
2.731721766571803212e+00
-6.228367615909895516e-01
-9.718229590172756671e-01
-2.900851131070067424e-01
1.771403932722252383e+00
-1.106583309565780215e+00
-8.559616246843014808e-01
1.722185639103963883e-01
6.450403782763288740e-01
-1.065592277823212627e-02
-2.642676127726165114e-01
-1.127958355152905767e+00
-1.455810135020409568e+00
-6.747373652848361880e-01
8.342408222715175237e-01
-1.571406929849380685e+00
-1.185669070327882713e+00
-1.034680580093144897e+00
-1.086568224694569151e+00
1.010991213334081040e+00
-3.456995277204694683e-01
6.257911042702482551e-02
8.680708471850232533e-01
-1.701771910719333647e+00
-3.666932315653267604e+00
-9.592149678987613171e-02
-1.094896644251963203e+00
-1.246511050739873117e+00
1.471104459453882907e+00
1.024306214605143817e+00
-1.021649030817920689e+00
-1.707001504078901055e-01
-1.410768096533606020e+00
1.424137959923939267e-01
2.027560046760873702e-01
1.681262279103582780e-01
-9.661256461962336450e-01
-1.384604341199364264e+00
8.109876024512685522e-02
6.952901794899090104e-01
-1.070534420564399847e+00
-5.690386509465890086e-01
1.607582666544609407e-01
-5.583038444720480609e-01
-6.876233922144967536e-01
2.635089887530969732e-02
-1.540867136875102850e-01
5.246133999543791671e-01
-2.027576942964026407e-01
1.191588214249697408e+00
-1.130384360402826749e+00
-1.248362626441420487e+00
2.082173950624661984e-01
-4.385223592642259471e-01
-2.525427857968865972e-02
3.105016428574937648e-01
6.117001724914284955e-01
3.438933086730370237e-01
-7.097455368840938084e-02
2.433468983791869378e-01
1.739228016354516914e-03
-2.393767937677931112e-01
-9.176101759782201439e-01
3.324549729207512128e-01
-9.562669725560239975e-01
-3.421450551164191556e-02
-1.446130042227550261e-01
6.185071773896168024e-01
5.911747414481134388e-01
5.985188315176944718e-01
-6.603921057174152454e-01
-4.281110924998602907e-01
-3.721207477724415291e-01
-4.831058752984538351e-01
-8.403333209093543088e-01
4.630325827625715318e-01
