1.067595301216368142e+00
1.000622114648977545e+00
-6.837070009495778422e-02
6.951806486929072715e-02
-5.392309693854331343e-01
-7.692975948168225830e-01
5.767444516610361616e-01
-1.353317413064697217e+00
-2.443935178620383064e-01
4.216543746982788221e-01
-1.305240891437695616e+00
-7.327465746923880197e-01
-9.011110946516857068e-01
-6.725316022478748657e-02
1.020038977272699904e-01
-1.099262515623942171e+00
-6.500019935032070872e-01
6.220260953850782759e-02
-2.650435408296202347e-02
9.795824913843985682e-01
6.399886157734336889e-01
1.002966037592996074e+00
-5.784632764277537580e-03
-1.633536784244090212e+00
6.895863425742893016e-01
-7.913894447414929201e-02
-2.906419088671269857e-01
-7.596235349960767103e-01
-1.374107470373713349e-02
-7.087440122598080983e-01
1.426009037173375515e-01
1.139107884202040788e+00
9.484569663501165593e-01
1.330417681989328971e+00
-2.780269302123214992e-01
-8.851546731580167693e-01
-5.320305872983775546e-03
1.048044163945752061e+00
3.130308168232420196e-01
1.949696698473251943e-01
-8.058338420621181664e-01
-2.705508571701090159e-01
-3.248669773555925011e-01
7.712252308302704196e-02
5.256028379008159668e-01
-4.597357718881025512e-01
2.151833644697195069e+00
-7.948573414627121414e-01
-2.884559417099845091e-01
-2.061207489179004149e-01
-7.160688984580708405e-02
3.579894879515984063e-01
3.432482392712726260e-01
-1.765898426792677167e+00
-1.487073426236536489e-01
1.115262652702250890e+00
-5.533455132809025345e-01
-7.328570259591174474e-02
2.626855608682140408e-01
-9.582039632691509434e-02
-4.490690038972374731e-01
-1.411830362726873123e+00
9.439676657959358286e-01
1.015624653790201837e+00
-2.562511375284042825e-01
5.228271361186666022e-01
3.686440326417452229e-01
-1.037562229277356085e+00
4.213046512088145512e-01
1.017144238827320635e+00
-1.210290057705675354e-01
3.213664620932683014e-01
-1.399921262277801448e+00
-1.662153720333913245e-02
-1.284967599655057580e+00
-7.436437849039281289e-01
3.576597347299466101e-01
-1.259011328764039588e-02
4.019560953874942721e-02
9.092220234455673511e-01
-5.367995697561103036e-02
3.669696317251348039e-01
8.511524529437189956e-01
1.327537567475041369e+00
-3.651004383563188349e-01
-7.057355033848820014e-01
-1.853114493259522932e+00
1.947518265370541402e+00
5.702344927451943324e-01
-1.668084195368519485e+00
-9.438330073957694744e-01
-1.070053044583828106e+00
7.428378473653851621e-01
-1.097001939422466599e+00
5.768164957498447265e-01
-1.248198201522678463e+00
-8.122462397427923086e-01
-7.836806643940539274e-01
4.660060822084285959e-01
1.052662803586360107e+00
7.493447217268067728e-01
-4.042631190399929159e-02
-4.447474653164704833e-02
-5.670180567134665006e-01
1.257388763835437517e+00
1.314147008223293667e-01
-3.929352750129601057e-01
5.473636873438880723e-01
-1.554340820436222459e-01
7.919179514521920149e-01
2.690866352542365392e-01
-1.520843593712772612e-01
-1.623622406339172430e-01
1.074443398383441606e+00
-1.455596700100346697e+00
4.302758223965083562e-01
-6.231760205238371375e-01
-7.418845948347084496e-02
-6.163061496189087274e-01
3.842020842372246836e-01
-4.544015258781441968e-01
-3.996274112948320356e-01
-1.883750409573094198e-01
-2.677952658314524878e-02
-8.307883287302847419e-01
6.373391953429181633e-01
-9.875325404517295569e-01
1.009451051695261725e+00
