-7.219858317634755308e-03
-9.342504957504783533e-03
-1.318837876367535272e-02
-1.837345027817269619e-02
-1.481324123307756029e-02
-2.038951033400536808e-02
-5.251705590100766603e-03
4.698781467501499283e-03
5.291458647016981411e-03
1.668134729763996391e-02
3.303072896908631345e-02
6.248892739583553763e-02
6.677088243220799524e-02
9.174867564221864114e-02
1.151762598000154458e-01
1.299305505074656586e-01
1.461104768510699259e-01
1.913949418280087578e-01
2.258705270258716535e-01
2.339431634406954619e-01
2.639432410515505922e-01
2.886002663651226485e-01
3.191148717264117862e-01
3.459056759463034481e-01
3.808135625716094763e-01
3.984661960523298019e-01
4.171106111602050914e-01
4.574416102546904339e-01
4.891012437114206635e-01
5.110759138847922323e-01
5.361809327533636482e-01
5.651763386442708592e-01
5.927241859784180278e-01
6.195005754216635907e-01
6.408937931086801099e-01
6.741928322100835258e-01
6.893291230420317550e-01
7.215356240600532267e-01
7.458499281234075573e-01
7.652205943578280767e-01
7.969946329373140959e-01
8.263279448350568934e-01
8.522245598424343926e-01
8.758865226910542701e-01
8.954258278754207989e-01
9.248656933281029779e-01
9.447489164802763684e-01
9.645462120251702132e-01
9.898671473169556867e-01
1.014862262053723763e+00
1.040318645886826321e+00
1.063156943851582215e+00
1.078576611585635003e+00
1.106057623712451976e+00
1.133030530263675173e+00
1.147948181359183861e+00
1.172392422782266186e+00
1.191518110917101358e+00
1.216296055639497942e+00
1.233432541431168206e+00
1.253068633219975414e+00
1.274425410525583890e+00
1.294135787549554939e+00
1.312975277062342183e+00
1.330480774243167685e+00
1.352638706749769826e+00
1.373163236084324668e+00
1.391485290828286869e+00
1.407400510327520671e+00
1.424579002086258095e+00
1.442693705089971967e+00
1.466085284692146384e+00
1.483641009952137990e+00
1.493842801609494009e+00
1.515614903063064123e+00
1.530736167138905479e+00
1.548247324983995643e+00
1.566169698539218391e+00
1.581535710644435433e+00
1.596329950173158929e+00
1.614507416934747752e+00
1.628375163284469629e+00
1.644859304793523158e+00
1.664085758644565649e+00
1.678931894504524402e+00
1.694313082025861172e+00
1.708167887723602396e+00
1.721784773970965521e+00
1.736359962296945891e+00
1.751486556787488436e+00
1.762523041631837373e+00
1.783019452127111215e+00
1.794493816367733308e+00
1.807152606920725324e+00
1.818841608236776652e+00
1.833666932155428198e+00
1.847161329270551100e+00
1.860490393585433333e+00
1.874439309459147163e+00
1.884701428025062464e+00
1.898473362426394084e+00
1.911744429272254742e+00
1.925101244509612286e+00
1.939239573086436907e+00
1.952180884804746830e+00
1.959973782141172016e+00
1.971633914259771636e+00
1.981855917757649355e+00
1.994488774465710712e+00
2.007461489520053100e+00
2.019222681537966579e+00
2.025909759895949680e+00
2.038587049742554669e+00
2.049049683280613099e+00
2.058576863948847535e+00
2.073018197579127087e+00
2.080713468740749139e+00
2.091407365512349514e+00
2.101158090017361868e+00
2.110567067368268823e+00
2.120166102078008041e+00
2.131807913650702879e+00
2.138040225397871641e+00
2.151965006754765319e+00
2.160713726671905643e+00
2.172051107898226086e+00
2.180950915753565589e+00
2.188886194756217485e+00
2.198271079976350517e+00
2.206350318269135968e+00
2.216643975105557107e+00
2.226049770281051998e+00
2.232619273334028431e+00
2.242062283705392289e+00
2.252433100626624718e+00
2.259338333819104427e+00
2.267119547794358869e+00
2.277455734649589392e+00
2.286930680211057609e+00
2.293920210983227737e+00
2.301730462233338326e+00
2.307687177695649794e+00
2.319590108527866512e+00
2.326366076294454910e+00
2.335701830217337349e+00
2.341868373524886859e+00
2.351061708093347136e+00
2.357974394554647191e+00
2.365364799590458755e+00
2.372056364222206337e+00
2.382193766720829942e+00
2.387036708128233542e+00
2.393983228306801436e+00
2.403578303757406331e+00
2.408567179909697487e+00
2.413186362638381599e+00
2.423131521898659990e+00
2.428402656060518972e+00
2.437823079699549034e+00
2.443958672447868352e+00
2.450201923988112984e+00
2.456599295049696430e+00
2.462022959775390873e+00
2.468810477519191693e+00
2.476540878605456797e+00
2.482587343653687384e+00
2.489239714714369445e+00
2.495627124315733525e+00
2.503405048790899201e+00
2.508505667512183290e+00
2.514556245992653150e+00
2.520646438486554786e+00
2.524874346312752316e+00
2.529574964444452512e+00
2.539477025482848926e+00
2.538447892926655847e+00
2.550388553693371918e+00
2.553688156505398155e+00
2.560943230795119430e+00
2.565381432633992986e+00
2.571719562042280138e+00
2.577656131751090207e+00
2.582678825063668970e+00
2.588645918238411170e+00
2.592914529579792848e+00
2.600205610150894575e+00
2.604854267123254630e+00
2.611225135325095259e+00
2.614650604001269585e+00
2.619253945873648348e+00
2.626629799851133207e+00
2.632287415511541440e+00
2.635621571054677759e+00
2.640474647743487058e+00
2.646273566379039988e+00
2.650391363803827449e+00
2.655385473404491048e+00
2.659516842894191324e+00
2.665053827063979419e+00
2.670686089011246711e+00
2.677545067326034811e+00
2.679152270376453870e+00
2.686165083648486718e+00
2.690817090728336414e+00
2.695497465880464016e+00
2.701228189926709433e+00
2.702750740730084811e+00
2.710378770135092097e+00
2.712222433055600401e+00
2.720313479150975322e+00
2.722072406213964513e+00
2.728061702563432167e+00
2.731382397406126650e+00
2.736069972732058542e+00
2.740020490683907628e+00
2.743211879490185634e+00
2.749212178382204108e+00
2.753621179457419021e+00
2.756581125579639302e+00
2.761802487271317386e+00
2.765814633969777336e+00
2.771181445371258434e+00
2.773106303859404598e+00
2.778117536575311686e+00
2.781485955347470895e+00
2.785570626649042758e+00
2.789370552880571896e+00
2.792021947907884716e+00
2.798517473873147310e+00
2.801971338726084504e+00
2.804868928558668095e+00
2.811170018075720645e+00
2.811552595239614316e+00
2.816402595764190497e+00
2.821525183721322882e+00
2.827406135860394798e+00
2.827605878938216133e+00
2.832842391822658623e+00
2.837034809217847009e+00
2.841469530967808410e+00
2.845210999771812688e+00
2.849521672302882447e+00
2.850468607623112050e+00
2.855378094455106375e+00
2.857460751725434012e+00
2.862287877363191235e+00
2.865361009491110167e+00
2.869599747111029941e+00
2.873445269064165863e+00
2.876377725401078056e+00
2.879028765637092313e+00
2.884375193258831072e+00
2.886306135332877609e+00
2.892354901295785208e+00
2.893455867409578275e+00
2.895799380992794436e+00
2.900988687538932354e+00
2.905907762317277321e+00
2.906947669267350598e+00
2.910734712312588623e+00
2.912772869924354247e+00
2.916305914795421117e+00
2.920769216143786373e+00
2.922991290564745714e+00
2.925290813868243855e+00
2.930140081294200449e+00
2.934620607055061114e+00
2.938184350706648740e+00
2.938375235390450868e+00
2.941908604447428299e+00
2.945326734952607328e+00
2.950946849236963931e+00
2.950485878263202633e+00
2.956417440348050985e+00
2.958858227081244685e+00
2.962258740147395208e+00
2.965286131522979929e+00
2.966541454213674989e+00
2.971465841505080530e+00
2.973270973390400140e+00
2.975488139045262770e+00
2.978837955314737940e+00
2.983098716218234525e+00
2.984645545458988192e+00
2.988593973865573350e+00
2.991411528744957415e+00
2.993410884476071843e+00
2.997805024066213075e+00
2.998804010341214354e+00
3.003726101484610833e+00
3.006653054290872262e+00
3.009191404405281656e+00
3.010876137874519021e+00
3.014463500870988799e+00
3.017434123002944890e+00
3.019610965579860196e+00
3.022624062053544503e+00
3.023979634202745626e+00
3.027349784751520723e+00
3.030598834786345286e+00
3.032869504672866423e+00
3.033778195276283007e+00
3.037985353756766482e+00
3.041219406005587711e+00
3.044132807339836155e+00
3.046523475520641178e+00
3.048753665411834568e+00
3.050066821447639853e+00
3.054066230015557881e+00
3.057592411602620075e+00
3.058701569758968564e+00
3.062326168964775608e+00
3.064459640297451770e+00
3.068837078731335044e+00
3.069469878952630015e+00
3.071283064939295926e+00
3.073852420042140210e+00
3.076237019977498210e+00
3.080778191502975272e+00
3.081305986268161767e+00
3.084138149581559851e+00
3.086341264234234494e+00
3.088367134857237684e+00
3.091399035720351574e+00
3.095016497805452627e+00
3.096762036443432731e+00
3.098600796989107398e+00
3.100382347321929632e+00
3.103848329313612098e+00
3.106014906964162048e+00
3.107909418348939301e+00
3.111623150594061915e+00
3.114598100331015473e+00
3.115242947176532606e+00
3.119016029480335295e+00
3.120479984126295125e+00
3.122110411506199057e+00
3.125271251971563746e+00
3.127982081882176413e+00
3.128678163248001187e+00
3.133338336103316468e+00
3.133834583595810130e+00
3.136633751551954674e+00
3.138711722653123370e+00
3.142142763463615207e+00
3.142656305254441396e+00
3.145869476006669885e+00
3.147402236858520386e+00
3.149710461466229461e+00
3.152877491587914083e+00
3.154745843668035121e+00
3.157039892286560345e+00
3.158882563526370202e+00
3.161076723623103657e+00
3.163453451115628035e+00
3.164649182999959010e+00
3.167730122629625278e+00
3.169450837281733158e+00
3.171341682438407084e+00
3.173831133229652490e+00
3.176588879353817951e+00
3.178048903530088065e+00
3.179789946902171760e+00
3.181420152002159440e+00
3.183963538807722760e+00
3.185540121849535833e+00
3.187507362174840875e+00
3.190613751915291729e+00
3.191467863652099446e+00
3.194207470525955550e+00
3.195099789408058388e+00
3.196025718372575763e+00
3.200218702605861498e+00
3.201485809277376138e+00
3.204592816948537148e+00
3.206412110961461170e+00
3.208073384778070025e+00
3.208896111499819348e+00
3.212447678077154922e+00
3.213445250663116148e+00
3.214946940111861107e+00
3.217868212547224882e+00
3.220398319341968296e+00
3.222064784200439291e+00
3.223746815891300077e+00
3.225381500943339308e+00
3.225884858232123342e+00
3.228626596783728875e+00
3.231593394416075959e+00
3.232790978537422699e+00
3.234854109622792517e+00
3.236448184897885660e+00
3.237779234147861285e+00
3.239884044094209159e+00
3.241913799648695971e+00
3.244590270771953389e+00
3.246044899176918186e+00
3.247759952573010978e+00
3.248717062778896381e+00
3.251486114278709927e+00
3.253054162433233198e+00
3.253880495874144962e+00
3.257157704199370674e+00
3.258321647858183567e+00
3.260023836879971881e+00
3.262163690413580230e+00
3.263948677421197875e+00
3.265212718583588636e+00
3.266776609864358694e+00
3.269508305051889163e+00
3.271031631534654149e+00
3.272313435510787016e+00
3.275005969313006915e+00
3.275508647433435616e+00
3.277579325003840083e+00
3.279766700067916929e+00
3.281317045236087804e+00
3.282957236543611046e+00
3.286558216587309289e+00
3.286907084670402046e+00
3.289576033988281800e+00
3.289778376482670463e+00
3.290478953609563550e+00
3.292150923107785232e+00
3.294291475013491066e+00
3.296702761554920258e+00
3.298154610051374114e+00
3.297915473582408552e+00
3.301344585110227658e+00
3.303775659271289022e+00
3.304899771085604065e+00
3.307198705789291981e+00
3.309720968886463943e+00
3.308862444319610407e+00
3.310883230236999708e+00
3.313063858647586457e+00
3.314423878683586455e+00
3.315920953162887042e+00
3.317492037639176328e+00
3.319889590686889491e+00
3.320704919372071462e+00
3.321888380414705910e+00
3.323207637620901878e+00
3.324469212478549096e+00
3.327442636688825672e+00
3.329460134780111158e+00
3.331593388051088400e+00
3.333073823945499115e+00
3.333193819306618177e+00
3.335103598960983629e+00
3.336727810745057088e+00
3.339210420909314525e+00
3.340189880687804092e+00
3.341009441890963938e+00
3.342780661885742965e+00
3.343865027202203688e+00
3.346875331049604885e+00
3.346983419176400965e+00
3.348852041336757068e+00
3.350461479236354734e+00
3.351970999898482795e+00
3.354128940915020340e+00
3.355329806827436201e+00
3.356655247449977786e+00
3.358346152977990329e+00
3.359359556817703929e+00
3.361719931863505817e+00
3.362366670910006405e+00
3.363745820860756464e+00
3.364967779930508218e+00
3.366488222500606309e+00
3.368294982655280823e+00
3.368895493128638119e+00
3.370673672769178175e+00
3.371979653626186124e+00
3.373685672982199346e+00
3.376509269730089802e+00
3.375959150669312514e+00
3.378002257376991668e+00
3.378206981164898259e+00
3.381622547769203457e+00
3.382866780956256036e+00
3.383329053165280875e+00
3.385051921515321194e+00
3.387717069266936498e+00
3.388337171256212255e+00
3.389466806772569729e+00
3.390719848216964039e+00
3.392438287890263027e+00
3.393475233520022005e+00
3.396390718949979348e+00
3.396684252967515860e+00
3.397502494187977895e+00
3.399933203011716198e+00
3.400032945949719387e+00
3.400975795169806748e+00
3.402790364811727919e+00
3.405334748155143476e+00
3.405987379128383452e+00
3.407610078155255628e+00
3.409107038204033824e+00
3.410423933940153862e+00
3.411492957836476325e+00
3.412586456110585420e+00
3.413479171313404059e+00
3.415841714901139081e+00
3.416520999173998874e+00
3.417517935318731492e+00
3.418371764092889009e+00
3.420623403139012364e+00
3.421931745306630024e+00
3.423297633913492621e+00
