3.792414031969500166e-02
-3.415952375269427632e-01
4.318696397431802392e-02
3.313635761627373166e-02
1.402444774703509311e-01
-8.871867807022948416e-02
-4.475069201191703150e-02
-2.364305294074188490e-02
4.111641381060082007e-02
1.244988623539575179e-01
-2.799625952929046813e-02
-5.494195608953653803e-02
1.179599501927144564e-02
-6.709356858056569894e-02
-1.453198553508537882e-01
1.087949498476842580e-01
-3.164191921934754459e-02
4.231039850041160705e-02
8.577162101354280158e-03
-1.196521751369240133e-01
6.129215630200154918e-02
-7.144574425057961808e-02
-6.205363503615404785e-02
2.899392957827032560e-02
-1.820656666202791554e-02
