1.064211852099565148e+00
9.768143679588170425e-01
-6.866940202342040889e-02
6.573915805952479374e-02
-5.435523491194775847e-01
-7.703988996624132612e-01
5.765801449060795614e-01
-1.357886277483757675e+00
-2.498800464788310804e-01
4.480436007388923225e-01
-1.303722552650840028e+00
-7.345952529712285184e-01
-9.023083153586372029e-01
-4.898713963601766808e-02
1.414618373569051235e-01
-1.087755314199563283e+00
-6.491405352962958952e-01
7.826394723306005774e-02
-3.333946246044287159e-02
9.493890488128808869e-01
6.378324846521067348e-01
1.002053903627597942e+00
-9.029413817049513138e-03
-1.632632810674727875e+00
6.932459757891494823e-01
-3.913859134684997271e-02
-2.873064441853925843e-01
-7.574297606003758121e-01
-1.477363053157162986e-02
-6.887926065939358189e-01
1.649442282754845501e-01
1.131919503558029172e+00
9.586238898418367738e-01
1.317525065358061687e+00
-2.795007761014425274e-01
-8.819763997875034178e-01
2.699007624738381916e-04
1.044495460670896492e+00
3.182335497786674683e-01
2.031018101734589076e-01
-8.053682143376035274e-01
-2.720972514472703718e-01
-3.210918161685489824e-01
7.258937373047597008e-02
5.158364900043156398e-01
-4.496563792983225283e-01
2.151544384751528760e+00
-7.951884404055034050e-01
-2.764929021380143070e-01
-2.148229210623931185e-01
-5.750406998186673863e-02
3.611309032206008740e-01
3.468193122130463490e-01
-1.756893347852780174e+00
-1.471652375258703516e-01
1.094346061828060268e+00
-5.554387103571420958e-01
-7.534217466290141219e-02
2.729387226426297497e-01
-9.885883501415601571e-02
-4.431922387795150242e-01
-1.410895541621628890e+00
9.835801129968915202e-01
1.050043672094469027e+00
-2.541574672416215819e-01
5.285544642842670005e-01
3.607201034022990971e-01
-1.021700778294064360e+00
4.126738776766250005e-01
1.009796339643785901e+00
-9.442474181460400184e-02
3.260353995138380312e-01
-1.391205210043362284e+00
-1.608961098494766928e-02
-1.276587140412508425e+00
-6.820897131795186086e-01
3.325752809749233374e-01
-1.536449270518696654e-02
6.933764898244935970e-02
9.434182878734062028e-01
-5.918954721011987496e-02
3.770012894224994415e-01
8.369278661948986731e-01
1.328302523661238910e+00
-3.598117417128059436e-01
-7.048425310362561591e-01
-1.854552412986426591e+00
1.934432948640210093e+00
5.761113455555880725e-01
-1.671199002645290532e+00
-9.386024304688616038e-01
-1.058307030704795260e+00
7.494008557225025902e-01
-1.092474353282687716e+00
5.726751687499456178e-01
-1.245772148616998587e+00
-8.284059922840967261e-01
-7.826106351727789567e-01
4.594018521691495271e-01
1.020741844463384895e+00
7.467012605568219552e-01
-2.989533940300410225e-02
-4.259871597446648200e-02
-5.575547470706545550e-01
1.261935315552367376e+00
1.346662876126340502e-01
-3.896306118831507348e-01
5.444325776210839907e-01
-1.518220573542070073e-01
7.981865755731117895e-01
2.713128143719645280e-01
-1.518906129525432469e-01
-1.652104997784062390e-01
1.061926360214593634e+00
-1.436306956834934478e+00
4.293652377054576474e-01
-6.200839613408006823e-01
-8.171917910580137057e-02
-6.154555637851790717e-01
3.903604731146479989e-01
-4.403908974959489520e-01
-4.083898575020628030e-01
-1.905066035068417596e-01
-2.405515069477065851e-02
-8.336668611621483871e-01
6.361693281289808599e-01
-9.966562463924860671e-01
1.029343643570845401e+00
