-6.243320049169089926e-03
-6.474945592693123926e-03
-8.472055338455570031e-03
-1.160115120404086285e-02
-9.720862493171380722e-03
-1.346042328237629163e-02
-2.642772670929019636e-03
4.853358795634065900e-03
4.348426459525831303e-03
1.242838497184068150e-02
2.459117581513999701e-02
4.744804443068393468e-02
4.926203134190073468e-02
6.689752602148719973e-02
8.605415296720118901e-02
9.341269414053195164e-02
1.068620950459104740e-01
1.442361442599948140e-01
1.708706122408902572e-01
1.745377954122146469e-01
1.994329634603289880e-01
2.178199076022283576e-01
2.385805659033048143e-01
2.600215841270668293e-01
2.891564103940718611e-01
3.045244263503698590e-01
3.168403201923090662e-01
3.517736441346366316e-01
3.789240775258265193e-01
3.935612677029058371e-01
4.107484147617752046e-01
4.349166935087449559e-01
4.636161669644284777e-01
4.768978252626618342e-01
4.978809809615706294e-01
5.251042852794824967e-01
5.367558598630038924e-01
5.654978261668144324e-01
5.852828103968082951e-01
6.014845293967215900e-01
6.279954121764682595e-01
6.546332743386255038e-01
6.733596459176474092e-01
6.936680798288202832e-01
7.122500924287999968e-01
7.371715976530444081e-01
7.529512069387437334e-01
7.740271441717556655e-01
7.972967291487607078e-01
8.181533374986307283e-01
8.382894062833579074e-01
8.608476221360870095e-01
8.713324687770246380e-01
8.988001438488794070e-01
9.187383200509864345e-01
9.314629348258004482e-01
9.513521752234870288e-01
9.712079319561816027e-01
9.926614630508033832e-01
1.007983143934095605e+00
1.025459004880524327e+00
1.042059904688769523e+00
1.063951495142429593e+00
1.077825558325839594e+00
1.100026297225895622e+00
1.121334493029630730e+00
1.135815148617772552e+00
1.152246125094912088e+00
1.169879277575132104e+00
1.188189284102126875e+00
1.200888063399278005e+00
1.219980118133638047e+00
1.237222201734659022e+00
1.251387619638312021e+00
1.268003638549110912e+00
1.282605609682051506e+00
1.302602856551366317e+00
1.314963491983495603e+00
1.328007861688694335e+00
1.347599543014992296e+00
1.362840777831248351e+00
1.374545589658080935e+00
1.392418202075904166e+00
1.405955409371894893e+00
1.419961611083135011e+00
1.433378840015736344e+00
1.452462551159690030e+00
1.462306862445176936e+00
1.478779365852076477e+00
1.494494757924383466e+00
1.505380179130473506e+00
1.519165233356404077e+00
1.533076746329005147e+00
1.545160754156561955e+00
1.557121929092714296e+00
1.575758826269283652e+00
1.588885032384471874e+00
1.598945501052656093e+00
1.612657567357187904e+00
1.623349356338228411e+00
1.638778210451053097e+00
1.648913008711730965e+00
1.661887936428002588e+00
1.681070062691031541e+00
1.685625740662043182e+00
1.697137396172961665e+00
1.710594136763498030e+00
1.722565663826291393e+00
1.734692769989435002e+00
1.744816758365575815e+00
1.758785117484086058e+00
1.766657554152277987e+00
1.777939898789521189e+00
1.790555177744187931e+00
1.802628354682684897e+00
1.813050289835204998e+00
1.821271182503746422e+00
1.832002437572118447e+00
1.845792174436531763e+00
1.855986500973016540e+00
1.866110784895383956e+00
1.874523487297105051e+00
1.885684471066558787e+00
1.895295780631535143e+00
1.903666868309427329e+00
1.914907247363007547e+00
1.926130881196718603e+00
1.933090495358737115e+00
1.944970544742481433e+00
1.953500974682172542e+00
1.963475930833116889e+00
1.972797419009688413e+00
1.981108525601928960e+00
1.991496631291375330e+00
1.999090993635060931e+00
2.009016156494403127e+00
2.016280941084963363e+00
2.025224568712581608e+00
2.035422264829434447e+00
2.045538162670542448e+00
2.051826508296143103e+00
2.059557948357544355e+00
2.068460898034196749e+00
2.078651697017826816e+00
2.083799745123741776e+00
2.093060090783882998e+00
2.101018305863588509e+00
2.108042454644751817e+00
2.118191946001780845e+00
2.124404668937727614e+00
2.134088046323856069e+00
2.142445439335411983e+00
2.147767801775913199e+00
2.156980494160502193e+00
2.162165075061017738e+00
2.174655890980071504e+00
2.179790650827589715e+00
2.185684007565466214e+00
2.195663529402823944e+00
2.200738774450283319e+00
2.207687956576801280e+00
2.214967263553464516e+00
2.223723260074581987e+00
2.228806939682015820e+00
2.237487463517983333e+00
2.241860559865679559e+00
2.248917587437238019e+00
2.257037463486051276e+00
2.263624003865693624e+00
2.269881238414792168e+00
2.276803684305212627e+00
2.281271544425370390e+00
2.289300495867458540e+00
2.296766115883369874e+00
2.303123300580161903e+00
2.308777668054786680e+00
2.316726548814191045e+00
2.320577513345446263e+00
2.326742352966987504e+00
2.333062216909770559e+00
2.339052127869535980e+00
2.346022068030333863e+00
2.351511951310409021e+00
2.356178231813743640e+00
2.364374890068817958e+00
2.370861221510077055e+00
2.374353092844475377e+00
2.379543066605123158e+00
2.385735246931586229e+00
2.392412252064291422e+00
2.397057204283865151e+00
2.403782297249971389e+00
2.408926888815393408e+00
2.415885317674967059e+00
2.418720939532737813e+00
2.423227836912858812e+00
2.430589801492227142e+00
2.434497552016476440e+00
2.440298985475088944e+00
2.444185454781494293e+00
2.451566597260631752e+00
2.454525694244918288e+00
2.462230435761179503e+00
2.466260723894034612e+00
2.471396336741011446e+00
2.475248563853411188e+00
2.481773179460658785e+00
2.486120680855087528e+00
2.491732654961845483e+00
2.496845391413967441e+00
2.499758255371733018e+00
2.504079081028487419e+00
2.511062704541279000e+00
2.515432974948500711e+00
2.519621921120672514e+00
2.523547048309782159e+00
2.528610311865260307e+00
2.534451791938304055e+00
2.536121670084397373e+00
2.541493789764576849e+00
2.548710625433904919e+00
2.551783760627322373e+00
2.554653424387867577e+00
2.561038241088715139e+00
2.563693199361013697e+00
2.569290691047930064e+00
2.573039072001341854e+00
2.576665419721867689e+00
2.582210963213174448e+00
2.585118049124607520e+00
2.588009666611519322e+00
2.593857425773931524e+00
2.597278674975259438e+00
2.602058308282360066e+00
2.607197727451493030e+00
2.609626422395195711e+00
2.613827429149377934e+00
2.619387199552593692e+00
2.620733436421077922e+00
2.625134670520749225e+00
2.631472411707338921e+00
2.633208121620099096e+00
2.639150419458911490e+00
2.642865651872152721e+00
2.645484315163967093e+00
2.648189084126945758e+00
2.651407763094472791e+00
2.656249144825745478e+00
2.660125712133508014e+00
2.664995493509514812e+00
2.667858949805985258e+00
2.671939822616953730e+00
2.675765008887339480e+00
2.680324184212601324e+00
2.683083457790088389e+00
2.687470384741292406e+00
2.689870384856595464e+00
2.691426112094599254e+00
2.697554809982489310e+00
2.700833506785895732e+00
2.704302015219242517e+00
2.707926504297706760e+00
2.711426270630090229e+00
2.714693623677169043e+00
2.719318081532992259e+00
2.721679226935630691e+00
2.724965431702532470e+00
2.728389732495595243e+00
2.730469740199222173e+00
2.734357183661534130e+00
2.737565124247330672e+00
2.741001133132282774e+00
2.744012520846958125e+00
2.747948429067774256e+00
2.752059582772431234e+00
2.755019418782808760e+00
2.757061073965576536e+00
2.760937717700080007e+00
2.763600118916007986e+00
2.767258328425254987e+00
2.769964207589568517e+00
2.773008831174568201e+00
2.776321367848435528e+00
2.778986901341676141e+00
2.783287638993822810e+00
2.786198376781368502e+00
2.786784759944937129e+00
2.790725953987877705e+00
2.794228925353730908e+00
2.797470307307130977e+00
2.800335891500397523e+00
2.804417103288935120e+00
2.805185656603869759e+00
2.807051860968568402e+00
2.811333628590230838e+00
2.812915028285421393e+00
2.816754695075327941e+00
2.819882314042782667e+00
2.822101093032684638e+00
2.826540815017174246e+00
2.828011114386609570e+00
2.830756014347507232e+00
2.834151419063196897e+00
2.837042511834924507e+00
2.838558359274958587e+00
2.841764258072688509e+00
2.845097449792495237e+00
2.847370354354854527e+00
2.850235013960979114e+00
2.854663865959538693e+00
2.856115155966266528e+00
2.858901685001161486e+00
2.861655679547741027e+00
2.862495607680111576e+00
2.867115403931272510e+00
2.870535900678551577e+00
2.871226261484980835e+00
2.875466527060957844e+00
2.877250468162215746e+00
2.879935430881074954e+00
2.880769417405034893e+00
2.884380070382835282e+00
2.887167532132992154e+00
2.889630690069534324e+00
2.890850282331679733e+00
2.892852405281846284e+00
2.895515777052378059e+00
2.897593250576167012e+00
2.900367274935653938e+00
2.904139922391037132e+00
2.905794474196422339e+00
2.909329842497666796e+00
2.909716873743937615e+00
2.912026523694543290e+00
2.916401561713891866e+00
2.917575732083362627e+00
2.919769191962376276e+00
2.922640745854421684e+00
2.925255867971622070e+00
2.927041512302486659e+00
2.930578379363041108e+00
2.932012958740631170e+00
2.934280444066359461e+00
2.936655179448773634e+00
2.940059213003816119e+00
2.941180889847624158e+00
2.943325487843586163e+00
2.946333652849750351e+00
2.948224292855356587e+00
2.950683025038584262e+00
2.952723737505116297e+00
2.955386965668984622e+00
2.954673525108904464e+00
2.960239457497100712e+00
2.960264133656817176e+00
2.962925544203295125e+00
2.965803168382784794e+00
2.967128421760966361e+00
2.969110387298558695e+00
2.971943095434497639e+00
2.975324881541500321e+00
2.976534237246424741e+00
2.978935831653094723e+00
2.980999629452994792e+00
2.983414419199842627e+00
2.986355040909206782e+00
2.986824117929086420e+00
2.989445224111547450e+00
2.990775545788578516e+00
2.994164823897397909e+00
2.994179548762112564e+00
2.998318525080428731e+00
3.000028860753254367e+00
3.000931201596003906e+00
3.002830147041285702e+00
3.004459597805783311e+00
3.007985075817908971e+00
3.010315070271592397e+00
3.012049235780878131e+00
3.014309862129949558e+00
3.014961826417985158e+00
3.018369745024040540e+00
3.019893400987427867e+00
3.020992777065251378e+00
3.022264309586506492e+00
3.024462931852090808e+00
3.028049108614140117e+00
3.029673497513915681e+00
3.030894629244791805e+00
3.033248576379047989e+00
3.034532992861624034e+00
3.036949402754637095e+00
3.037816347625146296e+00
3.041017713171718206e+00
3.041919477799662097e+00
3.045223854872091351e+00
3.047392439355081528e+00
3.048361810829688601e+00
3.048917579329346594e+00
3.051859958263996475e+00
3.052496053374901486e+00
3.055152693499699534e+00
3.056391767088495470e+00
3.058272809427662331e+00
3.060797872662625263e+00
3.062366419747228452e+00
3.063553427728013645e+00
3.066202706466847339e+00
3.068032603158113769e+00
3.070102371407910979e+00
3.070940526242759816e+00
3.072776514741371923e+00
3.074412463495943104e+00
3.076874321863771300e+00
3.078002609518417643e+00
3.079407263992736343e+00
3.082132798683095309e+00
3.082539695067951335e+00
3.084974087056764347e+00
3.086619474727504198e+00
3.089159776927966838e+00
3.090451345537881256e+00
3.092346660054315688e+00
3.094056770038571269e+00
3.095282078961337557e+00
3.096887504470801300e+00
3.099242500559719282e+00
3.100885705441570384e+00
3.102533285573333632e+00
3.103551970493274137e+00
3.104393481648906938e+00
3.107431503078520230e+00
3.108018350789867768e+00
3.110129412089518652e+00
3.110742245154930696e+00
3.113177606366421379e+00
3.114540900726689099e+00
3.116163733370490796e+00
3.117667528449419745e+00
3.120408055034975092e+00
3.121654684978930394e+00
3.122591276678395644e+00
3.125026452521266762e+00
3.126034782364294440e+00
3.128275295605067452e+00
3.128702917556644980e+00
3.131006409836385895e+00
3.132608389769997892e+00
3.135405272398847032e+00
3.134934856608075915e+00
3.136656233056152931e+00
3.138659936609081491e+00
3.140164260248460515e+00
3.142318494831003672e+00
3.143564966984261577e+00
3.144336614617168735e+00
3.146940526812791461e+00
3.147678882287447522e+00
3.149231878240214222e+00
3.150292740827692395e+00
3.151926272013276353e+00
3.154427737669281306e+00
3.155710712180894273e+00
3.156509099544135832e+00
3.158585199456991344e+00
3.159944809542639899e+00
3.160917883159270581e+00
3.163454602016924966e+00
3.164907862829564156e+00
3.165627024416826529e+00
3.167652071517107260e+00
3.169715079335496011e+00
3.169855384951845600e+00
3.171493218413912629e+00
3.172730194079952160e+00
3.173737617244360987e+00
3.175378091764570865e+00
3.176853702109861288e+00
3.179049038943551508e+00
3.181208354497250479e+00
3.181546593669108081e+00
3.182784504590320918e+00
3.185708492066705144e+00
3.186536760029041293e+00
3.186601921733160925e+00
3.189613969211990696e+00
3.189607645870406571e+00
3.190956188570938767e+00
3.193648538099291390e+00
3.194479457745804218e+00
3.195402814541185688e+00
3.197226116035740695e+00
3.198524760431685987e+00
3.200468349347554309e+00
3.200568957925136182e+00
3.202236020222458901e+00
3.203980938750194962e+00
3.204957187783644468e+00
3.206876633748823480e+00
3.208524977910244047e+00
3.208959102030219945e+00
3.209568710698154970e+00
3.212614247351987640e+00
3.213032971192149478e+00
3.214738877963086772e+00
3.215348523525242364e+00
3.217325461455204483e+00
3.218987707656447483e+00
3.219777253638040015e+00
3.221108271867947348e+00
3.221833205454814664e+00
3.223698567460577813e+00
