-6.742742376317572943e-03
-7.969295218093948655e-03
-1.092626691115155223e-02
-1.513973643526856684e-02
-1.239189695099700457e-02
-1.710245583349541409e-02
-4.012221241538203344e-03
4.783271347018155061e-03
4.745752967785505164e-03
1.458820244627345025e-02
2.901834686217567502e-02
5.552507154354488494e-02
5.853667761392950669e-02
8.004856636663737479e-02
1.016193855633117371e-01
1.128021216485816658e-01
1.276300295666480122e-01
1.696529433797080155e-01
2.007105562434753354e-01
2.065269935742423124e-01
2.342908061403930486e-01
2.562415981071014537e-01
2.820735893859772636e-01
3.064017887352062930e-01
3.389619517783202807e-01
3.555880903904824475e-01
3.710123039802336042e-01
4.095377777238057293e-01
4.392857974111153418e-01
4.577797546495498415e-01
4.790302827184868550e-01
5.055153954013964501e-01
5.347563652943397861e-01
5.547097364223574356e-01
5.761520180892882870e-01
6.064982093043697065e-01
6.198080218340056291e-01
6.507135293610726290e-01
6.730518061110067896e-01
6.912937348364202039e-01
7.206453566363603125e-01
7.484287936500818583e-01
7.711730061118221569e-01
7.935603346724516838e-01
8.129056152160900606e-01
8.394715487605317605e-01
8.578195410859454917e-01
8.774455909221375860e-01
9.023908354243738161e-01
9.257505449074252546e-01
9.485935095945260409e-01
9.724503747208854687e-01
9.848442619143559229e-01
1.013557447886423768e+00
1.038887803921746178e+00
1.049830344607113553e+00
1.073923028382520295e+00
1.092968553787783126e+00
1.115769331290212385e+00
1.131567906255635858e+00
1.150466470826055243e+00
1.168026203791235451e+00
1.188900057137368904e+00
1.206572674274861257e+00
1.225173358524237699e+00
1.248947021461747742e+00
1.266898042650763001e+00
1.283367395338486538e+00
1.301076128685371147e+00
1.319707432346638676e+00
1.335196022588621023e+00
1.356149924205475976e+00
1.374009423394219720e+00
1.383494278203122985e+00
1.401938757594751728e+00
1.419730369054481578e+00
1.439338826205600164e+00
1.452973633161563027e+00
1.470091931573522581e+00
1.485880005884528288e+00
1.502090628689118246e+00
1.514015764280020937e+00
1.531876857215749732e+00
1.550685373216996066e+00
1.563496501984716680e+00
1.576037611905559688e+00
1.593297598288139660e+00
1.604531950275593699e+00
1.619157124555092198e+00
1.635107730293184902e+00
1.645502731094468096e+00
1.665793918318938971e+00
1.677302017967133185e+00
1.688892435891506727e+00
1.699047160789067368e+00
1.718383246776111095e+00
1.730178799495091235e+00
1.741279689688834953e+00
1.755841140635408637e+00
1.766680363280025201e+00
1.780119903453620589e+00
1.792035688204147492e+00
1.805367998764790149e+00
1.823693311242374993e+00
1.829630525306915612e+00
1.839228024038814802e+00
1.851571200116357785e+00
1.863492191735776959e+00
1.875534679626982060e+00
1.889607053908054946e+00
1.899240582153742807e+00
1.906065388350926648e+00
1.920138379400847750e+00
1.929711713086368130e+00
1.942714682329976572e+00
1.953491793038195201e+00
1.964470562612712801e+00
1.972500698240669648e+00
1.984557433905027812e+00
1.996988357677305093e+00
2.004594436050581852e+00
2.015374962259846914e+00
2.024131700244431009e+00
2.032955970237259713e+00
2.044910805451383595e+00
2.055305078464174429e+00
2.064388248497474265e+00
2.072753897402318746e+00
2.081969613455195489e+00
2.092357136727056144e+00
2.100338324897356390e+00
2.112348902442939380e+00
2.117996204263269178e+00
2.127892603372195435e+00
2.137802631870413084e+00
2.146944121301813890e+00
2.156218950833681092e+00
2.163710386205695446e+00
2.176033077228750834e+00
2.180035588484575015e+00
2.190249344600391890e+00
2.196814051291808845e+00
2.202944191567246079e+00
2.212757199781982820e+00
2.221195145464302634e+00
2.228797502545682985e+00
2.238189389633934656e+00
2.245624764227147629e+00
2.253752421191459021e+00
2.261618318886221335e+00
2.267438288130821267e+00
2.272268086862751613e+00
2.283585108781182260e+00
2.291644625778994193e+00
2.297825690003389543e+00
2.306713767223658174e+00
2.310722048553193186e+00
2.315566042376538292e+00
2.325299669738130515e+00
2.333494019188013358e+00
2.340495052763271744e+00
2.346250283221698929e+00
2.352931326860848049e+00
2.360798916327586650e+00
2.363150465075821050e+00
2.372303555563689770e+00
2.380068662435929738e+00
2.386620350295394655e+00
2.393741715947443005e+00
2.398527087284990866e+00
2.404952661704519379e+00
2.409570505188720180e+00
2.417315966250913828e+00
2.423303404907550362e+00
2.429610392912861183e+00
2.437845765018539002e+00
2.440687618016574856e+00
2.448508816790227804e+00
2.454125941391134269e+00
2.459357478070366199e+00
2.465942204606710764e+00
2.470489305067797847e+00
2.479349099927819822e+00
2.481425056715720334e+00
2.487864821540775928e+00
2.492944272008446482e+00
2.500780518020494281e+00
2.504920906397039015e+00
2.511253293249916752e+00
2.514739814905185611e+00
2.522039684434047579e+00
2.525353328115327312e+00
2.531803286272535480e+00
2.539035510889258163e+00
2.543340983100721431e+00
2.546444142738034877e+00
2.552824925655277077e+00
2.557351409842108847e+00
2.562943478659990060e+00
2.568398876550237020e+00
2.570992429415142055e+00
2.578807582048074920e+00
2.581659937737107224e+00
2.588463385588222199e+00
2.593538893216059460e+00
2.596324426260335994e+00
2.599069362503584557e+00
2.607775121069122459e+00
2.610541721040098295e+00
2.616614860233940743e+00
2.621511419181511648e+00
2.622568137168708180e+00
2.631259117099190359e+00
2.635237902508198449e+00
2.640098912328689540e+00
2.643626578666151250e+00
2.646447032010442513e+00
2.652807104035378671e+00
2.657280432265434200e+00
2.662078410260704686e+00
2.665248290913921458e+00
2.669611146494091702e+00
2.671786809915338790e+00
2.679190672605645140e+00
2.682408708107296036e+00
2.686197512280145361e+00
2.689986300897475591e+00
2.697752899339912247e+00
2.699484916082024011e+00
2.701783528550821156e+00
2.707790225998586209e+00
2.711412257627151323e+00
2.715716853629269956e+00
2.718296110291597234e+00
2.723802427884852051e+00
2.726999376317802426e+00
2.731134535129580154e+00
2.733917625618264680e+00
2.737938573960524202e+00
2.742625226702507746e+00
2.744727922365881145e+00
2.750293747909621001e+00
2.753322280587793713e+00
2.756346769127180796e+00
2.759370970303840043e+00
2.764189768639307765e+00
2.767461965691054182e+00
2.772579251827221647e+00
2.774318782111955262e+00
2.778973443770772711e+00
2.782727093067300039e+00
2.785221750970993337e+00
2.790628818950781742e+00
2.792289609041651133e+00
2.796996044841863593e+00
2.799310322046923094e+00
2.801612921946842416e+00
2.806135321802829541e+00
2.809763001219875100e+00
2.812161118227093581e+00
2.815127310869125044e+00
2.818034291992347562e+00
2.820992436968432493e+00
2.827628054172850458e+00
2.828897980552283364e+00
2.832537454036978541e+00
2.835811508674342729e+00
2.838139255164026764e+00
2.841815287425251135e+00
2.844944168278852548e+00
2.848011446131831548e+00
2.852086201666275134e+00
2.854008915897995102e+00
2.856948840425655334e+00
2.861365073460727437e+00
2.864278443074153468e+00
2.867083776449744548e+00
2.869866834487438290e+00
2.873984270873923386e+00
2.876590337279939735e+00
2.878738703473576521e+00
2.881661785443830226e+00
2.884900202095546540e+00
2.888148636156142146e+00
2.890667861412915762e+00
2.895172443281309516e+00
2.896743582809230944e+00
2.901320745886003749e+00
2.903033689361209646e+00
2.905064481534814114e+00
2.908914601419210211e+00
2.911783314180490301e+00
2.913534761452378330e+00
2.917005242802429343e+00
2.920134985997690613e+00
2.923308936285029969e+00
2.927003560435316842e+00
2.930126695481461763e+00
2.931352848346791440e+00
2.933474499324789431e+00
2.937182564238066895e+00
2.940690371244659040e+00
2.942130490996412107e+00
2.943745677638110791e+00
2.946631910923586783e+00
2.950497037087323804e+00
2.952704239599123426e+00
2.954279083685441787e+00
2.957213445669069962e+00
2.960469025503912999e+00
2.963876862448705740e+00
2.966982795079513568e+00
2.967231226760645324e+00
2.971073669665518224e+00
2.973515164238884179e+00
2.977003593605556553e+00
2.978534990689894801e+00
2.981176096403186815e+00
2.982799572283305611e+00
2.985124908300961888e+00
2.989016240966534621e+00
2.989841385613015490e+00
2.992941996277127981e+00
2.996298030171678839e+00
2.998371355396905802e+00
3.000177936810426882e+00
3.004150244023288785e+00
3.006028646076688737e+00
3.007589766128180742e+00
3.012019376941171167e+00
3.013814844707855656e+00
3.015355708717362582e+00
3.017241500897590356e+00
3.017667379129231886e+00
3.021869843767919672e+00
3.023940948450761113e+00
3.026803406836885646e+00
3.029008127329787747e+00
3.030644139419834904e+00
3.034938830682588851e+00
3.036170076515261051e+00
3.037618713395301651e+00
3.041777126053550884e+00
3.044019082227955142e+00
3.045063880377021803e+00
3.048917253958926210e+00
3.049590063456909750e+00
3.052256508777017263e+00
3.054766733717934724e+00
3.056431408822668949e+00
3.058169322727371409e+00
3.060062850663020750e+00
3.062757674400725882e+00
3.063513789700678114e+00
3.068530046017732271e+00
3.069963079077778101e+00
3.071319335556838670e+00
3.073280928367560616e+00
3.076386943418697228e+00
3.077989073919659813e+00
3.080752265597794359e+00
3.082370370989042652e+00
3.085128326705906865e+00
3.085976047873490558e+00
3.087740764199114363e+00
3.091778439119106103e+00
3.091925211341611579e+00
3.093054937597101706e+00
3.095604211658913307e+00
3.097902836373750191e+00
3.100358510368974585e+00
3.102371554514953278e+00
3.104679879902625395e+00
3.106641116642424372e+00
3.109120079458562280e+00
3.110119466952924405e+00
3.111909611069337611e+00
3.113997823674436560e+00
3.115595050772808516e+00
3.118661515425417807e+00
3.119186734501131930e+00
3.122222250034778046e+00
3.122995879054353274e+00
3.125887360979395790e+00
3.128816937819013155e+00
3.130171234688156723e+00
3.131411461880092340e+00
3.133079726310351809e+00
3.135197686015447793e+00
3.137283222415679695e+00
3.139948386976506800e+00
3.140961060796946480e+00
3.140624388676607648e+00
3.143493904822915574e+00
3.146571978886861132e+00
3.147918104266473893e+00
3.149907260659045249e+00
3.149953536580853086e+00
3.153916548940757014e+00
3.155456440948788188e+00
3.155565591178395302e+00
3.159473754258401268e+00
3.160774393526699200e+00
3.162014716774327105e+00
3.164303831652560461e+00
3.165497544634317428e+00
3.167385057676514570e+00
3.169343935198967621e+00
3.171696251445927928e+00
3.172305758136370279e+00
3.173817261654640731e+00
3.175981935272980561e+00
3.177206050105219948e+00
3.179902864669553075e+00
3.182238837312640900e+00
3.183489668528403982e+00
3.184865975984306097e+00
3.186336607515021235e+00
3.187794966911872141e+00
3.190023868948504759e+00
3.191810018206588051e+00
3.192589877793722941e+00
3.194947117212159515e+00
3.197436641019966164e+00
3.197761149308167461e+00
3.200134552460964343e+00
3.201725840126504963e+00
3.203910734389003423e+00
3.204838927118201397e+00
3.207008771977891470e+00
3.208967895494802658e+00
3.209429289487468751e+00
3.211223464038163833e+00
3.213185262309364187e+00
3.215125453648967291e+00
3.216794757407689609e+00
3.217135134848932321e+00
3.219492115681450439e+00
3.221273563312726740e+00
3.223196666807043531e+00
3.224207159709213233e+00
3.225909479512040878e+00
3.227669970098757446e+00
3.228581186947725001e+00
3.230853292901913143e+00
3.233037104620692048e+00
3.233339395364667190e+00
3.234603069678431808e+00
3.237198901257931638e+00
3.237273046947661825e+00
3.239953318917955905e+00
3.241163255375208774e+00
3.242170637285868295e+00
3.243899939318510395e+00
3.244942822859286036e+00
3.246470349772843544e+00
3.248644793767332839e+00
3.250784514009411819e+00
3.252106978665324721e+00
3.253299581879946167e+00
3.255404418060339200e+00
3.256223393277461131e+00
3.258203399219091967e+00
3.259119849045823081e+00
3.260138364365289032e+00
3.263034020122887124e+00
3.262835517929723927e+00
3.264756653371330586e+00
3.267678386425379777e+00
3.268697323926136988e+00
3.269491104745809285e+00
3.270984770108932072e+00
3.272403212004432405e+00
3.273144914178669929e+00
3.275052995029155589e+00
3.276545912677419459e+00
3.278013052702574814e+00
3.280074715069088764e+00
3.281679026847063252e+00
3.281034210623916092e+00
3.283307199239308360e+00
3.284919555178021255e+00
3.287311792864756388e+00
3.287627466248186803e+00
3.288066100568001637e+00
3.290608792338350241e+00
3.291085349894171230e+00
3.293089358056358051e+00
3.294577687618146289e+00
3.295646333793371685e+00
3.297989596045622918e+00
3.298163564169223516e+00
3.300185133341286825e+00
3.300411217505201833e+00
3.302491675133784721e+00
3.303369179088632368e+00
3.305445586571893912e+00
3.307179989664230213e+00
3.308078563103022063e+00
3.309168231535664528e+00
3.310449446089731129e+00
3.311665621656548542e+00
3.312703790145671068e+00
3.313900607901073769e+00
3.315487714183906753e+00
3.317358927769942678e+00
3.318645647257264741e+00
3.319247687808045466e+00
3.321298296233340164e+00
3.322121917738045660e+00
3.324178267096263628e+00
3.325710330276783644e+00
