1.048089748000316401e+00
9.854427315419861388e-01
-6.496811478381607496e-02
6.713325841083239709e-02
-5.391004057403311345e-01
-7.641848695281940884e-01
5.796312638371819981e-01
-1.345995658712012544e+00
-2.402660067350440298e-01
4.689299195421609556e-01
-1.298018680614202891e+00
-7.277033119525309068e-01
-8.972344295985497098e-01
-3.644389553130947257e-02
1.442917925929523837e-01
-1.083702740248675189e+00
-6.483906313172075331e-01
7.702840574218723646e-02
-3.291987262383470891e-02
9.657442492252548139e-01
6.351998281291159065e-01
9.971596636129967939e-01
2.353733434159326759e-02
-1.633023440220262579e+00
6.908951006892499747e-01
-1.253441540577705446e-02
-2.810146473686219726e-01
-7.590537928739787832e-01
-1.440980189606012526e-02
-6.406709468522250317e-01
1.703195492759139729e-01
1.133578574106152148e+00
9.878872347488732997e-01
1.312410293864881838e+00
-2.780693129638993621e-01
-8.874492287073747487e-01
1.059963931907924838e-02
1.061404230863022935e+00
3.045542821884824058e-01
2.095179678635027964e-01
-8.048151440775167531e-01
-2.759355419359189598e-01
-3.205792090738585620e-01
6.968768657239425568e-02
5.190946534991975891e-01
-4.511043815558105630e-01
2.153302802797260718e+00
-7.959059740734671928e-01
-2.735297751404192068e-01
-1.887003443183805362e-01
-4.739939992824560716e-02
3.584004289242131436e-01
3.769015236739393093e-01
-1.750062350979801229e+00
-1.444157104449831086e-01
1.109288619287491118e+00
-5.449845066511019853e-01
-6.223534414389664260e-02
2.936781699906614862e-01
-9.979651213008457200e-02
-4.489537829282925774e-01
-1.409964153259267938e+00
9.836654983427530752e-01
1.015614549209402417e+00
-2.148274661802956342e-01
5.355361305314501053e-01
3.609591552683731330e-01
-1.015327442115454559e+00
4.089635060649938758e-01
9.969303358661804060e-01
-8.929701819086643955e-02
3.208157749080379761e-01
-1.362260283658529803e+00
-1.765598510295108420e-02
-1.275461724472451985e+00
-6.849979429040532475e-01
3.547144614398202167e-01
-1.226233568319745094e-02
8.063238219781086735e-02
9.556557062971302585e-01
-5.432009773698722593e-02
3.795131319303606254e-01
8.281914846123132889e-01
1.316211840467876648e+00
-3.621568100428993464e-01
-7.051216745431040378e-01
-1.854605730148866316e+00
1.919873130820518359e+00
5.759352543924387557e-01
-1.660650567445209447e+00
-9.322644748984303398e-01
-1.062725450783983616e+00
7.459191573188943547e-01
-1.073085753248921304e+00
5.810904275972413879e-01
-1.239302691265600664e+00
-8.297593968375356344e-01
-7.810643043293032939e-01
4.606516462093995790e-01
1.005736711544007012e+00
7.632167447256318349e-01
-1.412224646805572414e-02
-4.085222033116683860e-02
-5.560009731144680556e-01
1.263785488263714729e+00
1.435769184720212810e-01
-3.893986342388217614e-01
5.514785296454699504e-01
-1.441411536394089365e-01
8.191227143736459215e-01
2.682133699119825243e-01
-1.491166649554171164e-01
-1.633484353060707939e-01
1.033928595019736107e+00
-1.437199693876603401e+00
4.431390043960126146e-01
-6.173044139868288926e-01
-7.635943798813384087e-02
-6.167678355479138119e-01
3.906748285431054235e-01
-4.399820726882919808e-01
-4.114046679996531952e-01
-1.864679114442929497e-01
-2.616491541230837187e-02
-8.335461322350340430e-01
6.347770237984846631e-01
-1.007665344036512201e+00
1.029943740655780315e+00
