4.229629113664696086e-03
5.200985044771178067e-02
1.377633600052428605e-03
-9.066292831446092632e-03
-3.389098002415604632e-02
9.614578584207476852e-02
-2.764301232555261070e-02
1.419849745762831739e-01
2.210421129274407759e-01
-1.858116317053402564e-02
2.221153923258752105e-01
3.327056946975889828e-02
3.208303206297141025e-02
1.093129994820938589e-01
3.697059841007999670e-01
1.173087652989818069e-01
8.778014037043045670e-02
-9.965031548322816901e-03
4.939055674703374255e-02
-2.409669790287427213e-02
3.200465249190103528e-02
1.094044699933604675e-01
1.437633007830507390e-02
-5.366505902076371820e-02
7.612222004371624329e-02
8.325890113050224417e-02
-1.742482986592617383e-02
3.534753063802134609e-02
-7.422440284680004163e-02
-1.254351250273984253e-01
-2.437261833107391001e-02
-3.390733520792411915e-02
5.477801120740564272e-03
-3.616536470782406865e-02
-1.191528844894722619e-02
-2.066107382589883745e-02
5.844801806008900757e-02
-1.586163854010564159e-02
1.725825015511923272e-02
-6.789186970948171695e-02
-8.131408438781763393e-02
-1.974509222647867143e-02
1.274533693338109064e-01
-6.045603953168833533e-02
7.664755780059584467e-02
1.980977039690509645e-02
1.427520836679052087e-02
-7.303645861016780372e-02
1.250404072046724380e-01
4.791267263637655899e-02
-3.359784828001487200e-02
6.946547543302059036e-02
3.372787331327424809e-01
6.032473367505186701e-02
-4.707305175622077120e-02
5.603192425135244958e-02
1.150012476076158752e-01
-2.151477811204819887e-02
9.785024060917353605e-02
-5.636472532524967882e-02
-6.789883065320104216e-02
4.146521490499886775e-02
-3.572737358723108991e-02
5.166292146264746948e-02
7.842160876669015956e-02
5.226039232150194586e-02
-7.488278640883400117e-02
3.324889876919834286e-01
6.168597232936719882e-02
2.397548514606316541e-03
2.680335424185626564e-02
-7.196723511150694697e-02
5.912976263069152916e-02
3.412154079191857814e-02
1.539136077153313402e-02
4.243357866478679290e-03
-5.282053580294314432e-03
8.147405381785483014e-02
1.669695144806195714e-02
-6.992717587545727032e-02
-2.418346616307437136e-01
8.781283567418912694e-02
-9.156683125415208957e-02
1.504341842444087245e-02
-6.384348468830423895e-02
-7.286357568810752916e-02
2.834195469708643278e-02
1.038409322640572036e-01
4.359882846316563004e-02
2.519869987169493508e-01
4.698578553294876364e-02
-1.444252572109687785e-03
8.588182077435445316e-02
-8.118417421875077922e-02
-6.883667419413151689e-02
-3.331911115295138615e-02
-4.230607124004614333e-02
-3.002040896611402054e-02
6.572330507817332468e-02
3.517647238571375290e-02
6.006960730494097060e-03
-6.793591132824766676e-02
-7.314487000021750729e-02
1.964228370662676471e-01
-1.477150662547820903e-01
-7.026908379881098565e-02
-6.080885532034219221e-02
-2.716415769885716178e-03
2.363793088058007211e-02
-2.198751974960023656e-02
-6.517420626146636087e-02
-1.053608177666123628e-02
-1.150359803663843633e-01
5.663405231902206294e-02
2.503985660383186707e-01
-3.191595856694565830e-02
-3.897212177617156298e-02
8.291306982664078951e-02
2.130343948998327311e-02
-5.614959093723280101e-03
-4.492682400041636548e-02
-3.342479748379986043e-02
-1.678380233740673841e-02
4.514637666042851244e-02
5.374426660824188628e-02
-6.881601776803671078e-02
1.161789377091128617e-01
6.788393875324411075e-02
