2.010391852991233523e-15
-7.227551890309768841e-16
-1.172950625516477879e-16
8.824607711233056896e-16
5.086764343076311460e-16
1.023625628704394377e-16
-1.174615960053415677e-16
-1.864064458345637885e-16
2.023381462379347743e-17
-9.414691248821327197e-17
-2.936317855528614062e-15
7.160938508832259883e-17
-3.053113317719180733e-17
6.625811010962934202e-16
3.659406111466978309e-15
3.878009025015671666e-16
1.133315663537359817e-15
2.904343432419409624e-16
7.057687767542120356e-16
2.636779683484746784e-16
6.976752509046946336e-15
9.879208562324492366e-15
6.166622767977969147e-15
2.175037927543144298e-15
-5.031530747601209473e-16
6.843747790696852538e-15
-1.193567467083767097e-14
3.772315793071357063e-15
5.520583989948591055e-15
4.156675004196585835e-15
1.681654815399724639e-15
6.413869435561991938e-15
-6.384892614619275635e-16
7.531752999057062349e-15
-6.238343175368754348e-15
4.755973392889245695e-15
1.506350599811412351e-15
5.264455538167567201e-15
-6.416756015426016929e-15
-5.900169242067931735e-15
-1.409983241273948826e-16
6.011524611437834949e-15
-4.018341215328291873e-15
-9.258593891559031059e-15
6.217804049413189489e-15
-7.624012532403413198e-15
-3.727906872086350960e-15
7.897849041427207655e-15
4.263589481467988517e-15
-4.607425552194399421e-17
4.638511796883904152e-15
6.684097719755755157e-16
-1.028621632315207598e-15
8.165024212303250920e-15
1.170430419250578800e-14
-6.104006189389110904e-16
-2.174038726820981619e-15
-5.416334047936288850e-15
-3.375522084070325936e-15
6.139588837328346876e-15
1.884381539696278082e-15
-6.285860720822711534e-15
8.409273277720785675e-15
5.466405106346883466e-15
4.335420911161236073e-16
4.926614671774132148e-16
-1.315114683819729122e-15
3.685829419453056984e-15
-6.678213537725241736e-15
-6.342426583927362774e-15
-6.489364601236502551e-15
-5.244527034875545938e-15
3.636146939101081450e-15
-4.011013743365765562e-15
1.422645334869798749e-14
-1.551750394845896603e-14
-7.161327086890878768e-15
-1.643213343172078649e-15
-1.033240160097648214e-14
4.194700142789997573e-15
-9.842959780570481866e-16
2.179784130973416628e-15
-5.301675765068125802e-15
-3.057748498846990559e-15
4.253847274426902794e-15
-9.105854958946223962e-15
1.661754067683318742e-15
7.879030761159811327e-15
-1.118549697309845284e-17
-1.723271525477798670e-14
4.178768442386627024e-15
-2.127631404391650158e-15
4.636846462346966157e-16
1.890237966151175742e-15
-3.864242259510319564e-15
1.240954561332330283e-14
-4.785949414554124480e-15
1.271482918951960591e-15
-2.792668873929926633e-15
-1.514297021110166869e-14
-2.313427227562669783e-15
7.243372568410677922e-16
-6.097664040360939194e-15
8.820069674619901396e-15
1.520611414562722383e-14
-5.049724527417253929e-15
-2.592343006924124918e-15
9.206135853645491213e-15
7.040784621992201905e-15
-4.042197132569924842e-15
1.015368344958744815e-15
1.381283976087388461e-15
-1.086396250737919924e-14
9.821185531500021145e-15
-5.647982082024327863e-15
-4.194557895464967683e-15
4.658773367083313172e-16
-7.509950994410985471e-15
-1.525141124503193115e-15
-6.426491283573198909e-15
-3.245834157006299853e-15
-8.384411220863085495e-15
6.542870412129531278e-15
-6.350982240110880809e-15
5.476022413297698658e-15
2.151079661616428357e-15
-6.517508754910750547e-15
-1.464856014266047197e-15
1.660931461811010547e-14
-1.861764215016492453e-15
6.768800797640750255e-15
-1.664481052987554288e-15
-5.264108593472372155e-15
-6.030263094425336653e-15
1.502754171101017358e-14
-1.155447265643871870e-14
-8.855666200346946235e-15
3.576961643547704853e-15
1.124121282169987592e-14
-8.066717432919645136e-15
-7.233668525286063969e-15
-8.862022227162924840e-15
-7.276929059329972183e-15
-2.633841061916442142e-15
5.088960502996897245e-15
-2.112141017640567614e-14
-9.671807625621919111e-15
1.758319184697043700e-14
6.225137267647229171e-15
-4.102690409624187787e-15
-8.524750350069610135e-15
4.025201179314041853e-15
5.258588703371813730e-16
-3.159861261536889389e-15
2.071379699708497792e-14
4.138758780136697415e-15
2.896424853432444389e-15
3.454152762427664833e-15
-1.289707750318225205e-14
-4.102669592942475769e-15
9.418395750804276174e-15
-1.477527822313362617e-14
1.330323351478313107e-14
-7.532026218004527560e-15
-1.654234735304349476e-14
1.240304386973534247e-14
8.798498388196129106e-15
-8.150584374089220647e-15
1.379200573192740396e-14
1.697947338286098705e-15
-8.527727135554385364e-15
-6.547887232422055901e-15
-1.093444779165508818e-15
-2.042388578139126095e-14
-3.057679109907951550e-15
-3.379304648609693257e-15
2.145825184207694614e-15
-1.653489411362896133e-15
2.769763585153128957e-15
-1.909504152020069418e-14
-2.772376078707949862e-14
-9.461154082401890920e-15
3.026710826414813435e-15
-5.347285114698507869e-15
8.070922402625412878e-15
-1.207231190014645951e-14
1.006743993725578500e-14
-1.017741446673880980e-15
-2.824838887111047564e-15
1.756260414875754357e-14
7.251969424276748939e-15
-2.116457009648797771e-14
-3.068359802349540622e-15
3.477543947250083443e-14
2.602616039348859614e-15
-1.969903407061934593e-15
9.800986411345746799e-15
1.582736892935532320e-14
2.565411771904280254e-14
-2.139551036339781914e-14
-1.680130947562252816e-14
-6.097383448838700368e-15
2.226897138912775649e-14
-6.845052302750787015e-15
-7.125328538998276443e-15
-1.303967567603536702e-14
8.620777702805781865e-15
-1.217937903308374848e-14
1.277771638497071625e-14
2.240040119540209727e-14
-5.912659251094965220e-15
-4.225161887028150211e-15
-1.318441883446652649e-15
-1.788887094011926133e-14
1.560886142559780976e-14
-1.139361435059660305e-14
-2.155502165646083732e-14
-2.586598470133427681e-15
-4.422469335185752660e-15
1.727796378192536387e-14
-1.927425320041864590e-14
2.457704526004356064e-14
2.053015396574764312e-14
4.911040324406812260e-15
7.023354120505587338e-15
1.122673135012242121e-15
2.119353997853679165e-14
-1.054237462437415968e-14
-3.087915340094227013e-15
9.604484308561867359e-15
-1.027761209471123095e-14
-2.860419366645938715e-15
-6.763721527303090168e-16
-2.556249656393561026e-14
3.926727866476742132e-14
-1.821377597355233754e-14
-1.279348155192039302e-14
-3.521984787147047869e-15
1.685197814627059784e-14
-6.566589286216561770e-15
-3.101290058094008575e-14
-9.453132721048972940e-15
-2.948450511519595703e-15
2.528626613651496920e-14
7.559425307945844767e-15
1.539067484568335115e-14
-2.330988874144068882e-14
-3.984805541090707657e-15
-6.614951642003319799e-15
-3.948966154077027075e-15
4.254702840045254518e-14
-1.546477529368317389e-14
1.175819337728700682e-14
1.136429492176738115e-14
2.186938130588345100e-14
-2.020394962443106063e-14
-8.476067070439797082e-16
-2.880522209647296061e-15
3.642088020061606590e-14
1.541745203725852861e-14
-3.448887703205727527e-14
8.631984016460592065e-18
-1.365598606417606277e-14
3.956307503827360872e-15
-7.851656824708896175e-15
1.898772805652981759e-15
-2.786035291357791203e-15
9.657885602365467700e-15
-3.569608497677734219e-14
-1.366199514629684633e-14
1.844738251044475262e-14
2.041923574669368834e-14
-4.118275165332363290e-15
1.002106730929597304e-14
4.023475996817183285e-15
-2.188771386357757269e-14
8.614595148337399994e-15
4.497763272937049988e-15
-2.177398539249253410e-14
5.491940235913261720e-15
-1.164221496985362666e-15
2.416108979552688961e-15
5.978245676274696330e-15
1.745512068218601897e-14
-1.911350244743203906e-14
-4.289166244397790807e-15
3.698055750511741918e-15
2.471911564327911100e-15
2.871333726339742215e-14
-2.425143419415576515e-16
1.460263854280441357e-14
3.005658222310358724e-14
-2.991218384096327800e-16
-1.815506078806095098e-14
2.723860026421221002e-14
4.184150248498497214e-14
-7.788159006594242239e-15
9.927544897259110965e-15
2.404654253496119198e-14
-7.394918011272011616e-16
1.308142483225083177e-14
1.323943732423060672e-14
-1.095287749386386700e-14
1.712563424405288866e-14
7.725875494912770175e-15
-1.381106340403448495e-14
1.965733131825686355e-15
-8.225475855994090618e-15
-6.284139875134542213e-15
1.979522101791530928e-14
8.710587806604053008e-15
1.429278917441934022e-14
-2.145372768325159991e-14
3.886946320363904350e-15
-1.434519170118164696e-15
2.914418706367882730e-14
1.321456832847900437e-14
-1.954847395069236861e-14
1.165467722330504320e-14
1.555872097824817534e-14
4.030359379569858990e-15
1.438474339643391848e-14
2.314018421323282741e-14
-2.978681190590748409e-14
8.334472001436665942e-15
1.053068743317453525e-14
5.092898325287365354e-15
-2.905342633141572204e-15
-6.094291737923640350e-15
-1.874206345675588689e-14
-2.845251811933735433e-15
-3.476793852819070980e-14
-2.578937063901776039e-15
2.430969314737296956e-14
4.063971381640385366e-16
2.530753384633044425e-16
3.857636432513799896e-15
-1.038982788692521883e-14
1.690086959271752693e-14
-1.258029791451065154e-14
-2.440952995286238620e-14
-2.059027948142499900e-14
-1.123642845435313063e-14
2.911218488499400660e-14
9.139078382958132241e-16
3.049893670947767542e-15
1.417616024568246758e-14
3.335692833061898303e-14
2.651626140881546818e-14
1.029554219655892607e-14
-1.245337166722038150e-15
2.005490218337513324e-14
-2.092298556632954501e-14
6.537881347412621627e-15
7.893297127026244867e-15
-1.391131654315813723e-14
-3.314404306564711119e-15
7.931322265619655027e-15
-2.935762744016301594e-15
2.110212005135281265e-14
-4.233807748832418485e-15
-2.743000271365758585e-15
1.314287567666383414e-14
-1.404804050864072491e-14
-8.171019416636226993e-15
1.307087771351689291e-14
2.329436643577764779e-14
-5.294265026378752995e-15
1.068983790375455089e-14
9.976020010071806004e-15
-2.911448859777010534e-15
7.416012248739889338e-15
5.275002656901506062e-15
-1.941913296832353876e-14
-5.449696249826274753e-14
1.330352494832709460e-14
-1.690125817077614602e-14
-1.757310963412805998e-14
-2.666644682847163311e-15
-5.110245560047133425e-15
-6.837364008305258172e-15
-1.288580353531187992e-15
-2.484751293607700970e-14
-1.235123114895486651e-14
1.821803818913281313e-14
2.361760786939726096e-14
-4.208133841387962213e-15
-1.229266688440588913e-14
1.934452598106872699e-15
-2.904265716807685946e-14
-8.441802812342303468e-15
-3.305661300245787995e-14
1.221628354031167809e-14
-1.550681805184694915e-14
-7.965850201685497980e-16
-1.447530983966771656e-14
-1.184868869685828956e-14
-1.025329821047193910e-14
-7.339129304284597358e-16
2.278766064733872397e-14
1.428351881216372165e-14
-1.157074436264338213e-15
-2.051836478500490426e-14
-2.466971071868329229e-15
2.143729638248714881e-15
-2.062749970832555760e-14
-1.780287028907423668e-14
1.553535078357981583e-15
-8.151812558310211583e-15
-8.367417869692417790e-15
3.325367758932884272e-14
-7.648881528155015543e-15
2.331068671423963663e-14
-9.703238212921405749e-15
-3.032685214066077489e-15
1.267025373508090603e-14
-1.661271120667606584e-14
-1.136457594697048984e-14
9.635237052663115226e-15
3.131939152467566794e-16
1.863520449063571495e-14
-3.121558567187321220e-15
-2.138639265680808292e-14
-1.604494315188276227e-15
1.589045561800617207e-14
-5.954403636820870847e-15
-1.019456741246926873e-14
-4.499567385352065805e-15
1.027461449254474292e-14
2.406663757170690544e-14
-1.765465551528677740e-14
-1.268291027756163171e-14
-2.548089517162566290e-14
5.261902025210928982e-16
-2.648647967617989578e-14
2.574568336299876172e-14
4.145950249778707363e-14
-6.218248138623039305e-15
-9.951484081227590429e-16
1.247890679678676074e-16
-1.244171432546181691e-15
-1.172706376451060352e-14
2.893224548827788582e-14
7.216449660063517513e-16
-8.624934100254221828e-15
-3.403388681988417501e-15
2.206929083925501787e-14
-4.989897384177766102e-15
-1.000122207273079749e-14
6.147859998861803948e-16
-1.918681880042072463e-14
1.148703354658664399e-14
-1.363309465318707297e-14
-1.785549486044146794e-14
-8.767819803523480156e-15
-4.575229084480270592e-16
-9.416745161416884028e-15
7.975897720058356488e-15
9.114931032172536144e-16
-1.516364811493531235e-14
5.074052289444353265e-15
9.030498571149792156e-15
2.192263037770203492e-14
-9.406364576136638947e-16
3.178218799249066443e-14
-3.074662746627154487e-14
2.121275377575670922e-14
1.635136470667930526e-15
2.575384350222975535e-15
6.816769371198460803e-16
-1.280303640882607452e-14
-2.557865030894390611e-14
-2.282918298845970745e-14
-5.858147300585870072e-15
-1.741884414485639468e-14
8.733347378608868528e-15
-4.212574733486462744e-15
2.013822442137325308e-14
1.576294650362797300e-15
-2.765732087794958738e-15
-4.710953849240695206e-15
4.804878717123983853e-15
-1.330879850769406403e-14
2.665084819497565091e-14
-7.527201084656099560e-15
8.461009670668317300e-15
-4.366951245060591090e-15
-3.797517855730348053e-16
5.515810030942702964e-15
-3.410549620497249638e-15
-4.470979142467967992e-15
-1.988698095090057958e-14
3.190558928167774815e-15
8.908762616499643072e-15
8.327782907713299778e-15
-1.260941351333144725e-14
1.356575962674355599e-14
-1.679067995752347939e-14
1.839145502557926074e-14
3.987921104453562483e-15
4.557021426876417466e-15
1.103334090757357367e-14
1.523248194246207256e-14
-4.888867088936876447e-15
2.342726013182527933e-14
-1.072419930636669908e-15
1.535199745106297178e-14
-4.767186645437959675e-15
-9.994116645373197267e-15
-1.197464349900201387e-14
-3.580913343625979659e-15
-2.730538017914341257e-15
