-5.979217121421243247e-15
4.087841176669826315e-16
1.565414464721470572e-17
-3.363559430979989651e-16
-1.358801959838729175e-15
-1.500355395478436476e-15
-1.011413175433517644e-16
-1.105782132526655910e-16
1.586369924311270435e-16
-1.066924326664775397e-16
-1.652011860642232920e-16
1.085131984268627906e-15
-8.605338663869588716e-16
2.633893103620721399e-15
7.316369732279781937e-17
-6.284306408588235993e-15
-9.956480084838403823e-16
4.167777234442837657e-16
-1.484701250831221767e-15
-6.153744180892317369e-15
9.076073226310655507e-16
2.614131133782393521e-15
6.430411758628906477e-16
-1.207922650792170403e-15
-8.649858607157057274e-15
2.531641563052744551e-15
8.992806499463767977e-15
4.136357922845945489e-15
3.492095501655967452e-15
-3.426037231690770764e-15
-1.296851515064645380e-14
-4.763966998666546336e-15
-1.268096738726853867e-15
-3.878897203435372186e-15
2.239652907576328097e-15
6.390776796649788859e-15
-3.594680109131331859e-15
1.035616037370345955e-15
1.506461622113875003e-15
-6.570299859731676572e-16
2.165045920321517905e-15
-2.292166456641098282e-15
3.044342555824641680e-15
-7.497336085293682244e-16
-2.068178961422972745e-15
-6.269040841999640564e-15
3.523792369009015557e-15
-5.149880522026251438e-15
-5.418998583195389326e-15
-3.582412144709223677e-15
-3.863409592241850665e-15
4.187483693129934308e-15
1.550759520796418653e-15
2.086109063270669045e-15
-5.346056930477516144e-15
5.881739539859154490e-15
3.372968571113688111e-15
5.830336213819009635e-16
-2.535971432848782431e-15
4.766298467018259253e-15
-1.872890731391407671e-15
4.170164213945781998e-15
-1.383670955590332506e-15
4.256817121017775068e-15
-3.417099936342538178e-15
6.361855486858303487e-15
2.478850458231818329e-15
4.690220434255820805e-15
3.472749865451874023e-15
3.421402050562960691e-15
-3.172961893227466075e-15
9.269252032595432177e-16
-1.015049155839164939e-15
-2.470940119181364183e-15
-1.098121593656742336e-15
1.364186541508161109e-16
-1.914635117117313693e-15
-1.755012801751831876e-15
-3.643169099731835174e-15
-2.195216231015706231e-15
-1.503963620308468306e-15
5.792005763893826099e-15
-6.481926106971513983e-15
-3.980482610188573915e-15
8.847367283237872810e-16
6.799283358560614911e-15
-3.251232616463539816e-15
8.372469384454461524e-16
4.099304229399081458e-15
-3.544387006115812014e-17
-4.447386903194683574e-15
3.267719428379223226e-15
3.022637695693219968e-15
5.082198550887540200e-15
-2.356281836313201135e-15
6.851172407174032830e-15
-6.492362203402990587e-15
-4.264116837404685618e-15
-6.856570866631272793e-15
-5.473926867338718530e-15
8.218564717665798954e-16
1.052102849286029562e-15
-3.979969132039684300e-15
-3.003639004184321979e-15
-1.094541124402326144e-16
-6.964012699839372181e-16
3.217148769607547270e-15
-5.486784637742659078e-15
-2.661218467814307982e-15
-2.495982587280565235e-15
3.952255189787479029e-16
-1.045254161002873164e-15
2.817482358530298639e-15
2.525500641947786717e-15
-2.859379399922090559e-15
4.140979226185948076e-15
1.276853622833584792e-15
-2.906161422622233223e-15
-5.311986961409331873e-15
4.896430483292135547e-17
4.022095156930305267e-15
-6.419621778608330492e-16
2.977596034320351001e-15
-3.752576374638217140e-15
4.487634656241690595e-15
6.960413148626720622e-16
7.636890252127325825e-16
-5.541398503255967327e-15
4.140954072695546021e-15
-6.200080379659134280e-15
2.347400052116199678e-15
-1.273793570621961687e-15
4.544671930450938331e-15
9.910856857420213875e-16
4.037867262773886567e-15
2.557946909842456831e-15
-3.072757326361141970e-15
-1.552716288877320565e-15
2.014916011816580945e-15
9.362580155602984320e-16
-2.232374007871129565e-15
-8.607697887796916605e-16
-6.275514830011985958e-15
3.893288469392075468e-15
-9.978684545330906480e-16
-4.159242394941031935e-16
-4.030352440675955247e-15
9.406919687648952203e-16
2.540641308446112008e-15
-2.618003036580773704e-15
9.373057885397883481e-17
-3.311101393066451285e-15
-5.651867862610515532e-15
3.661571046364997446e-15
8.908568327470333925e-16
1.123018344983961429e-15
5.133365954534952266e-15
1.966732332547849034e-15
9.536552103561746763e-15
-2.124633802225162122e-15
1.529831816782234513e-15
-3.282568661333584601e-15
2.010752675474236450e-15
-5.702244232352881947e-15
2.400288301451780670e-15
3.040775964358033295e-15
4.146766263701806332e-15
-4.635403172414953859e-15
-1.163270868520527333e-14
9.423850588774485825e-16
2.895184092466251736e-16
2.363859108456267721e-15
4.409805853811121751e-16
-4.014080734471292607e-15
-7.223777132026043824e-15
1.357663981238488281e-15
-4.181460733221342474e-15
3.404471149437427070e-15
-4.142408638330153085e-15
2.179645353095338610e-15
5.373340661307679480e-15
7.213785124804417036e-15
-2.065847493071259926e-16
5.890510301753693296e-15
1.177224984161284779e-15
-7.572553695212036820e-16
2.320338365890961645e-15
-8.842648835383216044e-16
-4.461153668700035379e-16
-2.104344476450137143e-15
3.024303030230157765e-15
-3.508332513391110193e-15
4.637679129615435056e-16
-2.679523269932815287e-16
-3.347128130215537665e-15
-1.356584289347040407e-14
-5.515948808820780982e-15
-4.852729329485327810e-15
-7.388534228880416461e-15
5.190792240483688166e-15
-5.836719996210604001e-15
2.945060861847537107e-15
1.141309269314660853e-15
-1.079192291086883396e-14
-1.795091852940799902e-15
-2.291250522645782493e-15
4.578171175495526711e-15
1.879052469178077326e-16
1.550759520796418653e-15
2.189165515531499425e-15
-3.723382713261003144e-15
1.710770414220519355e-15
-5.254102708462937882e-15
-8.820277841437018424e-15
-8.094080961029703884e-15
1.560251927656963706e-15
6.746936342949538900e-15
3.454597718999252815e-15
3.008315818675555300e-15
-5.014710868778138503e-15
-3.171352069841759701e-16
-2.023103906623191423e-16
-3.694267114440208526e-16
6.542544284116047264e-16
-3.842870466286285806e-15
-4.470701586711811956e-15
-4.633349259819396979e-15
2.256916875609249278e-15
-2.982447622201789093e-15
-3.705646900442616483e-16
-2.321198788735045911e-15
-8.071598944781044401e-15
5.811684467005307087e-15
-6.961375920155887861e-15
-7.892908548967625784e-15
1.421640583032512918e-16
9.293066316473641109e-15
4.399369757379645048e-15
-1.555144901743688056e-15
-6.431244425897375770e-15
3.202105247623876355e-15
-6.141753772226366013e-16
-4.490963156911220778e-15
1.374456104485943884e-15
4.657385588302531510e-17
5.372369216161132957e-16
-4.674760578637915046e-15
-6.487366199792177194e-15
6.762812532201678714e-15
2.859545933375784339e-15
6.737888025298844057e-15
-8.911760218666130714e-16
1.587230347155355046e-15
-4.183320356787589813e-15
6.261435814280958216e-15
-8.536504836342828702e-15
6.000311358889120969e-15
2.964739564959018095e-15
-1.023015006040850411e-15
2.529310094701031634e-15
-9.436618153557674557e-15
-3.010480753573574437e-15
-4.896860694714177877e-15
5.266398428460661036e-15
2.834843471077874590e-15
-4.167111100628062439e-15
-1.013078509970455318e-16
-2.953193245502916555e-17
-4.753086813025219916e-15
2.435107671061586950e-15
-1.265598736921447170e-15
2.098488049995239483e-15
-9.658940314238861852e-17
4.000744180387982738e-15
-8.307299292908965652e-15
-5.425881965948065032e-15
-2.944033905549758667e-15
7.290557046957247154e-15
3.858302566328575015e-15
-4.586053758970365095e-15
7.079337116522310743e-15
1.950772876568862724e-15
3.008704396734174382e-15
-1.510735980758681754e-15
6.193823232081285987e-15
-8.895106873296754707e-15
-1.141980954244559163e-14
-8.671952045347097674e-15
7.546574476435807962e-15
-1.147526518252561833e-15
-1.203037669483819660e-15
-9.349188090368442533e-16
6.067368829576480336e-17
2.909616991786378956e-15
-1.043964914515527159e-14
-2.261413278858981332e-15
6.146194664324866150e-16
-5.478950626525147685e-15
4.228839500797221444e-16
-1.156297280147100639e-16
7.805422974627163026e-16
-3.187394792547592999e-15
1.935951399190116717e-15
4.672762177193590478e-15
6.852907130650009638e-15
1.348637868048285850e-14
9.323652960802064279e-16
-1.679667516185645546e-14
2.233213614033502208e-16
-3.416378291376531536e-15
1.250388681484082475e-15
-2.724098724371515367e-15
-9.004075263163713480e-15
-3.937905557194198600e-15
1.691091711109038367e-15
7.002565194369481414e-15
-1.356981194078343823e-14
-2.944366972457146226e-15
-4.162781230832024263e-16
3.101130463534218617e-15
-3.180233854038760961e-16
2.488009798184975823e-15
-6.550704423347042671e-15
-5.681122239309388464e-15
5.624334331599811921e-15
1.844469021961003639e-15
2.369882068364859161e-15
4.073075210442311535e-15
1.147248962496405599e-15
-3.787581359659952493e-15
-1.831701457177814512e-15
-1.172950625516477948e-14
-2.644218177749735351e-15
6.170675082017851385e-15
7.738254481637340811e-16
1.466105015168750545e-15
-6.248723760648999429e-15
4.433564626538099851e-15
-1.662003867863859461e-16
3.431810391418821534e-15
-2.084388217582500118e-15
-5.349609644156317042e-15
5.587030837972406825e-15
-3.768874101695019211e-15
-8.260614414723477365e-16
-6.133593632995370803e-15
-1.016353667893099613e-15
-4.238609463413922337e-15
1.141642336222048412e-15
-1.063149568381049960e-15
-8.809508678098155049e-15
8.700984377441045303e-15
3.952671523421713478e-15
-4.324873792427297508e-16
-3.611499987954402829e-15
3.056443986793056082e-15
-1.279198968973105393e-15
3.226752198770554975e-15
2.009170607664145936e-15
-2.728539616470015899e-15
-4.089506511206764211e-15
4.718780921564302856e-15
-1.170841201769690018e-15
-1.450173314765379405e-15
5.096367772239318968e-15
6.485867398708933176e-15
6.525113782629432895e-15
6.855072065548028775e-15
-3.907041357109619393e-15
5.574041228584292002e-15
9.382661314560891482e-15
-2.964517520354093187e-15
3.731459585765151069e-15
1.347422173836321218e-15
-3.538280779480373709e-16
2.677136290429871044e-15
-6.865619184281968227e-16
-4.835465361452407023e-15
-9.925393840148898919e-16
4.811817611027891082e-15
4.877209747178312651e-15
2.905009566234184645e-15
5.027089855502708350e-16
-5.174305428568004755e-15
3.476885446218602757e-15
3.491318345538729681e-15
4.345523940685325019e-15
7.066902618646508782e-15
-1.272870697732742037e-14
-5.031197680693821913e-15
-2.113975661188760610e-15
-1.987965347893805169e-15
3.229194689424730149e-15
1.590505505077999317e-15
-1.325106691041355633e-14
3.543831894603499866e-15
-5.454858786890781927e-15
-5.808353797931431491e-15
-7.289613357386315998e-15
-5.572875494408435543e-15
-9.291456493087934834e-16
3.602673714908633092e-16
-8.130163209330021787e-16
8.891776204222879111e-16
2.793987263771668991e-15
-5.314193529670774259e-15
-5.147549053674538521e-15
-1.097810731209847346e-14
2.117195307960173554e-15
3.968936290732472375e-15
8.362199821476679094e-16
-6.529665697030395683e-15
2.699507284376068270e-15
4.268918551986189470e-15
1.947775274402374688e-15
7.063238882665246021e-16
1.392219672879946306e-16
-1.226552193145380381e-14
-1.278976924368180287e-15
8.369971382649054827e-16
1.100153301791806410e-14
3.050115715552692450e-15
-2.103872631664671565e-15
5.807465619511731070e-15
1.807332061787292323e-15
-5.727085472528870108e-15
1.304401031632096481e-15
7.479128427689829512e-15
-2.777222896099829149e-15
-1.710742658644903790e-15
9.411138535142527038e-15
-1.088429346651764786e-14
2.305489132936599876e-15
5.175304629290167434e-15
3.618660926463235360e-15
5.423328452991426812e-15
2.647881913730998507e-15
9.220180174907000239e-15
-2.031042001249261429e-15
7.719602734823638066e-15
4.069855563670898985e-15
1.069144772714025835e-15
1.520006343014301900e-15
-6.494804694057165761e-15
-3.937294934530655003e-15
-7.410183577860607834e-15
-8.442246901552152496e-15
3.453903829608861934e-15
-9.200085138161285196e-15
4.368283512690140539e-15
4.868327962981311193e-16
3.711142504414510723e-15
5.462297281155770100e-16
4.457545443870003155e-16
3.272493387385111318e-15
-7.884359831678012281e-15
4.538591724667640024e-16
-4.871880676660111697e-15
-2.939981591509877218e-15
6.191824830636960630e-15
9.654499422140360976e-16
-3.305244966611553625e-15
1.056599252535761420e-15
3.435474127400084295e-15
2.155275957704816420e-15
-2.038369473211787345e-15
3.239852830461131662e-15
2.724820369337521615e-15
1.347921774197402557e-15
8.508416193819812229e-15
-1.594469001275910960e-14
6.106559702345748532e-15
-6.300182597840375807e-15
8.247069693823050468e-15
2.322031456003514810e-15
-2.664424236797913046e-15
7.831513215705854536e-16
5.345390796662741025e-15
-2.622901895676932327e-15
6.619260695117646056e-15
-9.709677506464230849e-15
1.269206961751479000e-15
8.062439604827886315e-16
2.351452366156081521e-15
5.546896275632207473e-15
7.935874180020618604e-16
-2.666755705149626160e-16
-9.090506125630781248e-15
4.642397577470091821e-15
5.991873663901970117e-16
-6.903810856329073153e-15
3.989919505897887840e-15
2.486677530555425585e-15
-2.190247982980508993e-15
-4.313438495273657831e-15
1.440181307543753012e-15
-6.734945934283586755e-15
7.336131702118109716e-15
2.083777594918956128e-15
-9.804379530464756872e-16
-9.139355938714287883e-16
4.549693954913891353e-16
1.737054944328520011e-15
5.950795411990839214e-15
-5.893063814710330727e-16
-7.257194845067261250e-15
3.508748847025344642e-15
3.028910455782352077e-15
-1.516653469479933892e-14
6.477041125663162847e-16
2.011391053713396202e-15
-2.725264458547371826e-15
