-4.390095295046755886e-02
7.860791669079968125e-02
2.471315332678954840e-02
5.767404503950510943e-03
-3.943018051626229203e-02
8.289829158370885798e-02
4.008042715895211022e-03
1.060676834501335236e-01
2.170357380700049799e-01
-4.984821481035760921e-02
2.303738456656012346e-01
-2.670469759133562836e-03
2.999815503968964250e-02
9.957658990848111680e-02
4.116320579631821408e-01
1.200653846981827866e-01
1.114207680936883521e-01
-2.014685317977850040e-02
4.251111964755559247e-02
-3.065079493888266463e-02
3.767674064191751243e-02
1.268015952362580578e-01
-3.396507374652554118e-02
-5.325259174230227016e-02
8.405944606809173658e-02
1.471848551873597144e-01
1.616058315369965290e-02
4.278340284016575457e-02
-9.597181102806673358e-02
-6.907584775312256009e-02
-3.573712671441061500e-02
-4.279676524041998997e-02
1.512723098790520228e-02
-5.600125116862429003e-02
-1.007804159271849867e-02
-5.587484463379572414e-02
5.242559026931442601e-02
-8.176662226397182764e-02
9.178477695489035970e-02
-1.197664666402972894e-01
-8.231062532264947496e-02
-1.840620795733542703e-02
1.507124873542863286e-01
-6.878730049463185892e-02
1.067539159886175468e-02
3.628592722596697684e-02
5.068884672169039242e-03
-7.212579731742804756e-02
2.230035683788698930e-02
4.116096069702871590e-02
-2.762143286267959921e-02
5.122836576097782729e-02
4.163119003653449335e-01
1.026858220162605029e-01
-9.354309261328908054e-02
3.656625567265980870e-02
2.367458117732676171e-01
-1.929627109056664125e-01
-4.354802666992021142e-03
-2.567831482059822201e-02
-1.262740573579023140e-01
3.916991722433026818e-02
2.350528557008789779e-02
3.403920902781211455e-02
1.901775691734285123e-01
3.552158429002243156e-02
-9.801835497578030576e-02
4.175324495084741794e-01
1.137324563234798358e-01
-4.538976326311662708e-03
6.307895228157442413e-02
-5.530243739730202751e-02
6.373847000639465410e-02
3.010557888410267044e-02
1.053076267438227132e-01
1.328109594034389829e-01
1.149045581370254643e-01
8.643067564998002661e-02
6.260006359117989069e-03
-1.245511594958612772e-01
-2.757789538390952866e-01
1.102527087022283497e-01
-7.875632308266086734e-02
6.235055911423939556e-02
-9.956397402801664409e-02
-7.247101675471065430e-02
5.200414849525818173e-02
1.271694586132489369e-01
6.189310647997189191e-02
2.271559420891755554e-01
4.467482081154184465e-02
-4.663376339973280410e-02
9.526256100000975169e-02
-1.405454274807998172e-01
-8.855502835354756019e-02
1.994711662982540795e-02
-1.014259916820850066e-01
-2.855278898830961726e-02
6.047169548314449555e-02
1.933835832556484585e-02
3.084839778677294329e-03
-1.472940473655735272e-01
-6.500513940955039704e-02
2.355483874406585354e-01
-1.365031485041194037e-01
-7.378895742791415080e-02
-5.592527985486555470e-02
-1.781314123768155651e-03
-2.143275480069816927e-02
-3.458437289295516331e-02
-7.207119214594312484e-02
-1.256779456461987188e-02
-1.150974355447497849e-01
8.420048193393031566e-02
7.435672400813798932e-02
-2.233612318208721623e-02
-8.372137884415199261e-04
8.930834729452265253e-02
2.368702070474051208e-02
2.601510245841547227e-03
-4.129529106468786404e-02
-5.279497223827226554e-02
1.623830056939568750e-02
5.952690834939518283e-02
6.933534352363121545e-02
-4.924620549946076564e-02
1.527174193788152778e-01
7.503693616418692647e-02
