6.314101491279790635e-04
3.554957119690421719e-03
4.468223379979868216e-03
6.408792584551533007e-03
5.318068519033063504e-03
7.682214550944372299e-03
1.128054065603706184e-02
1.371254444430014020e-02
1.417451283799174566e-02
1.308734922184261878e-02
1.547813822081126403e-02
1.875794675731744590e-02
2.213943049533056984e-02
1.758016242929019007e-02
1.841696979596443504e-02
1.874907918766392095e-02
2.125741704316456981e-02
2.324060453789889361e-02
2.281497872101554553e-02
2.327335447870925583e-02
2.164175153242086855e-02
2.486806997871288810e-02
2.582276743757561804e-02
2.847258439349271628e-02
2.907046253999294450e-02
2.916762908922312936e-02
3.279019253635704484e-02
3.313577754416224125e-02
3.491105384342303719e-02
3.385270204864519045e-02
4.068535617777270519e-02
3.940405317302312499e-02
4.310873589722512278e-02
4.206623449550612320e-02
4.691295527385065667e-02
4.972993296603373664e-02
5.045705451213303161e-02
5.266567883913054332e-02
5.249071902799428563e-02
5.874537870960977459e-02
5.692437450512051467e-02
6.074055985299251642e-02
6.245068390162970828e-02
6.402204842539112317e-02
6.608597012963815520e-02
6.907770339328199449e-02
6.929581200666284913e-02
7.432219919491679649e-02
7.166552652300423043e-02
7.541280642401185230e-02
7.678462227531690498e-02
7.922807238026105536e-02
8.050029170165079462e-02
7.986995770387149418e-02
8.174403444623157267e-02
8.571642452694783199e-02
9.029317351871943287e-02
8.815563247390863222e-02
9.167685417794710356e-02
9.288109907985571401e-02
9.351968128233342781e-02
9.624750048385763423e-02
9.768156702252769885e-02
9.902608869275188186e-02
1.004011912774279286e-01
9.883843576200289360e-02
1.003349162554714596e-01
1.019115584325419460e-01
1.024913642461534463e-01
1.041224043621874207e-01
1.075302547636636796e-01
1.083537924343640352e-01
1.103150421943561860e-01
1.083732068546080507e-01
1.103840397138192708e-01
1.129667259896425524e-01
1.108758721723455826e-01
1.124292601687024995e-01
1.159927572609770752e-01
1.160655615237589366e-01
1.163585263172369072e-01
1.176856395268023325e-01
1.163050962789812653e-01
1.184398518208848033e-01
1.208264184180025541e-01
1.219670629422111574e-01
1.212034171664788940e-01
1.230729172916916331e-01
1.226562997087460583e-01
1.204863137872222156e-01
1.215819089766840971e-01
1.237862286642755216e-01
1.242127065779009554e-01
1.246524106145006638e-01
1.242082533374656433e-01
1.235865257138721585e-01
1.258250953591549814e-01
1.272804583573843851e-01
1.274559522560775593e-01
1.269661453905736037e-01
1.265012771385004564e-01
1.276081154720097310e-01
1.287093682442823628e-01
1.307126818806285673e-01
1.296560913651121361e-01
1.284907153843033445e-01
1.296832931887133000e-01
1.289499460035900547e-01
1.280974157562913551e-01
1.303954156190748337e-01
1.301277130883578548e-01
1.311030076080768048e-01
1.295914153604704466e-01
1.309836670833418870e-01
1.293324991794174150e-01
1.317582226891310937e-01
1.312823691334175369e-01
1.303925358673653501e-01
1.285486336331145285e-01
1.298392633033612353e-01
1.306071663984337827e-01
1.292381542043783416e-01
1.308223257122517191e-01
1.295894557452433316e-01
1.305889833189950999e-01
1.326092661911321136e-01
1.293238934087220793e-01
1.292558111342288485e-01
1.281529992136280216e-01
1.308768429733027649e-01
1.296425734976536237e-01
1.303789560239081158e-01
1.302968659253557204e-01
1.289336511736539903e-01
1.292354552167648551e-01
1.285955571597135472e-01
1.292411162611903641e-01
1.298146883221550918e-01
1.285075916188136713e-01
1.280737702098048436e-01
1.283625568054808097e-01
1.279515418053955855e-01
1.267776556848473901e-01
1.265828962647982947e-01
1.270343142994232177e-01
1.249776821876078942e-01
1.271888592477066759e-01
1.257470353550572129e-01
1.262852618087818291e-01
1.286538520108285177e-01
1.271716471541750881e-01
1.251667318262801032e-01
1.258613895195651866e-01
1.250735740850126010e-01
1.250926671337528329e-01
1.229039784098748672e-01
1.237362222313013876e-01
1.245128089355574397e-01
1.231746394779334175e-01
1.222982231219999910e-01
1.234395134176305420e-01
1.227011929357484238e-01
1.220096358475999815e-01
1.215709918113293958e-01
1.213593001086897549e-01
1.199914524071225702e-01
1.210625776841099677e-01
1.200660385219034371e-01
1.207604713941386188e-01
1.189646942158430892e-01
1.202589774913830067e-01
1.191140275122908043e-01
1.182283481301103084e-01
1.168269971956763242e-01
1.177014237049690409e-01
1.165884196400706063e-01
1.163652024400826518e-01
1.159301416968123027e-01
1.162059799284047429e-01
1.160809088722218885e-01
1.161273849247211193e-01
1.156896296454250350e-01
1.158214475520197712e-01
1.156361327188291932e-01
1.146970754302297640e-01
1.140859766056451091e-01
1.145400737267433383e-01
1.135536990549741998e-01
1.136480577681504289e-01
1.126634142005156491e-01
1.123007664330658156e-01
1.122540942395343772e-01
1.115720649084184363e-01
1.114879387656291798e-01
1.117693104270244681e-01
1.106464547730511561e-01
1.109150715677938853e-01
1.098719426309923558e-01
1.098436320785998732e-01
1.094988789642905164e-01
1.091724793975283464e-01
1.084196149909860130e-01
1.084828169526446673e-01
1.094047098844828231e-01
1.081757634835473908e-01
1.079633946577821246e-01
1.074155143952128522e-01
1.073544526407009814e-01
1.057949784527075082e-01
1.064161262736127433e-01
1.059423965437517462e-01
1.060887689686031560e-01
1.058078691523253595e-01
1.061176347096136757e-01
1.047570989036378936e-01
1.049872474977615183e-01
1.048997388504740308e-01
1.040875771980792480e-01
1.040226145455969975e-01
1.040449511187607479e-01
1.028809689145364636e-01
1.033613553334613994e-01
1.034364543679631848e-01
1.029553545238369588e-01
1.024690010299850323e-01
1.018273062832021625e-01
1.015484441163457124e-01
1.019949572730509402e-01
1.016135757416145591e-01
1.012166360645650881e-01
1.008030716191214426e-01
1.006207289387321124e-01
1.002115106136826500e-01
9.995917327197481606e-02
9.946665240581048506e-02
9.953023880208035357e-02
9.896770807027571726e-02
9.921484940264169161e-02
9.875270509752299974e-02
9.889810875287609326e-02
9.859273887216785104e-02
9.849521227183011263e-02
9.869657946499342527e-02
9.879443463194355346e-02
9.825793618965758536e-02
9.786015701350819773e-02
9.813408436140229341e-02
9.727223421380148949e-02
9.760305961809667696e-02
9.743601273234084315e-02
9.723970394966272024e-02
9.714377448789018876e-02
9.705883047743638081e-02
9.679988490527002831e-02
9.640535490497556537e-02
9.617357445707903907e-02
9.615665438278044042e-02
9.608966121152877349e-02
9.627389327653375350e-02
9.600616288489874361e-02
9.556986735604616756e-02
9.592009017071066734e-02
9.578518045251040169e-02
9.545025683683033835e-02
9.537225451396295905e-02
9.572775206053160679e-02
9.531045419359880644e-02
9.514535759979442231e-02
9.504535569044687826e-02
9.505633386519889150e-02
9.520652362954218351e-02
9.506440390405589136e-02
9.495012750541580171e-02
9.491676459475691108e-02
9.532847016136052065e-02
9.527336615291216726e-02
9.453805945435696245e-02
9.512024869580520958e-02
9.492103600274887087e-02
9.507040056259580263e-02
9.528903146586285844e-02
9.486382971946462350e-02
9.496586653043713466e-02
9.497623494537474342e-02
9.496963324868583356e-02
9.495597761273272264e-02
9.513044766384261275e-02
9.488770883547177626e-02
9.480960178417657813e-02
9.526223296275339314e-02
9.477330962725012686e-02
9.503741713875414610e-02
9.451438530632831625e-02
9.519364949039942070e-02
9.494054118298178579e-02
9.534686824941356054e-02
9.514272365061250680e-02
9.484117893141119637e-02
9.527669910615450821e-02
9.545237086981135655e-02
9.550448691580087912e-02
9.583900779625885435e-02
9.553153794048416247e-02
9.594076826384571877e-02
9.588801696010962328e-02
9.582800726137361003e-02
9.611018306936831845e-02
9.595806673759729732e-02
9.606257844752132125e-02
9.618285375913862567e-02
9.663989306831484438e-02
9.647600310926154887e-02
9.674860872843862869e-02
9.699949554014823672e-02
9.675499125808631473e-02
9.701252863456558129e-02
9.708380662541964135e-02
9.727022804351721785e-02
9.709808506387705707e-02
9.752652389189561677e-02
9.711866017201017942e-02
9.745696847048120059e-02
9.756103036171827336e-02
9.803833875687927024e-02
9.762672821127198197e-02
9.769245520438667174e-02
9.793849094378875852e-02
9.820574227729640671e-02
9.828176110099332008e-02
9.837232174024886089e-02
9.875276309387612250e-02
9.899049814793611790e-02
9.868588750903267703e-02
9.923855330921051154e-02
9.931228261430756488e-02
9.961108611310280636e-02
9.949344249332793544e-02
9.960354752468171535e-02
9.996417313502800606e-02
1.002513811444433606e-01
1.006401924760165906e-01
1.003694911151000874e-01
1.006221081689241958e-01
1.003477775487481433e-01
1.007233382750246098e-01
1.006604549017583589e-01
1.013303953632598287e-01
1.012140742637726715e-01
1.017696198874687152e-01
1.017569771026346215e-01
1.019263111665476979e-01
1.020374839511253018e-01
1.023445109443821416e-01
1.023989089126678270e-01
1.026711752581596776e-01
1.026220257799317359e-01
1.025413720047900767e-01
1.029946826315572134e-01
1.031318416566241875e-01
1.037318197835699757e-01
1.039509912960908666e-01
1.036357705796274731e-01
1.043307755651994295e-01
1.044307315036021033e-01
1.044784430142259718e-01
1.046312856808569586e-01
1.050449760937045701e-01
1.051326214885273946e-01
1.051731003360213412e-01
1.054994049088488484e-01
1.059092737402111128e-01
1.057412991523702522e-01
1.060387800010943876e-01
1.059862315773120595e-01
1.063875475893263367e-01
1.066253283285416020e-01
1.066381118065927724e-01
1.070943880217395394e-01
1.072636882768416983e-01
1.075028889946713223e-01
1.074694504823855146e-01
1.075276239379606841e-01
1.080845547650842037e-01
1.078089694598673987e-01
1.084020754872589143e-01
1.086645894798070888e-01
1.088035527473396880e-01
1.086264556542823057e-01
1.092937613851175799e-01
1.092369816974876340e-01
1.095862657388133876e-01
1.097979893579176802e-01
1.100564240852539982e-01
1.100211889398278603e-01
1.106170505166044898e-01
1.103999576431341639e-01
1.108619723526524242e-01
1.107121493143027741e-01
1.109272315038367651e-01
1.114638123394065677e-01
1.114389118150912739e-01
1.117674362279454520e-01
1.118412171487961487e-01
1.121027399965610905e-01
1.123920938282776116e-01
1.125954776945035651e-01
1.127552108246767104e-01
1.125418183584461634e-01
1.130385785086996248e-01
1.133844391678545949e-01
1.137349228468171741e-01
1.136276107396572005e-01
1.139988438895641193e-01
1.139053706077035322e-01
1.144593149779176561e-01
1.146568847984052036e-01
1.149939735107594063e-01
1.149159437085317120e-01
1.146840878085864518e-01
1.155001586095960459e-01
1.154640709684807975e-01
1.157675800117198700e-01
1.157549889836710366e-01
1.161172031047033038e-01
1.164242362380260298e-01
1.164124081844997299e-01
1.164287253724194948e-01
1.169794431332179946e-01
1.172315453141216240e-01
1.172924351795331666e-01
1.175529584478624823e-01
1.174951360905568259e-01
1.178681931185635440e-01
1.179423774227820049e-01
1.182949320172126256e-01
1.185239677479427156e-01
1.184540967506362841e-01
1.188631306082444106e-01
1.189847883642960180e-01
1.192625747521224855e-01
1.193866441254405747e-01
1.195070424114435537e-01
1.199164571073516455e-01
1.201399931364439400e-01
1.203329561043098017e-01
1.205815873317949427e-01
1.206649723103700583e-01
1.207722148997229100e-01
1.209781881083299981e-01
1.211902590465501611e-01
1.213792616612289765e-01
1.216163765683466597e-01
1.216652465325595983e-01
1.219512641292204297e-01
1.220014455037966017e-01
1.222853963767556867e-01
1.224088619161304570e-01
1.226309051424313290e-01
1.224907596951242128e-01
1.228771230018143729e-01
1.233441773055334728e-01
1.236753018911870838e-01
1.236220653766255950e-01
1.238341961461423696e-01
1.239280493962733182e-01
1.242374637546652810e-01
1.245407943540654538e-01
1.245977494140513980e-01
1.248565431133737552e-01
1.251833762749697543e-01
1.251583293539248187e-01
1.255090188388856276e-01
1.256955244045205589e-01
1.256816213307347108e-01
1.258536090983134459e-01
1.261036672033363226e-01
1.261538876802423270e-01
1.260733595357213521e-01
1.265416326857546070e-01
1.265518836289328819e-01
1.270019909282550097e-01
1.271878771460619173e-01
1.275147705738415294e-01
1.274325058456305115e-01
1.277103607179235767e-01
1.280498667578305050e-01
1.277566940282016117e-01
1.279393665776793754e-01
1.281859328283597443e-01
1.287005175800503554e-01
1.285759173100068653e-01
1.285907952691661693e-01
1.288829118024437947e-01
1.292327471240108938e-01
1.292622182900943772e-01
1.296172248612559308e-01
1.295060733584537660e-01
1.298405523817303953e-01
1.298228986493874526e-01
1.302751349611524778e-01
1.304459873047446594e-01
1.304982712202721606e-01
1.306446867060004902e-01
1.308697265660215270e-01
1.309956138754099497e-01
1.310957513511186168e-01
1.313585711139497458e-01
1.314834070019531287e-01
1.314150517600859713e-01
1.318499724982456212e-01
1.319194883099439886e-01
1.320971750846419990e-01
