1.060655888689377768e+00
1.011194904748218049e+00
-4.488616827410287641e-02
5.783443574375495000e-02
-5.140291905434009045e-01
-7.541713847829627504e-01
5.821242658649921076e-01
-1.325787396423065534e+00
-1.954378332567751619e-01
5.719183196066734975e-01
-1.230397030291225047e+00
-7.046770347108401999e-01
-8.989272454459045214e-01
-1.660359542317877204e-02
2.033987599123075474e-01
-1.059758491027144256e+00
-6.355157815405424460e-01
7.762527368209795609e-02
-3.686775182654934702e-02
9.510626365300185459e-01
6.274566462397085376e-01
1.005888734856478450e+00
8.182955607211060689e-02
-1.630177198164624919e+00
7.440559719822925633e-01
4.599159548541108256e-02
-2.817717270528147799e-01
-7.561958899611709306e-01
-5.811554176050869047e-02
-4.625998436456675855e-01
1.956046705927977636e-01
1.102092563660420632e+00
9.513680530119299483e-01
1.277968903152776337e+00
-2.740070481956499715e-01
-8.984342659693705935e-01
2.367883586787098218e-02
1.040053560263636045e+00
2.678062778342610306e-01
2.665538507325995177e-01
-8.110733728740036064e-01
-2.801971511134603854e-01
-3.022278899660536533e-01
6.943306073659122335e-02
4.674422707410657019e-01
-4.422182969317092760e-01
2.118616871828384873e+00
-7.824127365787397759e-01
-1.845676889188912484e-01
-1.918244252165959285e-01
7.344108501524065566e-03
3.530035985934827369e-01
4.826374968317934111e-01
-1.699902573968713693e+00
-1.223972377392674865e-01
1.068590685139718000e+00
-5.643952186394760595e-01
-2.457855503691911206e-02
3.163277237424780841e-01
-8.456503854668043219e-02
-4.359999881253504017e-01
-1.415327886330216334e+00
9.238391585561963604e-01
1.028670603955883056e+00
-1.671534188387494568e-01
5.955649658014497971e-01
3.441087092949131621e-01
-9.851352127891154220e-01
3.915977141263654593e-01
1.014387653711981807e+00
-9.609910722365014313e-02
3.610183945294948016e-01
-1.391859867051861599e+00
-3.217901780063280731e-02
-1.248600616296599908e+00
-5.148824764041275426e-01
4.423532809373926789e-01
-1.226347548990595546e-02
1.423028161786246693e-01
9.381954007849734323e-01
-2.597165674936384797e-02
3.945272026842201463e-01
9.177645640132063853e-01
1.236902155894507027e+00
-3.531887281363965125e-01
-7.036670155233539781e-01
-1.846265243289423319e+00
1.900151163874663762e+00
5.978316843246264112e-01
-1.628892715049629958e+00
-9.332649213082558903e-01
-1.025606417030469730e+00
7.402025326993564303e-01
-1.062143182723888080e+00
5.694820536298539349e-01
-1.225284909706732428e+00
-8.106785717666324942e-01
-7.833968661093662078e-01
4.597474012216865580e-01
1.093488356564447983e+00
7.847951849546723757e-01
-1.636732549941480666e-02
-1.628625968129350857e-02
-5.208515247947332893e-01
1.214264296982145552e+00
1.547256625231417659e-01
-3.842041967077071130e-01
5.553126232855307709e-01
-1.402000590280452486e-01
8.274747549698588944e-01
2.684518749201968424e-01
-1.385583240270527872e-01
-1.674241614711759751e-01
1.110998280238598035e+00
-1.413588690126186709e+00
4.698764351207376788e-01
-5.988688267857587011e-01
-8.337966243755917661e-02
-6.031219886925403006e-01
4.204894432931913784e-01
-4.148860881733144601e-01
-3.690516373957671292e-01
-1.481320526340369481e-01
-3.116904342242991094e-02
-8.336322187617093427e-01
6.088050770130560840e-01
-1.010388209175811181e+00
1.000098623166511214e+00
