-5.228877632285304673e-03
-3.166128254941846798e-01
2.182777909251067995e-03
4.099138308245435514e-02
1.387594919240902336e-01
-1.345816063768170423e-01
1.169229564817340639e-01
2.425409259272637286e-02
-8.026007261657547992e-03
8.181441267409512996e-02
8.311718982914741150e-02
-5.780843692754768920e-02
7.849661939693480806e-02
6.636480466224857488e-02
-1.314703784549350607e-01
1.078103934793827184e-01
5.599219012521815947e-02
3.735770907633172849e-02
-1.052240560206216397e-01
-1.502881297028591245e-01
1.568557275915697380e-01
1.693350144573770727e-02
-1.003224993604522920e-02
-1.815874203187860941e-03
-1.016955717719320723e-01
