-3.268718629101385905e-15
-8.519851490973451709e-16
5.639377853583483034e-16
3.134992265785285761e-16
-2.449151992323095285e-16
3.779199175824032769e-16
-7.993605777301126487e-18
-9.203748874142547267e-17
5.051514762044462123e-18
-2.671196597248126790e-16
-4.416467191958872943e-16
-9.703349235223868400e-16
-7.305267502033530115e-16
-2.311262292664651040e-15
5.357936316841005046e-16
-4.918287999089443159e-15
1.520783499131539473e-15
-3.258504577274834505e-16
-7.140621427481618551e-15
-1.729727472365993947e-16
8.271938689574654391e-15
6.355138637559320772e-15
-4.538591724667640024e-16
1.755484646537297454e-15
4.177325152454613740e-15
9.495182418106651943e-15
-1.285116457694357451e-14
6.437517185986507880e-15
1.436384344799534872e-14
-5.561329174952334003e-15
-2.521649555831118158e-15
-4.816036458521466311e-15
-3.440581153313359945e-15
-4.578559753554145202e-16
-9.183542815094370262e-15
-7.986278305338600780e-15
-2.663091969168362807e-15
1.240951785774768786e-14
-2.288502720659835126e-15
-8.559042363742719708e-15
8.864686762422025317e-15
-7.395195567028167653e-15
2.025157819218748008e-15
-6.453282352936184648e-15
7.841394200625018672e-15
-7.068678975485908836e-15
1.251221348752551453e-14
5.664857471998630356e-15
-2.012390254435558881e-15
5.423217430688964555e-15
4.716227408607664637e-15
3.197109244013063356e-15
-1.915689828990707500e-15
-7.634559651137352059e-15
-5.830835814180090975e-15
-3.858302566328575015e-15
3.775202372935382054e-15
1.012745443063067784e-15
5.147493542523306998e-15
-2.933986387176901145e-15
-6.006528607827021555e-15
-2.135625010168951194e-15
6.328881863026935877e-15
-5.454470208832162844e-15
-1.072419930636669908e-15
5.340783371110546713e-15
-8.312239785368547129e-16
-3.845535001545386282e-15
5.868638908168577410e-15
7.770617482805164627e-15
-6.299238908269444651e-15
4.722722213301722049e-15
-6.191713808334498373e-15
2.470801341303285770e-15
4.853062396392715370e-15
8.183176358755872129e-15
1.096400747968573409e-15
-3.054723141104887156e-15
3.923861235932691152e-15
8.673173290674184867e-15
-1.251376779975998928e-14
-2.102368279466304474e-14
7.151113035064327467e-15
-4.524908225889134517e-15
-2.410155408583136531e-15
-1.149302875091962006e-14
4.916345108796349324e-15
3.506195334068706817e-15
-5.014433313021981677e-15
-1.047351094740633962e-14
-1.657313175584818014e-15
-3.715916463420398913e-16
1.238886770948965917e-14
1.925515302758640113e-15
-2.903760565331481296e-15
-9.315548332722300592e-15
1.227784540702714351e-14
-1.235361812845781095e-14
-2.708167023968144425e-15
1.921204861865533108e-14
1.540506611164005206e-14
1.837846541619114750e-14
-1.242839164916631453e-15
-3.826883254731682946e-15
6.508349414957592659e-15
7.266853785381498900e-15
1.811834016152147450e-14
4.428069022566205907e-15
-6.959571807740872044e-15
-1.232661195338380365e-14
-1.326519449840191027e-14
6.278561004435800985e-15
4.517358709321683692e-15
1.548408623541775018e-14
9.064221595522780591e-15
-1.768474255925411883e-15
-8.327560863108373686e-15
4.289957278302836458e-15
-1.422570394815636430e-14
-4.371281114856628575e-15
-6.364242466361247138e-15
-6.813771769031972964e-15
-9.034412107311596375e-15
1.405725535974511354e-14
1.567140861524762722e-14
1.787359149574285920e-14
-1.670574789613965643e-14
5.397987612454358100e-15
9.095307840212285101e-15
-2.129699194775014525e-15
-6.913553063370158877e-15
1.711783492730489717e-15
5.315067830302666405e-15
-5.463934860117092531e-15
1.503512592204714312e-14
1.428744622611333178e-14
1.072836264270904358e-15
6.462316792799072005e-15
8.044537258555805974e-16
1.971353635887851226e-15
-5.842548667089886294e-15
3.272923598807153648e-15
-1.561811791006562084e-14
-4.521355512210334407e-15
-8.631151349192123992e-15
1.365602075864558148e-14
-2.344298366541153128e-15
2.039743374204761226e-15
-7.314301941896417866e-15
-3.484990074298366443e-15
-1.337358002118094200e-14
1.229441548566967342e-14
9.653292054601080875e-15
-1.388002213165151411e-14
5.535356895070009677e-15
3.178429741623744849e-16
-8.591835576332584475e-15
-6.111056105595480586e-15
-4.917885543243016590e-15
-4.516886864536218114e-15
7.789574540950638973e-15
-1.859240539303641433e-14
-1.727462617395758611e-14
-6.062414459329090978e-15
6.399922258815138472e-15
-4.974382017408629609e-15
7.498168752562151143e-16
1.985575592833299705e-14
-7.381512068249662737e-15
-1.880932909426036329e-14
-6.377134931234707191e-15
-2.117236941323596802e-15
-5.261957536362160504e-15
1.319096221141791168e-14
-2.141356536533578321e-15
-7.003161939245216736e-15
9.886536034287018282e-16
-2.945255150876846648e-15
2.910616192508541635e-15
2.448763414264476498e-15
1.183539377613840333e-15
-2.897748707653135767e-14
-2.538119714401432111e-14
-1.590379217208948194e-14
1.453909215243243185e-14
-3.446154472896978258e-14
6.200456814653421418e-15
-6.436073896054494596e-15
2.545925970043327743e-14
2.041755653436894148e-14
8.962955377889159725e-15
-2.746913807527562410e-15
3.533726089521849482e-14
1.055291964924265367e-14
-1.657381176745076353e-14
-3.358757716398486094e-15
2.019301392763850269e-14
1.848590724939924886e-15
-3.387354285955268556e-14
-4.059863556449272197e-15
2.227190654124910768e-15
-4.759886929051049126e-15
-1.002828375895603631e-14
2.154423861533416488e-14
7.038675198245414290e-15
-1.075570188469043804e-14
7.469941332161055862e-15
-3.068426068786323104e-14
1.622868506245822541e-15
5.086153720412766878e-15
-2.104261209723290253e-15
7.792017031604814936e-15
-2.975822366302338706e-14
-1.422839623899107975e-14
3.839067952426944632e-15
-5.226569177452233482e-15
-5.745431908010800858e-15
-2.302369406237403278e-14
1.002312122189152835e-14
-2.610683891290932358e-14
6.382866457599334713e-15
5.493411281420889976e-15
-2.531763687585453191e-14
2.437475221661600199e-14
-1.313735231711632365e-14
6.824207865463449568e-15
-1.746805478042290227e-14
2.334438198303701010e-15
-1.818795114516546972e-15
1.249966796734725031e-14
9.519163235438554655e-15
2.071132154668475641e-14
3.568256801145253184e-15
-6.573630528805551971e-15
4.195810365814623100e-16
-3.409181270619399225e-14
8.800737916203615454e-15
3.077677002139012217e-15
1.184324860403762556e-14
-1.772199054173029122e-14
-3.365413503431113976e-14
-1.150710082775674406e-14
-2.434044632515508493e-14
-1.522348913596261003e-14
-4.600098080231873332e-15
1.832892171371725077e-14
-1.099273450044790953e-14
-1.521738290932717091e-14
7.539996405014903265e-15
-4.545419596269084404e-15
-4.079570015136368947e-15
1.315941799973074908e-14
2.196789972153112490e-14
2.223832229475419805e-15
4.863331959370497799e-16
-1.103089841691939929e-14
-1.062455678990659277e-15
-7.769535015356155453e-15
-2.378874874864323033e-14
-8.955947095046213487e-15
-2.425920575532813852e-14
6.971090371621357823e-16
4.707567669015588876e-15
5.011813186683866419e-14
-4.324096636310059738e-15
2.293265577435477071e-14
4.894196159455077400e-15
7.366107723782988501e-15
3.702926854032284780e-15
-2.715661029384364121e-15
2.669475751559957568e-15
1.433742014000927123e-15
-6.722400414105323276e-17
-5.741684905302691207e-15
-4.444555834481889002e-14
2.371164375958301265e-14
-6.797895579779833150e-15
1.451705422539362298e-14
-9.383993582190441720e-15
-1.256866832832770351e-14
2.342848137715236495e-15
7.952472014238764271e-15
1.040223462922540463e-15
-1.334155008692050634e-14
7.624734177369418263e-15
-2.455485814678581892e-14
4.922728891187944282e-16
7.848277583377694378e-15
4.879374682076331788e-15
-2.445371682924246700e-14
2.782241104171134836e-14
-2.421607359082145192e-14
1.611283328983858936e-14
6.593448009795110977e-15
2.481126415432299723e-14
1.809941085895161276e-15
-1.571498486896416600e-14
-5.701550342962491855e-16
-5.419831250463858225e-15
-2.917815988823235522e-14
-1.524425030652309862e-14
9.865386285667909432e-15
-2.278555122359193873e-14
2.351097094788201510e-14
1.176464481389416465e-14
9.944101098113833384e-15
1.170619157164765110e-15
8.945510998614736094e-15
1.074196287476070160e-14
-1.524669279717727537e-15
1.735367405331089604e-14
-1.386835091210514362e-14
2.789612985054645734e-14
1.615407807520341365e-14
9.940881451342420834e-15
1.009681227515102393e-14
-2.841171742318238223e-15
5.495437438440831095e-15
-2.437761104090441358e-14
1.048494624455997812e-14
2.465166959453313098e-14
-6.821376796750655312e-15
6.924905093796951664e-15
-1.948996519729462374e-16
-2.676026067405246108e-15
-7.499001419830620042e-15
-2.262434684041636620e-14
3.172961893227466075e-15
-9.838629910774443197e-15
-1.986855124869180233e-14
2.083788697149202590e-14
1.069400124009689460e-14
3.261113601382703558e-15
-6.859401935344067049e-15
6.749212300150020294e-15
2.613964600328699741e-15
-1.503447366602017549e-14
-1.452382658584383406e-14
-7.751466135630380740e-15
-1.806998994879904763e-15
4.115041640773142859e-16
-1.917804803852618503e-14
-1.067906874041568752e-14
-7.950862190853058785e-16
9.883371898666837650e-15
-7.198242002459664781e-15
9.600931161202198167e-15
-1.859346010490980774e-15
-8.492762049172596929e-15
2.408540034082307183e-14
-1.469824262301244829e-15
1.680450223418006390e-14
9.967415781630960977e-15
8.697487174913475927e-16
8.313294497241940147e-15
-1.433070329071028891e-14
-2.301503432278195624e-14
1.132594018571353372e-15
-1.074546007728827177e-14
-1.493749568481916807e-15
1.356248446882091192e-14
4.474198789239380542e-15
-2.921701769409423822e-14
2.456201908529465066e-15
-1.771138791184512163e-15
-2.302547041921343363e-15
-5.010880599343181567e-15
1.108496627821864383e-14
-3.717637309108568135e-15
-1.801747639973427863e-14
3.480882249107253472e-15
-3.961114769523988035e-14
-5.336064923255890145e-15
-1.279110151131135390e-14
-1.143313221874109402e-14
1.388678061431392086e-14
-3.385819402623723969e-14
-4.343192472333612299e-16
7.086831121938530834e-15
1.921929282389100932e-14
8.246014981949656266e-15
3.327116360196669117e-15
1.812872074680171722e-14
-3.140820936664567758e-15
8.354761327211690526e-15
7.477796160060279274e-15
4.181155421889570675e-15
1.491662349195621565e-14
5.130118552187923165e-15
-1.457994835973863706e-14
7.617018127348274447e-15
1.101507773881849099e-14
1.209726763207186258e-14
9.336198480980329287e-15
-5.562550420279421985e-15
1.006461580743689370e-14
2.593425474373134487e-15
1.518080106066577246e-14
-1.863104115429337124e-14
-9.782730181484566288e-15
-5.209166431541234677e-15
-5.583478124293605927e-15
-8.616163338359683810e-15
2.261313358786765222e-14
1.095862289801630201e-14
-2.693706369072401660e-14
-7.937983603767406218e-15
-4.353239990706470413e-15
-2.298894408170326670e-14
1.313332775865205796e-14
-3.022748717995682303e-14
-8.313350008393172656e-16
2.683742117426390713e-15
3.760991518220180038e-15
-4.685418719674316953e-15
2.834510404170487189e-14
-1.264344184903620827e-14
8.242073690212237074e-15
-1.454830700353682048e-14
2.301625556810904658e-14
-1.263267268569734332e-14
1.232586255284218204e-14
-9.229450537162620384e-15
-5.781930489945352816e-15
1.279581995916600968e-14
3.722966379626768300e-15
-1.271954763737426169e-14
3.794020653202778382e-15
4.774625139702948243e-15
5.779043910081327037e-15
-4.553246668592692054e-15
-8.124056982694582669e-15
6.263600749178976565e-15
7.427891635103378437e-15
-4.306666134823444383e-15
-5.618172593813142069e-15
1.441680108626997030e-15
-1.002548044581885781e-14
8.232692305654153883e-15
-1.223926515692141970e-14
6.455391776682972460e-16
6.725564549725504353e-15
-6.387890216785763079e-15
-1.292055351598264680e-14
-6.777634009580424327e-15
-1.010230787912291788e-14
-1.430427998272421024e-14
-6.878386749065157157e-15
-4.260647390452732004e-15
9.761691455167920089e-15
1.407407523856818451e-14
9.746037310520704789e-15
4.883038418057594943e-15
2.165123635933241485e-14
1.908323499222319833e-14
-4.120537244745037198e-15
-8.190614853020861485e-15
-1.399524940381979909e-14
8.456402245116122989e-15
1.002653515769225201e-14
-4.670208664236952258e-15
-5.894729149247268525e-16
-3.415212557200675472e-15
9.215073148993723799e-15
1.368954949398926196e-14
5.242029033070139241e-15
-2.719630076697399153e-14
1.161393203830129946e-14
-4.375555473501435327e-15
1.960098749975713949e-16
-1.505073843333093439e-15
-2.159039613758295607e-14
-7.241929278478665032e-15
-1.404837357554811247e-14
6.847855615887965707e-16
-1.842415109365447153e-15
-3.541333892798093169e-15
1.077299360829897459e-14
5.749012377265216729e-15
1.940503313591079900e-15
-1.203981359054750935e-14
1.910849256603341976e-14
-9.848233339937450903e-16
1.395283888427911755e-14
-1.098970914270580652e-14
3.904598866455444219e-15
6.148248576920423425e-15
1.084632383907546606e-14
1.019351270059587452e-15
1.546651695605305483e-15
-1.988692543974934648e-14
-3.677280702163443481e-15
2.841454849189517411e-14
1.215511025165483333e-14
-8.033573806187632663e-15
8.050393685010703634e-15
8.436473741824102515e-15
7.553790926095871227e-15
-2.973898904912175589e-15
1.632816104546463953e-14
2.133559995343148403e-14
-9.275802348440721112e-15
-8.890943536954409423e-15
-7.322698003520144287e-15
1.061750687370022210e-14
-6.676881270095691497e-15
6.698142041017262999e-15
-1.545569228156296112e-14
9.071077222699842113e-16
7.308764704561099885e-15
-1.359551360380351026e-14
1.078087619177381455e-14
