5.465572402934947699e-02
-3.787802038732407950e-01
-2.072591349834000674e-03
7.341319847165238277e-02
1.286612590800953748e-01
-1.122318732914951434e-01
2.319227469416010670e-02
-2.674900856761639259e-02
5.819964907382214891e-03
-1.648707539801757670e-03
6.946805104845074630e-02
-1.025916886988819006e-02
-3.580235678838025737e-02
2.662441897041538039e-02
-1.331689076926807491e-01
8.581138518591505115e-02
-1.904602257006749594e-02
3.029459586282639769e-02
-7.104112655833308117e-04
-1.798220163775944569e-01
3.465469806832890964e-02
3.268937512859328848e-02
-4.039607845060361711e-03
-3.027278970553014606e-02
-3.466063958235370002e-02
