7.661016564454259381e-01
6.419795376642469797e-01
-7.048201663885594881e-01
-4.584160374634231316e-01
-2.585213306682728959e-02
-1.873532923001973494e+00
-1.099168963802184124e-01
-1.619974608233057500e+00
-1.293854386899104814e-01
-3.321010051945885722e-01
-6.631084620603230340e-01
1.048938054858590041e+00
9.568593181737501396e-01
-7.233862239221754420e-01
8.603495104201878130e-01
-7.466705523397331179e-01
1.240025486160672097e+00
8.238960071083049064e-01
8.681815410075318651e-01
1.489856031988493756e-01
-3.683734103365571277e-01
-2.498734609911271998e-01
-2.094174239001497240e-01
5.052433336380520723e-01
3.793053415276565477e-01
-3.598988496069261966e-01
1.546241598428008457e+00
6.660358353094031347e-01
-7.531995220898365373e-01
9.758641266881598053e-01
-1.158106924851764336e-01
-1.760992030529560104e-01
8.314776100552493387e-01
-4.061883639419697767e-01
-1.347700434523537494e+00
1.082657004662996858e+00
-5.437420937345800453e-01
2.203799780220846660e+00
-5.164163489783228922e-01
2.539525415001698150e+00
2.117684626049487040e+00
2.545729328567474803e-01
-1.253455396264995247e+00
1.213409992831687934e+00
-1.417208732510274238e+00
2.554351354571208210e-01
3.048724464872915263e+00
7.724969027954646794e-01
1.408603569625931584e+00
1.045452603191008745e+00
-2.636314093950591353e-01
4.554991570758083475e-01
6.518712865226548026e-01
2.364551934669900379e-01
2.919610850788336709e-01
-2.923847547422113724e-01
-2.362678077429164747e-01
-4.018289185999875945e-01
4.120014575975610716e-01
-1.315268208342575518e+00
9.915463119378919998e-01
5.048293305908316819e-01
-3.206346125894242727e-01
-7.718902602264029467e-01
-1.116463263493379987e+00
1.400691005786324439e+00
2.929060634480867842e-01
5.910704621489200061e-01
-8.149725007581488656e-01
-3.670853751286110578e-01
6.328259230378152633e-01
1.706437277072863079e-01
1.995642389007442841e+00
-3.784142694031177867e-01
-8.448068808962909682e-01
6.248176526169730849e-01
-1.284044311693510299e+00
1.012066601580507541e+00
7.429736328081312235e-01
1.889844641207800990e-01
7.409126380921627897e-01
4.187149662104479586e-01
9.725159425207752228e-02
-1.823135103562080472e-01
1.050527194339692549e+00
1.423260436706117182e-01
-5.916856851032440412e-01
9.677895382985171047e-01
9.649728396891920079e-01
-5.316735129126341775e-02
1.012525629840828056e+00
-1.293265035932224527e-01
7.072690113553824487e-01
-5.614094930210362655e-01
8.113341290614446422e-01
-6.910688220596751530e-02
-2.401244111112686430e-01
6.547819876632433589e-01
-1.736667298888030286e+00
1.159634945729367761e+00
1.092139726423361212e+00
-3.666608737637460091e-01
1.225626818317615108e+00
1.976622287569544945e+00
-1.076427893197771324e+00
-1.698689495647702330e+00
8.557615817912090916e-01
3.402764058299587169e-01
9.715777658296334551e-02
4.725901623457736678e-01
1.068793006436445703e+00
-1.402330757868299971e+00
-1.056665562892967980e+00
1.331309971223328725e+00
4.150945905125301150e-01
-7.825314026259935773e-02
-8.779877273086578171e-01
8.255729605233097512e-01
5.128428439232551872e-01
1.537716541662857095e+00
8.350236976451177462e-01
5.918621400990589088e-01
-2.076268051605870912e+00
1.080849918560051748e+00
9.927284923924318827e-01
-5.857434054995662720e-01
3.341127762193975559e-01
1.358654719249255960e+00
