3.779854780254743220e-03
-3.218037710964221088e-01
2.682545795315246021e-02
1.409294396328225341e-01
4.902309424459841414e-02
-1.534135721117620144e-01
8.936317974432179956e-02
4.865430049507719901e-02
5.422731322275331500e-02
1.046350169554964987e-01
1.158919413100318735e-01
-7.597075012303659836e-03
2.263359231705743338e-02
1.203033491774062602e-01
-1.980156230742699253e-01
1.384098760534648587e-01
3.113905312323280231e-02
-7.390794302371508050e-03
7.014309113738555722e-03
-1.482420896132008725e-01
1.448710748766247336e-01
-1.000030813023776964e-02
-1.173773746958983559e-02
-3.558172220382555678e-02
-1.291846874444587401e-01
