-5.852263566333503440e-03
-5.270550740558989714e-03
-6.483042035549291433e-03
-8.740343768400228239e-03
-7.565713798026084402e-03
-1.051211133071301880e-02
-1.584361698059663951e-03
4.810266126234294393e-03
4.063917337229593432e-03
1.063550882590316715e-02
2.077680452398015729e-02
4.022960697968654131e-02
4.127721018046619922e-02
5.559571855836296927e-02
7.238227508241255881e-02
7.694006259951084725e-02
8.911544207703807341e-02
1.215816152409058271e-01
1.439892755663000901e-01
1.461650698443776319e-01
1.681935786530439347e-01
1.831518174186995418e-01
1.999889554176869366e-01
2.186928906555067054e-01
2.443518648025100048e-01
2.581519050264337034e-01
2.687190857222760965e-01
2.987696161663573324e-01
3.233370960119766324e-01
3.345553955480364827e-01
3.490813906152304691e-01
3.712192450805105737e-01
3.967728240376763860e-01
4.059829639436754456e-01
4.259669492140530367e-01
4.506842750365435690e-01
4.604471954641854436e-01
4.864133159143905760e-01
5.039999761662021793e-01
5.184759326933302548e-01
5.421334360206114811e-01
5.676601605259499195e-01
5.818893320184783668e-01
6.003822626074742930e-01
6.171829045502967848e-01
6.407664141868575358e-01
6.540771408068957182e-01
6.765985931923859109e-01
6.973262701494072902e-01
7.145600995527147115e-01
7.328225649571252776e-01
7.526443768295899561e-01
7.613275356487210210e-01
7.849889391572848485e-01
8.014249073912318444e-01
8.164035492569685637e-01
8.336561490352817350e-01
8.515749140657727922e-01
8.737239750973402330e-01
8.870557702780207388e-01
9.027304867391109378e-01
9.176148865068561866e-01
9.406427561871821830e-01
9.510651957563948100e-01
9.730716105800255589e-01
9.884763808680558927e-01
1.003345951702282246e+00
1.019293672056489797e+00
1.036244388826784490e+00
1.051428639903811968e+00
1.065319013592193720e+00
1.083430048575580784e+00
1.099508853368684980e+00
1.114597837042416106e+00
1.130416291055067690e+00
1.140906411694630807e+00
1.158033822398483847e+00
1.173165236729099448e+00
1.182737865749235562e+00
1.203609835969779995e+00
1.216832324524917075e+00
1.230119268148745837e+00
1.246677366335168013e+00
1.259230715642162934e+00
1.273284107730946024e+00
1.289816641471615899e+00
1.304757043146015594e+00
1.316407564339279412e+00
1.330476683264835591e+00
1.345569756464559008e+00
1.356940487709056953e+00
1.369706154366552076e+00
1.382161163502032108e+00
1.394810032778551090e+00
1.408533778786734247e+00
1.423466801539543303e+00
1.434823978359428764e+00
1.448479666879980199e+00
1.458220008951900404e+00
1.472530460483880921e+00
1.484032502440131740e+00
1.496827219902538975e+00
1.507716322325762581e+00
1.521633079151991419e+00
1.530829984354361128e+00
1.542510578027469270e+00
1.555911020070923856e+00
1.568118209052792089e+00
1.580882668055338724e+00
1.589348134128580448e+00
1.601120711438775990e+00
1.611404659514543480e+00
1.622570911605611066e+00
1.634958549458989552e+00
1.648967307597038134e+00
1.654688247820260250e+00
1.665674805665497527e+00
1.676208492447722742e+00
1.689858904230059800e+00
1.700940798870981707e+00
1.708354758226763082e+00
1.720613582656690399e+00
1.728865456707774584e+00
1.740383783211947977e+00
1.750562607286085370e+00
1.757014690627036080e+00
1.769549110872860043e+00
1.782097087349360454e+00
1.791620399428261123e+00
1.797937416875980521e+00
1.807677580646350757e+00
1.819705230882344260e+00
1.825349059177151290e+00
1.837236930288163705e+00
1.845815923596499708e+00
1.856772110977264800e+00
1.864032935177268202e+00
1.873504010089496408e+00
1.883024372852212469e+00
1.891895054832501089e+00
1.901003087759514321e+00
1.909955865822676957e+00
1.920206822002855640e+00
1.926727729251231036e+00
1.935311267533281532e+00
1.944615995169087341e+00
1.952832296799341005e+00
1.960327734928491550e+00
1.970176138150446343e+00
1.973834309495925199e+00
1.985085952346741456e+00
1.993683541232031731e+00
1.999408374206466332e+00
2.008709203325258930e+00
2.016042747420061509e+00
2.026117045309103304e+00
2.033134951214743857e+00
2.039295475697596505e+00
2.048860550600048125e+00
2.055211873015133861e+00
2.064448122248676132e+00
2.069318196319947400e+00
2.076529004368039111e+00
2.085981858707869119e+00
2.093340720177868874e+00
2.101814269255926071e+00
2.107352095059255692e+00
2.114147274814534683e+00
2.120878157657600571e+00
2.128248071246533701e+00
2.135958577916306389e+00
2.141419611844591842e+00
2.148577528063146058e+00
2.158424784924964257e+00
2.161372110666483604e+00
2.169739965831390283e+00
2.176888621479664998e+00
2.182523647663793032e+00
2.187669532533350836e+00
2.196068351847021649e+00
2.201486330756541321e+00
2.207149940781439224e+00
2.213491533386627186e+00
2.218026248895694330e+00
2.227838218626763123e+00
2.233251735801388804e+00
2.237631362536581570e+00
2.245311568731875429e+00
2.251055198120853973e+00
2.256379225627791030e+00
2.263257024691099684e+00
2.268525514668462861e+00
2.274785545456031510e+00
2.280130729420885238e+00
2.287609705850610187e+00
2.292930838796899184e+00
2.297646136620676405e+00
2.303887534870967979e+00
2.312663642730042657e+00
2.315263060609491941e+00
2.320602221918274921e+00
2.326341700903165499e+00
2.331052010662167717e+00
2.336733833311037678e+00
2.342372031272881294e+00
2.346652812892743523e+00
2.351795807157162965e+00
2.358665772447123832e+00
2.364267539744472568e+00
2.368993232669841298e+00
2.375726910152743621e+00
2.378512050119431009e+00
2.383703893260356477e+00
2.387404681884820246e+00
2.394651818288807466e+00
2.398937872794285830e+00
2.404556998099026011e+00
2.409383637109100640e+00
2.414360463814266389e+00
2.417582749900370143e+00
2.423409971592863865e+00
2.428698578094796723e+00
2.430604639040395920e+00
2.436106594589824148e+00
2.440705677196397971e+00
2.447059683956851028e+00
2.452232185878864268e+00
2.454711904156695823e+00
2.461252054651691168e+00
2.465957529462737163e+00
2.469413968325290032e+00
2.474136500563558716e+00
2.479031006586574826e+00
2.483627899655508120e+00
2.486742010987878615e+00
2.490567430904857993e+00
2.496440112566221003e+00
2.499280150059618677e+00
2.504982987717981224e+00
2.509072107803982377e+00
2.512516659501721428e+00
2.517326330884681163e+00
2.521302101742422863e+00
2.525386630891972572e+00
2.529967602033091012e+00
2.534859378572942301e+00
2.538561044669231936e+00
2.543489492511149752e+00
2.545190376904563401e+00
2.549116746337363626e+00
2.552718344711822684e+00
2.557676107401793075e+00
2.560987756336020382e+00
2.565057911961864168e+00
2.569249812769909269e+00
2.572837581593444778e+00
2.575977304435558946e+00
2.580583330438284584e+00
2.584688888953300623e+00
2.589553305488050849e+00
2.591262813156328892e+00
2.596034653123656444e+00
2.598184297350485839e+00
2.602732202699445718e+00
2.607369345924174464e+00
2.610671568051371239e+00
2.614443714627857851e+00
2.617901727406385604e+00
2.621262979126770976e+00
2.623933248484720870e+00
2.627805417201646510e+00
2.630944532698925364e+00
2.635438530664107493e+00
2.638395231017046871e+00
2.641919158594324912e+00
2.645477506082852592e+00
2.648709467963047182e+00
2.652306372191806094e+00
2.655240297848757258e+00
2.659152867882715654e+00
2.661495713936429475e+00
2.665733720408239638e+00
2.668991596191239601e+00
2.673525315708353833e+00
2.675113074309750871e+00
2.679472844559978917e+00
2.681872434603260746e+00
2.685011363933989426e+00
2.687315694543869871e+00
2.690763584503032213e+00
2.695550049529623848e+00
2.697769734496474392e+00
2.700707634614817110e+00
2.704394085345290133e+00
2.707627526201935808e+00
2.709538282432605527e+00
2.714566491489010858e+00
2.716367174730358158e+00
2.719095960420631286e+00
2.721308373905159783e+00
2.726376425048308683e+00
2.728245228467597538e+00
2.731200190085727453e+00
2.734057623463969744e+00
2.736280947395111518e+00
2.739672677539778611e+00
2.743158595056403914e+00
2.745976064941179295e+00
2.747777119562234471e+00
2.752522565429802892e+00
2.753389534419572016e+00
2.755622849109113925e+00
2.760709147998678059e+00
2.762671408537709539e+00
2.763778096305043341e+00
2.766983714234496183e+00
2.770647289807547597e+00
2.772308659566049549e+00
2.777810983536606937e+00
2.777652443951817318e+00
2.782132659753274950e+00
2.784373727813478361e+00
2.785181084103276472e+00
2.789197817471541274e+00
2.792749311974011661e+00
2.794688004312935625e+00
2.797816595284086993e+00
2.800734687716776694e+00
2.802736577350514402e+00
2.804488898748431325e+00
2.806937774938644381e+00
2.808228268910153425e+00
2.812004517241276869e+00
2.815320802046136439e+00
2.819620620495614904e+00
2.819770745489138086e+00
2.823378717591168208e+00
2.826872590281638953e+00
2.827260551077537709e+00
2.830286405688163143e+00
2.831101868957079049e+00
2.834359083201775320e+00
2.837530863379490231e+00
2.839727232717518479e+00
2.841197953068060666e+00
2.845656997766254914e+00
2.849139185383198214e+00
2.848632705075912153e+00
2.851809992512682079e+00
2.855322144728726919e+00
2.855368713307235407e+00
2.857830200375102603e+00
2.861719801869631929e+00
2.863750570856061994e+00
2.865909174813163318e+00
2.868262900793417725e+00
2.870100951524649169e+00
2.872881448269095639e+00
2.875094940564085988e+00
2.877074654611507576e+00
2.879566002098631117e+00
2.880803846928570611e+00
2.885014233432384501e+00
2.885623692592377942e+00
2.888797118736973868e+00
2.890221530970169983e+00
2.891890140283333910e+00
2.894843921951535393e+00
2.896234333712968567e+00
2.898704384041421278e+00
2.900180737959746846e+00
2.902699323127217568e+00
2.906180849518632314e+00
2.907133064906751940e+00
2.909743006399716947e+00
2.911475641458010077e+00
2.913426497451206743e+00
2.916121167867876895e+00
2.918773272633138127e+00
2.919637847229087591e+00
2.921144096061690121e+00
2.924885398160756989e+00
2.925667453376628035e+00
2.928160674651918427e+00
2.930480582584861438e+00
2.931598221528820769e+00
2.933859034331140592e+00
2.937840997322309633e+00
2.937822808397171137e+00
2.941229142175635580e+00
2.943320712761308133e+00
2.944625931254220674e+00
2.947337927976795502e+00
2.948041997301863670e+00
2.951035766869176680e+00
2.953657279624247955e+00
2.953631742544835070e+00
2.956929100929671428e+00
2.958702515976062486e+00
2.958385493420685020e+00
2.962457051067964642e+00
2.964492480375664041e+00
2.966507874244436849e+00
2.967632532276796464e+00
2.969632800638534853e+00
2.972239125088628864e+00
2.974206752821487942e+00
2.975819645222298693e+00
2.976861600806782082e+00
2.979380182828212931e+00
2.980561571943252996e+00
2.983302579585741299e+00
2.983610756477050430e+00
2.986876132317910049e+00
2.988225052438108875e+00
2.990421841911218515e+00
2.990671682600532844e+00
2.993358692944043664e+00
2.996153263757230789e+00
2.996414918070285260e+00
3.000063579480266807e+00
2.999937131375109534e+00
3.002022041010525832e+00
3.004351272544669715e+00
3.006628321731046327e+00
3.007058754498999953e+00
3.008473625821485697e+00
3.010986921472640798e+00
3.011695621037942860e+00
3.014379649280126916e+00
3.016245694514025022e+00
3.017754186725674970e+00
3.020772791173525373e+00
3.021869915935857520e+00
3.023815424555342357e+00
3.024723977365476824e+00
3.026976392824695328e+00
3.029368271828251302e+00
3.029968507460048865e+00
3.031066332878824543e+00
3.032673232834000476e+00
3.035597861728196900e+00
3.036370950865729501e+00
3.037686390393776303e+00
3.039981076111646363e+00
3.041640454465505794e+00
3.043427072791990540e+00
3.045641855781533458e+00
3.045699240948716024e+00
3.047624256178425917e+00
3.049585190139072921e+00
3.051537142229304056e+00
3.052930047482913523e+00
3.054486528323260064e+00
3.056158542040682935e+00
3.058605333286968708e+00
3.058728001320957013e+00
3.061289561415380334e+00
3.063396909330352802e+00
3.063907923403358158e+00
3.064821002935951721e+00
3.066863035061232257e+00
3.068930252537908743e+00
3.070749431761896631e+00
3.071465797998393477e+00
3.073582266760966242e+00
3.075129891366899848e+00
3.076140896706804906e+00
3.077343002967494634e+00
3.078944831947719507e+00
3.081102086099963167e+00
3.082457970092449262e+00
3.082915635935375320e+00
3.085357068729785990e+00
3.086682996423252945e+00
3.087797856330224189e+00
3.090183999317348995e+00
3.091892644309523597e+00
3.092992392733063589e+00
3.094859588559156105e+00
3.094754577790848948e+00
3.097230151869302617e+00
3.099021792358333638e+00
3.099931778525816473e+00
3.101839202458472222e+00
3.102623115584902447e+00
3.103724306908528519e+00
3.105591114566612188e+00
3.107289134260097008e+00
3.108845261572227070e+00
3.109364338030256913e+00
3.112328551878588812e+00
3.113516205811737159e+00
3.113618642530651126e+00
3.116104060091663630e+00
3.116720751365818831e+00
3.118605162430456268e+00
3.119580244109165346e+00
3.121651186814824452e+00
3.121882007347381638e+00
3.122726826129098576e+00
3.125480759094028116e+00
3.127035905705314089e+00
3.127820588142721903e+00
3.129470283430704214e+00
3.131104609425562568e+00
3.133073195980726755e+00
3.133778543174894349e+00
3.135374890169731366e+00
3.136778757886945712e+00
3.137335221044340816e+00
3.138580863634651053e+00
