9.614753437858781101e-15
1.914024494453769850e-16
-7.119305145408815921e-16
-5.051375984166384241e-16
-9.550693569337908192e-16
-5.766498389903063016e-16
-1.543210004228967729e-17
-2.121636200058674184e-16
-1.712519015484303944e-17
-1.456612608308205442e-16
-1.214028877427608732e-15
-7.320810624378282567e-16
-3.250733016102458279e-16
1.859512543944674554e-15
3.381739333008226621e-16
2.633115947503483628e-15
7.795986078917849495e-16
3.398392678377604107e-16
-5.739853037312059482e-17
2.526867604046856460e-15
2.512767771634116700e-15
-2.396083331746012928e-15
2.750022431996512703e-15
4.060307645659122803e-15
2.040700941563500262e-15
1.244671032907263031e-15
-3.909539358915026090e-15
-5.613398634807253978e-15
-3.200217868482013649e-15
-5.156430837871539584e-15
-3.287370375915088354e-16
9.773293285775253940e-16
-2.199240789479972708e-15
-4.791833596584638296e-15
-2.977951218952057433e-15
7.025491299827990911e-16
-6.059597268404104603e-16
-1.103561686477405595e-16
-5.240474720835663700e-15
3.201328091506638979e-15
-1.280531236602655631e-15
1.744049349383658368e-15
-7.270628543665225101e-15
-5.856093387990313191e-15
-1.496247570287323504e-15
3.147371252509856299e-15
5.791811474864516558e-15
9.079959006896842387e-16
8.350209412810727738e-15
-2.843836277577338305e-15
-9.383438470678129647e-15
4.534983499837607800e-15
6.593503520946342500e-15
-1.287581152809025314e-15
-2.429390022484767703e-15
-1.705413588126703034e-15
6.935896301740740341e-15
8.006650897840473438e-15
-6.447564704359365401e-15
-2.610689442406055668e-15
-3.643196855307450935e-15
5.373645972639451278e-15
4.138911435802583709e-15
-6.878386749065157354e-16
1.734445920220650860e-15
-5.312472683982604938e-15
7.703393478664110692e-15
1.043742869910602172e-14
4.891198557288589364e-15
-6.616485137556082533e-15
-2.523092845763130653e-15
8.481548796623883343e-16
-1.083244605126765200e-15
-1.357108869726175813e-15
-4.486355731359026467e-15
-3.557237837625848745e-15
4.267364239751713929e-15
1.058519938368363039e-14
3.126110481588284501e-16
-5.591860308129525651e-15
3.663180869750704116e-16
4.817674037482788347e-15
-2.294803236324582997e-15
-4.308969847599542327e-15
2.116029573784317096e-15
-5.414280135340732561e-16
-3.479799781658243903e-15
4.893030425279221534e-16
-4.192673985770056454e-15
3.827188566063455533e-15
-1.595945597898662527e-16
-1.425276563438160312e-14
1.005953653709923381e-14
-4.662381591913344410e-16
-5.657974089245954453e-16
-6.880607195114407817e-15
6.255107543040594584e-15
2.607775106966414522e-15
1.582123321242079396e-15
9.612532991809529651e-15
1.203862010079603870e-14
4.756223193069785970e-15
-6.709632849322133410e-16
2.990954706127979348e-15
1.263489313174659358e-15
7.771408516710210278e-15
6.134814878322458785e-15
-3.116257252244736422e-15
5.959246984765797947e-15
9.507686304921492125e-15
1.111891134719655836e-14
-3.796948866430227409e-15
-6.229641802413254551e-15
-4.875655434943837110e-15
-6.997527557395244379e-16
4.057545965885367555e-15
-5.917516476827699806e-15
7.932599022097975320e-15
4.513604767719670298e-15
1.891535539311206476e-15
-5.152545057285351520e-16
-9.803668293839607422e-15
1.225020085371397804e-15
-5.256024782074319698e-15
1.764578066998368008e-15
-9.222747565651445156e-15
-4.381689455712489418e-15
-3.212759051851588225e-15
7.858517656056385899e-15
-1.740420307871914915e-15
-3.278656859895257106e-15
-6.164307779499278212e-15
8.660537564875170015e-16
1.183149411776440699e-14
4.652573465380171747e-15
-3.847026863734725769e-15
1.605696695397562707e-14
9.471608393429865047e-15
1.284775411058980351e-14
4.723766516834259847e-15
8.982189991790790107e-15
5.458224150434177027e-15
-3.486488875381610462e-15
8.524347894223183566e-15
1.214776196301059421e-14
-7.697315007604288124e-15
-1.398063609325816892e-14
6.257133700060535703e-15
2.753700045765583739e-16
-9.133319101017889352e-15
5.930658741881700135e-15
8.385417360479151917e-15
4.934566644188009542e-15
-8.054723554806741908e-15
-1.172704988672279603e-14
-6.355332926588630313e-15
-8.043274379865294350e-15
-4.536135356225656772e-15
1.232086654923136864e-14
9.976131032374269050e-15
-3.614997190481972205e-15
2.860364722856445357e-15
2.993952308294467384e-15
-5.719452689234571999e-15
4.620470672733744806e-16
6.160988386127997185e-15
9.210410212290297965e-15
3.647804280859645246e-15
-2.479100258412358998e-15
2.034442059262176034e-15
8.560929742884582415e-16
5.031253191845053436e-15
-3.004124726757595438e-15
-2.225553075163588732e-15
-7.050859895940675188e-15
6.239786465300767632e-15
1.479233402434943042e-16
-7.353340158999799769e-15
1.417360673272583014e-14
9.869938200068872221e-15
9.262229871964677664e-15
1.395025761574686357e-14
-4.793387908819113615e-17
-3.412048421580493656e-15
-3.174849272369328781e-15
1.011329908706670734e-14
5.175526673895091948e-15
-9.296396985547516705e-15
-4.105910056395601126e-15
-9.609202322735655633e-15
-1.283428918696927202e-14
1.245664682514302518e-14
-1.510930269787991099e-15
-1.159294882313588478e-14
-3.917338675663017979e-15
8.961997810530420294e-16
2.695343948033723874e-16
1.027131157904648229e-14
1.639227642513674396e-14
-6.655231921115501308e-16
-2.496391982020895546e-15
-1.452657438782978261e-14
-2.116251618389242004e-15
-3.159666972507579847e-15
-4.241162976370560557e-15
1.226518886454641625e-15
1.656580428388565461e-14
9.226841513054751431e-15
-6.512013150938855814e-15
-1.471944788278278669e-14
1.297437157710135186e-14
5.401318281528233696e-15
-1.070329935792813130e-14
2.602587589883853636e-14
9.085177055112580295e-15
-9.829970171182366648e-15
-1.239885971671128595e-14
5.967809579843219726e-15
-1.268052329805868727e-14
-1.291330931074696698e-14
-1.630995338786078837e-14
-6.897538096239941044e-16
-5.019595850086489245e-16
-1.690897422079729023e-15
-1.382505221414476146e-16
-6.820377596028492633e-15
-1.888683653916700596e-15
1.078581668423339642e-14
-1.055450171705274497e-14
-2.270630905520931767e-14
3.753802824135732534e-15
-9.746842222213557926e-15
-1.326758147790485471e-14
1.270078486825809688e-14
-1.143668493241989334e-15
-6.814299124968670065e-15
-6.765366045158316145e-15
-6.631639681842216494e-15
4.504452366660416153e-15
1.571945351663828072e-14
8.124084738270199219e-15
8.387845973345520393e-15
1.108255154314008442e-14
-1.506511582149983097e-14
5.637601496744082782e-15
3.136096937694787564e-14
1.690628192996257596e-14
9.486356145060880825e-15
8.076456170513779777e-15
4.025779709593280440e-15
-1.101177482532023037e-14
1.692868067948438619e-15
1.201050370269740568e-14
-1.034922147979955311e-14
1.090783019463969996e-14
3.451461338954686760e-15
-1.220648582211936242e-14
-3.395644876391656741e-15
-8.470751877709403024e-15
-1.383118619635581654e-14
-9.481804230659918037e-15
1.446442965402638856e-14
1.586886178017721222e-14
1.618319367402421092e-14
-9.920592125567396250e-15
1.622640910525774560e-14
-5.294709115588602812e-15
-8.401612738850872001e-16
1.483926870271545691e-14
-2.028924250829788770e-14
-1.362632229273685874e-14
-6.840333854896130447e-15
-1.287236983671391528e-14
-2.383787611748289379e-15
1.230573976052085045e-14
-1.100594615444094887e-14
2.046474101291551032e-15
-2.936095810923688760e-14
-2.931876963430113531e-15
1.236119540060087675e-14
-1.278224748268996781e-14
1.699695939549883393e-14
4.008349208106665401e-14
2.421424172283082034e-15
-1.221614476243360007e-14
-2.160707723852794902e-14
-1.696337514900392233e-15
-1.311145636506694168e-15
1.684841155480398867e-14
-1.092012591463742470e-14
3.900380018961868990e-15
-6.518063866423062621e-15
-9.261202915666900013e-15
2.598365966832716358e-15
-8.651690475147688457e-16
-1.934216675714139910e-14
2.104266760838413721e-14
-4.223010829917939348e-15
-1.120584181002470825e-14
9.674205880827456936e-16
8.297584841443494901e-15
1.709338226518753006e-14
-1.962374707176195393e-15
3.646888346864329852e-15
1.651412340208935451e-14
-8.456763067599127099e-15
4.353489790887010688e-15
1.420469297741533465e-14
-5.618921994354764472e-15
-1.179811803808661360e-14
1.232003388196289896e-14
1.870165133865953072e-14
8.861439360074996216e-15
-3.261946268651172457e-15
-1.281419415022355698e-14
-5.799333235856352410e-15
5.929506885493651951e-15
1.017028128380559343e-14
-5.213884879395891442e-16
1.999814203124117325e-14
7.297273896256228290e-15
-1.811462091438897983e-14
2.021605105539947503e-15
-9.706430104117203326e-15
-9.954315149940384686e-15
-3.426478545343059083e-14
-2.794922626669915576e-14
-9.275913370743183369e-16
-2.342820382139621049e-14
2.408631627481838801e-14
-2.513564356654285267e-14
1.473748900693294801e-14
-4.088993033057874755e-14
-1.938221805275475117e-14
1.283426143139365705e-14
5.576844541721470497e-15
1.621705547627527580e-14
3.207584198250401631e-14
1.243385949756259311e-14
7.435940752031911390e-15
-1.245148428807851879e-14
2.016978251084822159e-14
-1.394728776915599208e-14
1.916533598489422782e-14
2.772976293030637764e-15
-1.657501913499004324e-14
-1.536648586153432825e-14
-1.523239867573522449e-14
4.438033274212216144e-15
-3.835212702973933433e-14
-1.609448685435666019e-14
1.196198695652128660e-14
-3.570482798309626681e-14
6.235248428687612330e-15
-3.378602952963660862e-15
1.671329741270710568e-14
-2.901384688058783634e-14
-2.595840209451694294e-15
-4.143846377147042585e-14
-3.219050026537218173e-14
1.165204044362155927e-14
7.870731844050737310e-15
1.337246979815631628e-14
1.978003871805355955e-14
8.751457891698067277e-15
-1.101106705814203279e-14
2.122163555995371186e-15
-9.701933700867470483e-15
1.554320561147903964e-14
5.610054087945570896e-15
-1.399480531460994848e-14
2.556417577626035712e-14
1.891982404078618184e-14
-1.176740649366792069e-14
1.273652017186321974e-14
3.608960352785572885e-15
9.989800653364966479e-15
-1.439789953927572787e-14
-9.927059174685836717e-16
-7.715522665208140855e-15
1.730918186559904423e-14
-7.374392763104253454e-15
-2.482500316425273603e-15
1.642058711226468495e-14
-8.911066329275740622e-16
-5.798805879919655309e-15
8.178985266837911872e-15
-2.109890040458140010e-14
-2.061439907663498131e-14
1.523094150801540688e-14
2.662335629732837055e-14
3.467237608134609991e-14
3.896627465138635398e-14
-4.180641943740681376e-14
3.089935252109654448e-14
-1.928097959069674370e-14
1.775612296084361312e-14
-2.495703643745628213e-14
1.509167790736398727e-15
3.717304242201180576e-16
-1.923554371341396073e-14
5.808215020053353473e-15
3.347653404484063248e-14
-3.496133937908041414e-15
1.080770195560631979e-14
1.157766243986557734e-14
9.987149995893673488e-15
-3.070012993822146238e-14
6.250902573334826250e-16
-1.384877629240222036e-14
3.165877282551576690e-15
-2.066789968335758262e-14
-1.350436949765221255e-14
-1.276003955275051328e-14
1.856889295104302453e-14
3.595138076128989951e-15
-4.286349920834542360e-14
1.427838056122787600e-14
-1.525175862340799607e-14
-4.229269712219263182e-15
-4.675676512633231229e-15
2.639422187755702284e-14
-1.240475170499744089e-14
1.151970879798014434e-15
2.091153465666462112e-14
2.751347348735333570e-14
-1.442286221009503312e-14
-1.290375548383335172e-15
-1.356716822220605056e-15
1.256235046542819628e-14
1.261435422263146287e-14
1.636607516175558822e-14
2.517098920788718295e-14
2.769362864030178324e-14
-3.744698301444415794e-14
-2.395830756007910524e-14
4.837394373957693372e-15
-1.280665851144391364e-14
-8.160090658737572792e-15
3.177526644582151419e-14
1.632754348390719219e-14
2.019013428666838302e-15
-2.521053504844772422e-14
1.883673772518079716e-15
-1.368702026716128684e-14
2.554900735418641508e-16
2.485657513151551282e-15
-9.152435753723154524e-15
-5.600193919708118383e-15
2.592016878910641102e-15
1.069074342940901067e-14
2.318147757085497948e-14
1.462355236903079081e-14
-1.828583118257398663e-14
1.934022386684830369e-15
-3.004511917037433220e-14
-3.325500291806449394e-14
1.195571419643215510e-17
-9.320461069606267491e-15
6.701555976817985879e-15
3.591987818296615621e-15
8.676948048957911068e-16
1.543418171046084855e-15
1.880230693362960799e-14
-1.605933441783946437e-14
2.520487984991603945e-14
1.924721493296033123e-14
1.520322756576320042e-14
5.645289791189611625e-15
-9.582695748022728885e-15
-2.605934912303098215e-14
3.423691885551249966e-15
9.449205307099361234e-15
-6.957531772933123439e-15
-2.454236813775878464e-14
3.606484555440658955e-14
-1.199941535023896223e-14
1.598747523257060273e-14
1.049538234099145551e-14
2.445767199876769526e-14
2.014638456060424612e-16
-8.472889057031806400e-15
5.083544696304897924e-15
1.325091425474766925e-14
-8.278475127632135051e-15
2.376324137465246468e-14
2.772961027464049135e-14
-1.021882578555732905e-14
-2.316410951941350176e-14
7.387229716826482773e-15
-2.509542573747580761e-14
-3.164513096010068603e-14
2.378680585835013334e-15
1.746434941107821823e-14
-2.284192279766727964e-14
1.235386792863835202e-15
5.798431179648844502e-15
-1.688936490662484943e-14
6.060943413821462722e-15
3.568673134779487239e-15
8.205325308097144052e-15
1.373566538287462911e-14
2.551915623261180506e-14
-1.365901836081206952e-14
8.256340056078670614e-15
8.347073032766161683e-15
1.563313367647367757e-14
2.365177498298010000e-14
-8.830686182292879266e-15
-1.479844025098486668e-14
1.603203680922149513e-14
-1.582345365847004304e-15
