7.454878965053616732e-04
4.022108372923373538e-03
5.428381689858806716e-03
7.935959272531890527e-03
7.481301374888236003e-03
1.031266897342980778e-02
1.451477981303631037e-02
1.743434888033987967e-02
1.861279259335874708e-02
1.758256329558536418e-02
2.046645417215472995e-02
2.386865899409850236e-02
2.800096734909335999e-02
2.283468592090144578e-02
2.397797696516075494e-02
2.436533803653810962e-02
2.693186054192954135e-02
2.928618254351883846e-02
2.897562902937716664e-02
2.925167643639137866e-02
2.784163436320994181e-02
3.114869363324668933e-02
3.207472608898838395e-02
3.438195111979904656e-02
3.615855064639304783e-02
3.593183706728086957e-02
3.911580781278748559e-02
3.983531108256037345e-02
4.114355912208116778e-02
4.229531043027429799e-02
4.681940514949775589e-02
4.572131160181632653e-02
5.017903830986766150e-02
4.883236751239465601e-02
5.481694498181977071e-02
5.544197765687815943e-02
5.664488988513581569e-02
6.073006332883823521e-02
5.874210780233507512e-02
6.527945255304629102e-02
6.263302647326821071e-02
6.579457596696794419e-02
6.918144362734270081e-02
6.876582714326115453e-02
7.262318853228451332e-02
7.487087229581343428e-02
7.507555602172587272e-02
8.084433609946507782e-02
7.852806879800286466e-02
8.273065009836523542e-02
8.295759734449556499e-02
8.222592524028447813e-02
8.523636417887915651e-02
8.533480484494061769e-02
8.544937723063718293e-02
8.961687264482448567e-02
9.140263606356366366e-02
9.107868667385111972e-02
9.291200616831940540e-02
9.609227992383723160e-02
9.614069917389535258e-02
9.976672159194474587e-02
1.001873586098322028e-01
1.018399811555654871e-01
1.022408432037602982e-01
9.886454379473398613e-02
9.947435318536372584e-02
1.032702503190845722e-01
1.033169663689974122e-01
1.039506755797590942e-01
1.081045731711627739e-01
1.085024626143987758e-01
1.066253840646590734e-01
1.102491362856156953e-01
1.091810052050946056e-01
1.094318216751179879e-01
1.077094681852483471e-01
1.096040718545463616e-01
1.096681899849731301e-01
1.129944331677205510e-01
1.116183190258656227e-01
1.136946179819461472e-01
1.109335273106163977e-01
1.118817236719072267e-01
1.140643450756272659e-01
1.152791596433033056e-01
1.138245757886502535e-01
1.169120862091528740e-01
1.163325592288469712e-01
1.157790982307620731e-01
1.160398111580255853e-01
1.155798968218845896e-01
1.139380107506032525e-01
1.162828569569532011e-01
1.173679528846183484e-01
1.145467128489054964e-01
1.165154328486571467e-01
1.179218519219695505e-01
1.160605322899467134e-01
1.165619180989000137e-01
1.165600953809668439e-01
1.164137363670172398e-01
1.163947643947293858e-01
1.152823313042084519e-01
1.173367153446696759e-01
1.178174743281373005e-01
1.165814728364812508e-01
1.174053444871669960e-01
1.160045205913006056e-01
1.155734459771761147e-01
1.154659201707759764e-01
1.170205588046890482e-01
1.160186176068419978e-01
1.156217453020416952e-01
1.155691864657173856e-01
1.149638615213774417e-01
1.150653041934676934e-01
1.156249616278527126e-01
1.123168837196639180e-01
1.141679748312730697e-01
1.135745177010178547e-01
1.128011553818017015e-01
1.136447368850931616e-01
1.129255671544187600e-01
1.139960893940156900e-01
1.130971365861612871e-01
1.111086981575812871e-01
1.125871602552493272e-01
1.105751190355747093e-01
1.116969919564419350e-01
1.110941013727996807e-01
1.123862343651945012e-01
1.099548583368112342e-01
1.102212599488069794e-01
1.103550980187856800e-01
1.099306798299132387e-01
1.097941411827937086e-01
1.097832991407363123e-01
1.081383339705369873e-01
1.085718132405723291e-01
1.080769305148180093e-01
1.082862372017864006e-01
1.075666728223872992e-01
1.068322939991779713e-01
1.072278469138358559e-01
1.066965536303873391e-01
1.066332381374500843e-01
1.051513251962601786e-01
1.056210411077454919e-01
1.060768907195178551e-01
1.058509190851648629e-01
1.058797554905017840e-01
1.046528142744828221e-01
1.043343945258465161e-01
1.041509586648160929e-01
1.022776966832260048e-01
1.035653684646699463e-01
1.045461161146487850e-01
1.026217549148831926e-01
1.028320645103564246e-01
1.035344623981484108e-01
1.024348838600828149e-01
1.017961199622607615e-01
1.016760538648552870e-01
1.017102555854680762e-01
1.009644888337593999e-01
1.013037841205434164e-01
1.002992152491842398e-01
1.005655097452817781e-01
1.002812069327127104e-01
1.007892507220772421e-01
1.006767825961149970e-01
9.985315554114175540e-02
9.847438964311581999e-02
9.862096322288550765e-02
9.777232666818801154e-02
9.850650379691616720e-02
9.869952080200355971e-02
9.774429360598990701e-02
9.820897000433106983e-02
9.783879541715018169e-02
9.793417170730446542e-02
9.789640863436742391e-02
9.837037571169179873e-02
9.731282613352756905e-02
9.729846785306311974e-02
9.766199212582651890e-02
9.765703272234917132e-02
9.737354284142675509e-02
9.693835609455360436e-02
9.646902773092425054e-02
9.705370588026185352e-02
9.642436338314745725e-02
9.656292091685178547e-02
9.687834345949897230e-02
9.640651430316626858e-02
9.612738938037115877e-02
9.629142897144807312e-02
9.610042438031272949e-02
9.633570835854274317e-02
9.673695140873385390e-02
9.701199154009555736e-02
9.637795428524514874e-02
9.597308332337721459e-02
9.679902740973482522e-02
9.686969835776405857e-02
9.672184980998943526e-02
9.691740032173316866e-02
9.618759537066651211e-02
9.610196367228941716e-02
9.666271381464680568e-02
9.727306427478772666e-02
9.673867601698793450e-02
9.722025406163510575e-02
9.678123003407847202e-02
9.728111748849926910e-02
9.747277702806277089e-02
9.694285906871685787e-02
9.698720144866139481e-02
9.777308779982110676e-02
9.799955539805166316e-02
9.759237471872825309e-02
9.808211482353713928e-02
9.787457173465387295e-02
9.853242638450820934e-02
9.800997330988654721e-02
9.840695784429674686e-02
9.890076686883542134e-02
9.868811842286637215e-02
9.906802722387426929e-02
9.954153572583138154e-02
9.901550177098207561e-02
9.954649310985412558e-02
9.965736566340287206e-02
9.962770642591667336e-02
1.003434054662800806e-01
1.008224263294556639e-01
1.000085150545257789e-01
1.002833430339174631e-01
1.006394580876716904e-01
1.008314033628459894e-01
1.012322201153079276e-01
1.013250758256937362e-01
1.021203919766137808e-01
1.015569011331551030e-01
1.018507076599883959e-01
1.025804786718113593e-01
1.023421206224010699e-01
1.029967694635280928e-01
1.031781210417356404e-01
1.028912641532289812e-01
1.036788516515030206e-01
1.038639971165473963e-01
1.038621496690229629e-01
1.043094445786134222e-01
1.045763062361043938e-01
1.045377750050062032e-01
1.048663619507787664e-01
1.050783370915901183e-01
1.052396262594448711e-01
1.056860312134593888e-01
1.059901340844004447e-01
1.064802611342432065e-01
1.061341637457001580e-01
1.065346244375553614e-01
1.069138661816498026e-01
1.074147194097637564e-01
1.075365489247643441e-01
1.075828028123780727e-01
1.080170247246235032e-01
1.088101885867346769e-01
1.086792422513889328e-01
1.091471079870902500e-01
1.094316607986386830e-01
1.096375698040353563e-01
1.104284017369946691e-01
1.099982905260019073e-01
1.105134003063723419e-01
1.109788082915831586e-01
1.110477146356781686e-01
1.116420905766522254e-01
1.117984739931463800e-01
1.118785225179718401e-01
1.124252664877463254e-01
1.126587281317119604e-01
1.126432481973050070e-01
1.133185305819459643e-01
1.137434162215537753e-01
1.133225516478246486e-01
1.139789676416841507e-01
1.142094731561905663e-01
1.142151146192902644e-01
1.145664294815807033e-01
1.155890571237869896e-01
1.158773655090868521e-01
1.161879309991404319e-01
1.165818036187593332e-01
1.165949002371938353e-01
1.167429203735192988e-01
1.170922881226014317e-01
1.175072967888819431e-01
1.180731227887880236e-01
1.181648876203631876e-01
1.185459219221131205e-01
1.189852589205897399e-01
1.193575483610059412e-01
1.192824966405163917e-01
1.198012887460190024e-01
1.202840706052936415e-01
1.202438706301790228e-01
1.208188901130459875e-01
1.211227885665973336e-01
1.212303756552371992e-01
1.215894827877081752e-01
1.216420353445307467e-01
1.224823172896075119e-01
1.227149381310581322e-01
1.226480736643363462e-01
1.234110906254687751e-01
1.235847467926379090e-01
1.235188542504711690e-01
1.240714407381521139e-01
1.244503641666243610e-01
1.248544966550279023e-01
1.247349409734736514e-01
1.249491738611854669e-01
1.253509709018903739e-01
1.255894067235069633e-01
1.261210885768072054e-01
1.262501906082656167e-01
1.268307352881889727e-01
1.272627206001467892e-01
1.272747916323937745e-01
1.276973555503106983e-01
1.276497871847072363e-01
1.284911774905008741e-01
1.286184516068222816e-01
1.287761958575997789e-01
1.290236846470485810e-01
1.299070181663291579e-01
1.299218848658483527e-01
1.300173430999604363e-01
1.309379137553216554e-01
1.308911518383735761e-01
1.311622916882391188e-01
1.312393813301143131e-01
1.316691235861850440e-01
1.318672367073500939e-01
1.323112625030812561e-01
1.323872615926011687e-01
1.327604116739084794e-01
1.330007641830826814e-01
1.332552814657132212e-01
1.334362710666396612e-01
1.339970073613257762e-01
1.343179294598956242e-01
1.344934058726577897e-01
1.347531205481225514e-01
1.352163979111098979e-01
1.354325668945102201e-01
1.355268509061065829e-01
1.359894429825863338e-01
1.364271961097550112e-01
1.366139876144537302e-01
1.367473309503302314e-01
1.369250078622334665e-01
1.375376617752636643e-01
1.373547930795197825e-01
1.378152125749974588e-01
1.381016391663968390e-01
1.383283161543914785e-01
1.384663393400186737e-01
1.392109621321313551e-01
1.391733579850270575e-01
1.394154033725682473e-01
1.397868335716041244e-01
1.399544496348969491e-01
1.401072233423448776e-01
1.405242295252493723e-01
1.408437827182181246e-01
1.410379891988397805e-01
1.412879899425449892e-01
1.420794263272843194e-01
1.417043603510972360e-01
1.420987863927624661e-01
1.423486286521046529e-01
1.427713200875995736e-01
1.425106529547624512e-01
1.430730136973128452e-01
1.431128343559689431e-01
1.434008068610948816e-01
1.439284723745786476e-01
1.441334246257108265e-01
1.440790684368201680e-01
1.447109669798746778e-01
1.448342753809517269e-01
1.451431999215133106e-01
1.451676588353035813e-01
1.455528403026480899e-01
1.456542667258040880e-01
1.459889808136205502e-01
1.462907183900562513e-01
1.465396906167197588e-01
1.467662382942189481e-01
1.470081817454608475e-01
1.471492131174829687e-01
1.476765324786123712e-01
1.478934746742083250e-01
1.478671908056877760e-01
1.480808980300284128e-01
1.486476964204634932e-01
1.488126004741718300e-01
1.490002537031067387e-01
1.487815361990939278e-01
1.497964583322797805e-01
1.495912561387980899e-01
1.497952321769364104e-01
1.500704799444246562e-01
1.500137630883560114e-01
1.503871203941433699e-01
1.508901497430199801e-01
1.510616760400173841e-01
1.511052856000857925e-01
1.512495830298319910e-01
1.513227073239510057e-01
1.517343217382274290e-01
1.519549481294782400e-01
1.525539895590425077e-01
1.526276909188399589e-01
1.526935208984827874e-01
1.530539023209754323e-01
1.532687361739336063e-01
1.532392655859020902e-01
1.533160791798503508e-01
1.538107583374297427e-01
1.540847717841659636e-01
1.541645786086541237e-01
1.544418412842977761e-01
1.545316986112008628e-01
1.547437795894794632e-01
1.549979629156056637e-01
1.552904918625956920e-01
1.554525835345554607e-01
1.555623452801654372e-01
1.559704049447255270e-01
1.560295017611097179e-01
1.563222080113957080e-01
1.564795707595944829e-01
1.567223174509325967e-01
1.569054995811234310e-01
1.569916614003228350e-01
1.573009016450432063e-01
1.573798921589255884e-01
1.574587598305062508e-01
1.575118660685299044e-01
1.577757127828514350e-01
1.581157477028267144e-01
1.585018546554440855e-01
1.585681774264873778e-01
1.585803722709091534e-01
1.588785017150447232e-01
1.593273235979178193e-01
1.594143759239599889e-01
1.595711501449313674e-01
1.596468971436561246e-01
1.599683929199453847e-01
1.600838058208635117e-01
1.600726577740385070e-01
1.605566182093488004e-01
1.608655826192132432e-01
1.609261003161727710e-01
1.611613399578842587e-01
1.613914645335393638e-01
1.611417424887435224e-01
1.616287276368353065e-01
1.617967981761290197e-01
1.618213213049976285e-01
1.618457200479082037e-01
1.620255391919629417e-01
1.624368124317916440e-01
1.627711913505311137e-01
1.630717057851399088e-01
1.630623732198656362e-01
1.630244806339615493e-01
1.633023598227681672e-01
1.637697977648825132e-01
1.635320347216686343e-01
1.637076453034020940e-01
1.639254271108498973e-01
1.643918426271353261e-01
1.642501640398897900e-01
1.646126023082453704e-01
1.646577930462977124e-01
1.647488933979174008e-01
1.650284552295888940e-01
1.651666434099476610e-01
1.653602084532808658e-01
1.656871982863779014e-01
1.656808203305150662e-01
1.659258226700642269e-01
1.660486670336835391e-01
1.662993399033486641e-01
1.663069976260994065e-01
1.664757049861712579e-01
1.665607241458679777e-01
1.667207092138970337e-01
1.670716069670185322e-01
1.669133290233800193e-01
1.672392615934165383e-01
1.673762086646502223e-01
1.676812801494745320e-01
1.677756628530010508e-01
