-1.565571674442401695e-01
-1.150074563036655173e-01
2.473990618272555939e-02
4.690526160534962824e-02
4.029804956732412069e-02
-1.918328293574858012e-01
-1.285583260384290383e-01
-2.882583407988624224e-01
-1.233086513381511512e-01
6.583773488608384017e-02
-7.481821204628308353e-01
7.199764525085515510e-02
-8.474823268636744178e-02
7.321802260292364917e-02
1.025668663706992556e-01
8.626634347106880429e-02
-1.546376344944191406e-01
3.454132238531921334e-02
1.695878999440872349e-03
-8.702392498250818842e-02
8.889176389107412979e-02
-2.131582227888242920e-01
1.331510486474284660e-01
-4.371416734163937057e-01
-1.670859527114132992e-01
2.044694051295660731e-01
-3.861960803021291522e-01
-6.459713691999170726e-02
-1.596442645044442998e-01
1.604564122761298062e-01
-2.334166874547590198e-01
2.833424223642389515e-03
-5.922437326870618607e-02
-1.713245262489566378e-01
1.418187155204932992e-01
-5.413019796872029638e-02
-1.086073213460183873e-01
1.789397836275298526e-01
-1.325186061559756323e-01
2.319638886575757786e-01
2.188591460366190733e-01
2.473248686760301518e-02
-1.154019670149590837e-01
-1.385789532785854095e-01
3.448460701966849645e-02
-1.540915304564046129e-01
1.876869443863330156e-01
-1.698639205960769949e-01
1.233028131277840445e-01
-3.043904747965313351e-02
-1.795559139060990128e-01
9.616806109916882506e-02
-7.668380977125285880e-02
2.071898266291809232e-01
-1.191391149980062375e-01
-1.424867886820388174e-01
7.613759870517242123e-02
2.514416771250204685e-01
-3.349026566755415324e-01
1.310661508550154952e-01
4.744303814363965213e-03
5.162254826232386129e-02
-4.861901542648365826e-01
-2.163793226007333370e-01
1.310613021025621534e-03
-1.996070145317927966e-02
-3.165583303847471219e-01
1.853987072639836087e-01
-1.277046262093998741e-01
9.997486626157228717e-02
8.009243826058659588e-02
8.265299179467691659e-02
-1.627116403057369820e-01
1.798105859409799556e-01
3.460298375229321488e-01
-1.202664670804717562e-01
-1.541860590213307847e-01
8.314754149142152342e-03
9.249852048479129119e-02
-3.881111781195949878e-02
2.104569699659036286e-01
1.646997944344734954e-01
-2.208769182156338218e-01
2.718275347114027310e-02
3.662087864468278192e-02
-4.021274912485678366e-01
7.713254225873829306e-02
3.501240638156063317e-02
3.472126877673101936e-02
4.719966027730305991e-02
-1.424726025726542611e-01
-1.446619687152664313e-01
5.326802298771900895e-02
-7.347740951225566197e-02
7.040534723807578311e-04
-2.138838018935790564e-01
4.019927490467353759e-02
4.684960896774072181e-02
-2.115834161866103624e-02
2.286315240054773434e-01
6.299248191657651208e-02
1.594569529408059461e-01
6.635794281196764899e-02
-8.567890502663570718e-02
-7.482284234487039665e-02
4.649369097707967829e-02
4.036139262074769224e-02
-3.507756138680737101e-02
-3.960834717460228610e-02
-2.512189499403556514e-01
1.610909516867502569e-04
-1.249106036325864227e-01
1.688519497033956762e-01
3.857251192645798077e-01
-1.329431677438893955e-01
-1.014443546735873808e-01
-6.996973998403856199e-02
-2.120546208389879062e-01
-5.265549825832430836e-02
5.702641013578808871e-02
1.103600622659458436e-01
9.858317464477081571e-02
-9.464754226023148753e-01
1.601862159142448949e-01
-1.207015380736176785e-01
3.363924530080325548e-02
-8.458697234433130985e-02
-1.320244337636753695e-01
