7.647415930258156802e-01
4.843760829119624911e-01
-8.104995678782320745e-01
-4.939847959935060318e-01
-9.191888849012157942e-03
-1.874292911550563323e+00
-1.533791527168200386e-01
-1.648332180613632625e+00
-1.899046805335428689e-01
-3.400311188962222841e-01
-7.073020611824893944e-01
1.061577086337110565e+00
6.399706852341723318e-01
-7.225647023086955167e-01
8.648028572255473945e-01
-7.662330242676482772e-01
1.300022517492292806e+00
8.313833520632168961e-01
9.023609760215700604e-01
1.451137468418420562e-01
-3.921426175702381611e-01
-2.684288694288872179e-01
-3.237843204145319786e-01
4.985792676940296597e-01
3.777710267169853697e-01
-3.835226999806671255e-01
1.582562515627068622e+00
6.651361930121244548e-01
-7.927174342753618985e-01
9.534220570002649442e-01
-1.630370990688808641e-01
-2.276805080706297280e-01
8.259924149069605148e-01
-3.851322247051873759e-01
-1.371619726842675524e+00
9.705110901174909266e-01
-5.515646131149003484e-01
2.267778667956553473e+00
-5.338231243182137709e-01
2.552153054703052870e+00
2.158129772343570174e+00
2.450022840501328292e-01
-1.324338212377490276e+00
1.193557837250460940e+00
-1.432719531427346205e+00
2.619061339399510469e-01
3.071944784990682908e+00
8.138941140824921261e-01
1.518916335924048511e+00
1.122815377482219823e+00
-2.629480249815629445e-01
4.379996584921162506e-01
6.564372683616898074e-01
2.404784154979636990e-01
2.901091102817150436e-01
-2.471858494988794230e-01
-2.903384270408732037e-01
-4.241812907049504200e-01
3.740761259736403166e-01
-1.356529135070041470e+00
8.715600136618454341e-01
5.124360086661851055e-01
-3.914674471039994996e-01
-8.665769549865366406e-01
-1.178386969396035155e+00
1.448557145340120478e+00
2.931032810909048325e-01
5.995081693793777866e-01
-8.343601342090837258e-01
-4.096261528641115257e-01
5.595179091594499887e-01
2.004369555283890825e-01
2.024852186858534964e+00
-3.817323179686225032e-01
-9.044073686734348527e-01
5.598029116370702996e-01
-1.282442539351416277e+00
1.022568840950585090e+00
7.583338548288827141e-01
1.781872115982478244e-01
7.572263706221752377e-01
3.972274057035469208e-01
1.249149014472852315e-01
-1.885448807965956763e-01
1.064081776079251140e+00
2.156075106966826860e-01
-6.233051366718029840e-01
9.069904773025260214e-01
1.007476129009541532e+00
-8.499528092141181435e-02
1.010616605649352406e+00
-1.590892313716998907e-01
7.282482115118765753e-01
-5.902548597001767705e-01
7.919126938579550412e-01
-6.216528619548220697e-02
-2.321515001253528776e-01
5.622753717201091073e-01
-1.744377854372310965e+00
1.187578542127595282e+00
1.089207179658610691e+00
-3.656226116894069067e-01
1.216815536967892353e+00
2.031942367860713805e+00
-1.087009829735567035e+00
-1.694053224642630751e+00
8.396341663642669095e-01
3.161468116458464039e-01
1.058977600672735969e-01
4.218980027981364955e-01
1.134873484569405733e+00
-1.421588237708087732e+00
-1.030262060954951764e+00
1.590540228936187406e+00
3.761261791809886734e-01
-9.310384873178348397e-02
-8.761392497953008895e-01
7.872294048058684490e-01
5.326187813383526093e-01
1.572326514565630662e+00
8.340120926895608910e-01
5.689877407167932555e-01
-2.087012442738076956e+00
1.087859984910778399e+00
9.008122769174139455e-01
-6.379417775299477400e-01
3.347442835596105559e-01
1.365685923349752917e+00
