6.306802517843880240e-01
4.872300943345851398e-01
-8.603972171692341186e-01
-4.924001887639646857e-01
-9.220186194983798211e-02
-1.967733142277116043e+00
-1.860852407977456324e-01
-1.702917021511220597e+00
-2.023930699067097438e-01
-3.434909808734137870e-01
-7.727788227659031506e-01
1.029489806245100780e+00
5.074276972361122517e-01
-7.311182117883862075e-01
8.202383895299498739e-01
-9.154075425509079489e-01
1.374864053386574358e+00
8.186034901107896999e-01
8.664953682984354311e-01
1.498287410374755380e-01
-4.607505341183249503e-01
-2.125219866243658329e-01
-5.712812998825315125e-01
3.686414792515257388e-01
3.547081308735101635e-01
-4.030865803569281258e-01
1.621593017619604504e+00
6.732873422532156260e-01
-8.083460568330883556e-01
8.853743883281831595e-01
-3.706153039015711581e-01
-1.664687098709332624e-01
4.946074987557211311e-01
-4.143232240346676476e-01
-1.347450889648738270e+00
9.749626743259939277e-01
-5.501989039603296661e-01
2.429381414906118586e+00
-6.449652828666653237e-01
2.645893828366374656e+00
2.261442052337146791e+00
2.515962668738891961e-01
-1.346300099284193363e+00
1.090257424510234552e+00
-1.471969782647438940e+00
3.027497535793237660e-01
3.273090677426314432e+00
6.497934699090245347e-01
1.600619642264515585e+00
1.083927686188022932e+00
-2.994579732127857219e-01
3.909368298191361890e-01
5.811968792292628860e-01
-1.708610498293520324e-02
2.941349412873258129e-01
-4.178928418374803777e-01
-3.949238061757014973e-01
-4.333894380638212418e-01
-1.054888101637566772e-01
-1.397576495983595901e+00
8.596808281862738932e-01
4.971529227929077921e-01
-4.644527294148571572e-01
-9.652362246916122990e-01
-1.219782874373856796e+00
1.507276630866920764e+00
1.775851077066929740e-01
5.145970627690530375e-01
-8.800699662287428948e-01
-4.941953912280123706e-01
3.139141035242072886e-01
1.849957048739773180e-01
2.079061777394383803e+00
-3.771804642801582230e-01
-9.320516475953387614e-01
4.779499642239913859e-01
-1.282257292158672568e+00
9.924128857302587647e-01
7.030171230691902862e-01
1.378685616443819373e-01
7.651569940825377891e-01
3.895547630318200727e-01
3.894072533546901610e-02
-1.993092747395446840e-01
1.032982743249222679e+00
3.777286091235192156e-02
-6.250922887351937351e-01
9.837646941544712087e-01
1.083867867292962694e+00
-9.705769310509017311e-02
1.007082675390616133e+00
-2.073757476462876337e-01
7.273775226687130280e-01
-6.891411352668280754e-01
7.460902800850397476e-01
-1.044555148501587899e-01
-2.507777824052981330e-01
4.400178473528795764e-01
-1.731539013854427544e+00
1.355880681679596300e+00
1.114639996573940639e+00
-4.025470724093541119e-01
1.224364752483125152e+00
2.065734873012870398e+00
-1.120822988938571907e+00
-1.716383574545455426e+00
8.029197973398068955e-01
3.224805570898135465e-01
-1.183263492401836255e-03
3.041054687291396275e-01
1.148667576069442919e+00
-1.476701328369584676e+00
-1.035830417159232075e+00
1.338503646761753041e+00
4.043609083376610847e-01
-7.719006825520829951e-02
-9.194626382183214153e-01
7.846436919903149176e-01
4.191700752500443494e-01
1.603474148998703219e+00
8.318785383098453723e-01
5.654777800165109447e-01
-2.212608210716467738e+00
1.096642465279683565e+00
8.804211285842554746e-01
-7.337501772602578187e-01
3.142190258854253848e-01
1.373946565502252692e+00
