4.773728454488727901e-02
-3.597256185670294482e-01
1.463616940562643791e-02
4.064309264595900723e-02
1.628850008817192552e-01
-1.064864488009756444e-01
-4.317958674422601312e-02
-1.964249038381050624e-02
4.189420134476434104e-02
1.110537256806670287e-01
-2.181000176216823030e-03
2.007612229185915323e-02
-9.203239083830460146e-03
1.098150964911885283e-02
-5.763782344347007092e-02
1.083788407131954096e-01
-2.197395305461876183e-02
-3.918958999498304424e-02
1.742039791789953135e-02
-1.554425251411617470e-01
-1.899736427864737740e-03
-6.287883818972632433e-02
-4.290321659129159998e-02
4.869572869214772864e-02
-2.084259461389849702e-02
