-1.494835144538825544e-01
-1.417327623958064831e-01
3.684262811384259734e-02
2.166211253473294962e-02
2.374300507051845671e-02
-1.864295488081480767e-01
-1.640745469136779822e-01
-2.818773098922373599e-01
-1.214138309016522393e-01
6.649775242577243839e-02
-7.237122118918078995e-01
7.106819746697079498e-02
-1.074687103959932194e-01
7.307539063336103424e-02
1.001171468104279233e-01
8.536476424061016643e-02
-1.748693229913730607e-01
3.674130053245489025e-02
2.160061160131052094e-03
-9.238000180336734812e-02
9.098366513934669220e-02
-2.137736488501926213e-01
3.092486639393099770e-02
-4.590409916406167357e-01
-1.684545084634629653e-01
2.015508299867661834e-01
-3.695267716814312209e-01
-6.903600203479796915e-02
-1.605455657116501011e-01
1.531658664357052613e-01
-2.466828591620483235e-01
1.769080517653951259e-02
-5.212635798140566323e-02
-1.727525034821889571e-01
1.389400467816453710e-01
-4.415660335377663559e-02
-1.086495070191712542e-01
1.676101321761001017e-01
-1.330476208416785933e-01
2.454367614036703227e-01
2.077587700438268681e-01
2.490543355036280160e-02
-1.159703083613154162e-01
-1.304507069353971205e-01
3.587835434989171401e-02
-1.518077728404817750e-01
1.181507396866842419e-01
-1.770767278304391512e-01
1.338000913447459084e-01
-4.189104427097119915e-02
-1.787728686273835632e-01
9.782698664313392578e-02
-8.481349953851081980e-02
2.022992055863863381e-01
-1.193699463986488823e-01
-1.714027300924375330e-01
5.048527251932135446e-02
2.474657921716508502e-01
-3.407414395856728229e-01
1.356008847660822025e-01
-1.287579527588571422e-02
5.161966104476450184e-02
-4.874487798929757476e-01
-1.929907034649811781e-01
2.561307793882763514e-02
-1.247318636887344984e-02
-3.357918231098208084e-01
1.878238526741499159e-01
-1.314819736367368874e-01
1.261448193125359052e-01
6.863951425962568076e-02
8.540783432370163686e-02
-1.169886354062453920e-01
1.824437745480234907e-01
3.080105855839911366e-01
-1.202378577397603815e-01
-1.541703986177442309e-01
1.171485421862713053e-02
8.686926464709983364e-02
-3.500460723984211153e-02
2.127091688199030939e-01
1.721734265538599207e-01
-2.209460843070933378e-01
2.551879560008411471e-02
2.869937305349150661e-02
-3.980403334480204225e-01
7.145280665692539668e-02
3.153231514298698857e-02
3.806562381029676700e-02
6.421303299383193663e-02
-1.543239568305233567e-01
-1.454899968373032371e-01
5.695163537010090177e-02
-8.897243050471284609e-02
4.190669391371784971e-03
-2.179612349767511004e-01
4.186853203467528345e-02
3.820680131784938427e-02
-1.827912982133736083e-02
2.240068560117169372e-01
6.562360561330979336e-02
1.546897891289750748e-01
5.435875900537626843e-02
-1.082101784161730446e-01
-7.351091560171635342e-02
4.585241842619978275e-02
2.446769444607430413e-02
-3.026519154699994218e-02
-1.834194903572132496e-02
-2.431594091150089954e-01
-4.257305862371744618e-03
-1.294105548912970749e-01
1.705881494657542352e-01
3.960827799444487929e-01
-1.396146625997473356e-01
-1.012109483969155926e-01
-6.871397170557791423e-02
-2.140707902172520050e-01
-6.148212797226244170e-02
5.861052523122448760e-02
1.056239387709496380e-01
1.276256969670850894e-01
-8.562186516444409978e-01
1.624121554897348663e-01
-1.099982900507913419e-01
4.171810848733908950e-02
-8.592864386435204727e-02
-1.288516856478890416e-01
