2.084467125294652348e-02
5.292617467353908506e-02
1.029641873566053238e-02
-1.503850490416849296e-02
-2.943490911018007555e-02
9.297545441867281768e-02
-1.053659227956431181e-02
1.268649688170980783e-01
2.746115070770224209e-01
-1.745310733478042803e-02
2.363180350988159095e-01
3.507204565148677039e-02
3.317281235285391566e-02
9.514307352608085411e-02
3.044733747850530969e-01
1.160852437514078989e-01
9.928826964555878543e-02
4.892407047000863797e-03
4.944904648547467779e-02
-3.943107716207053248e-03
4.046792577848941364e-02
1.180371531421410131e-01
1.561148928277767724e-02
-5.653091433680714623e-02
7.270230073899949796e-02
7.501715682578888322e-02
1.982868783924290890e-02
3.012040342893569991e-02
-4.525550840806433911e-02
-1.357436787196509009e-01
-3.290641696493075419e-02
-3.778060174280598732e-02
-3.737515917838631768e-03
-2.475470567953714021e-02
-7.426064065310487503e-03
-2.239605032525883790e-02
5.881279626486878020e-02
-1.516818692513896994e-03
1.315980403688155054e-02
-6.230777083921976156e-02
-8.123804876097065475e-02
-2.572321457086389901e-02
1.061211942329028379e-01
-6.348173509825850991e-02
1.000140509911396913e-01
2.148953176625655048e-02
1.419384461006032057e-02
-7.314455196875109533e-02
4.648358352189670833e-02
4.264235750388789548e-02
-5.152243547739310953e-02
7.111267338325462373e-02
2.448475396867876575e-01
4.809574384430074373e-02
-3.479389037526627038e-02
4.144282555786434757e-02
1.535931375533705068e-01
-2.153297973295497519e-02
9.718524575915520047e-02
-5.925925944223316838e-02
-7.174851400476177365e-02
4.484536956821524173e-02
-3.806082729659820973e-02
3.102546813989278188e-02
6.620512511337020567e-02
4.720174489858382227e-02
-6.622067229359260288e-02
3.348038689628075049e-01
6.940726350808514022e-02
-3.453269236042777034e-03
-1.443210529966829320e-04
-7.562176919259205876e-02
5.334142359766863573e-02
3.828883132281629686e-02
1.413965370875571066e-02
3.721298622341998041e-02
-9.256286867392192474e-02
7.506829781715833316e-02
1.175113235512233005e-02
-6.447077684699757671e-02
-2.469402871765621899e-01
7.499168674490661046e-02
-9.878262902035050974e-02
7.107429753019348442e-03
-1.164082103895853343e-01
-7.278913113499055343e-02
3.378831873964655008e-02
1.132008715531570703e-01
2.865998111984331687e-02
1.940716348856167950e-01
5.390459838669214854e-02
1.046509996463508736e-02
6.087173503925315948e-02
-7.848816636335664843e-02
-6.042315852933562853e-02
-4.684932675242567401e-02
-6.131516989240982929e-02
-2.979938427916655266e-02
7.153005262582567969e-02
2.168254490909532484e-02
-3.948851614599119611e-03
-9.108400086046827826e-02
-9.821728132128360045e-02
2.017751447472951043e-01
-1.379336289554604356e-01
-8.067362561174651336e-02
-5.954443401072758574e-02
-3.207698950664775346e-03
3.612707743194331494e-02
2.582645034448709676e-03
-7.823568017407994679e-02
-1.197488641464065050e-02
-1.141459139849917287e-01
4.599750955169740196e-02
2.507920574311682249e-01
-2.463862625663646583e-02
-3.280582012486270987e-02
7.995318250211254363e-02
2.370259277572064893e-02
-5.364509513441801172e-03
-2.942025849176366920e-02
-3.173057253554273371e-02
-1.123483709680253573e-02
4.008841220926764870e-02
5.659876510134315142e-02
-5.261569032992464978e-02
1.169442983419012178e-01
7.420258207235722048e-02
