2.881787017461602193e-02
-4.309898649319029995e-01
-5.535271379116360295e-03
2.704581457398559305e-02
1.599419433997091855e-01
-1.267945862693788117e-01
8.460571666129587665e-02
-3.160772712745583274e-02
-2.815883392778420133e-02
1.089802121454666317e-01
-2.619438053928467569e-03
-7.340654537351545827e-02
4.029671114607561583e-02
7.821611343765585977e-02
-1.313564677433802230e-01
6.139350563796934501e-02
-2.288478026385754385e-02
-4.604858818759422628e-02
-6.105852091194972214e-02
-1.174272173671605940e-01
1.321748103218314541e-01
3.667675626614424426e-04
-5.989888377293196148e-02
-2.563903538044786865e-02
-1.143229923247268687e-01
