1.350081272060474458e+00
1.002265396466943237e+00
-1.127773848942279500e-01
5.472020078090184675e-02
-5.723945080400951735e-01
-7.652367247684833673e-01
6.237448000269663062e-01
-1.432325492893760321e+00
-2.190726676267232831e-01
4.122762644725227466e-01
-1.452919032418996448e+00
-7.811234083756660729e-01
-8.986675927111907880e-01
-8.325335113131786258e-02
-9.820293963799525683e-02
-1.133087892156126930e+00
-6.702394215083418150e-01
1.353401037889689074e-01
6.093241617654058216e-03
1.081731997396793599e+00
6.684255469321850329e-01
1.022347576653133139e+00
-1.354449558974297474e-01
-1.658798108059809318e+00
7.490262044399202956e-01
-1.684142348457810245e-01
-5.076708435421943832e-01
-7.629979216182350976e-01
-1.546442931940605892e-01
-7.977546808230893127e-01
1.315944990662571701e-01
1.155820514208947269e+00
1.020054680204614872e+00
1.395197279035381710e+00
-2.756460023571520312e-01
-8.984329347445619840e-01
3.041751322395963228e-02
1.064772502195417969e+00
2.430112304435194104e-01
9.397239330453965866e-02
-7.989125351979560197e-01
-2.630432461721239901e-01
-4.412272601202772426e-01
9.826625277416853321e-02
5.016338157640016782e-01
-4.474804205898954557e-01
2.171595448569652032e+00
-7.912523735333013564e-01
-5.472085388301263231e-01
-1.253651488232749300e-01
-1.400891785576105775e-01
3.801069542613134677e-01
3.201344045736841393e-01
-1.863073518422589059e+00
-1.975507622454127921e-01
1.097134385259060485e+00
-4.879447207065019110e-01
-1.603559620731216384e-01
2.462919919812800729e-01
-9.631781970892749900e-02
-4.820161770570390303e-01
-1.412785778833070660e+00
9.683148693732689383e-01
1.036789009656321703e+00
-3.827276432075521484e-01
5.470977357890735027e-01
3.557525554507793286e-01
-1.129687262792210101e+00
2.815867554878133117e-01
9.887945913569046175e-01
-9.784399352619965740e-02
2.989908968089690089e-01
-1.378834781422489053e+00
-1.002991985745710357e-02
-1.435607524107915367e+00
-6.241004519498041248e-01
2.363712547176226586e-01
-3.179123993062839271e-03
-2.708985576840383311e-02
9.748714877445370242e-01
1.077273033539663354e-02
3.523061745006680900e-01
8.471423584805956031e-01
1.448549780756690275e+00
-3.527330654593432424e-01
-6.964710057050480518e-01
-1.877464970843482073e+00
2.050061107006477812e+00
5.788829505291768207e-01
-1.726373263708100847e+00
-9.058558153637246146e-01
-1.106336715015408201e+00
6.329147388839155841e-01
-1.147022452228449341e+00
6.229119265739744282e-01
-1.329063105105354747e+00
-8.169594351408567823e-01
-7.782565107305683405e-01
4.971321770990881350e-01
9.371149877302740183e-01
7.511408489201089056e-01
-5.625356895276542590e-02
-8.010178691590524869e-02
-6.486746356655429535e-01
1.338265452565509106e+00
1.056882366218907243e-01
-3.899582990998013976e-01
5.739362027932938259e-01
-1.171517262186254626e-01
6.663717674254679979e-01
2.786705328090364753e-01
-1.600864720001078934e-01
-1.683509770759755997e-01
1.165035772177524631e+00
-1.485318941607621568e+00
4.732811229585616175e-01
-6.735112427542065960e-01
-8.077497704879549323e-02
-6.110266488772092552e-01
4.219222785487496963e-01
-5.228491086190619752e-01
-3.984503222403768530e-01
-1.903485159010940286e-01
-3.472757101361572535e-02
-8.537281338774251882e-01
6.758964994939231641e-01
-1.048334248214447983e+00
1.157897696893845918e+00
