-1.635003678061487942e-01
-2.409837116323662043e-01
-2.953673159474601035e-03
1.131911247385796945e-02
-2.516452736482215763e-02
-1.211033611941112476e-01
-2.253712185097646037e-01
-1.310796063335932793e-01
-8.889982682228957100e-02
7.044062073108993405e-02
-5.071000267961052188e-01
1.125523870308883789e-01
-2.032497884477243652e-02
7.243954696682754213e-02
9.288462164488793527e-02
7.600093798943337309e-02
-1.979102322743277187e-01
2.700961965998456213e-02
-3.517883370396156922e-02
-9.738028913705837342e-02
8.335154742194564315e-02
-1.189504293439250376e-01
-1.255337314479838817e-01
-2.072470682402858255e-01
-1.766847918021597907e-01
1.816497142285441735e-01
-3.090431694705253474e-01
-7.703894088781433613e-02
-1.566379173035724603e-01
1.630795278493505085e-01
-1.024077731992085877e-01
8.079567262120923576e-02
-1.919803962016806975e-02
-1.545461713678518145e-01
1.527029083414626898e-01
-1.261357595035778739e-02
-1.172577274700985772e-01
1.016274473145584861e-01
-1.744610202169848689e-01
1.892165158223204635e-01
2.559915334740351933e-01
4.623037631055203212e-02
-1.215585876751993644e-01
-4.571077136678167868e-02
7.097251251264560801e-02
-1.448424149807388539e-01
7.923177450540420941e-02
-1.306440924546376225e-01
1.447527296235467942e-01
-8.593748957153655998e-02
-1.558435664720181357e-01
1.092348325180683560e-01
-3.252755429441215457e-02
1.775216352676019516e-01
-1.452820980087485836e-01
-3.738392840825825736e-02
-6.963221938352563700e-02
1.726725027123917622e-01
-4.307018344128008547e-01
1.148780058203824755e-01
-1.277605529865949441e-01
7.539473784038696474e-03
-2.272786285804762607e-01
-1.648439064335499304e-01
2.098491988603780611e-01
3.781823787551095994e-02
-1.529629931157635014e-01
1.491471557011973537e-01
-1.330984445420591022e-01
1.568062686584150919e-02
-3.025927194809086007e-02
6.438394428768690059e-02
1.985603656309611106e-03
1.769162847509380687e-01
9.577607597180272381e-02
-1.055107281524237245e-01
-1.517650577263384981e-01
6.364149526800853829e-02
8.370303869287938625e-02
-2.715682312254484587e-02
2.039757352844803473e-01
1.865831767267630559e-01
-2.163689670111993146e-01
1.021541201353254151e-02
7.032203472088222052e-02
-3.892855211884664879e-01
7.523523884059950262e-02
2.743384897850033657e-02
7.666119715096343656e-02
1.677059352773409978e-02
-1.060951112114485867e-01
-1.606676238854424232e-01
2.191869461879604464e-02
-5.261953691728193938e-02
-2.394701852071638888e-03
-1.967183337061802484e-01
4.472214276157975704e-02
1.312636304315639990e-01
-3.109521184468156535e-02
1.111516078039904293e-01
7.948933933598363588e-02
1.273309973372300230e-01
9.978850831835277269e-02
-1.480008867192228184e-01
-5.766358124498659893e-02
4.219149793530624359e-02
4.255246584631934559e-02
-3.858988473105884331e-02
-1.537876915861622618e-01
-2.027940674317894321e-01
3.517877483718098719e-02
-1.532681721565405386e-01
1.572708912608126453e-01
1.676900940980125543e-01
-1.420372594709696235e-01
-2.104318203445010582e-01
-6.498964047575540859e-02
-2.074861010465823274e-01
-1.154992112617569122e-01
4.708782630381726231e-02
9.021838099921680731e-02
1.694436345816775769e-01
-4.243503560844520961e-01
1.656946301771181906e-01
-1.547505907111521306e-01
-2.334175454676644390e-03
-1.099337021159981359e-01
-1.045962133594080662e-01
