6.712926186804651918e-02
-3.528862760740626714e-02
3.153673451031761138e-02
-1.615382061204629072e-01
-3.719381058021772619e-03
-1.199187054424983787e-02
2.467352988173118333e-03
-7.546528356014445271e-02
4.686845978120066786e-02
3.828494463274627335e-02
-1.868590975523914607e-02
-7.807282874255860004e-03
-3.412330228961086426e-02
8.462150794037996693e-03
-5.088751543153198498e-02
-5.186609359321713020e-02
-1.663349164514338081e-05
-3.899208656417891411e-02
1.181878629735282765e-01
8.124338523566979053e-02
4.397514723830815014e-02
-2.515052300086428883e-02
-6.691007006375784827e-02
-1.280842600182238722e-02
-3.204026892309782409e-02
2.964312263094719124e-02
-2.124838779790371585e-03
-8.103467782493857085e-04
-5.563755717867754219e-02
-4.147086626064363894e-03
-1.613752736791953602e-03
3.639141244819904183e-03
-4.481844782548918826e-02
8.002863482751250424e-02
-1.062771368226123059e-02
1.375366635918662435e-02
-1.844658523920472970e-01
-1.110980593583392045e-01
1.353232155568965221e-02
-3.372552339759980148e-03
3.048741681543393200e-02
-4.110733241359394025e-02
1.229714128025150705e-01
-2.311890215970551974e-04
-1.943851292044951329e-02
4.880794122364261189e-02
1.979368135956896882e-02
3.632195054538048945e-02
2.899705822779754388e-02
2.965773540716970177e-02
1.555856811173104114e-02
-7.737999980233642439e-02
-1.650219170547589237e-02
-2.262068418361710270e-02
3.101864008562116304e-02
1.316067021437769720e-04
4.439680619989897631e-02
1.052077007524726202e-02
5.084603293122507556e-02
-1.235146013006469326e-02
-3.699722073136301609e-02
-4.095999655063732592e-02
-1.211762589121245619e-02
1.243059743587107691e-01
