-3.735145732790262074e-01
-1.185652966998102381e-01
-1.586398866641558492e-01
1.212675592708744698e+00
-1.554686133498649758e-01
1.084726925770962858e+00
8.521208070546906210e-01
-1.266064257144801308e+00
-1.140984772673756531e+00
-1.378275541856208264e+00
-1.187201308093012025e-01
1.298567145968613890e+00
1.044138083676890538e+00
5.679669313849334822e-01
-1.339679457078524871e+00
-1.108355902794284642e+00
-1.083426373263788545e+00
-2.807538890930302150e-02
2.944137029565286889e-01
-3.694731966663732381e-01
-1.844944225184547593e+00
2.359120829377216122e+00
-1.461611394514743756e+00
1.491493291156764933e-01
6.743224846455659893e-01
9.990949335144949650e-01
-5.712934781033923715e-01
4.972469883423193959e-01
-3.601262558605712871e-01
8.986930313358533207e-01
-6.458104118705569885e-01
3.702840831562130286e-01
-8.454960130101870641e-01
1.375118460544658694e-01
1.591210342197298677e-01
4.075517777406663100e-01
-6.311491288734516480e-01
1.715105973401747308e+00
1.553697980781104659e-01
-1.421378383136264079e+00
-1.129109950091954806e+00
-3.711678648368842426e-01
3.275695412432618747e-01
-8.184301457423340809e-01
-2.661606973456844272e-01
2.434566361335505427e-02
1.224591356763893718e-01
3.321094102981755336e-01
1.692373553719836443e-01
3.107986072220875629e-03
1.017490523237300493e-01
1.043730866778047162e+00
-1.024548667171717886e+00
-7.948201682389736122e-01
-8.768928842364823728e-01
-1.782191600380585994e+00
-3.007230001878405945e-01
-9.163679871733031168e-02
2.280002908299308129e-01
-7.741632148640283928e-01
1.469304681709117766e+00
-2.091502650532200969e-01
-4.194025679808602303e-01
9.779743306778743150e-01
