3.556703250981319421e-05
-4.742140816255449240e-03
-5.779169805684968193e-03
-4.318764102349277600e-03
-3.085503047100938891e-03
-3.216230690743755206e-03
-4.040613499770443102e-03
-4.188987529961922356e-03
-4.463547574559731390e-03
-3.730220359002886683e-03
-2.728149465789080508e-03
-4.495202391608741320e-03
-3.146548911791387498e-03
1.035625341687081087e-04
-2.796287254045055340e-04
3.364455918100344584e-03
6.694549555043926778e-03
2.832615516565763387e-03
3.051679273063548619e-03
6.803399177815052518e-03
9.392712570839340316e-03
1.306099091205246109e-02
1.834531173963152226e-02
2.540416516500990096e-02
1.951705060447197701e-02
2.396922502985429290e-02
3.401079667253384398e-02
3.208451875340392889e-02
4.187490036974950841e-02
4.420319005955745950e-02
4.715010762720107246e-02
4.553657884002865197e-02
5.283122571933564215e-02
5.431897192801483920e-02
6.880322580510490893e-02
7.458764056251257490e-02
7.660888621317914204e-02
8.671461871801158794e-02
9.130021688108884426e-02
8.782285730465019813e-02
9.959885357074411971e-02
1.022766578967057582e-01
1.061462126202907114e-01
1.110921335290684236e-01
1.131134534025391575e-01
1.212528788021981496e-01
1.256429191406480683e-01
1.329019455810934447e-01
1.419207677062455653e-01
1.491730989522928041e-01
1.499496729023770680e-01
1.579151727593182952e-01
1.679188256041647120e-01
1.671487147047183985e-01
1.712312887907056491e-01
1.829422432437989299e-01
1.920727960847568028e-01
2.028226110440825292e-01
2.059101543716992111e-01
2.043268955263089492e-01
2.128537526118207124e-01
2.163891280143463991e-01
2.246300956098772894e-01
2.319659951498805606e-01
2.353728351573459721e-01
2.454339799859933668e-01
2.533122758080980641e-01
2.527310418343156617e-01
2.612065015678590174e-01
2.672626134622933525e-01
2.736826761320171886e-01
2.867802657753942275e-01
2.894022032779255404e-01
2.903943470890945622e-01
3.045634001794669254e-01
3.073544293225202173e-01
3.160795212196509940e-01
3.218247232045508555e-01
3.221422414189207273e-01
3.343140578010021513e-01
3.443100356376384563e-01
3.479272494161320672e-01
3.568915490112011812e-01
3.697184586300928388e-01
3.677139298015636992e-01
3.695461009627080129e-01
3.787644076148980465e-01
3.865023494266340842e-01
3.970720601835718289e-01
3.973536013458993654e-01
4.022431680671417764e-01
4.141848552098279512e-01
4.206126294008399880e-01
4.250415324089603097e-01
4.312227406434567811e-01
4.421499899144278878e-01
4.459064385614031067e-01
4.563643249831388360e-01
4.558403262410670176e-01
4.655610111504500659e-01
4.701939240766616623e-01
4.812933363084961336e-01
4.839945533292536739e-01
4.932362316412532977e-01
4.961475068073932237e-01
4.995389530390651478e-01
5.109504810553961995e-01
5.132492337061574927e-01
5.227676721145210204e-01
5.260616201240155831e-01
5.323083209279786399e-01
5.381277461446513088e-01
5.428747242672080642e-01
5.551616145031783578e-01
5.626496930440180178e-01
5.606264987526300425e-01
5.717287837985434162e-01
5.815832782166791004e-01
5.859370990246582922e-01
5.894110622694567203e-01
5.968854930153392191e-01
6.015334083210371885e-01
6.080897822378162898e-01
6.136331648217621115e-01
6.243151935588778789e-01
6.311748506987443497e-01
6.372538785685190055e-01
6.398438751146275916e-01
6.462050457146897298e-01
6.554797670061158765e-01
6.583327182872292793e-01
6.652726565445391538e-01
6.727858756555972208e-01
6.759703060211128545e-01
6.790811095896558403e-01
6.915003943502310291e-01
6.968003015249514265e-01
7.024312990807524137e-01
7.110236524681222692e-01
7.131606881807474041e-01
7.202043639118962393e-01
7.268177663941236544e-01
7.331372492479043546e-01
7.411131281199897503e-01
7.447788310534988465e-01
7.502454851517518231e-01
7.564950594848018905e-01
7.645397590102818164e-01
7.727280953382674733e-01
7.753165334832953226e-01
7.793768471408761833e-01
7.869913867248375938e-01
7.906399855790476883e-01
7.965105660922018327e-01
8.044111867667722571e-01
8.099058539088851427e-01
8.135480465307285414e-01
8.193628192474425864e-01
8.287774760714657907e-01
8.336435186460385838e-01
8.393065926201941362e-01
8.447727871912382724e-01
8.500121396266274720e-01
8.564743081832488780e-01
8.622592919345609674e-01
8.687571588405298417e-01
8.743236095325622736e-01
8.788604663388768223e-01
8.839187302042263994e-01
8.877038505000499624e-01
8.965465146119212525e-01
9.054638748868176767e-01
9.068059014786925554e-01
9.122251179644023100e-01
9.191439320046111972e-01
9.228193362738216221e-01
9.291385918503007879e-01
9.361539639530869206e-01
9.410781259985543379e-01
9.449321071304056519e-01
9.511002304041434874e-01
9.558789613396343476e-01
9.620757736325920018e-01
9.676877732722897196e-01
9.712550220609775797e-01
9.778629784419445858e-01
9.838781230080554385e-01
9.891731999154341759e-01
9.951698919729585757e-01
9.995753838261071111e-01
1.006031336642602136e+00
1.007327416690910971e+00
1.014313890288720099e+00
1.022882970174222361e+00
1.024683340716558533e+00
1.031866753918611268e+00
1.036871101918122484e+00
1.043822615335501469e+00
1.046852122598316503e+00
1.053365639488440753e+00
1.058662054687053766e+00
1.061361383002018988e+00
1.067669014281388051e+00
1.073536660624500261e+00
1.077886488877750404e+00
1.082188940275513156e+00
1.088445670889881978e+00
1.092193247663149069e+00
1.100262901480562494e+00
1.103592494478939923e+00
1.108793479055533160e+00
1.114316086819914231e+00
1.117645824232668783e+00
1.123677808070660422e+00
1.129101768227201097e+00
1.134740847143534292e+00
1.139762860310891579e+00
1.144281304477586581e+00
1.149177570457732500e+00
1.155072035375863893e+00
1.159865659314728736e+00
1.164849089223474188e+00
1.170475702164182286e+00
1.173440043375961084e+00
1.178838633726410956e+00
1.184823016908446602e+00
1.189189833043028166e+00
1.194239145821986536e+00
1.198365510494439290e+00
1.202871367111570722e+00
1.209024342813193265e+00
1.212424547159466348e+00
1.216620579036818084e+00
1.223341665225377461e+00
1.227782039146146920e+00
1.232516029357430654e+00
1.235392319760592272e+00
1.240081994902909157e+00
1.246236764846431866e+00
1.252102782982872142e+00
1.256963250364212525e+00
1.259385190935160104e+00
1.264409110885381660e+00
1.269836562513334099e+00
1.275028307310838160e+00
1.280304867525205781e+00
1.284638359757241499e+00
1.287940080693502631e+00
1.292168266140106159e+00
1.297293221392362028e+00
1.300869831717792469e+00
1.304651953848650736e+00
1.309869547279634450e+00
1.315219659055751666e+00
1.320026099018293042e+00
1.324666099145174858e+00
1.328497533723048241e+00
1.332878640486842681e+00
1.338711535442006051e+00
1.343076465595244517e+00
1.346560535202896203e+00
1.350211847344137572e+00
1.354611992981638258e+00
1.360239077786952189e+00
1.365986184241152479e+00
1.370603720260655800e+00
1.374597123297975010e+00
1.378998869437409791e+00
1.382309076022200767e+00
1.386802552937210997e+00
1.391636223533597283e+00
1.395767560677464214e+00
1.399216613299720358e+00
1.403806379115609237e+00
1.408009778172995441e+00
1.410059627800372306e+00
1.415690926171910613e+00
1.421619927611133427e+00
1.425837254972092571e+00
1.429622087196734448e+00
1.433881934081414622e+00
1.438713120586872396e+00
1.442954353042072091e+00
1.445406410186428570e+00
1.449411137250349979e+00
1.454231396232776197e+00
1.458476447040316648e+00
1.462655230848649568e+00
1.465914958315574612e+00
1.469701720494457131e+00
1.475028668643674656e+00
1.478919788788958467e+00
1.482792720297285038e+00
1.488208100142214052e+00
1.491220475196013640e+00
1.494900963660448445e+00
1.500146562572441056e+00
1.503906432201280063e+00
1.507771500115641317e+00
1.512087998330028160e+00
1.515641080525445661e+00
1.519452031482735777e+00
1.523652511032413059e+00
1.527701383626949516e+00
1.531353348059646624e+00
1.535355364080914553e+00
1.539780685938909377e+00
1.543171070142619117e+00
1.546252407425497966e+00
1.550306896050391181e+00
1.554325623967721892e+00
1.558485428570549169e+00
1.562666128604946802e+00
1.565960183012659490e+00
1.569564909461060420e+00
1.574813327095397897e+00
1.579584558623312152e+00
1.583482736840317484e+00
1.586839113361657061e+00
1.589235710025377113e+00
1.591542068745862792e+00
1.595918210367172518e+00
1.600647885593213360e+00
1.604557840728638052e+00
1.607903773121743818e+00
1.611901396295822408e+00
1.616351149004648713e+00
1.620088797953871618e+00
1.623118731212092269e+00
1.626174632579622914e+00
1.629751039767078025e+00
1.633818374147969266e+00
1.637610749217673245e+00
1.640831731301151786e+00
1.644039482705082378e+00
1.648231981936538526e+00
1.652554034005998096e+00
1.655702855471459456e+00
1.658929081352144008e+00
1.663170137308662033e+00
1.666788476646951400e+00
1.670071367808160012e+00
1.674356060265897339e+00
1.677865357862473150e+00
1.680402511990925829e+00
1.683713976185019057e+00
1.687481917198679016e+00
1.691061445914654016e+00
1.694599159158820312e+00
1.698352973769852614e+00
1.702287199083044822e+00
1.706088269776143695e+00
1.708831970664506983e+00
1.711667905829914904e+00
1.715523524637699859e+00
1.719159197741446432e+00
1.722156233765482325e+00
1.725394432788046828e+00
1.728956035291419724e+00
1.733091858603188484e+00
1.736690071583689488e+00
1.739440984364538645e+00
1.742064297669278172e+00
1.745441155211759021e+00
1.749553974035658710e+00
1.753545200360765666e+00
1.756113874379006567e+00
1.758595889784309474e+00
1.762091633137927271e+00
1.765618614122788088e+00
1.768814262800241455e+00
1.772042566724751911e+00
1.775606115520800055e+00
1.779269850273604625e+00
1.783047607398610790e+00
1.786488176828374463e+00
1.789703901935275843e+00
1.792636213611449314e+00
1.795668587709318809e+00
1.799123282390347578e+00
1.802286591703287533e+00
1.805055765508249754e+00
1.808184451142213378e+00
1.811754706985513108e+00
1.815003446797660347e+00
1.818087253414967241e+00
1.821098828769547318e+00
1.824205029581210447e+00
1.827133451174889567e+00
1.829968513008854103e+00
1.832668635444648420e+00
1.835678929916176649e+00
1.839474676206922732e+00
1.843440550912382569e+00
1.846512446913465499e+00
1.849195788344844438e+00
1.852292128642118341e+00
1.855043784741763124e+00
1.857656419989867524e+00
1.860815335819647975e+00
1.864402976498281683e+00
1.867299145767294721e+00
1.869832789518708349e+00
1.872660915747841104e+00
1.875846448266570210e+00
1.878879398739258466e+00
1.881749771925990133e+00
1.884901465643473051e+00
1.888515116224410484e+00
1.891803851838657513e+00
1.894746692364432272e+00
1.897500240438682484e+00
1.900494572480047273e+00
1.903406079689630381e+00
1.906099451990431515e+00
1.908901557409373950e+00
1.911821660311891380e+00
1.914615279581248997e+00
1.917465296419580634e+00
1.920306331423236035e+00
1.923414994923669630e+00
1.926523330664631883e+00
1.929449353411728740e+00
1.932304742938881326e+00
1.935169998233819300e+00
1.938078463040681987e+00
1.940926398668321617e+00
1.943707519736514122e+00
1.946874576059880457e+00
1.949646951484656165e+00
1.952067880028873104e+00
1.954468070713244909e+00
1.957279419843944712e+00
1.960264509224645124e+00
1.963005157895024722e+00
1.965703271462642343e+00
1.968813087643194404e+00
1.971892557001454938e+00
1.974499812576222535e+00
1.976761393726840899e+00
1.979155375003067263e+00
1.981942198175495662e+00
1.984850493304224806e+00
1.987637894349492118e+00
1.990194985370557168e+00
1.992627410617916262e+00
1.995105075332617828e+00
1.998013697225553331e+00
2.001428876844377758e+00
2.004345811951952605e+00
2.006720475658182234e+00
2.009316430604579207e+00
2.012137844293958366e+00
2.014711736383917540e+00
2.017085990644363669e+00
2.019576754622938175e+00
2.022414087183766362e+00
2.025255443640119335e+00
2.027824576449954730e+00
2.030337556334753657e+00
2.032796317337323799e+00
2.035328344878871043e+00
2.037903006269930817e+00
2.040790762152303373e+00
2.043580905331479514e+00
2.046135542598424895e+00
2.048411102013337093e+00
2.050729743919781800e+00
2.053220082513469436e+00
2.055917017374067068e+00
2.058733071440424833e+00
2.061381293969277717e+00
2.063749687508666941e+00
2.065998382406105893e+00
2.068279604723532117e+00
2.070673416515732335e+00
2.073373270341116736e+00
2.076280033593614238e+00
2.078928961856005397e+00
2.081240010702446241e+00
2.083425351112196733e+00
2.085724426377966179e+00
2.088288631061800960e+00
2.090724799571745063e+00
2.093029595239003449e+00
2.095420259465209600e+00
2.097894370338506675e+00
2.100365457052518536e+00
2.102864060348287545e+00
2.105404513390143340e+00
2.107899876089643687e+00
2.110334888276603760e+00
2.112681895585827974e+00
2.114999644148161106e+00
2.117252168115669964e+00
2.119633822417675173e+00
2.121956112332076927e+00
2.124419851573646767e+00
2.126949201218507834e+00
2.129383053093713674e+00
2.131687272819797752e+00
2.133852199254300253e+00
2.136067275725580306e+00
2.138509416307905919e+00
2.140979285322953451e+00
2.143536404776056781e+00
2.146002015731319545e+00
2.148214118383247939e+00
2.150309105871865967e+00
2.152597436377762907e+00
2.154868296597781452e+00
2.157170677162867367e+00
