1.960178960381103177e-04
6.305839334853513990e-04
3.541143219519673558e-04
1.149399468563948876e-03
2.346609391977189357e-03
2.947777912248217020e-03
3.436709649238626867e-03
3.910626545480961128e-03
4.430084103274401983e-03
5.108963942194282883e-03
5.777063621076296979e-03
6.505941154929151433e-03
7.752351168924828326e-03
8.707589703294620412e-03
9.773605058890038125e-03
1.064929656342572875e-02
1.133626265057554282e-02
1.146977380621516315e-02
1.173606728863961328e-02
1.221701434296001108e-02
1.224404122225291117e-02
1.330330753765968446e-02
1.420244423846450665e-02
1.609984295795941975e-02
1.607714481342189042e-02
1.635863939778718981e-02
1.646968217923431427e-02
1.598632143802522845e-02
1.601056565474027679e-02
1.613295780471871513e-02
1.617106442445331166e-02
1.727086292692243952e-02
1.782455622730411832e-02
1.852515389470360541e-02
1.934970593423210664e-02
1.921819862893089231e-02
1.967147723653210264e-02
1.918285747095196253e-02
1.895406199808560149e-02
1.889888978870807312e-02
2.024403183591918370e-02
2.041572374831826173e-02
2.115928996653487770e-02
2.183587762487900971e-02
2.235822888378130591e-02
2.315162757831823459e-02
2.382901014888303554e-02
2.316740313601190274e-02
2.386262418688799014e-02
2.483924143000976192e-02
2.524244366331889269e-02
2.605511266723617089e-02
2.716678635605406650e-02
2.774527641351374682e-02
2.850357862204397005e-02
2.976959032082268294e-02
3.017754349899544677e-02
3.100460381121256798e-02
3.144114488081759667e-02
3.250424634294864917e-02
3.282167544976637152e-02
3.411058284445969702e-02
3.579528727835751961e-02
3.625229456696350827e-02
3.724103132256433024e-02
3.857954630144284913e-02
3.852758570445660724e-02
3.998236094425634130e-02
4.063850048723398334e-02
4.097973491389079320e-02
4.175803536940647653e-02
4.343891222230393534e-02
4.455277981929844228e-02
4.560340236997398322e-02
4.622419021339380790e-02
4.756461825851494851e-02
4.798140720513331681e-02
4.869916325714232497e-02
4.958985649690558772e-02
5.060085550524964088e-02
5.081938837161364270e-02
5.279040272198110006e-02
5.404083842371973367e-02
5.499544281690641606e-02
5.632325175595793293e-02
5.752933620813500265e-02
5.827334083274970239e-02
5.948803592893229381e-02
6.019273662245857442e-02
6.173154470340511818e-02
6.364883418116534797e-02
6.407285527196263097e-02
6.489600076114421245e-02
6.484424787372963794e-02
6.642144605800529011e-02
6.698997324551118904e-02
6.766520361717361098e-02
6.969706267424330415e-02
7.143739811774517390e-02
7.152628151307277582e-02
7.295279305693949667e-02
7.349436010598488223e-02
7.344788862344568681e-02
7.570878101922962067e-02
7.668661921860639441e-02
7.744312058061054993e-02
7.753556126171752549e-02
7.995301213682667885e-02
8.002948555840568023e-02
8.109665242525836149e-02
8.254293866780780531e-02
8.316274633649303749e-02
8.414318907546737558e-02
8.423719387614186926e-02
8.542521077331952095e-02
8.701398340786505037e-02
8.760854754740336758e-02
8.863830495546402843e-02
8.949179054777976761e-02
9.020941538974336371e-02
9.107865666664412274e-02
9.157228135228628885e-02
9.352134056444917631e-02
9.339305455596154382e-02
9.393020710240837512e-02
9.522354285330934809e-02
9.513983689322361159e-02
9.627040343082096663e-02
9.727986797624894877e-02
9.786453073202139308e-02
9.872669245991087805e-02
1.000816062468062317e-01
1.009250820268843968e-01
1.018662131516965413e-01
1.021248736391048711e-01
1.030021243356304544e-01
1.037731776334582245e-01
1.041731505160017196e-01
1.045060610712320731e-01
1.054820629886824151e-01
1.066974645739103278e-01
1.064662266894974840e-01
1.083292662655626903e-01
1.081022637114116142e-01
1.093996390255183998e-01
1.104450424158435889e-01
1.105978585738366105e-01
1.103845413348794602e-01
1.111036536023671251e-01
1.126326465239191610e-01
1.122001652293972973e-01
1.131657286385375216e-01
1.151205031241370746e-01
1.152089273509074169e-01
1.149188532925795592e-01
1.164312752886420693e-01
1.156480998798398857e-01
1.171574737581974335e-01
1.188245754116743630e-01
1.185516582139559127e-01
1.190503944912302547e-01
1.200662502301758361e-01
1.203539298546221631e-01
1.209051589012657552e-01
1.209540004789736029e-01
1.214840760745824755e-01
1.226417152335031041e-01
1.230546244518369303e-01
1.234266338142788189e-01
1.248873467681288624e-01
1.257069282859691328e-01
1.249700190061491939e-01
1.263140373931458116e-01
1.273582477147657266e-01
1.273852840091300176e-01
1.279121897299531352e-01
1.281690926994075996e-01
1.282597668603274732e-01
1.288135232582403034e-01
1.294308633385476415e-01
1.298988563508722272e-01
1.304445038447150929e-01
1.310594430885390349e-01
1.311257548992604827e-01
1.320458562173147943e-01
1.320156300937256055e-01
1.324948094558459355e-01
1.330446045295987090e-01
1.339322934614192162e-01
1.345026039217099012e-01
1.343316681716260619e-01
1.352667988214046324e-01
1.357833915783612233e-01
1.358150666154413766e-01
1.364320615212289423e-01
1.362169196727799625e-01
1.367247858051016951e-01
1.362825509660651468e-01
1.378435324027509623e-01
1.375217975613623189e-01
1.382530495196978293e-01
1.387282565225980702e-01
1.390453441710835514e-01
1.390851942890111714e-01
1.399200267187415692e-01
1.403582251075676246e-01
1.409112215432868909e-01
1.414651295871370840e-01
1.399199989417384549e-01
1.409085001549457428e-01
1.416260839969419871e-01
1.411340203949856542e-01
1.424588534228385661e-01
1.430285078545031618e-01
1.429885926536859642e-01
1.429622681210630242e-01
1.433275430097448733e-01
1.435057301247898709e-01
1.435228669900937004e-01
1.442103239218570643e-01
1.441937431735569319e-01
1.441739654883612831e-01
1.435400194920912198e-01
1.442243751189137835e-01
1.453324282177937965e-01
1.442794918066031551e-01
1.454251353103904743e-01
1.457190405248915688e-01
1.462013193680008205e-01
1.469901761178328548e-01
1.467858295952381431e-01
1.458494067449142839e-01
1.468075514405469684e-01
1.467989007728240924e-01
1.473028071027139840e-01
1.465803320015363898e-01
1.476826268265160613e-01
1.480377462236457109e-01
1.481110926216706591e-01
1.481878946350534687e-01
1.477248567494283682e-01
1.481183715136713264e-01
1.478457076471351717e-01
1.478603475315260762e-01
1.481665719034857276e-01
1.484975927760076309e-01
1.486404375550711976e-01
1.489781147613714329e-01
1.491885734577040046e-01
1.495471227001329839e-01
1.497264120510079233e-01
1.497946263524914112e-01
1.498874111832931566e-01
1.496351590002054643e-01
1.490641990432389485e-01
1.499714043026232346e-01
1.509137799449130068e-01
1.504896223328478777e-01
1.504574587247949902e-01
1.508427895726030532e-01
1.507033127625592717e-01
1.509310675755722586e-01
1.517951925750211095e-01
1.508059989917706067e-01
1.502049437713306734e-01
1.504425742343397654e-01
1.505044032620564409e-01
1.508483718333274437e-01
1.507398293880791718e-01
1.507793526509754178e-01
1.508979609789692922e-01
1.508510903574901418e-01
1.514683152619735462e-01
1.509187960861074485e-01
1.505654365191491373e-01
1.522143869751626244e-01
1.522310969125455216e-01
1.517263926469017976e-01
1.517545413394506826e-01
1.512586834645401890e-01
1.511890706298347486e-01
1.515850427321524529e-01
1.515989031341793969e-01
1.512328885417505153e-01
1.518176304639768659e-01
1.515970017183354279e-01
1.512929215790610182e-01
1.512694328990029369e-01
1.516877209195519605e-01
1.521421294267939761e-01
1.514323906972059042e-01
1.513553574308303395e-01
1.516848685250859197e-01
1.516837823824190856e-01
1.512794014864886072e-01
1.509151680796330386e-01
1.513059404401315144e-01
1.517496157379447652e-01
1.514890147179973889e-01
1.508529211604928422e-01
1.516790113845319921e-01
1.515972843278134696e-01
1.507269402219615917e-01
1.513901201295991816e-01
1.516622634836681804e-01
1.509668955475932384e-01
1.505121956272837402e-01
1.507181107663143060e-01
1.506948200920283087e-01
1.508840695379955466e-01
1.511119908242563037e-01
1.509381050821434200e-01
1.508465408773729255e-01
1.506997745067588101e-01
1.503209558945835245e-01
1.502135326365127976e-01
1.497916032839060052e-01
1.499980181531825885e-01
1.499713508296160180e-01
1.502774647226952087e-01
1.505143485638472389e-01
1.504164227422524203e-01
1.501931998660076817e-01
1.500788888755353323e-01
1.496197843382218451e-01
1.498325243535014450e-01
1.501759478259535874e-01
1.495998231321482852e-01
1.496000625680592722e-01
1.499232855258544883e-01
1.495023980714174083e-01
1.489565997426177679e-01
1.490185658832510751e-01
1.492200180909041829e-01
1.487530199581675039e-01
1.487797384373620024e-01
1.485841544751116405e-01
1.485457176675720747e-01
1.486594716107003944e-01
1.489034807503681057e-01
1.485356568826095569e-01
1.485917217960394388e-01
1.483591695980339131e-01
1.481666567323700334e-01
1.476849642823432618e-01
1.475694831313941746e-01
1.481665352908491939e-01
1.481355670420874959e-01
1.482189965922133257e-01
1.473339815206142489e-01
1.469411616018435063e-01
1.470593830130466073e-01
1.469691130649546651e-01
1.471091764193927509e-01
1.464469536558403451e-01
1.463065838664799889e-01
1.463414439221055463e-01
1.461372280083929331e-01
1.461513415995795151e-01
1.459777261240752244e-01
1.458273075932788043e-01
1.455498442813437376e-01
1.456672106287003887e-01
1.457940343678729433e-01
1.455340300173117996e-01
1.448696381986118720e-01
1.449219650406029514e-01
1.448899420496348178e-01
1.447738378829034889e-01
1.449527189160129126e-01
1.443659950292298377e-01
1.444569586570574604e-01
1.443905538555023405e-01
1.440408585326805324e-01
1.433726023167516406e-01
1.435462205059238883e-01
1.434326330565546814e-01
1.432575056435833605e-01
1.431063795589195276e-01
1.431063742526063609e-01
1.426799634806238115e-01
1.424120495719702062e-01
1.424394816383096063e-01
1.426225706822891459e-01
1.423335646094406326e-01
1.420131840686824631e-01
1.418145308378825631e-01
1.419807364584263765e-01
1.417564298423435731e-01
1.419774729020748250e-01
1.413581384025050236e-01
1.410154066364729952e-01
1.408928370786960427e-01
1.408943496834809961e-01
1.404396870683193299e-01
1.401067516027149351e-01
1.400301809379657092e-01
1.403178058856438537e-01
1.403669320322336322e-01
1.400507781881836222e-01
1.397728220665885313e-01
1.396559234589870580e-01
1.394163847444818416e-01
1.394346111640480390e-01
1.393375168271229203e-01
1.392960546858557358e-01
1.391581010121903661e-01
1.387104609464213378e-01
1.384635963834206229e-01
1.380638259128811884e-01
1.379040982049029029e-01
1.380613895977418903e-01
1.377976691326810443e-01
1.373287882755226397e-01
1.369635132974092728e-01
1.369872474326811196e-01
1.370265944275663172e-01
1.369276522064334645e-01
1.367598352275412876e-01
1.366525086953781221e-01
1.361858381286052966e-01
1.359707821903862746e-01
1.356628848382727126e-01
1.355808923191444415e-01
1.353509795595630449e-01
1.352683907579995681e-01
1.353471056602451317e-01
1.353619189247828036e-01
1.349253154940210364e-01
1.344531191132686265e-01
1.343234178073339224e-01
1.340802530269894211e-01
1.339386494483131573e-01
1.339810182869115296e-01
1.338127394059656639e-01
1.337457998341208543e-01
1.336620887851606154e-01
1.333242714799808548e-01
1.330604876945345183e-01
1.326882757436271820e-01
1.327256956049246428e-01
1.324770933302534814e-01
1.324266144270420664e-01
1.321673600682214955e-01
1.316448202232752551e-01
1.317089891211865316e-01
1.314386538419849981e-01
1.313961437928609088e-01
1.312563936782565610e-01
1.309130049769121340e-01
1.304187746435407913e-01
1.304838598807984418e-01
1.303137464754300368e-01
1.303391169139433980e-01
1.301405060325416252e-01
1.300158640773954599e-01
1.299724747436425687e-01
1.297504751610704110e-01
1.295151267581259591e-01
1.295301118708079569e-01
1.290558009599131195e-01
1.287127804262070407e-01
1.285179302686916825e-01
1.283375216147272235e-01
1.278938451475616633e-01
1.277760863829053850e-01
1.277556430249181529e-01
1.274612941849053160e-01
1.273584960834533708e-01
1.269941001753615573e-01
1.267772125184428722e-01
1.267486988076668708e-01
1.264285234442686645e-01
1.264849480025525275e-01
1.263570087872120662e-01
1.261910446440305256e-01
1.260564063026558823e-01
1.257756186443133861e-01
1.257356395662709014e-01
1.252387506699707831e-01
1.249857233075846313e-01
1.248223058394185986e-01
1.249249618485815255e-01
1.245848853007465312e-01
1.244472839325200253e-01
1.244056009304493338e-01
1.240516275020223241e-01
1.239320475975309865e-01
1.236344685330196397e-01
1.235969388863489143e-01
1.231446766006579902e-01
1.230465232824869970e-01
1.226179859658375476e-01
1.225137985708243393e-01
1.226103251245100889e-01
1.224555681583934102e-01
1.223305692747844453e-01
1.219894641200148233e-01
1.215179511432949444e-01
1.214337143475619218e-01
1.212108681752249451e-01
1.212129876638263354e-01
1.210280068401402981e-01
1.207190288420927488e-01
1.205896754102226132e-01
1.202779638061433204e-01
1.200531645704711742e-01
1.199182294259026477e-01
1.196597148684005185e-01
1.195827381245732068e-01
1.193799000641845021e-01
1.190918089994146417e-01
