-4.568201008743600910e-01
2.484072188258604763e-01
6.943885400108176786e-02
5.618145888482324324e-01
2.739334172820852009e-01
-1.445345498532101258e+00
-2.261339080952100844e-01
1.419918231301970479e+00
-5.766105580413223297e-01
3.437158629339743254e-01
5.641697239062992697e-01
1.937572383426782174e-01
1.434323759049030755e+00
9.751439581664116119e-02
-5.620078520548252854e-01
5.319881726715062209e-01
9.224025828149622075e-02
4.977044193582350062e-01
-2.888728934000834303e-01
3.618317645392907234e-01
1.384223034871190361e-01
-5.449371729087489902e-01
7.105523994556072198e-01
3.076214136416181577e-01
1.282615754632223437e+00
5.892980401869272189e-01
-7.402225279548779735e-01
6.882387627088175641e-01
5.558643383066668164e-01
-3.089527053630366504e-01
-1.440048737952270841e+00
-1.194005325644790450e+00
2.303250309365733883e-01
1.370772925016604082e+00
6.350490075617337693e-02
6.815376073084126185e-01
-2.900147342862989808e-01
1.151509878782875029e+00
-2.522777874230239248e-01
-1.586399127745850013e+00
6.451686368668961835e-01
-3.527241328831998146e-01
5.297355869314399612e-01
4.546425914558751558e-01
1.316007992155505235e+00
2.433955703451240460e-01
-3.141034963470583086e-01
8.500860606185498547e-01
2.864869104001374067e-01
1.105777412695984618e-01
-3.945531896447474485e-01
-9.363594347552364749e-02
2.618552570957781156e-01
2.856419150841764121e-01
3.759932305278378961e-01
7.133462425847797439e-01
-5.128960270703551982e-01
2.939704388425166126e-01
-3.945696562368989357e-01
-1.720698726750836460e+00
1.832982567415067710e+00
2.499723259110925300e-01
1.329675782782015370e+00
1.360837865956023629e+00
