5.132034908793173256e-02
5.959539393577414912e-02
6.742514947372889311e-02
-7.609347634935201277e-02
8.079109294499181582e-02
-8.615575209176556948e-02
-4.430031288787436572e-02
-8.914211026721671760e-03
-2.905363118775465547e-02
8.384232123678943271e-02
-4.054501382337991067e-01
5.139976323389279511e-02
-5.594532254079399858e-02
1.495907292000976385e-01
9.354492659711530211e-02
3.724549669619112852e-02
5.653821855938267159e-03
7.042916767871829076e-02
3.234703199866432316e-02
-1.320868281154679302e-01
-5.341996417163766275e-02
9.178159984338631061e-02
-6.955743492729438149e-02
1.487711023159634660e-01
-3.627483747226589034e-02
6.634595330474202246e-02
1.451606655217341779e-01
6.784254014480018725e-03
-1.115182853066985476e-03
4.161751420945367097e-02
1.044383160480536477e-01
-1.121882139440027598e-01
1.614205882760079702e-01
4.733935888653448970e-02
3.791712987055632922e-02
4.424366342459614548e-02
-1.568781289872175563e-02
-2.272064345815718034e-01
1.638938276850781736e-02
3.743263217710618429e-02
-2.740253634071892694e-02
3.522905101593800103e-01
-7.635399201549789017e-02
-8.564368077459554029e-02
4.316144781605948250e-02
-1.778438241902858749e-02
7.911466680959602926e-02
-1.597655580429594227e-02
1.773344064794804276e-01
3.137134303429625626e-02
2.504560042258991304e-03
2.775001619389014587e-02
5.417203499034430048e-02
-2.639593391005549960e-02
2.575612655672110951e-01
4.603959005834054596e-02
-1.417736624584296952e-02
3.739227335990251422e-02
7.141094504298166334e-02
-8.843912364181369390e-02
1.745006454288781650e-01
-2.005188435856208873e-01
8.478196669619222914e-02
-2.287410695496103208e-01
