-5.804272413302707240e-02
6.238522925515691681e-02
-9.438712950792292611e-02
-5.488203721244466760e-02
5.461024387945537760e-03
-7.162831083110050845e-02
3.481631920020355694e-03
1.805277759666267315e-02
-6.727808204679061599e-02
7.028642333591593461e-02
-9.447454906064509106e-02
7.168940748052170242e-02
4.569272576762210131e-02
4.881492417076569584e-02
4.731958382771331295e-02
-8.393536924464817250e-03
-7.842020314871900322e-02
-4.021463700085037285e-02
8.451958811431102558e-02
3.626701609925912090e-02
-6.927156369414658177e-02
-2.338391027314440027e-02
-1.318645375165528044e-01
4.235255567468417665e-02
2.240137316701569861e-02
-4.313176270166847043e-02
3.234702847643332324e-02
4.639987194012076821e-02
5.070384534931209053e-02
4.843514026709171139e-02
7.014989051548931043e-02
9.894229084978056754e-03
-9.689770465190422621e-02
7.365533752070019258e-02
-4.853346937621977157e-03
-9.770215621959957297e-02
6.288072891727801428e-02
-1.374672063912577014e-01
6.960289557220314394e-02
1.125628433581815774e-01
-1.058441600627387097e-01
-1.201104751695136336e-01
-6.121233314954695193e-02
-1.886091759190119607e-02
1.902111263808404715e-02
1.163688971872161027e-01
3.636055775728459782e-02
3.237416743423682328e-03
-5.304325107148907814e-02
1.090364220085511815e-01
1.162984714672666599e-02
4.942079514874967577e-02
-4.413115914556446640e-02
-9.289053541538921932e-02
-8.547526576833763823e-02
-7.979445555153313885e-02
1.093133222925324194e-01
-6.082836243669089565e-02
-9.453463940305403823e-02
3.482773132230954777e-02
-8.538323071598713510e-02
-2.032476140819951607e-02
5.915566829595316628e-02
-4.976943520302107293e-02
