3.482134175611830695e-01
1.209336621485284785e-01
-1.271153220893629088e-01
-7.329064994546666822e-01
-1.457650768835188348e-01
-8.204113451511825250e-01
-2.249218421957013547e-01
-7.890113559319296144e-01
1.853890766338012752e-01
-1.827604308667046817e+00
-2.055227842840219310e-01
8.005897807248604225e-01
8.837859194202758450e-01
6.136009042102735789e-01
-7.750737826277547260e-01
-5.805936850050896769e-01
6.014942660682808251e-01
8.621855395856091731e-01
6.121040486124019742e-01
3.673073414986311458e-01
-6.928893494891610327e-01
-2.458060905536280372e-01
-1.866915916158439770e-01
3.709988618978098951e-01
-4.301365597694994380e-01
-7.024034298895516226e-01
-1.385902837864736725e-01
-2.101722371760725572e-01
-4.239491187348087831e-02
3.711002993987699283e-01
9.409335336402833150e-01
9.551493784099510664e-01
-7.509385202533504222e-02
-1.665874965227210014e+00
5.016319223035492492e-02
-2.167044220810605271e-01
5.419729999955155142e-01
-4.235337641388581820e-01
2.201846520925694606e-01
-4.195045637189584453e-01
2.106215111715765698e+00
-4.404598991807090469e-02
1.458503455473857624e+00
-5.051936369311315067e-01
4.477882634250605620e-01
-1.480591198896753724e+00
3.683696107892298066e-01
1.133274135966816143e+00
-3.869609169651052616e-01
-4.193252665051590000e-01
2.503316384585763554e+00
4.978896493324643791e-01
2.518005926423808605e-01
-5.895143280313121237e-02
4.938804681658463536e-01
-7.056536879324112332e-01
-2.640324629246937338e-01
-1.392368974524506253e+00
-1.118456278336423582e+00
-2.141302537359240574e-02
1.378730494573427556e+00
-2.365459463930233763e+00
-1.208558963978387135e+00
-3.373058794197595495e-02
