1.180366969981586911e-01
2.738263001419195125e-02
3.296765035627718388e-01
-7.652069142635935517e-01
-1.149968318166080472e+00
1.984311942545060048e-01
-9.081205383159979272e-01
1.090821907789552458e+00
-7.952114224997705039e-01
-1.594198881474453711e-01
5.311163887402847728e-01
-7.956421224678609239e-01
7.234161852631957323e-01
-1.365444498584899247e+00
3.276539731373638298e-01
-3.538339219973274385e-02
1.532733554737206183e-01
2.773805688712594475e-01
6.839771370660755467e-01
-5.813517672502134248e-01
-2.214333138150220426e-01
5.361568174458656300e-01
4.430386386009625005e-03
7.321297583625033800e-01
-1.091449288484877433e+00
5.445215318558315198e-01
-1.627643796721502278e+00
-4.752424784658126899e-01
-6.720795154644492175e-01
-1.932329274358494942e-01
-5.797033553445233300e-01
1.725082537761939427e-01
-6.502334400933845737e-01
1.791277192452407352e+00
-7.289112403234527804e-01
1.054618197930938361e+00
-1.413817131231675239e-01
8.530630489827831786e-01
2.027801363932014045e+00
4.682294320123477904e-01
-2.748711371584875440e-01
-5.375155306444601155e-01
1.148256677147646343e+00
-2.254464708979538212e+00
-7.193095662336493890e-01
-3.441377710761937825e-02
6.644831837521560924e-01
7.883381563755872401e-01
-1.511845262236275467e-01
-7.486829508695560520e-01
-1.229127760069264941e+00
5.572623809372100334e-01
-5.691337622741815538e-01
-2.915239959234030565e-01
2.255368965217483812e-01
-1.224949511323666362e+00
9.234196215171417421e-01
-6.738282031733021649e-01
8.029641512801862779e-01
2.264053771544373983e-01
-8.764281234999397041e-01
9.517355566864542649e-01
3.809963728462718580e-01
-1.308009660395203611e+00
