-1.355463641829008081e-01
6.047987488688019164e-01
1.753659128335372408e+00
2.887930006142581663e-01
-1.325530762508113636e+00
1.720956091113365061e-01
2.205191769146087832e+00
5.107633883034599087e-01
-7.963260704720618310e-01
-3.734782086628515296e-01
-8.159952319441071689e-01
3.511673101251063800e-01
1.527105809841128092e+00
-7.882877593791306481e-01
-1.906572898431601326e-01
2.880827473140353586e-03
-8.796781667206958755e-01
-5.793508013287759773e-02
-8.874263691707807711e-01
-5.855064623720882544e-01
1.859103866557479279e+00
-3.551748555702394228e-01
1.024723709127836890e-01
-7.150460632921615267e-02
-2.767900316192485888e-01
-1.703770899433886821e-01
-1.663763699235860871e+00
2.745388409750190162e-01
-5.574077898493920991e-01
-3.497228124405273308e-01
4.020232390750331231e-01
-6.580452323934384840e-01
9.510790348313424847e-02
-9.422112213168694073e-01
3.367464768413707121e-01
-1.711434859164772115e+00
-1.119189357413004737e+00
-5.448789618969560600e-01
-4.839547529974758677e-01
-9.829041746733643836e-02
-9.525415949765929646e-01
1.361931572189128747e+00
-4.372415279326292148e-01
-9.295892442032233083e-01
-3.451726076299118096e-01
1.213942142887860232e-01
8.860357103465617001e-01
-4.199990785250406478e-01
4.658749022386852734e-01
3.265165702595949071e-01
-7.851089146802693319e-01
-7.698383404855363432e-01
1.130324840773792916e+00
-5.262972154595856322e-01
-6.310636772202155020e-01
1.424323619878427316e-01
-4.664819614806796078e-01
-8.727633016384083176e-01
-1.031586543882133000e+00
-1.624991425177671145e+00
1.020374387451745468e+00
1.042756480992915069e+00
-1.296083788673053627e-01
5.125150001298918179e-01
