1.815136761556875034e-01
9.710208949713486914e-01
2.081694683779556632e-01
5.006098106700990202e-01
-1.325442193101601829e+00
-9.175326716992719955e-01
-2.408576041631465547e-01
-7.362770069900871350e-01
-1.845470553282192450e+00
-6.859068960476631949e-01
4.571699452153065724e-01
-2.487516525811955259e-01
-8.542040000684818501e-01
-2.835934669529863728e-01
-1.787343405241476890e-01
-8.468792058166249026e-01
-7.720570112832672027e-01
-2.686590587679246744e-01
-1.414763013251494131e-02
-1.866586331982130476e-01
-1.622209242156436249e+00
1.145057554968789831e-01
7.218070503154530027e-01
1.395033972846046799e+00
2.964032552343365268e-01
-2.659540710528952023e-01
2.748420237389000986e-01
-1.272012918555317951e+00
-5.494615239135153262e-01
-1.515054030857696299e+00
1.042779147163540587e+00
3.808155430803670249e-01
-1.486381916620057364e+00
8.889836600799803090e-01
-1.194574071971419085e-02
2.873506901139241676e-01
6.488713058260794919e-02
1.056083646638788398e+00
-1.279298579909157629e+00
9.371057971042415780e-01
2.225479278001269226e-02
-3.596805922046176773e-01
-6.123672589038936520e-01
-5.756492952539208341e-01
-9.292323849271797442e-01
3.165405522072436417e-01
3.949653379024414823e-02
2.653246717407180544e-01
6.699809849745193002e-01
-8.150918825354532826e-01
6.183365267796318010e-01
-9.372367808859876082e-01
1.075830704577854929e-01
-1.159247747452055055e+00
-2.067797479102363167e-01
-1.138706835297058184e+00
-8.832456298892350788e-03
-1.946237809575842581e-01
-4.198214317991534883e-01
8.235204354364004109e-01
3.162372478265886855e-01
1.098635456911331909e+00
4.431147810749154203e-01
-6.405882626635106547e-01
