1.321541518480779439e-03
6.277123967168739748e-04
1.436521595194552130e-03
3.072606974297372243e-03
5.312894297507624736e-03
6.957832556610320067e-03
8.690588181458080291e-03
1.016373278109276336e-02
1.228462238010702423e-02
1.415831643811942507e-02
1.584486948781537591e-02
1.744205345689245346e-02
1.993566920307694376e-02
2.141456573045331588e-02
2.340598937801922561e-02
2.522047687883866712e-02
2.661350006815919531e-02
2.742326986515484719e-02
2.838494836373745694e-02
2.917985188843881875e-02
2.890242095404220793e-02
3.072907960580952003e-02
3.156382633247344777e-02
3.505001343726413254e-02
3.550941655651019407e-02
3.596868484016593065e-02
3.585366159985223233e-02
3.521739468125958950e-02
3.467013714429462851e-02
3.533634656029737559e-02
3.555120329475514040e-02
3.695374925419720596e-02
3.765005200811197272e-02
3.779900813771863016e-02
3.906574683848594576e-02
3.903935603434548207e-02
3.931788531940710180e-02
3.923786696075043379e-02
3.924658818401829258e-02
4.042871090899269326e-02
4.135399668546162200e-02
4.113739218006609577e-02
4.191894449128225758e-02
4.301325684745630623e-02
4.310670510793437188e-02
4.437638476185039316e-02
4.497391362826864275e-02
4.513606618454243241e-02
4.546909742442505759e-02
4.648314063793036049e-02
4.730641989161601946e-02
4.904139574463703410e-02
4.955321129618114190e-02
5.042270215596336008e-02
5.092319339665617173e-02
5.209497776793267643e-02
5.347185509147728277e-02
5.279462777896749143e-02
5.468702838212216588e-02
5.539178298761876507e-02
5.642858264911614075e-02
5.845025061879201983e-02
5.812608365983600034e-02
6.005725882157624679e-02
6.049536324967511730e-02
6.085674257494964184e-02
6.265128923534334093e-02
6.329998992002354441e-02
6.296671198726130902e-02
6.494528370563897035e-02
6.535555278843052651e-02
6.610815348139496839e-02
6.863010964982489692e-02
6.954760518942741665e-02
6.976178390779269600e-02
7.001238128165469810e-02
7.201524784133953028e-02
7.196607501209958957e-02
7.411670153663858784e-02
7.389775195912037797e-02
7.432963265158015753e-02
7.556783841425496195e-02
7.504327253276252274e-02
7.605159547817402776e-02
7.830462030481262492e-02
7.814816475143475383e-02
7.829958936188516350e-02
8.072091944365201999e-02
8.075541871018794560e-02
8.166770100790590736e-02
8.203858489046350622e-02
8.236022355027548814e-02
8.245942791507872294e-02
8.376349300372147588e-02
8.509868503389883543e-02
8.516796886386990284e-02
8.588980083788717856e-02
8.662607542072803257e-02
8.691853269737795373e-02
8.651685491238726711e-02
8.726802667715256867e-02
8.874756390044609422e-02
9.029497623837393072e-02
8.800178165526544027e-02
8.887723409725019341e-02
9.130905809885839219e-02
9.102969417753641046e-02
9.069105548462584598e-02
9.203419459944485459e-02
9.247994657956537523e-02
9.259549639148344224e-02
9.345260221357734598e-02
9.362634218066256953e-02
9.346401543890038577e-02
9.386430394384338849e-02
9.410018113875613655e-02
9.409439394281669811e-02
9.522383126416801569e-02
9.482198081852678817e-02
9.576870906435075437e-02
9.648144757335268273e-02
9.683104441119715078e-02
9.491125650566284433e-02
9.716685467212171634e-02
9.613138588015968100e-02
9.643739488193985021e-02
9.738262900741154193e-02
9.726691310150546721e-02
9.871351625950613995e-02
9.938993061177366084e-02
9.762949658378664020e-02
9.802849633494184478e-02
9.908181673106311593e-02
9.837026623294922723e-02
9.914962507144178816e-02
9.900125496810210923e-02
9.953844783965054566e-02
1.000281527162042439e-01
1.001497404376880118e-01
9.934586983940975335e-02
1.002088054883217699e-01
9.988125336849533464e-02
1.005184635437637308e-01
9.922143306002886853e-02
9.984238028378154828e-02
1.004012091916970245e-01
1.008346656438196959e-01
9.943730124994239195e-02
9.994482266737139686e-02
1.002430036141249564e-01
1.010073327452649383e-01
9.944179529488535174e-02
9.970662803367374982e-02
1.006386212111230749e-01
1.007659287199619280e-01
1.006394646162333401e-01
1.007138067245069851e-01
1.006124093472950953e-01
1.006347977727830023e-01
1.001348467158416772e-01
1.006729755537030396e-01
1.002795517120216029e-01
9.979497636830061968e-02
1.004837055706672699e-01
1.007290830178746294e-01
1.003701476162446593e-01
1.000591721751087071e-01
1.007133266893432966e-01
1.001236970575612312e-01
1.003265097381949439e-01
1.000290948477490505e-01
1.001229822275581383e-01
9.932671758722805277e-02
9.914502052725103487e-02
9.871440333471108441e-02
9.923886811435785049e-02
9.949984862056301949e-02
9.876976044758133122e-02
9.887779931992907168e-02
9.923136663621923148e-02
9.872812011401038701e-02
9.903266728812226694e-02
9.883197986555342096e-02
9.866033403454704809e-02
9.783146297369145483e-02
9.861353741278133800e-02
9.800653830237948672e-02
9.819917105241010580e-02
9.786572229261404632e-02
9.847155026014982326e-02
9.825708119232338944e-02
9.756452690477164513e-02
9.748776271006855121e-02
9.734841324325525791e-02
9.673497197226026134e-02
9.744354486782440261e-02
9.761955316539346061e-02
9.689421812457583993e-02
9.650325515432335577e-02
9.753618777160011355e-02
9.669550488508246722e-02
9.626403239240109710e-02
9.669072364341951831e-02
9.648682751073681119e-02
9.638629105330479008e-02
9.617720474693050581e-02
9.612315945452862276e-02
9.563211533085487492e-02
9.581068773732395738e-02
9.568963881978331809e-02
9.565300546075225507e-02
9.542886891379064040e-02
9.563344809043017314e-02
9.571147909718419333e-02
9.532269207261531707e-02
9.516817415095027433e-02
9.499230446552915652e-02
9.497706912751364972e-02
9.456050286339308386e-02
9.478939015078827190e-02
9.461586490220887102e-02
9.441249458325630395e-02
9.491270894696317295e-02
9.459063834299825946e-02
9.493263065596861672e-02
9.460482325989469365e-02
9.496335706572291147e-02
9.419958271875496225e-02
9.411250132346493658e-02
9.388249814043370112e-02
9.333592469934343105e-02
9.384149707423090903e-02
9.314589127525103873e-02
9.362825876610478271e-02
9.365780830259462508e-02
9.354251624366430318e-02
9.359197921767586914e-02
9.359246908305166035e-02
9.321786323170414001e-02
9.321936123558341447e-02
9.291587252866032043e-02
9.302373433434424355e-02
9.269243675220131817e-02
9.312649907205529376e-02
9.224068183657740949e-02
9.208466058886173589e-02
9.279509771287913766e-02
9.313956212836521642e-02
9.251429330854653299e-02
9.262688979734502726e-02
9.266293932785546472e-02
9.272269660474043163e-02
9.258234195990376614e-02
9.227668472876333905e-02
9.244956468151356577e-02
9.232845056553318219e-02
9.254764670897869250e-02
9.220903414313293134e-02
9.222089830792287724e-02
9.179648709466897705e-02
9.234911006165895386e-02
9.245067978130021291e-02
9.181648394785765777e-02
9.197955383917734429e-02
9.223721571933163332e-02
9.217257154208760572e-02
9.183592208441289373e-02
9.212951420884418763e-02
9.218667618565296040e-02
9.228569023213693823e-02
9.231447178856284907e-02
9.238453740884898513e-02
9.235405464992064994e-02
9.202178701721243359e-02
9.217972776653503286e-02
9.246386133840325816e-02
9.253901523906411797e-02
9.226730763311978556e-02
9.238277156633871445e-02
9.250676924486565811e-02
9.247770562617151080e-02
9.279305038065682742e-02
9.261831484387207658e-02
9.241706716347913853e-02
9.240463832179376946e-02
9.301912172824726432e-02
9.278290133306978105e-02
9.272219407810258773e-02
9.278453111191825586e-02
9.312323810535598489e-02
9.307794308317109133e-02
9.293674559152624581e-02
9.313570940566431866e-02
9.307571025469681125e-02
9.355592375776507208e-02
9.341221696628869420e-02
9.371839894912428748e-02
9.361346677347787137e-02
9.359056612360476535e-02
9.403437240296251554e-02
9.370288891893553684e-02
9.391590510915802381e-02
9.400732640510191251e-02
9.405521837085051295e-02
9.414051599057812747e-02
9.413898648115250067e-02
9.416501390639051006e-02
9.426143771466995169e-02
9.450956372021340757e-02
9.465305221885775278e-02
9.480239566391035488e-02
9.501535401826842475e-02
9.499178587274595409e-02
9.490138280689519590e-02
9.491990154623652920e-02
9.536190481412891440e-02
9.556174523183243175e-02
9.560211197993281895e-02
9.571008217400726881e-02
9.592758913824168954e-02
9.612767716225152637e-02
9.607390592206893620e-02
9.614256007997860898e-02
9.658994469792568649e-02
9.643701386845157653e-02
9.640027326230039828e-02
9.669988743669755138e-02
9.672924477313717129e-02
9.663394462802503415e-02
9.713456093360876842e-02
9.724068705140731517e-02
9.724330378163119348e-02
9.735605622458289032e-02
9.765568693249732091e-02
9.773401898671256471e-02
9.779127077428263759e-02
9.794678003656642762e-02
9.823636999110536838e-02
9.844370422263371001e-02
9.839233567539182324e-02
9.850132315687445961e-02
9.874413274441151689e-02
9.882357347711888396e-02
9.899273498833484342e-02
9.944098309932371260e-02
9.959167495281430471e-02
9.963114624333237190e-02
9.982916073795942979e-02
1.000382554723743267e-01
9.992926744320555776e-02
1.001705232249273797e-01
1.002808464463946225e-01
1.003841496603119499e-01
1.005300803830434936e-01
1.008053169382793074e-01
1.010968994955756539e-01
1.012175201174658756e-01
1.012592165280485207e-01
1.014006981763107829e-01
1.016558619603318697e-01
1.018273171184595344e-01
1.018057877968205488e-01
1.019554334970698417e-01
1.022304435727055538e-01
1.025954406211068287e-01
1.029349888396784707e-01
1.030817225967108758e-01
1.032300725767849453e-01
1.033058174113334754e-01
1.034335925257903882e-01
1.035437833099157046e-01
1.037483875052160887e-01
1.040136116916157011e-01
1.040342885533673684e-01
1.040426588106487943e-01
1.043848043930042796e-01
1.045033849610882137e-01
1.047080390206693995e-01
1.047683636959497039e-01
1.050379284163669158e-01
1.052814357171743403e-01
1.053841660128776586e-01
1.054985166144102454e-01
1.058659446834984835e-01
1.058664619660707878e-01
1.060388809445575869e-01
1.063047470532188649e-01
1.064103051679619050e-01
1.067314047882552824e-01
1.068685028030616352e-01
1.071162477796889362e-01
1.073284489310254303e-01
1.073405900824237202e-01
1.076760432596659961e-01
1.077558606551676651e-01
1.080432387244043696e-01
1.081570850666989103e-01
1.083478832199857161e-01
1.086561478600992225e-01
1.087931287939218200e-01
1.090458434489145062e-01
1.090741900448525814e-01
1.092165391716401479e-01
1.093921079986565209e-01
1.097827868937365919e-01
1.099432016054851802e-01
1.099916616930145946e-01
1.102048626404209808e-01
1.106220999349368239e-01
1.108096847557071968e-01
1.107336666663340519e-01
1.108165792566198071e-01
1.110399225954742108e-01
1.112518240487828380e-01
1.114602335301373148e-01
1.115042444876914035e-01
1.116724517685130369e-01
1.119190369332628693e-01
1.121168116397052439e-01
1.123807450394840729e-01
1.126027715390778700e-01
1.128336445020734491e-01
1.128965882401198745e-01
1.130515353137363926e-01
1.132599457890219319e-01
1.134848798839389050e-01
1.136315665124753849e-01
1.136682627627072228e-01
1.138595591246004679e-01
1.139459969403523315e-01
1.141477709114280537e-01
1.144220715033846952e-01
1.145674606784600341e-01
1.146772099964474406e-01
1.148919347417433207e-01
1.150287520842872141e-01
1.152519355903151854e-01
1.154449272152814621e-01
1.156375239314530040e-01
1.158432285453680766e-01
1.161314918017431197e-01
1.163595297106353177e-01
1.164871141277852712e-01
1.166594955837228637e-01
1.167475965471068550e-01
1.169795755073805427e-01
1.172709133714239377e-01
1.174490380542198287e-01
1.175148032938836545e-01
1.175963535216813238e-01
1.178399774015052998e-01
1.180050943715833106e-01
1.182183904186617784e-01
1.184423653728369080e-01
1.184402825191250841e-01
1.186604888747695014e-01
1.189162365656617759e-01
1.191391637881640125e-01
1.193717367672996604e-01
1.196141264377834634e-01
1.197943055244915511e-01
1.199605558547938988e-01
1.200658588656193099e-01
1.202536120186818991e-01
1.203252820757137048e-01
1.203110218484083754e-01
1.204807215426741129e-01
1.208046399422850053e-01
1.211797769679752446e-01
1.213755117392014693e-01
1.213804381989585096e-01
1.212693173551735587e-01
1.213878687930598221e-01
1.216098661427249400e-01
1.217999361142634712e-01
1.220963114616928080e-01
1.223380208815567638e-01
1.226482555765463500e-01
1.227566266471792622e-01
1.228589072613930355e-01
1.230328374147038328e-01
1.231075106803784236e-01
1.232759697098473606e-01
1.234004827160261608e-01
1.236341665536601908e-01
1.237173241522796785e-01
1.241107334311414984e-01
1.243098037595267713e-01
1.243989292163938248e-01
1.244798033187657360e-01
1.247350278126813927e-01
1.249603758283300975e-01
1.251378045642270176e-01
1.252428949183381490e-01
1.253794090862963562e-01
1.255602034918853194e-01
1.256850243077747842e-01
1.258198189527503508e-01
1.260381448958172168e-01
1.261522505509546921e-01
1.262946586189605258e-01
1.265149581532324652e-01
1.266722503658467280e-01
1.267609629633009716e-01
1.269013525704665302e-01
1.270665358841092663e-01
1.273031797231889695e-01
1.274839560289041940e-01
1.274962144529737385e-01
1.275163422861816387e-01
1.277302369580564367e-01
1.279888902088939517e-01
