2.318948883221312598e-05
-4.576125940782562428e-03
-5.540941717688306102e-03
-3.864685191106709532e-03
-2.238622081608666447e-03
-2.164485939376647062e-03
-2.534751964156396233e-03
-2.601915314500489670e-03
-3.014260513271605282e-03
-2.592195499130133755e-03
-2.036003878129872408e-03
-3.341503449717556171e-03
-2.238085942158382462e-03
3.021593213283881919e-04
2.238085231415121341e-04
3.037994787115417140e-03
5.540885595073870122e-03
2.590909395393979457e-03
2.595496008584071909e-03
5.309751361315900517e-03
7.129272330251556870e-03
9.933093699593310844e-03
1.388300941330473590e-02
1.942297358169429305e-02
1.502453481878921610e-02
1.843666768421872021e-02
2.614652429058423114e-02
2.444438000566406116e-02
3.181647033122986939e-02
3.372439731020587805e-02
3.581570306607580190e-02
3.422592065404742034e-02
3.976141215573150006e-02
4.135029460416142499e-02
5.264714784745883058e-02
5.699267983315151748e-02
5.816636513296338101e-02
6.609771973066810857e-02
6.997334226763313181e-02
6.683528669699845270e-02
7.609074862032121078e-02
7.810484520733358693e-02
8.083796473198633092e-02
8.441000602342681181e-02
8.571051103458737774e-02
9.256893278801317515e-02
9.607476699224905270e-02
1.014949019604181324e-01
1.088157383960074304e-01
1.139938775148901101e-01
1.144601324679607318e-01
1.212477253982426617e-01
1.292543171502917587e-01
1.286856278126129738e-01
1.313997306022888223e-01
1.395830946428964492e-01
1.471256846351236824e-01
1.570535306510175144e-01
1.585971716986106783e-01
1.562190616297207957e-01
1.639324958400051879e-01
1.660949679661702094e-01
1.723513959844816534e-01
1.789421881417689320e-01
1.810890377213475733e-01
1.873387315778533846e-01
1.966695603694320615e-01
1.952257943810088436e-01
2.023943070038337066e-01
2.061396807357909200e-01
2.121326726124208584e-01
2.230202072616894460e-01
2.239047484718870995e-01
2.251648459462104457e-01
2.365311525899320144e-01
2.378550136742072219e-01
2.456557537007556802e-01
2.499613756815254884e-01
2.504816377852764342e-01
2.617702800237912131e-01
2.698966881078779800e-01
2.706775919475989944e-01
2.785766854328322051e-01
2.900792696574371332e-01
2.864587151302546153e-01
2.867907869178743518e-01
2.941508018789341095e-01
3.006367587538962827e-01
3.098894554357549125e-01
3.089863263118923231e-01
3.128557241219799834e-01
3.236683191830731499e-01
3.287497083598486802e-01
3.328475899910620095e-01
3.381544868120895386e-01
3.473196423764584595e-01
3.488586806569689558e-01
3.582795787959507927e-01
3.571279885707736579e-01
3.644294747488256991e-01
3.695015404936241032e-01
3.786997897424557169e-01
3.799665860374109583e-01
3.865399004906553970e-01
3.886885455606388096e-01
3.943860471509400556e-01
4.023300934156925912e-01
4.037680605316062432e-01
4.127948423874873152e-01
4.140122018563609507e-01
4.190803514825774401e-01
4.233654423918229437e-01
4.272922179244004193e-01
4.377357330902698074e-01
4.440473600248457386e-01
4.419737593856164493e-01
4.513426684610712947e-01
4.589247065692065863e-01
4.617971886238466661e-01
4.653281942278837402e-01
4.728056179324151564e-01
4.753747376151677972e-01
4.814075282988423132e-01
4.872393911622822649e-01
4.950137978937252936e-01
4.994926023094498624e-01
5.057920968304923104e-01
5.081086592259281831e-01
5.133139603667513651e-01
5.201630190502163353e-01
5.226534539910958621e-01
5.293786075574126171e-01
5.339037289788104435e-01
5.367193997384083204e-01
5.401159135737219064e-01
5.508588965293508277e-01
5.532409559106071795e-01
5.588522036163480200e-01
5.687286116326897289e-01
5.689114258042069494e-01
5.738423701713112335e-01
5.810150940505440786e-01
5.853756917259935744e-01
5.917947771871848728e-01
5.944634793333422040e-01
5.984613785328760649e-01
6.049520697641701528e-01
6.116396222005356931e-01
6.195333136577167998e-01
6.202187364132342173e-01
6.239950728843393080e-01
6.286353106959209347e-01
6.332145392852933652e-01
6.382479448918054743e-01
6.422422647507113336e-01
6.491204484088649584e-01
6.522838412626131843e-01
6.572816509710587285e-01
6.633094629883170557e-01
6.690957628914568911e-01
6.718909374726962369e-01
6.775250617972077283e-01
6.823044914615645773e-01
6.882428904047271923e-01
6.948723505434228898e-01
6.986645094245704790e-01
7.017081251768666483e-01
7.066429058269911856e-01
7.114901429693605284e-01
7.143499691640600169e-01
7.218946122123806042e-01
7.294003941254868506e-01
7.296618410277818656e-01
7.338652923017648932e-01
7.407548901208649283e-01
7.440657602862700282e-01
7.493459394745817237e-01
7.557045294692910087e-01
7.588114563241789012e-01
7.622224167022186858e-01
7.687065053863724184e-01
7.716638684448761110e-01
7.773090621531609790e-01
7.828780312832402943e-01
7.851815109130960701e-01
7.903484484339924343e-01
7.955578366460617223e-01
7.996164827716545354e-01
8.047910955490601426e-01
8.103874915417760283e-01
8.161536056308474896e-01
8.157834937422603350e-01
8.227000398821503468e-01
8.287820732606490104e-01
8.308047726999389093e-01
8.362549180873252164e-01
8.422600189077034116e-01
8.469336110493849157e-01
8.503173389860257947e-01
8.543916986094574062e-01
8.604999400528476894e-01
8.631417217825506638e-01
8.675425839576093034e-01
8.727939674915973223e-01
8.764581258764633231e-01
8.799541504939134562e-01
8.853399721154144864e-01
8.883965015171787494e-01
8.960067601604363441e-01
8.983897459958338771e-01
9.026758565111335786e-01
9.098634310298657768e-01
9.119043076504957934e-01
9.157318065675472685e-01
9.222580095548129631e-01
9.272446896424920704e-01
9.305222242406998578e-01
9.340504303713504930e-01
9.387262103990310358e-01
9.439266803164457764e-01
9.468487554247937421e-01
9.510926717891157178e-01
9.578677482289150724e-01
9.597128560078738158e-01
9.627154762250987874e-01
9.693566740756405231e-01
9.727633067375633935e-01
9.772183247845721565e-01
9.814469033163596423e-01
9.858696366365710118e-01
9.907440069643629332e-01
9.932075927588043252e-01
9.978151180571294132e-01
1.003734127929627462e+00
1.007085958019618754e+00
1.011857405645325336e+00
1.014873098223217474e+00
1.018309671896405755e+00
1.023316934306998993e+00
1.028946107980320823e+00
1.033011923157153955e+00
1.034498656465853150e+00
1.039758067715933709e+00
1.044843181871653037e+00
1.048773717427261332e+00
1.053372525635515755e+00
1.057573950975311261e+00
1.060272220561375711e+00
1.063691451974167590e+00
1.068149664384649311e+00
1.070814825810346260e+00
1.074459183860677847e+00
1.079938907581738494e+00
1.083968333795415351e+00
1.088012111626760259e+00
1.093048160351992815e+00
1.096694769841281447e+00
1.100400509203700361e+00
1.106002869790534415e+00
1.109667851690339324e+00
1.112652234194076772e+00
1.115943239183304847e+00
1.119831656601453451e+00
1.125067919368169411e+00
1.129803501826318612e+00
1.133568002917698658e+00
1.137179340428891239e+00
1.141295305935607685e+00
1.143978443211978835e+00
1.148594801807527821e+00
1.153205186829231232e+00
1.155542240544362498e+00
1.159159169739694129e+00
1.163133450916887801e+00
1.166962085505425684e+00
1.170962403836407262e+00
1.175035611902575550e+00
1.179410820520518044e+00
1.183661498790119726e+00
1.186981026660639316e+00
1.191329088133005421e+00
1.195109931865434794e+00
1.197994253903303052e+00
1.202159308185456466e+00
1.205744495505917779e+00
1.208399385773864632e+00
1.211769805941695255e+00
1.217056959407429861e+00
1.220440880452019927e+00
1.223183889413861358e+00
1.228082778866025127e+00
1.231314964324005556e+00
1.234179457030887272e+00
1.239008878714599193e+00
1.242889886377715580e+00
1.246883403076513908e+00
1.251346315817511989e+00
1.254394284766307877e+00
1.257960268945348181e+00
1.262026047413362884e+00
1.264624271059548111e+00
1.267962377477689584e+00
1.272207101572267574e+00
1.275743659508068895e+00
1.278997735365173138e+00
1.282938945978925549e+00
1.287391682501237700e+00
1.290547028863519019e+00
1.293000881394189339e+00
1.296396831774628611e+00
1.301149177676888868e+00
1.305288677212046444e+00
1.307583768875853147e+00
1.310902618235671335e+00
1.315323527075357823e+00
1.319056152831951101e+00
1.321795123597850674e+00
1.324935897218616709e+00
1.329301036538055314e+00
1.332761614303621389e+00
1.335180626842088936e+00
1.338757535429498935e+00
1.342153241372638028e+00
1.344930424805766078e+00
1.348895647795283370e+00
1.353339430248148734e+00
1.357322894146430814e+00
1.360539030499515745e+00
1.363389279553178346e+00
1.366519770263934896e+00
1.369693235919883456e+00
1.373317399275564288e+00
1.377102663847596276e+00
1.380471619032472841e+00
1.383468267698132026e+00
1.387325360185588830e+00
1.391236139086287071e+00
1.393832688283665577e+00
1.396898071554015575e+00
1.401173172616421381e+00
1.404574019619741376e+00
1.407397673551939565e+00
1.411641318443411564e+00
1.414933127950339875e+00
1.416748996916314729e+00
1.419654701337675684e+00
1.423604835715451600e+00
1.427615619304855921e+00
1.431064755351806772e+00
1.433882768150472886e+00
1.437195095079621732e+00
1.440712266516178008e+00
1.443140667207864380e+00
1.445739091388777098e+00
1.449370239038141550e+00
1.453085711283848225e+00
1.456407746847933726e+00
1.459454235480338813e+00
1.462540730718478788e+00
1.466230279152091143e+00
1.469611632916377086e+00
1.471962322810775659e+00
1.474434345939688473e+00
1.477717184641486270e+00
1.481031416473671758e+00
1.484293121173861474e+00
1.487447427788117560e+00
1.490608033940456822e+00
1.494071566108894578e+00
1.497301494170012237e+00
1.500166823657738790e+00
1.503112364122709543e+00
1.506384472768683924e+00
1.509904921855419246e+00
1.513572777789619073e+00
1.517223063952534590e+00
1.520358502647124910e+00
1.522957070292332737e+00
1.525570768249747244e+00
1.528603244932082550e+00
1.531599960615256606e+00
1.534382444593314299e+00
1.537370892154037882e+00
1.540665948798624729e+00
1.543711801172010123e+00
1.546596328031070167e+00
1.549561714942291113e+00
1.552418377268009797e+00
1.555124562844039104e+00
1.557855189076000402e+00
1.560658944027442541e+00
1.563728254976024079e+00
1.567294843044860997e+00
1.570810215179091918e+00
1.573755262395640786e+00
1.576644277159719776e+00
1.579808586990132158e+00
1.582607307050720724e+00
1.585115412115325917e+00
1.587918723015417255e+00
1.591052843236563819e+00
1.593944986403569963e+00
1.596562333918264631e+00
1.599269270562668099e+00
1.602114676016846984e+00
1.605135932562101297e+00
1.608443209842593369e+00
1.611583078815690628e+00
1.614616058975089086e+00
1.617496867458161347e+00
1.620244080312209345e+00
1.622979042988586418e+00
1.625712002484035690e+00
1.628710208316456409e+00
1.631706572270149147e+00
1.634575612761828278e+00
1.636927256971938194e+00
1.639471533766470257e+00
1.642316544002287548e+00
1.645372642311931033e+00
1.648196788781510325e+00
1.650888468166591849e+00
1.653552321182486740e+00
1.656254700222514753e+00
1.659319922485178678e+00
1.662264764534216566e+00
1.665143790944578539e+00
1.667912434319097859e+00
1.670543451608784036e+00
1.673055421097204176e+00
1.675570735073204975e+00
1.678067895155335831e+00
1.680796138169819764e+00
1.683585785678910929e+00
1.686352994011170336e+00
1.689178828021891121e+00
1.692134057140429970e+00
1.695033353514795227e+00
1.697431940673134187e+00
1.699643213835621891e+00
1.702179261345211359e+00
1.704970101358514123e+00
1.707836271044279375e+00
1.710532332114317766e+00
1.713107122660183501e+00
1.715520137733732575e+00
1.718176172036481653e+00
1.721314071406790713e+00
1.724615327339097837e+00
1.727312176001961408e+00
1.729495644712886193e+00
1.731753219217603723e+00
1.734365774579564645e+00
1.737103383359043685e+00
1.739700963637441422e+00
1.742364750035059862e+00
1.745049342595688557e+00
1.747702284328702671e+00
1.750308592253180473e+00
1.752881472883536018e+00
1.755381107436004839e+00
1.757865539808819433e+00
1.760452492767782706e+00
1.763101085985836480e+00
1.765783021229608618e+00
1.768456817029359751e+00
1.770868408048873910e+00
1.772891224535265708e+00
1.775128261285441544e+00
1.777960416935129295e+00
1.780935481770631545e+00
1.783597168521424692e+00
1.785786422881604274e+00
1.787949167181430266e+00
1.790284052722506125e+00
1.792841105546220559e+00
1.795573843286887517e+00
1.798276344774213387e+00
1.800833677662041499e+00
1.803125117516248155e+00
1.805466683357564994e+00
1.807951463524970270e+00
1.810530110230739176e+00
1.813036381774108863e+00
1.815519810881907725e+00
1.817911317793503567e+00
1.820236798280653989e+00
1.822768201041386593e+00
1.825410636114159102e+00
1.827977927464948138e+00
1.830204796588313032e+00
1.832147822347541144e+00
1.834531276940813527e+00
1.837356569419459129e+00
1.840169479103642480e+00
1.842551645596473886e+00
1.844681212307556439e+00
1.846974833156284079e+00
1.849567617462569702e+00
1.852236966610813829e+00
1.854742472039236256e+00
1.857069501246491727e+00
1.859339153425747071e+00
1.861617828710143918e+00
1.864085562062376411e+00
1.866801577677308366e+00
1.869453095439358670e+00
1.871820335216729969e+00
1.873970899203293072e+00
1.876020515780149056e+00
1.878279335641890757e+00
1.880584490583360191e+00
