-1.466280846402162330e-01
-1.239994330552675467e-01
-3.650282548091278723e-01
-4.835642405310991432e-01
-4.307888653943112711e-01
-1.181923420943796765e+00
1.079751248902124511e-01
-4.880142464520211276e-01
8.859091988323364308e-01
4.705420071028995621e-01
1.165904304270065639e+00
9.675792682879419404e-01
-7.116262479459178891e-02
3.490312156140670807e-01
-1.273330583851054021e+00
-1.529327821862500381e+00
1.403106707424477406e+00
1.047029798201339679e+00
-5.607553540568442907e-01
6.443643529663070080e-01
6.335593105563867844e-02
4.916540493735828132e-01
-1.451897153859626588e+00
-1.875724348254545482e-01
3.420248148323214443e-01
-7.125122691807390662e-01
-7.801520571956214178e-01
6.523249155446361192e-01
4.875726840539562623e-01
-4.929583285243311352e-01
8.046458294847468329e-01
8.369423231245614048e-01
4.092752881038705381e-01
-6.240171661116110657e-01
-1.687142105461506780e+00
-5.053361597032222097e-01
3.741987946507092100e-01
8.593675388851430563e-01
-7.350899857164543416e-01
-2.021658115435677194e-01
2.844507700739397522e-03
-6.546361468783722382e-01
2.768401181877448436e-01
3.393944413847692632e-01
3.433768117512410734e-01
-3.879519442610220303e-01
2.195788833592891842e-01
-1.568044420638469161e+00
9.649222139761776118e-01
-5.358296128695699823e-01
1.185299054260699897e-01
-5.587254783166095695e-02
-1.884979297091634587e-01
-7.873662061621335140e-02
3.860880606129840631e-01
-1.538541671520420873e-01
-3.450335851982614388e-01
-2.798926732222480340e-01
5.632319819190332311e-01
1.201220989968668329e+00
-1.032896770541086168e-01
4.900242274049149138e-01
-1.576535641419075651e-01
8.475931640159617420e-01
