6.670707393578463318e-01
-6.046383043497339793e-01
-2.264036465826686773e-01
1.002330132416828501e-01
-7.448007656339322713e-01
2.679222101961546421e-01
4.518768756506588158e-01
6.098114775305353286e-01
-4.937857119958816154e-01
-9.712000178179273080e-01
-3.337697185421063528e-01
6.890856671520316779e-01
-1.972657075120627101e-01
1.024776852302388547e-01
1.777864008828247133e-01
-2.894479727667478297e-01
2.835899900867906442e-01
4.486010635115869061e-01
3.668380823837802951e-01
1.018151552415176714e-01
2.128187332168110790e-01
-4.676281818139121221e-02
-2.366597195316507973e-01
1.977550538550586212e-01
4.475534722586981817e-01
2.234979385362332593e-01
-4.064115578857861455e-01
2.220011496265783535e-01
-4.102407164426077890e-02
-2.720339810128742930e-01
3.539091233426515104e-01
4.526472690291109824e-02
2.216578460253718630e-01
-2.306272504466040096e-01
-8.476099777737027274e-01
-8.424745976396855185e-02
6.892243130947184326e-01
-2.871009802621558027e-01
1.582704513481392183e-01
-3.495689744327883930e-01
-8.664025511110167166e-01
-3.765199099875055078e-01
5.596252276340117626e-02
-1.928649995207718515e-01
-6.585545701691930542e-01
-2.553310784915703846e-01
5.668934479941764581e-02
1.319488601209671541e-01
-6.273463708018646168e-01
-8.505138509478645803e-01
-6.657838578407303531e-01
-9.468919260376003066e-01
-1.464448284820663894e-02
-1.698213839785441825e-01
-2.250279856776223053e-01
1.576232839652657314e-01
-9.543118738155990100e-01
-6.275169745676937305e-01
-2.361967975914773810e-01
-6.394638417316453882e-01
5.454509807580906755e-02
-3.700425514341249000e-01
6.996780047810031711e-01
-4.652915795734751114e-01
