8.767192488295027716e-05
-5.689708541615432977e-03
-7.079949316950116638e-03
-6.826029189683529251e-03
-7.690447900746496916e-03
-8.817095705330846300e-03
-1.205271937220056544e-02
-1.271121188915847952e-02
-1.235671846094716156e-02
-1.011060275371191731e-02
-6.968504514950692695e-03
-1.123566718333151963e-02
-8.699426984035514218e-03
-2.049528238792124642e-03
-3.963089560567092245e-03
3.351960734020947505e-03
1.045975978947868631e-02
2.885137802820770658e-03
3.919982348541308469e-03
1.211948012702947046e-02
1.850792117965923203e-02
2.544086065581208089e-02
3.727240283965303769e-02
4.948503547006850856e-02
3.838996740951997749e-02
4.742905988213774737e-02
6.600356539272175804e-02
6.518022802118644821e-02
8.442155737399360815e-02
8.714759774656424818e-02
9.444593632322033361e-02
9.600678282357304194e-02
1.099082025178687583e-01
1.096635215478260900e-01
1.339395927549036636e-01
1.463222192783737996e-01
1.546494818703087193e-01
1.713056058331779430e-01
1.772477517199540775e-01
1.757315783137713694e-01
1.951957500366235665e-01
2.011929673841817701e-01
2.101625121752404568e-01
2.205020213214786973e-01
2.273087352252500248e-01
2.411174643244978488e-01
2.513236002649670287e-01
2.627550186623466844e-01
2.737955873621101266e-01
2.916663161505259061e-01
2.950969116937771086e-01
3.048861239567016157e-01
3.209574992423726569e-01
3.203064494417232067e-01
3.325369775610005907e-01
3.543929867060484074e-01
3.682936216435459542e-01
3.821301762996868745e-01
3.912670830330066685e-01
3.940524513333402701e-01
4.059182213596687627e-01
4.143380943250677961e-01
4.328721436221691921e-01
4.370653814553407401e-01
4.510238164250069404e-01
4.676211243585037813e-01
4.712652347780217910e-01
4.797459230915695483e-01
4.930847756631056011e-01
5.023936113725561148e-01
5.093798575279521179e-01
5.292047246471728306e-01
5.394088927855269500e-01
5.402745195810878531e-01
5.627048001553124346e-01
5.702898301591293739e-01
5.823427428839189623e-01
5.896954963206180178e-01
5.959060611688028475e-01
6.077110037848469926e-01
6.220283392485639329e-01
6.320653303858674299e-01
6.439517444765023857e-01
6.596378566173191071e-01
6.659630739921592602e-01
6.784423866238340484e-01
6.896685511206583907e-01
6.978447895549880764e-01
7.102274254935957432e-01
7.173272214043456829e-01
7.287216761835814127e-01
7.433309183524099417e-01
7.551708602923995484e-01
7.590520996917864416e-01
7.706303715050605296e-01
7.813991996170106535e-01
7.872950539300802575e-01
8.020234916623214527e-01
8.098306859552220072e-01
8.239949790487240966e-01
8.369375550286382026e-01
8.439491191184715912e-01
8.514461955032522900e-01
8.651426802084983825e-01
8.751382327282944962e-01
8.771599458486120104e-01
8.900852624167436833e-01
9.022192062425415937e-01
9.127488600959077214e-01
9.221305266062014283e-01
9.282969386548701740e-01
9.376614953317807810e-01
9.467915612784816304e-01
9.579334108529664604e-01
9.691252968885439856e-01
9.772236815610498839e-01
9.879828227487452708e-01
9.993624378979013567e-01
1.007897520259686486e+00
1.014696620018187501e+00
1.023584437346088283e+00
1.031572401547938167e+00
1.044961157529431306e+00
1.049392645756725306e+00
1.060793811297307210e+00
1.071377626770313229e+00
1.077984616931083162e+00
1.086088293158650409e+00
1.096700230236340667e+00
1.107252389263832626e+00
1.115064820769730902e+00
1.123863675042103827e+00
1.131891324064158377e+00
1.140767188399708809e+00
1.147136836304804897e+00
1.157149014640794116e+00
1.166593601769728705e+00
1.175699675370476260e+00
1.183595328694442284e+00
1.192092079141821470e+00
1.199976516628082024e+00
1.207612579027975030e+00
1.217535762327338844e+00
1.227672574824082208e+00
1.233825746067221507e+00
1.243968153315103464e+00
1.250125766957718820e+00
1.256849085011252587e+00
1.266182010615124698e+00
1.273948946786305214e+00
1.280313624557231522e+00
1.288570645947919591e+00
1.298198761248761324e+00
1.306481256210574093e+00
1.313275429988230547e+00
1.320850750444716226e+00
1.326774675189033026e+00
1.334799830470704274e+00
1.347768452871435763e+00
1.353694901953514496e+00
1.361572104536405536e+00
1.368530234291216896e+00
1.373951226852603513e+00
1.380784853048607097e+00
1.386583115848485814e+00
1.397241775635425176e+00
1.407253267191027168e+00
1.413416640471049535e+00
1.420702477841042866e+00
1.427197011676121008e+00
1.434947803874221828e+00
1.442809035171221499e+00
1.450259193006772973e+00
1.457946192610181546e+00
1.464642505682741680e+00
1.471581760763367219e+00
1.478788348597049662e+00
1.486293274085087601e+00
1.493160028303116116e+00
1.500419130434755166e+00
1.505142151557747665e+00
1.512065320815882741e+00
1.520415325699007614e+00
1.526925393582747592e+00
1.533772663800592850e+00
1.539338633711144100e+00
1.547164384168574935e+00
1.553219659605489689e+00
1.561266897823750055e+00
1.564655015556009943e+00
1.573806179658659765e+00
1.580871481598677741e+00
1.586271528773562478e+00
1.593893150750499865e+00
1.600346206915353786e+00
1.606173208801732866e+00
1.613184002858890631e+00
1.618174386920394170e+00
1.626515538359115665e+00
1.630355482032947556e+00
1.639177860838261669e+00
1.644240436473238587e+00
1.648935188663537499e+00
1.656472259895201971e+00
1.662483603507066254e+00
1.668753599919492459e+00
1.677521296218671853e+00
1.684558548906156750e+00
1.687260854275605126e+00
1.692802827718183245e+00
1.699701077610251021e+00
1.704332335057864967e+00
1.711825337971971006e+00
1.716889663919770159e+00
1.722582095101681698e+00
1.729921045517002653e+00
1.734658650304823579e+00
1.740893149876909130e+00
1.746809541005954758e+00
1.751431404230856081e+00
1.756724242656720225e+00
1.763288121057868363e+00
1.768245952003706822e+00
1.773636498771135495e+00
1.779640740474388805e+00
1.784343705809299463e+00
1.789213938159676776e+00
1.796237373037160578e+00
1.803267819975456598e+00
1.808898153902877448e+00
1.813497698844089179e+00
1.818584588722355511e+00
1.824053816137327422e+00
1.828542247393537101e+00
1.834868729493596362e+00
1.839634085514305628e+00
1.844115209573917724e+00
1.849995909545073536e+00
1.856684495087994824e+00
1.862332001859559716e+00
1.865009017809097003e+00
1.871270765860223451e+00
1.877983736057612374e+00
1.880701695776438864e+00
1.885483861117830617e+00
1.891233967613365152e+00
1.896485906760029483e+00
1.901579358410771414e+00
1.906431560470743358e+00
1.911777605982673212e+00
1.916609009276742048e+00
1.921479273309223412e+00
1.926528760651244676e+00
1.930838830469737255e+00
1.935520094912034583e+00
1.941448023332255968e+00
1.946183651093428058e+00
1.950651430837390343e+00
1.954838233959108162e+00
1.959978113819352830e+00
1.964357418079531126e+00
1.969039976423916594e+00
1.975422429049722206e+00
1.980082020326507042e+00
1.982645206955376382e+00
1.987039063899525448e+00
1.993569173057776256e+00
1.997312165321364352e+00
2.001055421745492335e+00
2.005968085044762983e+00
2.011177242699354384e+00
2.015931099691681716e+00
2.020259370132798882e+00
2.023957022975706899e+00
2.028425677825225648e+00
2.033918194683470126e+00
2.038001915293229160e+00
2.041901715694728114e+00
2.046581580193344241e+00
2.051012784084223384e+00
2.055345152741372861e+00
2.059169986219533843e+00
2.063194193611905813e+00
2.067950003355304212e+00
2.072294872789429032e+00
2.075891021692608085e+00
2.079833810509442049e+00
2.084143732525519876e+00
2.088506988490461680e+00
2.092886458736925803e+00
2.096521005030199003e+00
2.100834870532741760e+00
2.105566103559014302e+00
2.109451666362576638e+00
2.112927562672607174e+00
2.116557820523539579e+00
2.121156989436153495e+00
2.125765435376473889e+00
2.129359906057917584e+00
2.132490966095674789e+00
2.138108715659724712e+00
2.141944026959580416e+00
2.144709417454297995e+00
2.149282504402315386e+00
2.152276513391300217e+00
2.155590704878467267e+00
2.160395116278784666e+00
2.164330764568706655e+00
2.167384666395360426e+00
2.171345218016572431e+00
2.175441628932655913e+00
2.179249654614388909e+00
2.183124231481622157e+00
2.186927725494453689e+00
2.190466476147155728e+00
2.193687519849558676e+00
2.197671327399410401e+00
2.202033591720794714e+00
2.204788372071524005e+00
2.208225683989343935e+00
2.212444981486087148e+00
2.216468072609480533e+00
2.219838354143211401e+00
2.222941645769029861e+00
2.226307570360237964e+00
2.229898145521076902e+00
2.233143761179805953e+00
2.237078418359101928e+00
2.240994234166457044e+00
2.244467703095614386e+00
2.247370842315548956e+00
2.250405232294476754e+00
2.254295993315552415e+00
2.258161777241203705e+00
2.260817533496719989e+00
2.264392044383380487e+00
2.268322480086185422e+00
2.271774777419309554e+00
2.274741090678445321e+00
2.277483989331391179e+00
2.281059069797893635e+00
2.284794101624543217e+00
2.287490396449972874e+00
2.290629995418421050e+00
2.294203677988514656e+00
2.297256628902303088e+00
2.300221555740662893e+00
2.304184692576979554e+00
2.307953774119644752e+00
2.310428197003380646e+00
2.313392227299407189e+00
2.316603070305313317e+00
2.320053603749129500e+00
2.323305641443720315e+00
2.326290380583117656e+00
2.329374200495422098e+00
2.332498262406875078e+00
2.335338389671532511e+00
2.338072012540230116e+00
2.341293376102942414e+00
2.344531103681653406e+00
2.346892579073391438e+00
2.349983063645296966e+00
2.353817658608264196e+00
2.357017645326918931e+00
2.359599100706805341e+00
2.362237453397073583e+00
2.365141204955824250e+00
2.368372366008951069e+00
2.371124589616863787e+00
2.373854165855810550e+00
2.376909529032356527e+00
2.380268662285507819e+00
2.383251698653125139e+00
2.385950623944439020e+00
2.388778247684398170e+00
2.391665266103805365e+00
2.394715722408311986e+00
2.397509714017973970e+00
2.400014713839563107e+00
2.402572737877721298e+00
2.405418267517427822e+00
2.408472868369393449e+00
2.411471627924535621e+00
2.413964627691360221e+00
2.416701828293082333e+00
2.419623113576817808e+00
2.422383704347367051e+00
2.425385343343202660e+00
2.427981411755912422e+00
2.430289563722152213e+00
2.432605887286361845e+00
2.435178051897768370e+00
2.438117167402951146e+00
2.440968024596765762e+00
2.443750482718697992e+00
2.446152704369868758e+00
2.448899529155757815e+00
2.451561155709752970e+00
2.454271528569853977e+00
2.456610045375211548e+00
2.459120182320732706e+00
2.461751265671434652e+00
2.464467178904960143e+00
2.467192050854372543e+00
2.469631922784334854e+00
2.472140839855720085e+00
2.474855827328202196e+00
2.477641286112147068e+00
2.480225456120117133e+00
2.482580069359073605e+00
2.484811084585621721e+00
2.487326937460359488e+00
2.489674122378231491e+00
2.492416960646691493e+00
2.494753131625004894e+00
2.497256504017291157e+00
2.499708178237464384e+00
2.502357392224004329e+00
2.504982238263468552e+00
2.507311736581755657e+00
2.509672001994126767e+00
2.511849021852538222e+00
2.514213309004422747e+00
2.516741501245804091e+00
2.519183429774568772e+00
2.521407678139661268e+00
2.523675143471824533e+00
2.526226135678787621e+00
2.528643318923661898e+00
2.530763293313293527e+00
2.532996223131231073e+00
2.535395792245148883e+00
2.537738212279145422e+00
2.540100631369586193e+00
2.542469025187048981e+00
2.544804195669553959e+00
2.546989584490464420e+00
2.549283784647500717e+00
2.551425165026929953e+00
2.553848788151604765e+00
2.556055398129915446e+00
2.558401937285311956e+00
2.560360755415601375e+00
2.562495329823460288e+00
2.564751570861845575e+00
2.567041668697255474e+00
2.569334313025977146e+00
2.571407751215031290e+00
2.573486027502933204e+00
2.575889028449243057e+00
2.578142392447379638e+00
2.580273361316076208e+00
2.582362287936734724e+00
2.584365047386598668e+00
2.586585482560987970e+00
2.589062513029154911e+00
2.591247123349586179e+00
2.593214688787296662e+00
2.595202295356632938e+00
2.597084536158975165e+00
2.599226982223169280e+00
2.601405369566661907e+00
2.603444708040221656e+00
2.605637615309687849e+00
2.607765830063668133e+00
2.609802668530383674e+00
2.611726201725983021e+00
2.613564043452336616e+00
2.615608645632141460e+00
2.617603045372824955e+00
2.619668396018092427e+00
2.621663132728117684e+00
2.623654342939365058e+00
2.625898422210637406e+00
2.627991296770638918e+00
2.630049482744993394e+00
2.632033222382584192e+00
2.633964574289135996e+00
2.635874449938924613e+00
2.638062422454809930e+00
2.639921529050915261e+00
2.641786691001559273e+00
2.643940921078616224e+00
2.645954356734878221e+00
2.647961606743018503e+00
2.649780499381646948e+00
2.651713691314089072e+00
2.653555898508441757e+00
2.655455827618611320e+00
2.657241741799452495e+00
2.659013564556494291e+00
2.660984104800880878e+00
2.662845145890631482e+00
2.664884801539959547e+00
2.666805667416876968e+00
2.668695006832085159e+00
2.670549239710477085e+00
2.672374719561179557e+00
2.674301890806812132e+00
2.676095796773102720e+00
2.677913433101518859e+00
2.679782749102880501e+00
2.681681606709479748e+00
2.683648335096473492e+00
2.685414736336291242e+00
2.687239912690190913e+00
2.689092338176060526e+00
2.690850543357579117e+00
2.692741323899877859e+00
2.694472073129503986e+00
2.696151628534003031e+00
