-3.305790386921193535e-01
4.910356995641477762e-01
5.894226175469490236e-01
-5.312359578930366810e-01
-6.588310372331387388e-01
-1.413057257501314945e+00
1.864878148544809877e-01
2.202848934259893920e-01
1.208941272443671444e+00
5.127349141187548948e-02
-8.728848864240652539e-01
1.395068136268034387e+00
1.115153666269692173e-01
-9.934207792098337375e-02
4.135967902222661974e-01
2.683282705322110884e-01
-1.912568709891713792e-01
-1.188878431140396597e+00
-3.237797468642026888e-01
1.189007064537827452e+00
9.542331340168602738e-01
-5.573072289470112350e-01
-1.658615432349755947e-01
2.010728035366420752e+00
-5.092666300001145174e-01
-1.221209808552629505e+00
-8.880808522377362513e-01
3.832397811793021580e-02
1.266170632642260374e+00
1.918611724228608262e-01
-3.658660309259602617e-01
-1.293617072186310946e+00
1.815478306335596981e-01
-9.493073030539485313e-02
2.649322421155438922e-01
6.630242944050245696e-03
1.307229671379074587e-01
1.164273818064830213e+00
1.233794518704753651e+00
-1.745629725196769233e-01
6.447442134421886850e-01
2.375689011483714252e-01
7.375353022728367014e-01
5.332386527634732643e-01
7.507365820392858380e-01
-1.687523637120026176e+00
-1.324239911757664652e-02
2.342016497572286249e-01
2.951089659484046335e-01
6.159782119648686827e-01
-1.445198246075952264e+00
-8.675178837821574396e-01
7.644004107252343472e-01
7.461074115462464906e-01
3.045051706098670929e-01
8.271522909468522755e-01
-9.057166205196116593e-01
1.052811177285180699e+00
1.595507480494004759e-01
3.046102330431094685e-01
8.402363227930368383e-01
-1.388980819162065339e-01
5.525813813516068373e-01
1.571076827036081147e-01
