-9.622315118703542725e-01
-1.848608440580350176e-01
-1.377087810470855045e+00
-1.027869157458168647e+00
4.760570122890759315e-01
-1.076746769391035835e-01
1.541337052830580090e+00
-1.757868832660642422e+00
-7.375208145060025977e-01
9.580832972305171336e-02
1.614673216335524575e-01
-4.559060089449979425e-01
-7.466466416966107689e-01
9.186170460637951285e-01
1.089636598649903254e+00
-1.296647331549068971e+00
-5.146117053807506281e-01
-1.215622447347372681e+00
-1.643757085574354626e+00
1.080437225822769021e+00
1.239259335135212803e+00
-2.184929461724983979e-01
9.605725024255720168e-01
2.566721673838219808e-01
-9.172850027227023029e-01
-9.602116648631692231e-01
-7.776435271370213398e-01
1.307274726487823724e+00
-5.042878136865777128e-01
-1.726162641972150302e+00
-2.056361458245422824e+00
-1.370092518868289977e+00
-6.764276151355639310e-01
5.132068593087194541e-01
-7.434199710582941600e-01
8.003314128002253502e-01
6.628023785751994135e-01
-3.207879443799887542e-01
-1.773869589632577792e+00
-1.555536576701180562e-01
-7.019919438913790888e-01
-9.044721814391204484e-01
-9.621176365119187279e-01
1.562319129842864696e+00
-4.432437519001053428e-02
-1.566420436449457998e-01
-3.941591966131230973e-01
8.875972562141661026e-02
4.505543660033328179e-01
1.931546415320762433e+00
-1.314591279000726920e-01
1.549313172572697628e+00
-3.810874326127136613e-01
-3.284440774702102050e-01
5.495504477155188638e-01
2.008107566843223779e+00
1.100867501784406732e+00
8.514208969176323416e-01
-1.015395905239454777e+00
5.891622398425331308e-01
1.503839019726334048e-01
-3.269947775944039292e-01
-1.726086374661044864e+00
-1.535757249026689308e+00
