2.276198676340729365e-01
2.399570845838309707e-01
-7.386470329141522351e-01
1.813850903366836798e-01
4.033247280708889271e-01
1.668299702372277871e-01
3.235596648526438135e-01
5.449751218015015386e-01
1.273251462777242660e+00
4.045761177529811348e-01
-1.762353715874907412e+00
1.332940527235597084e-01
4.766169833149639934e-01
-1.496200144949295652e-01
-4.586296348077525259e-02
-2.584866857991401368e-01
7.896137751588536702e-01
5.809112334288319968e-01
-8.515085262133337274e-01
-2.349745465581201936e-03
-7.873353137751950559e-01
-9.515252519518136998e-01
2.725605253750594814e-01
-7.276423421434478067e-01
-1.270202830027773455e-01
7.151318407603918237e-01
-1.041621331967876873e+00
5.716932574073109452e-02
5.490768963076696485e-01
4.444726405547693160e-01
1.161888460059385508e+00
4.814727460962081040e-01
1.546880962620446887e-01
-2.328563413016134231e-01
6.581346648358965545e-01
-1.988889439691107763e-01
5.271925891650519613e-01
-1.063016316513320847e+00
9.440345312077750295e-01
-2.775957289860401800e-01
-2.323366566913729614e-01
-3.258170580002096584e-01
-6.721691877281136263e-01
-8.839671538436119080e-01
1.131584526096230059e+00
-7.415689783800101242e-01
-5.587128130996317221e-01
-8.933682792579670240e-01
5.123577834700332456e-01
1.365367525842046126e+00
8.061589854367865460e-01
-3.033195112168012852e-01
1.762604285779612034e+00
-1.488744699407682726e+00
-3.098720698532468343e-01
7.806090988464230440e-01
-7.184601305540315730e-01
4.581759740402110426e-01
1.048462355248749533e+00
4.762044864291444662e-02
1.129679237064015185e-01
-5.491719010755716779e-01
-4.079661012298002598e-01
-3.765054682915079942e-01
