-8.863962444170002675e-01
-7.445104603691599099e-01
4.963592359958728939e-01
-7.856532636266033709e-01
1.720022064305819776e-01
2.116665809685402688e-01
-1.096235862530027694e+00
1.017670289156501928e+00
1.775214316805740489e-01
5.871075021164533503e-01
4.871132829678826437e-01
-1.731544962431987633e+00
6.587576864315969338e-01
1.103889720677435182e+00
-9.981302053805718444e-01
-1.391047793869653292e-02
1.181971122652211603e+00
4.342925416731602262e-01
7.882579245109515576e-01
-4.013276713775671967e-01
3.949666180146065297e-01
-5.557341038534587829e-01
-9.555158654006777885e-01
-5.323538774036421506e-01
-1.097316404485385144e+00
8.681365551616271325e-02
-2.515080396756838588e-01
-3.055322416245431327e+00
4.150292928092656486e-01
-3.043149152866767571e-01
4.832699823379003057e-01
5.689369141881744918e-01
-5.786059547916017065e-02
2.482514250934372557e-01
1.544595329102532943e+00
7.434516698713242722e-01
-2.614786771816421385e-02
1.101624313087876450e+00
1.174223603875518052e+00
2.655863032794890111e-01
4.898384182287296440e-01
5.189583953399321548e-01
6.832213512606101213e-01
1.790757936837475972e+00
3.063801453169898714e-01
-6.430601624772833702e-01
6.111310015368000004e-01
-1.484983489519515532e+00
1.769117556794029378e+00
-3.029525527093379078e-01
-1.182956652193505764e+00
-2.829219082306483335e-01
9.416384537843337510e-01
-1.528398549243086268e+00
-1.061334635727329667e+00
-2.523154886878773984e-01
-1.174947916876099452e+00
-6.334717874593484011e-01
6.567212490488448795e-01
7.881279690939700933e-01
-8.301168722798579758e-01
3.511576576201090871e-01
5.353454780530333412e-01
-4.110877431393557546e-01
