2.196931592165780045e-01
8.903316239883710681e-01
-8.878230873970343051e-01
-8.071450608101773394e-01
-1.276580316009232829e+00
5.646582763503871227e-02
7.132858031391891007e-01
-1.812460971720763148e+00
-4.169480472850009001e-01
-4.107707290839999192e-01
1.547565173964300822e+00
-4.209402939073252914e-01
-3.139109642149063295e-01
-1.458310481555528559e+00
-6.172217446116488038e-01
3.271372271568900314e-01
4.456193241197242139e-01
-1.125457253614422060e+00
2.749789024252913827e-01
-1.910950566946592599e-01
6.814921534525542057e-01
-3.191490677052427061e-01
-9.907514834125604741e-01
-3.478691361785035685e-01
-1.053275966230953653e+00
1.043870686437980561e-01
7.271838577645948209e-01
-6.963345828224015710e-01
5.816876276636387955e-01
4.566154441696969046e-01
3.316290863803202371e-01
-4.024862465516698684e-01
-2.118013516541264740e-01
-8.761739317040985187e-01
9.778386910217286010e-01
9.102742876121331372e-01
-1.339853523289336934e+00
7.190151291075834727e-01
-4.947210202920237498e-01
-2.442434804602957310e-01
1.062723237318681013e+00
-8.340258503170571158e-01
-5.657272721821453576e-01
1.089087815708165291e-01
-4.145956167164063962e-03
1.901389354934780729e-01
5.175468080624173739e-01
1.139543367189248091e+00
7.578153477490308376e-02
1.086444600844514302e-01
1.284500259178914305e+00
-4.141774022316969672e-01
-2.796148484330968076e-01
1.304450232429214429e+00
-7.834058465681402739e-01
-4.711737261258694409e-01
-7.809294494687314403e-01
-9.523625403742830287e-01
-3.195759112653167033e-01
-2.644563725883739003e-01
1.431358203176956501e+00
-6.246539731460680756e-01
1.904406372286272076e+00
-9.271096055794366686e-01
