-1.303707996595523610e+00
3.897986710547169387e-01
-1.962259429751889828e+00
-9.414763207278369350e-01
-2.339662029662610276e+00
7.826234555160622719e-01
-1.278558358502453141e+00
3.652675202936631060e-02
-1.814447363866549534e-01
7.516075820571864741e-01
-2.097285126764579233e-01
5.841261658275415103e-01
1.093311769179182491e+00
-2.479974614370692235e-02
8.668914909493850018e-01
-1.560991980551056590e+00
-5.264976610540504920e-01
-4.895893451250433737e-01
2.539135883904970747e-02
-4.243959454752616045e-01
4.522306453944692217e-01
3.761771329939188613e-01
-1.032807762156165987e+00
-6.552642354568100069e-01
9.373634067688705329e-01
1.137351527796116146e+00
-2.076099179092165403e-01
-1.261889295542459148e-02
1.050100160147436235e+00
-4.511095914318231093e-01
-4.509459486234013714e-01
1.066331711148880979e-01
-1.251769011776105556e+00
-1.644900157635414084e+00
9.089202648486579550e-01
-1.179998942591206745e+00
1.890210631614361425e+00
-2.417906995334984543e+00
-1.291944736540914240e-01
8.574558626021442365e-01
-7.758831487641614233e-01
-2.345983031319162304e+00
1.458192238468025981e-01
-1.272903740370187886e-01
1.638282897022289131e+00
-5.015792086190585808e-01
3.713376957330420947e-01
-8.936575599946821047e-01
-6.890109169997762351e-01
-5.774949533294052584e-01
4.341757809911667154e-01
-2.384254808886217880e+00
-6.169384212044224380e-01
3.814645468832748021e-01
1.953703109451006004e-01
3.331113158552707620e-01
2.243005943921304035e-01
8.102625673005366125e-02
1.646033006709505392e-02
2.276571163799521180e+00
2.458063199581324298e-02
-1.831262566488328081e-01
-1.060937268389247512e+00
-1.054513752124954795e+00
