1.892251155682188183e-04
7.325910167201996536e-04
1.777843605499583016e-04
6.170832551487977474e-04
1.534754309328197975e-03
1.753358901540713393e-03
1.865075148661716510e-03
1.961863839114526883e-03
1.919621160337914648e-03
2.039239778840263098e-03
2.271545634289418546e-03
2.654128564478514234e-03
3.372305635150111246e-03
3.999434726305570870e-03
4.548244475543795212e-03
4.969609220227612020e-03
5.166676999901415393e-03
5.028438736420291592e-03
4.971799855395754066e-03
5.125298440322076897e-03
5.160041604386691495e-03
5.809351673567214082e-03
6.416262293110775936e-03
7.433046381143932832e-03
7.351009668077207633e-03
7.444283707896281847e-03
7.403845323840860422e-03
7.038703544524056374e-03
7.061420365973630417e-03
7.065868527660221395e-03
7.087544394112146005e-03
7.687595051164020261e-03
8.089075808545018523e-03
8.668031407321084500e-03
9.264878495715628964e-03
9.092267305657014687e-03
9.175111599033846516e-03
8.968605329860971156e-03
8.969345656737763225e-03
8.582469496828403627e-03
9.524483006609711297e-03
1.004217000163881712e-02
1.036857776070803164e-02
1.079770719488966010e-02
1.113919006855527798e-02
1.165468029400047734e-02
1.194750635202743334e-02
1.182437430375610048e-02
1.249027927201997595e-02
1.308161608221376608e-02
1.323877709333151631e-02
1.397904407753936505e-02
1.499578417393243601e-02
1.520815047614713922e-02
1.574903037174757783e-02
1.666405794910508914e-02
1.710082966234134291e-02
1.781375026061844322e-02
1.832286971505397641e-02
1.873354439180318493e-02
1.944581410726060541e-02
2.000786535062379357e-02
2.077548755356376994e-02
2.177162243419525356e-02
2.196684623127923702e-02
2.353847857425478418e-02
2.402508623343814834e-02
2.407367992065733917e-02
2.489694589324759066e-02
2.562004231171936472e-02
2.628238362590944177e-02
2.798544226966869636e-02
2.857915239164834573e-02
2.865134527902256367e-02
2.970242148742449975e-02
3.097771690386135965e-02
3.164409044241432017e-02
3.214377212885077134e-02
3.285736059478833876e-02
3.372962946565807862e-02
3.465079173908051230e-02
3.561972684809785322e-02
3.659926779326148905e-02
3.792038862575745906e-02
3.859087865687341190e-02
3.919252351232119236e-02
4.047456160588443902e-02
4.120852784756357662e-02
4.242466677990865825e-02
4.344131197767554103e-02
4.402123476358090620e-02
4.470485327371233331e-02
4.536315179481086729e-02
4.646832300538625976e-02
4.740473194826703984e-02
4.813612659867165522e-02
4.990210107569388598e-02
5.025251761278560353e-02
5.065277073538991537e-02
5.219967391239016541e-02
5.204960636399227208e-02
5.411176856699376203e-02
5.435746500849502477e-02
5.590456710820351088e-02
5.669066804714815305e-02
5.667618335573772897e-02
5.828122680428908520e-02
5.868709706518319968e-02
5.934443178114232054e-02
6.137304428939668877e-02
6.147463435522370484e-02
6.239630716245071068e-02
6.387166802370057572e-02
6.513005482132359913e-02
6.574080306382530658e-02
6.609219974794262875e-02
6.797590597743788376e-02
6.902340773277348962e-02
6.956250444437578340e-02
7.050884859319600517e-02
7.092869312301615381e-02
7.175922136775141069e-02
7.316919830590469520e-02
7.365144063805374730e-02
7.522889140223110171e-02
7.647669998372991218e-02
7.684622564192707117e-02
7.751599633364625319e-02
7.828175904646164640e-02
7.993785402181947941e-02
8.043287236755690406e-02
8.109346302056422151e-02
8.236856393100815132e-02
8.276795707015273396e-02
8.356912712045544422e-02
8.538446132428163804e-02
8.601290303570117979e-02
8.720134106945967578e-02
8.809539284526181346e-02
8.802519833013548733e-02
8.924850926264676909e-02
9.014290576061440019e-02
9.102211373421245644e-02
9.305687554562093455e-02
9.322321908580764871e-02
9.447449206373600972e-02
9.490399521106962499e-02
9.644722674460788625e-02
9.671835217150960562e-02
9.798991264693181213e-02
9.817678202090047990e-02
1.006989717447726029e-01
1.007853493340493956e-01
1.007322838784931451e-01
1.032170500683287223e-01
1.029179181264739396e-01
1.039728971242603744e-01
1.050179115189391610e-01
1.062414772658965001e-01
1.073236311944306270e-01
1.078721556452055669e-01
1.088516847941391197e-01
1.091895078296826332e-01
1.103458481677177527e-01
1.109012586249074478e-01
1.120010343827537447e-01
1.138933585901149292e-01
1.143986494754958283e-01
1.146893041694577037e-01
1.151610359300092451e-01
1.164389048307584162e-01
1.176452112802260502e-01
1.181512705829644988e-01
1.188139850316914103e-01
1.203572228005939382e-01
1.207969242971327906e-01
1.212289826886995409e-01
1.226405743739375775e-01
1.237970594550938663e-01
1.244573531878375022e-01
1.254181953914431935e-01
1.262820414527471569e-01
1.264481538622305445e-01
1.271271528396858141e-01
1.279575717198149776e-01
1.292383349342497156e-01
1.305311941253074759e-01
1.315843992243884153e-01
1.324237088673641816e-01
1.331210022469751786e-01
1.334754862967890143e-01
1.340579752645413569e-01
1.351151538453859158e-01
1.362694674844718290e-01
1.368539527010616819e-01
1.376023901663879778e-01
1.387176925159236407e-01
1.398470985831840041e-01
1.402502616169290506e-01
1.413998165103877158e-01
1.422080526548366308e-01
1.424759729461231306e-01
1.434213725445957210e-01
1.443967967241725769e-01
1.457174913219300982e-01
1.460503802635309545e-01
1.467582522810775836e-01
1.477895003981001820e-01
1.493169539002920099e-01
1.490270201384091275e-01
1.496512136697960571e-01
1.507957625186897854e-01
1.515084871908536357e-01
1.522178899289801102e-01
1.530008500101037727e-01
1.540390509731701385e-01
1.544743236825067145e-01
1.561549692829409530e-01
1.568199120808851099e-01
1.571369297288568168e-01
1.580187256949357744e-01
1.592205889527142093e-01
1.594285046034628617e-01
1.602037449856358042e-01
1.611407371030622315e-01
1.614734960935471364e-01
1.619096415541073364e-01
1.634549759222815313e-01
1.643043124693282786e-01
1.651208002224330285e-01
1.655530834580145327e-01
1.659003921877112153e-01
1.673340002467159915e-01
1.680982237986427541e-01
1.686643209002812727e-01
1.698703860803290056e-01
1.702708683832288850e-01
1.708639003150942970e-01
1.712600983151999490e-01
1.723604945972365965e-01
1.743787298703171618e-01
1.735561559391026742e-01
1.744824877168011934e-01
1.755634525961944359e-01
1.764800561402124213e-01
1.774246121156393408e-01
1.775848220118809995e-01
1.779071929519766282e-01
1.792407175393374852e-01
1.802111794998767225e-01
1.800266611606591016e-01
1.808737918423580782e-01
1.821252213344414783e-01
1.831225845763017057e-01
1.831958422999538094e-01
1.841663576188717621e-01
