-2.147284281596000335e-02
-9.325678128211038753e-02
-4.555172383890562782e-02
1.024245016420700927e-01
1.905010300306703153e-01
-4.051927079852082891e-02
1.376590614782155150e-02
8.801025643549777178e-02
5.179491614132956945e-02
-3.507870643274946243e-02
8.400129383535884231e-02
-9.194111175158611871e-02
7.155790467558283130e-02
-7.270523317420045373e-02
-1.724879577420900326e-02
7.218866047700934346e-03
-8.829859603463381668e-02
1.318934103377930600e-01
4.277450430071909337e-02
7.022878371037827305e-02
5.320074112581713033e-02
5.828731626262716875e-02
1.396742806365487699e-01
-1.576124701958766527e-01
1.084527677268082302e-01
-1.580144157254871271e-02
-1.723162921790401952e-02
-6.810115161328041122e-02
-6.096939485538547393e-02
-1.090235091053642913e-01
1.347844252079963279e-01
-7.405108190676142933e-03
-8.187731917463068887e-02
-7.825836975918686045e-02
9.033119501282478592e-02
-8.060847839791812630e-02
-1.748816554871756301e-01
9.430963882476928184e-02
3.658265292326523185e-03
-1.179014747926951726e-02
-2.852139173056115196e-01
6.003467739034213518e-02
1.454923947370592718e-01
-3.229238355699504820e-02
-5.121117105488914856e-02
8.627139732480740286e-02
1.136266912781417476e-01
7.215667677513570855e-02
-8.829118485688527973e-02
3.824806388449571853e-02
-1.698821880401508652e-02
8.808582365160703975e-02
-2.142755569706244201e-01
-9.910492312936020065e-02
-1.131758688732456553e-01
1.354833673969697283e-01
-6.729617606983404055e-02
-4.172720168238459870e-02
-1.727520141648682395e-01
-1.637010699903617972e-01
-6.730286787783736069e-02
-5.546745503654421094e-02
-1.803855017733460298e-01
2.470124936083676892e-01
