-1.082746348132180986e-01
1.138116370631262753e-01
5.489599987583036050e-02
-1.065611788356922301e-01
1.902812733321692373e-01
2.063376722670989122e-02
-6.316579329794454190e-02
-6.240846403507182422e-02
-1.238167201169648873e-01
1.400457193235707387e-01
3.678648610885431464e-02
-2.719994351470371163e-01
-2.826732253660027908e-02
1.221470732200428816e-01
-2.919306564169295987e-02
-3.587362358999903605e-02
1.516404556177542162e-01
1.204597262523052492e-01
-8.283666252736256175e-02
-1.893774520658161181e-02
1.645228391362470871e-02
1.500322298881337224e-01
-8.635238567343178628e-02
-6.443072299496220567e-02
9.809384191159023492e-02
2.677761819896442436e-02
-6.267422985018691536e-03
2.142650911264627756e-01
1.179979463459641803e-01
-9.879966774280274366e-02
1.057081343980658672e-01
5.686523040498259879e-02
-1.650759980156856210e-01
1.375371413895271067e-01
7.051754617672491288e-02
6.417802709355829513e-03
-1.510180249581687395e-01
1.551237605850439294e-01
-9.936634401615779266e-02
-4.982185384185343346e-02
-2.452087594062902498e-01
1.448197580164889697e-01
1.005238721382041150e-01
-6.381081273606707682e-02
1.258703886404671235e-01
-1.364060789336058455e-01
-6.849724744158061651e-02
-8.014866927707223199e-02
-1.997716108070791974e-01
1.261722980031626806e-01
-3.408453783119420044e-01
7.115078768101601447e-02
2.815680267188151904e-03
-4.374586224168211523e-02
2.077222257409997233e-02
-3.064613200091510503e-01
-3.077771491827650460e-02
6.556158705492005911e-02
8.202540616767203807e-02
-9.096022584306462377e-02
-4.327865734807848433e-03
-7.515488249368483531e-02
1.436416233347321270e-01
2.790263788967940056e-02
