2.866659585822898260e-01
1.035079812727087489e+00
-3.044865028755192049e-01
8.351823227574661779e-01
3.592791840976042317e-01
2.436714598003912879e+00
4.286562383228286199e-01
-5.878452160129782333e-01
3.873834784923910757e-01
3.068191266016890295e-01
-3.048555505696772250e-01
6.134838601689652782e-01
-8.690131000049982068e-01
-4.643276062799713833e-01
-1.092700085706403756e+00
5.297110315661317514e-01
4.587678560891783053e-01
-2.282116804212861172e-01
-5.189995120841900400e-01
-6.684691547281332857e-01
-1.348422426583678169e+00
-1.067351294354751401e+00
-3.682159296427642975e-02
-2.309660781225996717e-01
3.459124354666921752e-02
-4.089624029257908910e-01
8.401337949082524625e-01
1.037536413389360090e+00
8.779491944628787792e-01
-3.838454402116204811e-01
2.964113027109013809e-01
-2.050970141774977051e-01
-6.392607086202106714e-01
-1.082694009155705128e+00
-1.443627625637926126e+00
2.115591294873034323e-01
3.681102059424367079e-01
-6.498855783180372547e-02
6.390743956251022651e-01
3.608409205067887870e-01
-2.250213236677353901e-01
-5.827973242945267973e-01
-1.424789731811539228e+00
1.230106227929358420e+00
8.984015155979487854e-01
-2.118191883962374233e-01
-6.697174023984953095e-01
-8.158429863091203327e-01
-3.952372877876290658e-01
2.784472023651846442e-02
-7.471967458368605763e-01
2.553714707247849991e-01
3.574287802008586090e-01
6.526461734191434105e-04
7.204536793551005180e-01
-1.856553386791066906e-01
-1.645932110273698734e-01
-1.763141890043869564e+00
6.911357505936873702e-01
-1.111441826817497258e+00
1.810373055480781757e+00
-1.565857827000753100e-01
-7.745301153654056137e-01
-5.041663101627618104e-01
