1.821167536247917385e-01
-1.099552675357391152e-01
1.148862654523423038e-01
-1.068462154044053924e-01
-1.003984519175774894e-02
3.217658502868016995e-02
9.706879271682752885e-02
-1.014642550246805386e-01
-1.772972414389956466e-02
5.883382131137043433e-03
-1.665051175478240164e-01
-1.402415802816618373e-01
-9.811334828337807401e-02
-1.901612216055223112e-02
6.339393215320744679e-02
9.553968960474781835e-02
-2.256752539154998349e-01
-1.134924903830129145e-01
8.251753041125092780e-02
-7.480999447839872807e-02
-1.379531306381862887e-01
-1.078825587885979403e-01
7.041971248436813824e-02
1.731998395319453155e-01
-2.314522275021730149e-02
2.887969385514924103e-01
1.150208531687037794e-01
-3.086449017855018989e-02
4.848000817071653618e-02
-9.968588225120421017e-03
3.813630776430087521e-01
-1.069606740940751838e-02
5.871879008574499431e-02
-2.498488295521726910e-01
-9.735278898528405833e-02
3.115415796767471296e-02
-6.748924848977397306e-02
-8.182031271899053992e-02
-3.429034318732075703e-02
2.578008631755379296e-02
1.092097926036296879e-01
-5.927924023776721257e-02
1.245040978653419034e-01
-5.325778942115692513e-03
-5.069701038908066421e-02
4.684431564181027602e-02
-4.212943571372195634e-02
2.154362600028826916e-02
2.970653304183821109e-03
-2.260365436972024411e-01
-6.530868438344833438e-02
1.840499025853251369e-01
9.920383533565883816e-02
-1.903426645031017772e-01
-3.258413611213479503e-03
1.104124859580487977e-01
1.706134575059020317e-02
-6.168433755970074289e-02
1.020171933115852740e-02
-9.347091492078402064e-02
7.512230561145721852e-02
-7.084104102148154614e-02
7.173713118775848496e-02
-6.613521122727096524e-02
