-6.121378084894969485e-01
-1.683384705623648669e-01
1.023005243113775109e-01
-3.824993795079822956e-01
4.557272826008056388e-01
-7.647114547845865196e-02
-7.418585147547647196e-01
7.756619459879775524e-01
1.198125577773859307e+00
4.322250251650714414e-01
6.335212639522110889e-01
4.519295511126810161e-01
-2.723957384212278288e-01
7.055783070020968939e-01
3.694556769882724190e-01
2.209142302111565259e-01
-4.375300295746182844e-01
-2.777676510538746452e-02
-2.824464833531384889e-01
-7.353203127142315942e-01
2.238997658628115450e-01
4.448090343519038870e-01
2.938750174200484011e-01
-1.675271367250154853e-01
7.799162962294343970e-02
8.539853609032692638e-01
-2.582560678167012402e-01
-2.814462276173390065e-01
-8.276979105478814436e-01
-2.148875211527133400e-01
6.715766625833984038e-02
6.073275425637962854e-01
-1.121610190705471244e-01
-6.110095381083197053e-02
-3.326425288508229605e-01
-3.796996503768783060e-01
-9.332079819548687594e-01
-1.032297965250461136e+00
-2.911505650234821330e-01
-8.394580675436310591e-01
8.486238007712807452e-01
-3.398711195675542807e-01
2.614360973395378762e-01
-6.768544762044840235e-01
1.060748348960684151e+00
8.298222874837193341e-01
-4.725623303704790112e-01
-2.329252881622137158e-02
-4.952641951076034998e-01
6.177849219023681115e-01
-5.948420813754230485e-01
-3.043104380400647457e-01
-1.024817161744752569e+00
-3.734524790754228940e-01
-1.862343282939487310e-01
1.183699624016016083e-01
-4.255412071747844971e-01
8.103796489885788379e-01
-2.675968423980765176e-01
-6.550929172059801742e-01
-4.286281545722291919e-01
-2.749034722483197357e-01
7.883859998245159595e-01
-8.165442569126646344e-01
