-2.058213548073444532e-01
9.165705542752433654e-02
-4.636136815620012785e-01
9.334557711811234393e-01
-3.849539085699617558e-01
1.061814385710320607e+00
-4.486601263613402835e-01
1.490000548688841242e-01
2.049363682344780280e-01
-6.165974122645857536e-01
-3.838454234960911871e-01
3.366897190067785206e-01
-5.069087513387831451e-02
-1.087284495412700780e+00
1.925174736562128563e-01
1.027086771384806974e-01
3.412461809984359551e-01
6.000620692512814019e-02
7.803191100893548393e-01
9.758515923241249945e-01
7.419186278865518291e-01
-1.509258419312907162e-01
-1.297731413992598171e+00
-5.973830352600333349e-01
-1.601146709703662185e-01
8.717615952309775151e-01
1.064742062512256775e-02
1.785122946802821797e-01
-6.301749779199526946e-01
-2.703939031572378249e-01
-4.738991788377287795e-02
-2.407171411452068144e-01
7.318784316739851414e-01
4.614125433501889417e-02
-4.281672913605619191e-01
3.209812481665701434e-01
-7.448197911591383225e-01
-1.086580652015834841e-01
8.317530273023239218e-01
-8.404175106047518939e-01
-6.739179430575067409e-01
-1.728143962349597551e-01
-1.146193835211414408e-01
-3.394312922597400584e-01
3.055790254716611587e-01
5.940115693411276293e-02
6.352543176890274035e-02
2.424669116653964118e-01
-1.095871153149242661e+00
2.205699432818922917e-02
-4.380331442868654057e-01
-6.195948832272578366e-02
-2.609246374563655713e-01
1.141928592950681443e-01
-9.608647798901462367e-02
-3.739484246301615356e-01
-7.106644057732015574e-01
5.529261904038865749e-01
-6.007417469822895484e-01
1.566143680609325683e-01
4.958089571731906786e-01
-4.522146647560573163e-01
4.647187020688212655e-01
-2.558169226060604262e-01
