1.292605110834720581e-03
4.021613901581635314e-02
2.355305107940247264e-02
-6.032215276097951939e-02
4.938085708310995837e-03
2.831254100603845456e-02
1.551307640639345772e-02
-7.091618137374737507e-02
-3.136031895845702716e-02
4.203251289608640057e-02
-9.328542122886173890e-03
-5.808224990432940375e-03
-3.508337024096992718e-02
1.702258566180387192e-02
4.734463388099274458e-03
-1.070868536015645404e-02
-4.440143177200280011e-02
1.705439883957191732e-02
-3.664591733298308562e-02
-6.248423957484843666e-02
1.413543606261772299e-02
-3.006069443388537446e-02
-2.764273486463831100e-02
-2.124750667199051118e-02
1.231147440095168135e-03
8.612570042927839009e-02
-6.439567923309243158e-02
2.807696337871918527e-03
1.245714360604986692e-02
-3.975341955157688650e-02
-6.247736694092725224e-02
4.183411952892162472e-02
-4.128268409085357644e-03
5.031240311645818891e-02
3.847591182263102733e-02
-3.105427902306919646e-02
7.036942343880718542e-02
7.238321180711494718e-02
4.460305580225436967e-02
-6.384070527976735965e-02
3.938147589944681476e-02
-5.481005303127137185e-02
8.155494020997113014e-02
-4.072986434444843262e-02
1.288785978514329911e-02
-4.147843503099760132e-02
7.304795160561794974e-03
-9.523254577110420310e-03
8.286930881183876552e-02
-8.860763545292598201e-03
-1.540653665434055198e-03
-5.620412446513477212e-02
7.127010706094599919e-03
1.810730380867483363e-02
-1.927042345826735642e-02
-5.450058465986253736e-02
-2.772006143223445726e-02
7.228602839542375147e-02
6.134131121059164561e-03
-3.410919581764053354e-02
8.464117640979880453e-03
-1.510634060670977032e-02
2.644492211284527224e-03
-6.717775183729865138e-03
