7.250900248060234698e-01
1.090710150593654282e+00
-3.814606299185566152e-01
-7.906218624548443097e-02
2.183718829436968045e-01
7.452027808975629775e-01
5.024965302543740742e-02
-6.452430648064393370e-01
7.088649295753631785e-01
6.836744114922282956e-01
-6.937147387972750767e-01
9.950443001019526612e-01
-1.427494523236554125e+00
6.518283431636843206e-01
1.278510583776758969e+00
-2.424857998595985054e-01
6.128719368596242667e-01
-1.498483437234570392e-01
3.434888296913984895e-02
1.296075474376043646e+00
1.272966257911158028e+00
1.729690257210592552e+00
-5.449813219712710266e-01
1.056774117589130757e+00
-1.132780070978497644e+00
8.632886799095462749e-02
1.693444284256652166e-01
-6.884119016810997804e-01
-6.099081056769493081e-01
7.221938534550840227e-01
-1.792132238902065244e-01
3.939475712794697770e-01
2.201117377258745567e+00
-9.490550776239131681e-01
1.009463137436307445e+00
-1.576616442684139197e-01
-1.111236441848040268e+00
1.506161863693008252e-01
9.926618383625415154e-01
6.394100033040212017e-01
2.809960608300802187e-01
-1.971579702417675106e-01
-1.227232012395424454e-01
-8.598454640888757161e-02
4.700692239168314801e-01
-2.209583909462312090e-01
2.093904998192693823e-01
-2.014240146142857457e-01
-1.267725494226391303e-01
8.336289564039551792e-01
8.404488778108148983e-01
7.635159828798514237e-02
-4.524310710923326595e-01
8.145750726355129867e-01
-6.444978582146132506e-01
-5.502751583147496017e-01
-5.473774107299425040e-01
-7.969280178670674619e-01
-9.178599395944063710e-01
1.295848598186857492e+00
-1.131735377631965855e+00
-7.972141101976123467e-01
-4.179062451443444903e-01
-1.408634189521243529e+00
