-7.466983590942821714e-01
-1.380523539113467091e-01
-3.226722080561814088e-01
-6.741749827563829900e-01
-4.145862271103888941e-01
-1.045572838155773565e-01
1.828628517578024248e-01
-2.362314340349888075e-01
-7.318724743742904826e-02
5.629047662982953129e-03
1.815152727915978204e-01
5.258839885297431627e-01
-1.964551720953280345e-01
-6.203857790290289165e-01
-1.913114426465349349e-01
1.504058850177097395e-01
-7.315651824730172725e-01
-6.466950524189660765e-01
-9.772980964845409679e-02
-6.904649515870509013e-01
-1.791297890051469777e-01
4.696022161396248840e-02
7.533148389048386351e-01
-9.590645292305760572e-01
-1.523368536453333921e-01
-8.439547379993437293e-01
1.448986533819174582e-01
-2.515276292442256145e-01
-2.082240808243803476e-01
4.587891099239179149e-01
-6.538036939854775520e-01
-7.737513519854992694e-01
9.692841675477208152e-02
-1.996675354386942269e-01
3.697293007469909520e-01
2.048924478735915378e-01
-1.258555726996845037e-01
-6.773783134073931012e-02
1.345451081937978910e-01
-3.573139803233408296e-01
-3.862268269592889491e-01
1.866804299384210719e-01
-1.992131774305561653e-01
-2.908463513425245117e-01
-5.816936848906573143e-01
2.849732722041927180e-01
-3.952689495097180816e-01
-8.515455444321289036e-02
1.398671541357169312e-01
5.632953358805440347e-01
-9.341135796844834971e-01
4.044208600492276706e-01
-8.253061063152543619e-01
-8.078814868768605661e-01
-5.718612380158644148e-01
-7.538192241016816730e-01
7.416310768296860423e-02
2.225803558362942081e-01
-7.154230757989604728e-01
-4.898147924452956881e-01
-3.032593611545891243e-01
-5.973824889770552593e-01
1.362624856888000058e-01
-1.007395577966911926e+00
