7.700220513671237610e-01
-1.921592777035730504e-01
-1.175396238876312172e+00
-7.638026266949736742e-01
1.899683093485178553e-01
-7.344920465966894851e-02
-1.624704116917696228e-01
5.643217972639451574e-01
6.521825364742883657e-01
-3.861386348512553801e-01
-1.511617031020133117e+00
1.572428344936332642e-02
4.337391803628372622e-01
-5.729143804146026309e-01
8.882107149957891856e-01
-1.328166498622504188e-01
6.788518387476026872e-01
-8.912585421072732883e-02
2.649868431907131949e-01
-1.977208261551848256e-01
-1.402630381167736529e+00
-1.501251318315982575e+00
-4.429387511828814517e-01
-2.535524963006414167e-01
4.468751150512971226e-01
1.043328896996536803e-01
-6.713656119636194353e-01
4.630642190262024838e-01
2.901758390352572881e-01
-1.509536792564617202e-01
-6.496849678552251151e-01
2.797622600487616462e-01
-9.194809892937428897e-01
5.430610588671286321e-01
5.662308135902457407e-01
1.284802883580297816e+00
7.185573711904995609e-01
-3.346931105286154451e-01
2.990896538569124408e-01
-1.153728310060109508e-01
-5.419853962094293154e-01
-1.183233539561220349e+00
-6.220443272399603929e-01
-7.065864850994793001e-01
1.917623806766668160e-01
1.228286739688131679e-01
-1.139805818094618006e+00
8.168682638094941773e-01
-2.239019747440974262e-01
6.847379237251302042e-01
2.093735410240501194e-01
-7.349533006987173378e-01
8.460111532535078416e-01
1.002229235311920874e+00
-2.138053127480235294e-01
-4.144394522929514824e-01
9.280398571969886712e-01
-3.324002665369409915e-01
4.822932010209268205e-01
-4.734732906696553778e-01
-4.173604468694951386e-01
-2.875992614616476595e-01
-2.436774298363320046e-01
-1.429925415528194299e-01
