2.093337660092765135e-04
5.502136381186039900e-04
6.226824413560858463e-04
1.647639474060508735e-03
3.103886138772462850e-03
4.001533173371007480e-03
4.816606861348022607e-03
5.581955630001681455e-03
6.556707472971953429e-03
7.625100136377284572e-03
8.610863909892112894e-03
9.607389499930287305e-03
1.125249333156165196e-02
1.240867629770866717e-02
1.381757497911884243e-02
1.500666520685285839e-02
1.598769416383241659e-02
1.635102375785781048e-02
1.685911485436739424e-02
1.751087557003934772e-02
1.748746664681010213e-02
1.880895750854437790e-02
1.981801043805017301e-02
2.229039645449937268e-02
2.237786613751541892e-02
2.277935883659186478e-02
2.292061332097569681e-02
2.238103211297241477e-02
2.231418222922371478e-02
2.257665442307870904e-02
2.264124339350266982e-02
2.399988199106656284e-02
2.463344419621349077e-02
2.528391726388172153e-02
2.618773217180551255e-02
2.615821440178660653e-02
2.673924681343390133e-02
2.622005800594770855e-02
2.599801701210557522e-02
2.636175274498451376e-02
2.775520441305846797e-02
2.759809932581522643e-02
2.854804542909409812e-02
2.931781689765463814e-02
2.976679667348543223e-02
3.085318079686008574e-02
3.182331958458770732e-02
3.099223775725682556e-02
3.159339318592992857e-02
3.263904786170662015e-02
3.320681147826975294e-02
3.432717747737949743e-02
3.526768116234554190e-02
3.600348722147044683e-02
3.673763637613273320e-02
3.803752489712142193e-02
3.845262458615045231e-02
3.920737781947107592e-02
3.989013962823907689e-02
4.094805894738814955e-02
4.156420304620957185e-02
4.298113034122528348e-02
4.452480971348306282e-02
4.505123525641487742e-02
4.605375358637430611e-02
4.663321903156932013e-02
4.764459069722911527e-02
4.943260541530487828e-02
4.987538408013967445e-02
5.001883695081230097e-02
5.095698938932650968e-02
5.210755640494683233e-02
5.339465412164079439e-02
5.526753914498027526e-02
5.547447329983339059e-02
5.631253937325140374e-02
5.729025277810500388e-02
5.809600330152475678e-02
5.934359093937494750e-02
5.987116434701651030e-02
5.963870475264704263e-02
6.177845698431951027e-02
6.276027748231259584e-02
6.360407212270473287e-02
6.518360297560596428e-02
6.549165034393585050e-02
6.605294261327561423e-02
6.767841753864120569e-02
6.789012965104475328e-02
6.970240342359683428e-02
7.164741573426539056e-02
7.178843760666474283e-02
7.312827088353682226e-02
7.272458241727938755e-02
7.451325938702677010e-02
7.401575514294503333e-02
7.576669187972955022e-02
7.624397938126904750e-02
7.795815899712146835e-02
7.844738021953598373e-02
8.090691905045892252e-02
8.053679848428804688e-02
8.162441828139280209e-02
8.187631466249262191e-02
8.240011463846189099e-02
8.373217610028027558e-02
8.358971112611317256e-02
8.691834717714284897e-02
8.684617618610100676e-02
8.753466139585436290e-02
8.730377870518216121e-02
8.892604494856942710e-02
8.959489006309045989e-02
9.033861932266788741e-02
8.929860683017118439e-02
9.207220114130995614e-02
9.320512946142067712e-02
9.289184959761555282e-02
9.391950291045619847e-02
9.430357638561144562e-02
9.481821427427802873e-02
9.580134090637326683e-02
9.801210108135315069e-02
9.788595489980782272e-02
9.843377222156547701e-02
9.859174471515147475e-02
9.847121319738645628e-02
1.003307727462554449e-01
1.000677750578427422e-01
1.001882547696152370e-01
1.024134974485449434e-01
1.030120158000704389e-01
1.024294622920137177e-01
1.035909965691469564e-01
1.042928507352412631e-01
1.051648653256768151e-01
1.045227482892185644e-01
1.052501749316911983e-01
1.062289292297641241e-01
1.069124387913879121e-01
1.072753298571983149e-01
1.077997772890777611e-01
1.088299797501756372e-01
1.087700260728215462e-01
1.088482388461134431e-01
1.086506298776690610e-01
1.098025831455459039e-01
1.099091289687449402e-01
1.101625003232804545e-01
1.096685898233568240e-01
1.110745679177185252e-01
1.113380573283082181e-01
1.128771292714861874e-01
1.138859748241357467e-01
1.137557916044402012e-01
1.134368247103741539e-01
1.135143638305995684e-01
1.136822004334580860e-01
1.131967579264735180e-01
1.143747032569579353e-01
1.147983595901649889e-01
1.153263845540449667e-01
1.162791270824090201e-01
1.156493892653242817e-01
1.158512244642043720e-01
1.162067586498112537e-01
1.158746958448491210e-01
1.167211931909508255e-01
1.176240811460562558e-01
1.178045843721529790e-01
1.173572706629856244e-01
1.173257301537916769e-01
1.173845231463629679e-01
1.184732585226196816e-01
1.183103822523917659e-01
1.179814146792900476e-01
1.188974519703960842e-01
1.194123987948358806e-01
1.200595642424493598e-01
1.194264119631847920e-01
1.204462551887801880e-01
1.203457634689811123e-01
1.195938860930189501e-01
1.208499430356163029e-01
1.203941657765960627e-01
1.204424001579171427e-01
1.208696183575628386e-01
1.209362204942304037e-01
1.204786977582774088e-01
1.210482520928868738e-01
1.209998754815844874e-01
1.216355740570002480e-01
1.215031603453097797e-01
1.225444450239148581e-01
1.222867728293824119e-01
1.219191537870548403e-01
1.224121346437275354e-01
1.222771015039922499e-01
1.221372639494517076e-01
1.218962389627162579e-01
1.222609057279315375e-01
1.228645745679002727e-01
1.227705237019639795e-01
1.224274292498022942e-01
1.224772675625322438e-01
1.224405310618197490e-01
1.226785860061810618e-01
1.239084930053796774e-01
1.232964777872844198e-01
1.232949340477716149e-01
1.227241391397099063e-01
1.235485953702579465e-01
1.229995815051683622e-01
1.223497877309170784e-01
1.229608526117485917e-01
1.233094882339389325e-01
1.232910486534442712e-01
1.230227649182274730e-01
1.230444783707254491e-01
1.233227471448782170e-01
1.232186839747030638e-01
1.229408369137511142e-01
1.225191953353926416e-01
1.226554794909661822e-01
1.224309778820388411e-01
1.227797568293279712e-01
1.219443419389516087e-01
1.226980269388392303e-01
1.222713961897406443e-01
1.219286447936424184e-01
1.232332249667317942e-01
1.231055556892518138e-01
1.225220344988945387e-01
1.219064074946344112e-01
1.221765704574523798e-01
1.225874252989612723e-01
1.221553202370454783e-01
1.216078209983051800e-01
1.218083774189098467e-01
1.218422640498398324e-01
1.218616663843498094e-01
1.214087053785938008e-01
1.219523991078241554e-01
1.208490269472677070e-01
1.207752553850787863e-01
1.214187749081978990e-01
1.209922646243322270e-01
1.208623365208187223e-01
1.202406492923972225e-01
1.204937763231291176e-01
1.205419811278581471e-01
1.205826544077829299e-01
1.207231051269022776e-01
1.200951240873289333e-01
1.200130172317139671e-01
1.193553260305822983e-01
1.196978737129615472e-01
1.192333156849739034e-01
1.194586408240096986e-01
1.194434535335428260e-01
1.191502353103505163e-01
1.192192755411200650e-01
1.192194945180697907e-01
1.192666271668520878e-01
1.186966549380345237e-01
1.186948735855526266e-01
1.186095515612528156e-01
1.180817975466348507e-01
1.181757781105728794e-01
1.181229478764707075e-01
1.175369395538086587e-01
1.173159975284297357e-01
1.172460942586951715e-01
1.175566235585792929e-01
1.172000323899829721e-01
1.169845948809308256e-01
1.167480825031956410e-01
1.163634405773766034e-01
1.161154679668708473e-01
1.164933107589416206e-01
1.163361534029075939e-01
1.157491120983619726e-01
1.152306572882482172e-01
1.157309693676599333e-01
1.153491340587618347e-01
1.151222926869864271e-01
1.146546971489566386e-01
1.147995497423017763e-01
1.145543353285815441e-01
1.140753671921690277e-01
1.141394779062961801e-01
1.140395482051004966e-01
1.139696281216510815e-01
1.136236052449108025e-01
1.132052461917886915e-01
1.133123586776019626e-01
1.131250159639085595e-01
1.126008149891280369e-01
1.124764464523275859e-01
1.129588023857754642e-01
1.128444437457439276e-01
1.122670649501214951e-01
1.117201936726379963e-01
1.117016154997197280e-01
1.110983386386068528e-01
1.109138915074956988e-01
1.113612326499417160e-01
1.111815107871963471e-01
1.108715933301065437e-01
1.107224837928600658e-01
1.104569428498505534e-01
1.100179184178646657e-01
1.098644332286467101e-01
1.099530682283399036e-01
1.097872641466809129e-01
1.090861449036019115e-01
1.089086256299329758e-01
1.088678662735837188e-01
1.086556367476879115e-01
1.082408211703669715e-01
1.084231960183997534e-01
1.080247348503106386e-01
1.077675652886916496e-01
1.073988855431193684e-01
1.077066100501691964e-01
1.075189450289722459e-01
1.066939573961672577e-01
1.065139280701251773e-01
1.067849647888047260e-01
1.064698015932424996e-01
1.060786389978435745e-01
1.057597621455297482e-01
1.060893645161414128e-01
1.057906579990921803e-01
1.050987603495217165e-01
1.050672953928859787e-01
1.052869289762437127e-01
1.048572569688070444e-01
1.046929675603716636e-01
1.045796980501740997e-01
1.042540284365715275e-01
1.038657765654487225e-01
1.038300807488282129e-01
1.037387493438378383e-01
1.036333893720947780e-01
1.031832862163514636e-01
1.028997398589331924e-01
1.023896653501794735e-01
1.022550742644505878e-01
1.024160269914479171e-01
1.020651455443280786e-01
1.019347538168733358e-01
1.018299536035892766e-01
1.017729313442981981e-01
1.018066784147331205e-01
1.016183637934015421e-01
1.009986485551495200e-01
1.007276749816645861e-01
1.004272176482282480e-01
1.006365381123964092e-01
1.006880795860169708e-01
1.004701477117114633e-01
9.979963504832060905e-02
9.968652806034079827e-02
9.944089822350427044e-02
9.952430988168110837e-02
9.925763767406921290e-02
9.927112248137391626e-02
9.867781973883250901e-02
9.868908221952808757e-02
9.829846418381928130e-02
9.808739740563511555e-02
9.793320546055238329e-02
9.776012696042393757e-02
9.780328987897717041e-02
9.760839777072954915e-02
9.748833907640487573e-02
9.723363680134132492e-02
9.725538868726076036e-02
9.708606263261752856e-02
9.652625967699302034e-02
9.642784772063271725e-02
9.625403344460223276e-02
9.605940685965874692e-02
9.617895226427169986e-02
9.598091952147370931e-02
9.557567080675410942e-02
9.557884590390203217e-02
9.542831106132888819e-02
9.531338449380637179e-02
9.497317876758706867e-02
9.480739074516400522e-02
9.466162800313102088e-02
9.456918924492109524e-02
9.460139813865948988e-02
9.440480187258838696e-02
9.395132072807536872e-02
9.380137762387434630e-02
9.392993894268776567e-02
9.367807102887121262e-02
9.329121754108579689e-02
9.322012487982191120e-02
9.315006992481775216e-02
9.308963848051378387e-02
9.295595766665283588e-02
9.269836707713433044e-02
9.255081348267475694e-02
9.234939908378286821e-02
9.243615248542910723e-02
9.227098127760623159e-02
9.197477399016915078e-02
9.203348186923709928e-02
9.179590036945907416e-02
9.175262162621919404e-02
9.161101039493768639e-02
9.161522976238511973e-02
9.140986505911603832e-02
9.126359689111390727e-02
9.116302690369085249e-02
9.102374753476494273e-02
9.092038106270686204e-02
9.066657018215247554e-02
9.057519473149729106e-02
9.033360902718849672e-02
9.023881229347341382e-02
9.008238103844672107e-02
9.010196740894141354e-02
9.011416704165021996e-02
8.987490077431914415e-02
8.961145431845243814e-02
8.962607082661301627e-02
8.944191767383483094e-02
8.933308036108124350e-02
8.932677623147722290e-02
8.928133056536581569e-02
8.907275184360195774e-02
8.886878145888561786e-02
8.883205173533424703e-02
8.865911510455526390e-02
8.878837284557376808e-02
8.855966743219410853e-02
8.860030633179012682e-02
8.836666739890235156e-02
8.843281578695739997e-02
8.821055004061742477e-02
8.814456186992568332e-02
8.796434428548959017e-02
8.781107142159340351e-02
8.780500926223536173e-02
8.772836029120410772e-02
8.776343679419254529e-02
8.759811218572928493e-02
8.734800309499281268e-02
8.747075160803627347e-02
8.708789748215567394e-02
8.717830374016895256e-02
8.718515407937829642e-02
8.727461260480574856e-02
8.708271934278136173e-02
8.675995911404342509e-02
8.670829100562738034e-02
8.676084545247374213e-02
8.672905798324513638e-02
8.674723964603817117e-02
8.676861418836451234e-02
8.661196439919276180e-02
8.651720764329504099e-02
8.638286376529361044e-02
8.637559294743384075e-02
8.634482241459555396e-02
8.620678783167969039e-02
8.607659801036478264e-02
8.602696765364796494e-02
8.600737059290135267e-02
8.609013764306419625e-02
8.596157068413448621e-02
8.586496709429922158e-02
8.572751236602997593e-02
8.560573289530026830e-02
8.565209699117733166e-02
8.554222448885241692e-02
8.559877569640307604e-02
8.576191518350199938e-02
8.562116861341344254e-02
8.564027546277158676e-02
8.554111579061607351e-02
8.545188757782408440e-02
8.543364070704541346e-02
8.544914319676945313e-02
8.531763335586141361e-02
8.545335277641005756e-02
8.521857841865178307e-02
8.519311662989213774e-02
8.521105820915401974e-02
8.521657829972154041e-02
8.508066590414915809e-02
8.515981723880797216e-02
8.519034909540329492e-02
8.496336048481401004e-02
8.506627018369415649e-02
8.497207436424894511e-02
8.492841270880252535e-02
8.489760177239756567e-02
8.488561050922208140e-02
8.478933930090443161e-02
8.480509237505591547e-02
8.494238549412121142e-02
8.478024315094027930e-02
8.489519040365416103e-02
8.475177568975995890e-02
8.471725094271277678e-02
8.467364805812935269e-02
