-1.975907880613169132e-01
-9.995381800461337063e-01
-8.110864042925086670e-01
-3.153076392211872081e-01
-3.373331139040484095e-01
-1.182421143827067263e-02
1.083337764823700915e-02
-1.070516113503192923e-01
5.251104574923054491e-01
-5.941618338602302485e-01
1.498942271241942459e+00
-4.156769595800078876e-01
5.865472057955195551e-01
-2.579772436669749980e-01
-6.111170972240220767e-02
4.881873609804580072e-01
1.255908560224755222e-01
5.056231592238574768e-02
4.639301941763624981e-01
2.923607019055200484e-01
-5.440946890634867916e-01
-7.311981924053961857e-01
1.668150088869097825e-01
-6.771709840306997519e-01
-1.141563126476100143e+00
3.974069906248474671e-01
7.075251259436724505e-01
3.293916464720867410e-01
-3.806798622273924182e-01
-2.723827062872959948e-01
-1.360774615261035159e+00
-9.754122139317209506e-01
8.030172885308074493e-01
6.856054000377115321e-01
-1.589883836283474683e-01
-6.231702394660348920e-01
5.087407745217011890e-01
3.406901615276227702e-01
4.521023244661648843e-01
-1.713762324905969914e+00
-4.521267606017712604e-01
-9.918428583887064498e-01
1.181206596617052185e+00
5.440667690782581278e-01
2.442131994951115270e-01
1.472868080091995324e+00
-1.426614595909315497e+00
-6.702657351123403329e-02
-4.529178764453542505e-01
-4.318488188320853127e-01
4.318086687928942013e-01
7.064542106688359580e-01
-1.977842132708116374e-01
-4.457262371265079404e-01
-4.410242650393234043e-01
-1.567712126442761589e+00
-3.544421808572802979e-01
-7.109247602364437979e-01
1.412330594076006696e-01
-4.093932279822028453e-01
-2.548459884049025237e-01
5.675949373253295072e-01
2.018468888136330186e+00
1.186049747246683772e+00
