-5.070681194701944783e-01
-3.567286873495910393e-02
-6.218178807167449307e-01
6.075567101244623291e-01
1.370200636113646786e-01
5.721523213462682556e-01
-1.337138232580057928e-01
-6.827459748249363747e-01
2.102605684914367334e-02
1.500603853318883962e-01
-5.528490538278747479e-01
5.144636904110793107e-01
4.712144905087841673e-01
3.813769637271057639e-02
-2.336664253338354702e-01
2.427297115771726022e-01
4.098782237265118922e-01
-1.069646250701065393e-01
-5.004722102795902128e-01
4.744861776762359651e-01
7.176246692279514283e-01
1.122499942003954088e+00
3.042817930895594727e-02
2.427702921708539685e-01
2.698843707394050218e-01
8.520124496914293077e-01
1.750074983373947901e-01
2.862085221655716882e-01
-8.339024503075265216e-01
4.119632549180889947e-01
5.489194186422891031e-02
-2.769494171976406571e-01
-2.493644535801950168e-01
-4.173641896841288612e-01
-8.302750703440005264e-02
5.270373674099861905e-01
7.688491943719467925e-02
-7.024070241241786583e-01
-7.072403298159102292e-01
5.343075874557031701e-01
-8.782234180438073246e-01
-4.232722067556953238e-01
9.195159806613136810e-01
1.087723079456785064e-01
-8.761364182238710885e-02
1.364296387371369268e-01
2.798156781509734126e-01
-4.538635884798561393e-01
6.303253307953347040e-01
2.782309896022069351e-01
3.248538803165282318e-02
6.744073970349161451e-01
3.721540003553668874e-01
3.186954556928819904e-01
4.303542027668419423e-02
1.212235438187074132e+00
-9.994955834876582956e-02
-1.304664129663735683e-01
1.438132559445257364e-01
9.718263157477522451e-01
9.276272283526183771e-05
-1.125331564338790530e-01
-4.668442227565320346e-01
4.238078565911960333e-02
