1.434408147815702292e-16
4.642952688982404684e-15
-1.592850851217519917e-15
1.916800052015332830e-15
8.727740752334511932e-16
-6.712963518396009006e-16
3.582689700465380010e-16
-1.643130076445231598e-17
2.490507799990382618e-16
-9.037770531961086155e-16
-2.880473637389968676e-16
-6.722677969861479165e-16
-2.592925874012053246e-16
-3.135269821541441897e-16
1.033617635926020794e-16
-1.114663916723657171e-16
-1.002531391236516384e-16
-2.986499936241671281e-17
-4.085620730620576000e-17
4.392042285417119231e-16
-6.135092434078614821e-16
6.407097075111778292e-16
-1.580513497856372924e-15
-2.391420395042587093e-16
-3.485212118903291352e-15
-9.336975637097566170e-17
-2.043365476822600739e-15
6.242784067467255471e-16
1.740385613402395410e-15
-2.453037772909283250e-15
3.594902153736256866e-16
1.561528684135282619e-15
-2.272626531407695312e-15
2.362776641007258152e-15
2.197131365733184699e-15
-7.900347043232613563e-16
1.093125590045929139e-15
-4.215738869106644560e-15
-4.229949723821846577e-15
-5.172529071728604700e-15
7.964073844846097334e-15
-1.963762485956976759e-15
-3.912647983383976383e-15
9.214851104388798842e-17
6.930234164315151828e-15
-2.401634446869138789e-15
-4.333866598926761223e-15
-1.043387598542722082e-15
4.327871394593785150e-15
4.738875958310017899e-15
5.312861262041224020e-15
-5.657696533489797825e-16
-5.482281295599023281e-15
5.833111771380571974e-16
-2.269073817728894808e-15
8.457679001594442888e-16
-5.776046307914839790e-15
-4.321876190260809078e-15
9.632294961647858318e-16
-5.258016244624741115e-16
1.617150857669003097e-15
-9.804601575069682175e-15
2.756461725539338592e-15
1.045696862433942469e-14
1.424305118291613395e-15
-3.005040660752911227e-15
-1.806443883367592295e-15
1.290689777277975686e-14
-8.199774192974018585e-15
1.400324300959709894e-14
-4.714340029465802325e-15
-1.049782483164562989e-14
-2.011046884575762417e-14
-5.139000336384924228e-15
-1.051270182017560703e-14
-5.115685652867796635e-15
6.257216966787382199e-15
9.975797965466881490e-15
-3.451794405862074320e-15
1.961208973000338934e-15
1.500466417780899127e-14
5.883626919001016802e-15
2.285949207703197498e-16
-4.704125977639251024e-15
1.920907877206445802e-15
-7.056466522215032178e-15
2.352229522273319292e-15
-1.700306562213427186e-15
4.762856775641921475e-17
-4.520162022458862187e-15
-2.009281629966608193e-15
-5.662137425588298356e-15
-5.886624521167504838e-15
-7.946532321057019722e-15
7.232436871618120373e-15
1.036082331040688617e-14
-3.661071446003916107e-15
2.109201702182872519e-15
9.118705790456260767e-15
-2.969624546267368837e-15
1.576516694967722147e-17
-9.423017921506016137e-15
-5.706990435783155065e-15
1.138422689450635468e-15
-2.898681294993821407e-15
-5.612843523294941115e-15
6.892708626082822219e-15
8.199441126066631025e-15
-7.170597449146498914e-15
1.675770633369211217e-15
9.802159084415507790e-16
-6.249778472522393631e-15
-1.308220198836806993e-14
-2.028044399082773392e-15
1.253908088472144223e-14
1.556199613617081863e-15
5.382805312592609166e-15
1.146382988537197944e-14
7.347566999271748210e-15
1.968647467265327502e-15
2.551514555193534685e-15
1.267652649517003656e-15
7.353007092092412012e-16
3.365085987638849332e-15
1.786570891226801766e-15
-6.062816915175517547e-15
-1.424993456566880966e-14
1.604172350511135091e-14
-7.871037155382509897e-15
5.090261545603879850e-15
-2.110533969812422609e-16
-1.381972314362656150e-14
-5.441980199805130149e-15
3.267164316866910759e-15
1.324595988450027989e-14
-6.209033287518650683e-15
5.783706846784752871e-15
-1.575739538850484635e-15
-9.209299989265673818e-15
1.584177233837635842e-14
5.013656156904744301e-15
-5.451972207026756147e-15
4.619082893952963439e-15
1.958988526951088668e-15
3.802513859341160954e-16
5.323408380775162881e-15
2.257694031726487048e-15
4.640732242933154147e-17
-3.548272786702000496e-16
1.281208472647676858e-14
-8.088696379360271408e-15
2.861211267912722137e-15
-1.736438770549853105e-14
5.290212712338870560e-16
-9.453826610439364609e-15
1.094069279616860532e-14
-6.911804462106374583e-15
-7.451317340922969076e-15
1.860001042075509668e-14
8.164746656547094883e-15
-2.210037708394452238e-14
8.834100118093601358e-15
9.609535389643042404e-16
-6.168399124817369991e-15
3.668565451420136197e-15
-9.437450820826143850e-16
5.511591183449126946e-15
-1.212102640479884078e-14
5.250744283813446524e-15
-2.767119866575740105e-15
1.050898257304311235e-14
-9.896139463450026382e-15
1.019911932687023151e-14
-1.211353239938261990e-14
-5.657141421977485554e-16
1.596450749374867019e-14
9.356682095784663412e-15
5.597966534764963980e-15
-1.438471564085830351e-14
3.641531520770513236e-16
1.000421967489728473e-15
1.413696937291320017e-14
7.005729329989662442e-15
-2.696010081848498894e-15
-2.225392092825018262e-14
-1.053590548139027315e-14
8.704148513061227908e-15
-1.248667835795913548e-15
-4.800826403084101615e-15
-5.513756118347146084e-15
3.762712363908349358e-15
2.035510648923377643e-14
1.423194895266988262e-15
4.626576899369183530e-15
-2.106809171564805163e-14
-5.601075159233914175e-17
-2.580935465346101397e-15
-8.688327834960318039e-15
7.155609438314058732e-15
-1.631361712384205114e-15
1.310063169057684649e-16
-5.098366173683643537e-15
1.124206283620310417e-14
-3.172406781715153607e-15
1.426386786462785406e-14
-4.931832719989870056e-15
1.736638610694285641e-14
1.470878974174638636e-15
4.378053475306842024e-15
-3.783529045620071044e-15
-1.291244888790288272e-15
2.210631677712626851e-14
6.242839578618486403e-15
-3.602673714908633289e-15
3.303968210133234515e-15
-1.266847737824150518e-14
-7.101319532409888887e-15
-3.265387960027510309e-15
1.673433613902375345e-14
-1.164923713048438078e-14
-1.384353742750477122e-14
3.586630992202799695e-15
1.585354070243738448e-14
2.505673446506762075e-14
-4.610978265873199752e-15
4.714784118675652141e-15
3.893496636209192496e-15
2.112865438164135280e-15
-1.184724540692627627e-14
1.215932909914840856e-14
-4.154232513542410661e-15
-7.526868017748712001e-15
1.037459007591223758e-14
-4.441058631954319941e-15
6.139366792723421573e-15
4.668876396607402019e-15
-1.549416150936622188e-14
2.144767696776739389e-14
-1.001887461882233814e-14
-4.455658064728141040e-15
1.135519456241240665e-14
-1.489963707967945169e-14
-2.215083672041373529e-14
1.446925912418350739e-14
1.423838824621270654e-14
8.042233545779709213e-15
-1.119115911052404066e-14
1.520278347655335139e-14
-4.398037489750094810e-15
4.342082249308987265e-16
-4.089895089265383294e-15
-2.050509761986063498e-14
3.785027846703315062e-15
1.475325417388262478e-14
1.055378007208673833e-14
-6.579736755440990103e-16
-1.704392182944047825e-14
-2.809419363813958594e-16
2.518762975967092773e-15
-1.034283769740795914e-15
1.082617329117851950e-14
9.200973316580984434e-16
6.831868404333363439e-15
-1.183497744250416809e-14
9.136635892303957462e-15
1.272448812983384356e-14
1.713412745019127222e-14
9.534650846632075387e-15
-6.260103546651407978e-15
-1.009137218233035993e-14
1.341815547561964188e-14
-9.218570351521293964e-15
-1.919686631879358215e-15
2.557676292980204380e-14
1.549316230864405960e-15
1.512617808785421269e-14
-2.485722738754248045e-14
1.069033750411563302e-14
-1.405209282268060636e-15
1.469468990933364739e-14
1.536804017376880458e-14
3.574140983175766211e-15
-1.450806141889415729e-14
8.414935415146374187e-15
-4.184208535207290235e-15
7.061129458918458012e-15
-3.069500209562647787e-14
-1.732280985322631723e-15
-5.944023051540625766e-15
-2.333044868407796412e-14
1.704192342799615250e-15
-2.703515189494964895e-14
2.392164244469086187e-14
7.921663325305417376e-15
-1.626332402082653003e-14
-8.323342015614798457e-16
1.301181384860683536e-15
-5.520139900738740450e-15
-1.950428707431228781e-14
1.371691649154627179e-14
-8.548939334218629875e-15
-3.230549161514773312e-14
-3.265943071539823172e-15
-9.491185615218001228e-15
2.111177899166705030e-14
2.574496171803275350e-14
-5.556666238248908169e-15
-3.553513039378231072e-14
-8.236966664298960635e-15
-3.615663324296747324e-15
-1.681810246623172232e-14
2.607836169232768960e-14
-2.017608302651296788e-15
1.993460951865699902e-14
-3.847155927161338862e-14
-1.628608359283134713e-14
1.090438850326336290e-14
-6.059819313009029511e-15
-6.365907800898184936e-15
3.070510512515056770e-14
1.027844476197969827e-15
2.717004399244160585e-14
1.627475931798017010e-14
2.382760655450510939e-15
-9.459544259016183068e-15
-2.490452288839151076e-14
4.756084415191707952e-15
-9.099831999037632916e-15
-2.147626521065149091e-14
-3.252265123876440935e-14
-3.344491350532052871e-14
6.385780793038975465e-15
-1.773503566226963757e-14
-5.654920975928235091e-15
-4.589550961497934471e-15
-1.445887853890326467e-14
-1.360533907757144406e-14
2.745403904214072009e-14
-1.232891566615990160e-14
1.043387598542722082e-15
2.186484326927029570e-14
-2.460964765305106852e-14
1.478051014913717156e-14
1.808642124956349873e-14
3.454803110258808187e-14
-4.551914400963141816e-15
5.801248370573830483e-15
3.760680655773285560e-14
1.317890241381292052e-14
2.870059745418984681e-14
7.283063041541026471e-16
-1.746092159748968707e-14
-8.536837903250216262e-15
-1.389821591146755936e-14
4.331390801581846977e-14
-1.043354291851983405e-14
-1.284683470714753624e-14
9.957590307863028759e-15
2.231548279496564779e-17
1.055810994188277660e-14
3.676947635256055921e-15
7.844169758186580617e-15
-1.895861245770902426e-14
-6.260658658163720051e-15
9.877432205485093100e-15
5.239209066587591289e-14
-1.244415681611599248e-14
-8.525624650701502282e-15
-8.057887690426922935e-15
1.485567224790429383e-14
-2.207867222381309949e-14
2.998035153467526329e-14
4.819367127595341906e-15
-3.557931727016238837e-15
1.151423401068996083e-14
2.016631306389626798e-14
9.531153644104506800e-15
4.260369834696575967e-15
2.270228449674505199e-14
-1.968003537911044992e-14
1.239464086921771073e-14
-7.476463892430729036e-15
-1.680000583093033106e-14
3.134603687726667172e-15
-3.680944438144706636e-15
2.035582813419978149e-14
-1.011801753492136470e-14
-1.242428382397520195e-14
-2.277289468111121146e-15
-1.630651169648444973e-14
4.830691402446518932e-15
-2.434785706384445931e-14
-3.659050840099098140e-14
1.984967745727317290e-14
1.512623359900544579e-14
-1.039679453640474103e-14
-2.758726580509574076e-14
-1.066502441915417849e-14
-3.095523837259861627e-15
-8.612555113529652178e-15
-5.385469847851709643e-15
-1.383304581992206230e-14
-8.093414827214928765e-15
4.407585407761871781e-15
-8.957279362675763725e-15
7.974398918975111681e-15
2.406330690263302985e-14
-3.600153508642734141e-14
1.358690937536266524e-14
-3.677613769070831040e-15
1.333377852574813080e-16
4.718003765447065480e-15
-3.140887550046045428e-14
-1.826416795580598619e-14
-3.810618487420924838e-15
-1.362732149345902141e-14
-3.555866712190436283e-14
-2.531930221039147129e-14
-1.665256821326010994e-14
1.237454583247199411e-14
-5.203393271813183907e-15
-1.694344664571190146e-14
-8.371414672581068505e-15
-6.447398170905671621e-15
7.018052805563002146e-15
-2.048372582663660122e-14
-6.846856415165802831e-15
1.906586000188781213e-14
-8.426814801509863287e-15
-1.239319757928569744e-14
-1.482247657946800092e-14
4.340028336713430917e-14
-2.098998752586567285e-14
-2.094246998041171645e-14
8.103961945948867626e-15
8.253953076575726174e-15
-2.202105164883505641e-14
5.192624108474319744e-15
3.660582947873081230e-14
-6.643796623961861630e-15
5.084821452783217034e-16
2.686328937073767452e-14
1.326361243059182055e-14
-3.182587526850965995e-14
-3.216515942483511223e-14
-9.633960296184796511e-15
3.180800067781319477e-14
2.626721062881642800e-14
1.842681562891357200e-14
-2.112077179816651599e-14
5.348277376526766804e-15
-2.897682094271658728e-15
8.492762049172596929e-15
1.768030166715561870e-15
6.525890938746670271e-15
1.139854877152401934e-14
-1.423006157352801913e-14
-1.758460044243292999e-14
3.450684182837448990e-15
4.794276087238813470e-15
2.109767915925431291e-14
-4.261924146931050719e-15
-7.182920924719837041e-15
1.207944855252662894e-14
-5.859313034761726530e-15
9.771961018145702913e-15
3.597622200146588688e-14
1.061384313771895894e-14
-2.644440222354660338e-14
1.421496254039311748e-14
5.301759031794972297e-15
7.749356711883592139e-17
5.064837438339964445e-16
3.080313781822496932e-15
6.797895579779833150e-15
-4.740674519609911037e-14
-1.988720299550550251e-14
-1.906386160044348678e-14
1.697664231414819437e-14
-5.676792369513350189e-15
-2.502620333189042832e-14
-1.002975480446366496e-15
6.299405441723138431e-15
1.835043228481936255e-14
1.107258729149407418e-14
-7.417066960613283539e-15
1.964350904160028141e-14
3.072830878636523382e-14
-1.428301921180263913e-15
-2.085442929455894083e-14
-3.198630249556800062e-14
1.536870630758357970e-14
9.183653837396831730e-15
-9.184542015816532941e-15
2.759303896482379074e-14
1.937550120345577003e-14
1.298527951831829325e-14
9.503287046186414841e-15
-1.212729916488797289e-14
3.032873951980264115e-14
8.453238109495941765e-16
2.576472368787108414e-14
-1.659694603972638907e-14
2.789102282463318248e-15
1.514011138681326025e-14
-4.594880032016135424e-15
-1.277045136305332521e-14
9.040546089522650466e-15
2.383770958402920001e-14
4.677369602745784592e-16
-1.471489596838182430e-15
-2.303668367176214919e-14
