8.727683477978812054e-02
-1.320623591936779563e-02
-1.324611720430431516e+00
-7.446520499841944307e-01
-3.000945427013262945e-01
3.779260890267957529e-01
4.718980431603325143e-01
6.008526751952423389e-02
2.632839547748804243e-01
2.164272133447693591e-01
2.764057898996023777e-03
6.346238932909363806e-01
-5.929905804241497602e-01
-8.887151079861771441e-02
-7.421808276691720385e-01
1.517594860825288994e-01
2.967780384760247414e-01
9.501257773427014552e-02
9.929542975164363794e-01
-6.833985818751165953e-01
9.594240589028099064e-01
-3.908987674761589259e-01
-4.784055595509403291e-01
9.075002394780479209e-02
-6.108783705171819678e-01
-1.949922857939012377e-01
-1.628320181263320232e-01
-3.410036620561298637e-01
-8.015579098896466470e-02
6.627465895075564939e-01
2.056151210654021955e-01
-1.040678201936294789e-01
-6.306561519565786478e-01
-2.029383827569881227e+00
-6.669672012498841784e-01
-2.421559731948533939e-02
-4.167157435572261259e-01
4.273693618424712071e-01
-4.692444324631086516e-01
-1.076482183789455316e-01
6.782852388372571095e-01
-9.484688806008932938e-01
3.915825794475932820e-01
3.557853168941764732e-01
1.129834735631773945e-02
3.502646701248621208e-01
2.280939264320631377e-01
8.165707596142391944e-01
2.790103701539762282e-01
8.625117061410407515e-02
-1.078528968377790997e+00
-1.312637912525190576e+00
2.110342791796776443e-03
-4.352810009091949150e-01
-2.282127508923422754e-01
1.185015797998545395e+00
-7.465891728763655033e-01
-6.419926671720043165e-01
1.946563459784111050e+00
1.081899965078737980e+00
4.672055846154898884e-01
9.034694879315877114e-02
-2.787085127206271884e-01
8.139850318385024597e-01
