8.776871755668947230e-05
-6.560301279819590395e-03
-8.273313472391869566e-03
-9.008452679135178776e-03
-1.166672615437454145e-02
-1.359903768219563810e-02
-1.884238189094682506e-02
-1.996171958318598144e-02
-1.912125092595389972e-02
-1.559206474890829051e-02
-1.081277935883141403e-02
-1.714693125231074936e-02
-1.359198482306838741e-02
-4.320136181453427399e-03
-7.217097245789155964e-03
2.599279313028710937e-03
1.250593368085663529e-02
3.109554289927789292e-03
4.751760522786189177e-03
1.586980277778790929e-02
2.536398192959829490e-02
3.402018476461574070e-02
5.096640119172658051e-02
6.536227813547466903e-02
5.225858071734167803e-02
6.445101562359724368e-02
8.752667025538116152e-02
8.936910448078920488e-02
1.136420572140236923e-01
1.162345101050028667e-01
1.266936338067870815e-01
1.329560693895630585e-01
1.503248712382043994e-01
1.494708199288995731e-01
1.763638734034904954e-01
1.934576733832898132e-01
2.078390345568493225e-01
2.263553684778603914e-01
2.332556938586972384e-01
2.350390533930299120e-01
2.569426364504232008e-01
2.660274763081302285e-01
2.788168318251310063e-01
2.914145889556939983e-01
3.012777714782178817e-01
3.215889897924555929e-01
3.378191966088850973e-01
3.484640542161954180e-01
3.590283049833633000e-01
3.833975908295644830e-01
3.892311436978615480e-01
3.990267203681495678e-01
4.187677094610621209e-01
4.194945884450312357e-01
4.370254146349078495e-01
4.598364692219072958e-01
4.768583530767405709e-01
4.923669575024900436e-01
5.055116892818235508e-01
5.130171043772870920e-01
5.266082841352898170e-01
5.383934560761112209e-01
5.585047004364521728e-01
5.664567994330570455e-01
5.822179232468245313e-01
5.969123206851499885e-01
6.064300445397325934e-01
6.212927762799698161e-01
6.339859795358097072e-01
6.457784355204582161e-01
6.524017194361614314e-01
6.763436435902969723e-01
6.909357005290864828e-01
6.910905066067871694e-01
7.165580884252666927e-01
7.260852498769103658e-01
7.386995558550986107e-01
7.491626731073136591e-01
7.622674963235660517e-01
7.706700885449055960e-01
7.871080563198165070e-01
8.002116502881228000e-01
8.095532232160228547e-01
8.270592355320359745e-01
8.397182967033393064e-01
8.554624899412520689e-01
8.676630948959778156e-01
8.779497364222853539e-01
8.904655676052608548e-01
8.998900882322037331e-01
9.143419395677788719e-01
9.288534973265968331e-01
9.399459456434307025e-01
9.478381246227369772e-01
9.621524919458740444e-01
9.709414352641569934e-01
9.815246498106959816e-01
9.952060017012086535e-01
1.002643693996142726e+00
1.020650166263707082e+00
1.037724178585626822e+00
1.044139491043901913e+00
1.057072305386490108e+00
1.066054618784773922e+00
1.078166264301216204e+00
1.083067060464214082e+00
1.097301063457065462e+00
1.110399505897077699e+00
1.124555581726957465e+00
1.136688066651989848e+00
1.141175021747042218e+00
1.151798049800854651e+00
1.161923543082646892e+00
1.174387639739821410e+00
1.182063877877463032e+00
1.193865693684645235e+00
1.209397185742475678e+00
1.217701398027890569e+00
1.226220664205243560e+00
1.236520157327539282e+00
1.246679075746792487e+00
1.255112398600897183e+00
1.273773794387557112e+00
1.278591274685010326e+00
1.286193748907787704e+00
1.297541226127303382e+00
1.305260200888243238e+00
1.316411544936121336e+00
1.328471336120576662e+00
1.336561692308543714e+00
1.348129805384792768e+00
1.358082164661339686e+00
1.363619578213249195e+00
1.375184604503476571e+00
1.383676389781163030e+00
1.395825848472051378e+00
1.403538850745102096e+00
1.413009956287995639e+00
1.422676705065799130e+00
1.430410031003165328e+00
1.439017303100673661e+00
1.448918247886888278e+00
1.458363203237344141e+00
1.469918614892776532e+00
1.475317309748134464e+00
1.485276222531128010e+00
1.493293642275941746e+00
1.500237094456020381e+00
1.507857353693837776e+00
1.519083623977969255e+00
1.526812474206791226e+00
1.534437599494861137e+00
1.545959667216640465e+00
1.553006264294502614e+00
1.560615812636478417e+00
1.569315653418962953e+00
1.577221057275057570e+00
1.585107017319074885e+00
1.594241780895766958e+00
1.602502534003992229e+00
1.611315883304677898e+00
1.618831700748431190e+00
1.624585957529853575e+00
1.632035842561754047e+00
1.638968853338997667e+00
1.647145690242079352e+00
1.656675177973095492e+00
1.665863180264602672e+00
1.675056036935343773e+00
1.680877855366096130e+00
1.686755454124655884e+00
1.694146797977208019e+00
1.702490870279928847e+00
1.709547158012223234e+00
1.717212774324117008e+00
1.724664336583591639e+00
1.730631558408844084e+00
1.738704047873046665e+00
1.746991596934772906e+00
1.755232771285873072e+00
1.760209101923942088e+00
1.767474480299049855e+00
1.774058533630985091e+00
1.781764017541856981e+00
1.788014436053045442e+00
1.795025547067949034e+00
1.801270022122936521e+00
1.809557045556759114e+00
1.816416283879624061e+00
1.822590866594572034e+00
1.830473737111627752e+00
1.836555444912223889e+00
1.842391877605874528e+00
1.851342010852667919e+00
1.856268046166152486e+00
1.862645317096059516e+00
1.869185945441660390e+00
1.875428350991003468e+00
1.881294011139491573e+00
1.887486416300728775e+00
1.894530603786030554e+00
1.901173547354316984e+00
1.905838527156725970e+00
1.912765841776965958e+00
1.918517853344706703e+00
1.926569696009981403e+00
1.931752572639025667e+00
1.940356453751034493e+00
1.946017132121812931e+00
1.951048801481826356e+00
1.955610318959899674e+00
1.960832353475904233e+00
1.968159652096847179e+00
1.973570209421001032e+00
1.979505488791359236e+00
1.985280473377253330e+00
1.991673958925311405e+00
1.997834322864715517e+00
2.002900815439582427e+00
2.007776071449352440e+00
2.012723394731691151e+00
2.020172264336444812e+00
2.025722441509484106e+00
2.029513210444718219e+00
2.036105406940325935e+00
2.042358680036787444e+00
2.045405667875270783e+00
2.051730893621746432e+00
2.057556857835279640e+00
2.062545254827437446e+00
2.068488360937523751e+00
2.073368309718899294e+00
2.078419305552704266e+00
2.084509770432668052e+00
2.089917662148524702e+00
2.094789556389736518e+00
2.097857255250879405e+00
2.103920709032419012e+00
2.110428414820215259e+00
2.114781216939227271e+00
2.118495058329859404e+00
2.123197072451967760e+00
2.129934706729969651e+00
2.135112760857495129e+00
2.139080595131032769e+00
2.144247302010175993e+00
2.149683104169788805e+00
2.153320635229643898e+00
2.158975979907967968e+00
2.163665234990663322e+00
2.168660074149856509e+00
2.174110003285900650e+00
2.178991408102350036e+00
2.182926608336007934e+00
2.187075723069508371e+00
2.191858121669421955e+00
2.196388273589666706e+00
2.200890329360808639e+00
2.205613673249478435e+00
2.211050267242203660e+00
2.215707248292490661e+00
2.219711957021581750e+00
2.224034352838273332e+00
2.228963423487285045e+00
2.231987548935946197e+00
2.236313261879023351e+00
2.242141279330243542e+00
2.245924050918294945e+00
2.250722336578557581e+00
2.254956233710625924e+00
2.258729620913621172e+00
2.263112289725319748e+00
2.267615265896673726e+00
2.272256537964090661e+00
2.276603346377886972e+00
2.280766958568767322e+00
2.284775296075810314e+00
2.289096687460604684e+00
2.293270389722120051e+00
2.296444214389572469e+00
2.300694836567159562e+00
2.304979844604996497e+00
2.308662448310674353e+00
2.312789858866029835e+00
2.316979766593652901e+00
2.320976771757636392e+00
2.325679816400256783e+00
2.329599703434075852e+00
2.333464414183816338e+00
2.336944864885351691e+00
2.340793350725908883e+00
2.344747563637626708e+00
2.348628880292549237e+00
2.352285026115289224e+00
2.356351240501540989e+00
2.360556709132279440e+00
2.363842585062853718e+00
2.367621753386179417e+00
2.370986699069614900e+00
2.374586041709510820e+00
2.379932647429536363e+00
2.382783279275467514e+00
2.385215084506267846e+00
2.390276645120695154e+00
2.394588765794493757e+00
2.397908363029206846e+00
2.401089628106950702e+00
2.404701743282958049e+00
2.408436204056436658e+00
2.412230833073331748e+00
2.415792933451581082e+00
2.419069221772000677e+00
2.422549097030640919e+00
2.425814885302812307e+00
2.428924762008919380e+00
2.432440979969039851e+00
2.436214650264145742e+00
2.439728267765096437e+00
2.442937391038774386e+00
2.446041958913264480e+00
2.449565719413182130e+00
2.453145499723558220e+00
2.456879229077946647e+00
2.460294989628232010e+00
2.463362558578916062e+00
2.466618486046739278e+00
2.470470499899479311e+00
2.473647463139981628e+00
2.476556270848266017e+00
2.479310303992800613e+00
2.482824424992123191e+00
2.486418549078853513e+00
2.490001575683073121e+00
2.492783419209044116e+00
2.495487260426649367e+00
2.498693161395614926e+00
2.502389269596271060e+00
2.505563070192409203e+00
2.508479540547249087e+00
2.511687254780572864e+00
2.514947321627380106e+00
2.517966935713782384e+00
2.520472564994091780e+00
2.523577470888291430e+00
2.527048870341291664e+00
2.529860053403806486e+00
2.532539869709879987e+00
2.535600282407823869e+00
2.538820806713149025e+00
2.541898344988719138e+00
2.544343571279563232e+00
2.547011671811699074e+00
2.550313051384426988e+00
2.553669553356079369e+00
2.556714843675429449e+00
2.559997471303639305e+00
2.563259645606056125e+00
2.565625667280872158e+00
2.567622996247384215e+00
2.570516534525513208e+00
2.573839228175772931e+00
2.576621794933744880e+00
2.579338928245280549e+00
2.582264004268072455e+00
2.585174643473189704e+00
2.587977784499441825e+00
2.590559241014531722e+00
2.593129700089074063e+00
2.595718632320988650e+00
2.598698659877975992e+00
2.601715964358725763e+00
2.604189329797263142e+00
2.606500126134188466e+00
2.609700457648599592e+00
2.612798891123953915e+00
2.615142132093471350e+00
2.617617476894889883e+00
2.620108246363417326e+00
2.622792893935012248e+00
2.625456365301606088e+00
2.628446116813742517e+00
2.631447386372366637e+00
2.633864109881578486e+00
2.636160727463691789e+00
2.639043839156326232e+00
2.641984344995869538e+00
2.644195013907777447e+00
2.646536023998742770e+00
2.649076346363875789e+00
2.651872753920203163e+00
2.654260924468002880e+00
2.656385153312474934e+00
2.658942262601109441e+00
2.661503764485864121e+00
2.664217029199897446e+00
2.666608535590689222e+00
2.668849984382839047e+00
2.671061424860123878e+00
2.673747310093864904e+00
2.676251399210815229e+00
2.678811041536640403e+00
2.681182499089484583e+00
2.683336550978478119e+00
2.685743956687331568e+00
2.688088047978900885e+00
2.690566023857123845e+00
2.693128613830009677e+00
2.695571968464808510e+00
2.698186525424521864e+00
2.700675217999332745e+00
2.702873365233995351e+00
2.704974157925906120e+00
2.706998351113383272e+00
2.709330210380575199e+00
2.711975714333620946e+00
2.714561373903140229e+00
2.716899818281509837e+00
2.718987909485509835e+00
2.721361583780923965e+00
2.723498079133071847e+00
2.725946743007069628e+00
2.728240165074283130e+00
2.730531219594341419e+00
2.732834919714499211e+00
2.734884138270361031e+00
2.737142797569821706e+00
2.739136902753116054e+00
2.741360796051811377e+00
2.743615859944717350e+00
2.745931931207908683e+00
2.748103359834882742e+00
2.750194006407796543e+00
2.752316514789025614e+00
2.754465966696643786e+00
2.756639867912356490e+00
2.758835665681983240e+00
2.760998684998982267e+00
2.763017502980663398e+00
2.764950388343154319e+00
2.767245173999264729e+00
2.769496951552146591e+00
2.771618585420545067e+00
2.773664804740454404e+00
2.775900360120579613e+00
2.777946982539284626e+00
2.780027430616143658e+00
2.782107959079357595e+00
2.784005275888734143e+00
2.786053832995305513e+00
2.788170113394430771e+00
2.790239431010631765e+00
2.792313900673903060e+00
2.794294799695467013e+00
2.796381255233530538e+00
2.798679800929270378e+00
2.800799442898195935e+00
2.802847487238146140e+00
2.804523184605076658e+00
2.806371732722884094e+00
2.808285499354674197e+00
2.810307223662107390e+00
2.812435918185583361e+00
2.814462069265228905e+00
2.816279542470497166e+00
2.818058743153540657e+00
2.820284567192041347e+00
2.822407207596953960e+00
2.824387709355731246e+00
2.826235066988143974e+00
2.828159607746277171e+00
2.830033515933247479e+00
2.831883333889737120e+00
2.833540009845246566e+00
2.835290493710898918e+00
2.837409643246571189e+00
2.839589909342826513e+00
2.841635854432050134e+00
2.843395284304505388e+00
2.845291598369597885e+00
2.847092574411852706e+00
2.848837037515500104e+00
2.850602635292551312e+00
2.852461804038890048e+00
2.854402854244153520e+00
2.856382498442308293e+00
2.858194117304915682e+00
2.859837447656487619e+00
2.861494172058794305e+00
2.863322663976256788e+00
2.865232812816777663e+00
2.867110278178093274e+00
2.868933991883067858e+00
2.870700754606552163e+00
2.872528770154791911e+00
2.874447877416928421e+00
2.876260770963022129e+00
2.877953321087318272e+00
2.879764642100805183e+00
2.881419279496897801e+00
2.883124663546138500e+00
2.884904518156712339e+00
2.886658574599508142e+00
2.888550354544289878e+00
2.890304236073945265e+00
2.892131213821759417e+00
2.893934698737965494e+00
2.895568552315957778e+00
2.897133399944244125e+00
2.898825728737763452e+00
2.900569849263103350e+00
2.902196019242234470e+00
2.903863237125579477e+00
