3.276994978189244623e-02
-5.210634011395452042e-02
-1.580794645389917152e-02
9.552014806342365438e-02
-1.562839310484995942e-02
-1.672737189452133677e-01
6.081505204102898715e-02
4.885296308205527198e-04
-7.433375060188662786e-02
5.448447464175469601e-02
-3.869124416219486134e-02
7.121547874598591066e-02
-4.353835688773419199e-02
-1.149661677294639556e-02
-7.950444065020427498e-02
-4.802878875464766661e-02
-1.177211903092604678e-01
-6.588066547350976410e-02
-5.242363009125865225e-02
2.014247934223525882e-01
-2.147558361311655284e-01
4.849388326948771144e-02
-3.339397507051755642e-02
1.583737434769340868e-01
2.492071216092695343e-02
-4.753062783641918976e-02
-6.456919400868754710e-02
2.956460770128623364e-02
-1.672830697080806422e-02
1.096033456295414377e-02
-2.527506845195987006e-01
6.277400529179014144e-02
-2.305532497981094622e-02
-9.578090748808863741e-02
5.177249214695651275e-02
-1.340587229007164372e-01
8.889552176444173726e-02
-7.439620868472095194e-02
2.764343453676671239e-02
7.234329181481997939e-02
1.081983096302277930e-01
-1.016414320817223826e-01
1.508481591063436968e-02
-6.400775135514004399e-02
-1.117281112101329264e-02
-1.280254207358847741e-02
-4.452893246607241007e-03
-1.933340732521923733e-02
-2.964753953463118881e-03
2.606972274840025153e-02
5.784097999455008535e-03
7.756369962705536580e-02
1.828684980742772623e-02
7.985957569161476755e-02
4.248163826552654732e-02
9.798204121835078773e-02
-6.388182659133141705e-02
-1.621003063894467175e-02
-1.204020440138028197e-01
-1.428180458087602300e-01
-1.493053634228529714e-01
9.626457818485974205e-02
1.876204831457597699e-01
-1.034735753898351623e-01
