9.752890284334224391e-02
1.042816135386190196e-01
2.341397113937297159e-01
-1.201902543098978676e-01
9.427143288478445626e-02
9.834417632950072374e-02
-3.317799746607434652e-02
-6.337134984088525769e-02
1.508968318780530560e-01
1.587004501924905164e-01
-3.641095553087240200e-01
-3.100731902336040756e-03
7.835525330874931749e-02
-5.123862200097341335e-02
2.321090159913179463e-01
-8.613249448304002853e-02
-1.245530620602460087e-01
2.203974410748803514e-01
-2.533452350347333293e-01
5.771806617483585256e-02
-4.825273585291876138e-02
1.165944772516944311e-01
-2.295535169543734544e-02
9.882638652006053848e-02
2.275270731735141300e-02
-2.537476832552884587e-02
-1.229894931443708123e-01
-1.915842126480624408e-01
-8.536528357120254373e-02
4.989330327376513552e-02
-4.209489195245535997e-02
-1.621727210338794745e-01
2.026653085032836255e-01
-1.778019147076179696e-01
-8.247371197562830547e-02
-7.198104137180973139e-02
1.037996939937210344e-01
1.545276952066816645e-01
-1.431296824680798954e-02
-2.048476771625126411e-02
-1.482300849718923008e-01
8.359143503088503624e-02
-6.045795926834166695e-02
1.471311297141037477e-01
4.313038342854833007e-02
-1.726888529899439986e-02
6.018883722863798552e-02
-1.218389958252852484e-01
-9.879304106376823880e-02
-3.127115590693275993e-02
6.838948867296029688e-02
-3.261865906714758734e-02
1.287901717345561192e-01
7.713853953023318277e-02
-1.307861324830433547e-01
5.147303939134090928e-02
-1.993042324725279313e-01
-4.201528539257017893e-03
1.169152498387077133e-01
-1.915534394439483978e-01
2.078025882966667570e-01
-1.472299533690791806e-01
-7.149260561602233111e-02
-6.472979478041245016e-02
