-2.495062218781941843e-01
1.762670197333745525e-01
-1.450806356208033110e+00
-8.856505204358415817e-01
9.135595822506543673e-01
-6.260382520208709334e-01
-4.606638785811017489e-01
-2.675629871769892310e-01
-9.514943395932308201e-01
-8.565174563576304356e-01
-1.787530777728067455e-01
2.778714268374752328e-01
-4.941959711113683151e-01
3.018824799175359730e-01
-8.477007596424173119e-01
-2.100630898404989289e+00
-8.641447001948937556e-02
-8.324994600401612876e-01
-8.653228876062020181e-01
5.240194339125423539e-01
3.787808288863203643e-01
-8.837685266632873127e-01
1.582422634163310193e-01
2.664162673097703604e-01
-3.808130425973205724e-01
-6.343524237820706568e-02
-1.205031670884318507e+00
-1.076104265625119849e+00
8.353924717519641829e-01
2.672960109951942331e-01
-1.630887425890805431e-01
-7.911909622956685428e-01
2.240100592016608660e-01
-6.226261940261074851e-02
1.047540385271087171e+00
2.757188775370067804e-02
-1.814349887873232259e+00
-2.507858730690336047e-01
6.636291536349953057e-01
-5.023403133959505329e-01
2.440739293731308546e-01
4.722143976734233251e-01
-7.978171394221790225e-01
-3.305428761091375733e-01
-1.507148859633253568e-01
-3.148736433269852530e-02
9.879496278325582137e-02
-5.576103703632882651e-04
-1.973201817928000312e-01
-4.689534588597989995e-01
-1.190566541524814143e-01
6.865805899350970742e-01
-9.100488465109527469e-01
8.447611006625547203e-01
-6.628482106086449610e-01
4.071027281662170649e-01
-3.858990457469196889e-01
1.295033890519925901e+00
-1.154840316875682893e+00
-1.438424123570265278e+00
9.515826070801050030e-01
8.539930694587964943e-01
8.378285170503298185e-02
2.747931671919271596e-02
