1.489487618173735706e-01
-1.056026366146496809e+00
-1.477539319649725957e+00
4.682597041730106602e-01
3.642366619242442538e-01
6.280514956455129916e-01
-3.137779257254152965e-01
-2.764575051627864433e-01
2.116787624513843391e-01
-1.673783611447313691e+00
-7.191727013779888322e-01
-3.049869951784009103e+00
-8.028427413835909077e-02
-2.662767375358624511e-01
5.210169367415370401e-01
-2.819731470911511773e-01
4.111671010084933520e-01
-3.035712465570263863e-01
9.939910139377063913e-01
2.975948889914910578e-01
-5.913618733566659014e-01
2.581744009686215979e-01
-1.941792047317598691e-01
3.724379263259497419e-01
-4.025995621455674134e-01
-4.326860368344754293e-01
-1.682960978615610781e-01
5.353864022983068072e-01
1.004611122040619087e+00
-2.188818683145337396e-01
3.851689904478420856e-01
2.054815759943478870e+00
4.718864458896412928e-01
8.045397942200094299e-01
-1.001973909535855745e+00
-7.181548597038561743e-01
-2.906841234726458834e-01
1.242079412151839701e+00
1.772560868234424492e+00
-9.238408222379962398e-01
1.191793490179564152e+00
-3.383964509058930981e-01
-1.066390578507858233e+00
-2.209669787315922118e-01
-3.275844948758128150e-01
8.918990860860593894e-01
-1.013422583968244695e+00
4.324522979558627078e-01
-1.473837086177429034e+00
-2.523981779064148334e-01
-2.817461364126214729e-01
-1.156205777567476112e+00
-6.455542151584785504e-01
-1.064310933582312435e+00
-1.258157450407313194e+00
-8.353059348767778447e-01
-3.795051819623150302e-01
1.087120412484639420e+00
-1.292674238869261805e+00
-1.157531620554426016e-01
8.942365806028013120e-01
2.653450189528090419e+00
8.570536287227189520e-01
9.153817467404502528e-01
