3.556703250981317388e-05
-4.742140816255449240e-03
-5.779169805684970795e-03
-4.318764102349274131e-03
-3.085503047100941060e-03
-3.216230690743755640e-03
-4.040613499770447439e-03
-4.188987529961927560e-03
-4.463547574559733992e-03
-3.730220359002886683e-03
-2.728149465789082677e-03
-4.495202391608740453e-03
-3.146548911791389666e-03
1.035625341687082442e-04
-2.796287254045057508e-04
3.364455918100346752e-03
6.694549555043927645e-03
2.832615516565760352e-03
3.051679273063549920e-03
6.803399177815054252e-03
9.392712570839343786e-03
1.306099091205246455e-02
1.834531173963150838e-02
2.540416516500989749e-02
1.951705060447198742e-02
2.396922502985431372e-02
3.401079667253385092e-02
3.208451875340394277e-02
4.187490036974948759e-02
4.420319005955748032e-02
4.715010762720101695e-02
4.553657884002863115e-02
5.283122571933564909e-02
5.431897192801482532e-02
6.880322580510479791e-02
7.458764056251267205e-02
7.660888621317914204e-02
8.671461871801168508e-02
9.130021688108887201e-02
8.782285730465023976e-02
9.959885357074403645e-02
1.022766578967057166e-01
1.061462126202906558e-01
1.110921335290685208e-01
1.131134534025392130e-01
1.212528788021982884e-01
1.256429191406481238e-01
1.329019455810935557e-01
1.419207677062454820e-01
1.491730989522927486e-01
1.499496729023772346e-01
1.579151727593182120e-01
1.679188256041646288e-01
1.671487147047184818e-01
1.712312887907058157e-01
1.829422432437987078e-01
1.920727960847566917e-01
2.028226110440826124e-01
2.059101543716994054e-01
2.043268955263089492e-01
2.128537526118207956e-01
2.163891280143461493e-01
2.246300956098771784e-01
2.319659951498806993e-01
2.353728351573459998e-01
2.454339799859933668e-01
2.533122758080980086e-01
2.527310418343156617e-01
2.612065015678589064e-01
2.672626134622931859e-01
2.736826761320168555e-01
2.867802657753939499e-01
2.894022032779255404e-01
2.903943470890944512e-01
3.045634001794670365e-01
3.073544293225203838e-01
3.160795212196508830e-01
3.218247232045507444e-01
3.221422414189205607e-01
3.343140578010020958e-01
3.443100356376382343e-01
3.479272494161322893e-01
3.568915490112006816e-01
3.697184586300928388e-01
3.677139298015636992e-01
3.695461009627077353e-01
3.787644076148982131e-01
3.865023494266340287e-01
3.970720601835717734e-01
3.973536013458995320e-01
4.022431680671414989e-01
4.141848552098281733e-01
4.206126294008399324e-01
4.250415324089599767e-01
4.312227406434568922e-01
4.421499899144276657e-01
4.459064385614034398e-01
4.563643249831381699e-01
4.558403262410670176e-01
4.655610111504505655e-01
4.701939240766618289e-01
4.812933363084963556e-01
4.839945533292537294e-01
4.932362316412528536e-01
4.961475068073937789e-01
4.995389530390649813e-01
5.109504810553964216e-01
5.132492337061576038e-01
5.227676721145210204e-01
5.260616201240158052e-01
5.323083209279784178e-01
5.381277461446508648e-01
5.428747242672082862e-01
5.551616145031786909e-01
5.626496930440183508e-01
5.606264987526301535e-01
5.717287837985433052e-01
5.815832782166793224e-01
5.859370990246588473e-01
5.894110622694564983e-01
5.968854930153391081e-01
6.015334083210369664e-01
6.080897822378166229e-01
6.136331648217615564e-01
6.243151935588776569e-01
6.311748506987443497e-01
6.372538785685194496e-01
6.398438751146269254e-01
6.462050457146890636e-01
6.554797670061170978e-01
6.583327182872296124e-01
6.652726565445390428e-01
6.727858756555972208e-01
6.759703060211124104e-01
6.790811095896560623e-01
6.915003943502312511e-01
6.968003015249510934e-01
7.024312990807520807e-01
7.110236524681224912e-01
7.131606881807481813e-01
7.202043639118966833e-01
7.268177663941239874e-01
7.331372492479052427e-01
7.411131281199893062e-01
7.447788310534985134e-01
7.502454851517520451e-01
7.564950594848014465e-01
7.645397590102811503e-01
7.727280953382668072e-01
7.753165334832951006e-01
7.793768471408755172e-01
7.869913867248371497e-01
7.906399855790475772e-01
7.965105660922022768e-01
8.044111867667710358e-01
8.099058539088852537e-01
8.135480465307283193e-01
8.193628192474423644e-01
8.287774760714656797e-01
8.336435186460384728e-01
8.393065926201938032e-01
8.447727871912387165e-01
8.500121396266275831e-01
8.564743081832487670e-01
8.622592919345604123e-01
8.687571588405302858e-01
8.743236095325631618e-01
8.788604663388764893e-01
8.839187302042271766e-01
8.877038505000500734e-01
8.965465146119199202e-01
9.054638748868178988e-01
9.068059014786932215e-01
9.122251179644024210e-01
9.191439320046115302e-01
9.228193362738221772e-01
9.291385918503018981e-01
9.361539639530866985e-01
9.410781259985548930e-01
9.449321071304056519e-01
9.511002304041432653e-01
9.558789613396340146e-01
9.620757736325917797e-01
9.676877732722897196e-01
9.712550220609773577e-01
9.778629784419440307e-01
9.838781230080551055e-01
9.891731999154350641e-01
9.951698919729582427e-01
9.995753838261082214e-01
1.006031336642601914e+00
1.007327416690910971e+00
1.014313890288720543e+00
1.022882970174222139e+00
1.024683340716558311e+00
1.031866753918611268e+00
1.036871101918122484e+00
1.043822615335499471e+00
1.046852122598315837e+00
1.053365639488440531e+00
1.058662054687053322e+00
1.061361383002019432e+00
1.067669014281388495e+00
1.073536660624498706e+00
1.077886488877750626e+00
1.082188940275513378e+00
1.088445670889881312e+00
1.092193247663148847e+00
1.100262901480562494e+00
1.103592494478939923e+00
1.108793479055533604e+00
1.114316086819914453e+00
1.117645824232668339e+00
1.123677808070659756e+00
1.129101768227201541e+00
1.134740847143534292e+00
1.139762860310890025e+00
1.144281304477585470e+00
1.149177570457732056e+00
1.155072035375863004e+00
1.159865659314729847e+00
1.164849089223473966e+00
1.170475702164181619e+00
1.173440043375962416e+00
1.178838633726410734e+00
1.184823016908447046e+00
1.189189833043027944e+00
1.194239145821986536e+00
1.198365510494438624e+00
1.202871367111571610e+00
1.209024342813194375e+00
1.212424547159467680e+00
1.216620579036817640e+00
1.223341665225377684e+00
1.227782039146146920e+00
1.232516029357431098e+00
1.235392319760592272e+00
1.240081994902909379e+00
1.246236764846432532e+00
1.252102782982872586e+00
1.256963250364211415e+00
1.259385190935161880e+00
1.264409110885382548e+00
1.269836562513333655e+00
1.275028307310839049e+00
1.280304867525205559e+00
1.284638359757242165e+00
1.287940080693502187e+00
1.292168266140107491e+00
1.297293221392363138e+00
1.300869831717790470e+00
1.304651953848652512e+00
1.309869547279635560e+00
1.315219659055751444e+00
1.320026099018293486e+00
1.324666099145173748e+00
1.328497533723048019e+00
1.332878640486842015e+00
1.338711535442006939e+00
1.343076465595242963e+00
1.346560535202897979e+00
1.350211847344139127e+00
1.354611992981638702e+00
1.360239077786952855e+00
1.365986184241150481e+00
1.370603720260657798e+00
1.374597123297975232e+00
1.378998869437410013e+00
1.382309076022201655e+00
1.386802552937211885e+00
1.391636223533596617e+00
1.395767560677465102e+00
1.399216613299720802e+00
1.403806379115610126e+00
1.408009778172994553e+00
1.410059627800372084e+00
1.415690926171911723e+00
1.421619927611134093e+00
1.425837254972093460e+00
1.429622087196734892e+00
1.433881934081415732e+00
1.438713120586870176e+00
1.442954353042072091e+00
1.445406410186427681e+00
1.449411137250348203e+00
1.454231396232776641e+00
1.458476447040317536e+00
1.462655230848647792e+00
1.465914958315575056e+00
1.469701720494456909e+00
1.475028668643674878e+00
1.478919788788958023e+00
1.482792720297285038e+00
1.488208100142212276e+00
1.491220475196014750e+00
1.494900963660448445e+00
1.500146562572441278e+00
1.503906432201278731e+00
1.507771500115641539e+00
1.512087998330027272e+00
1.515641080525445217e+00
1.519452031482736221e+00
1.523652511032413281e+00
1.527701383626948184e+00
1.531353348059646624e+00
1.535355364080914997e+00
1.539780685938909155e+00
1.543171070142619339e+00
1.546252407425498632e+00
1.550306896050392735e+00
1.554325623967722114e+00
1.558485428570549836e+00
1.562666128604946580e+00
1.565960183012660822e+00
1.569564909461059310e+00
1.574813327095397897e+00
1.579584558623311930e+00
1.583482736840318594e+00
1.586839113361657283e+00
1.589235710025378001e+00
1.591542068745864347e+00
1.595918210367171630e+00
1.600647885593213804e+00
1.604557840728637830e+00
1.607903773121742930e+00
1.611901396295821520e+00
1.616351149004649601e+00
1.620088797953870952e+00
1.623118731212093380e+00
1.626174632579623580e+00
1.629751039767077581e+00
1.633818374147969932e+00
1.637610749217673911e+00
1.640831731301153340e+00
1.644039482705083488e+00
1.648231981936538082e+00
1.652554034006000316e+00
1.655702855471457235e+00
1.658929081352143564e+00
1.663170137308660479e+00
1.666788476646952954e+00
1.670071367808159790e+00
1.674356060265896229e+00
1.677865357862473150e+00
1.680402511990927161e+00
1.683713976185016614e+00
1.687481917198679460e+00
1.691061445914653127e+00
1.694599159158820978e+00
1.698352973769851282e+00
1.702287199083047264e+00
1.706088269776144584e+00
1.708831970664506539e+00
1.711667905829914904e+00
1.715523524637699193e+00
1.719159197741444434e+00
1.722156233765482325e+00
1.725394432788046162e+00
1.728956035291419058e+00
1.733091858603191371e+00
1.736690071583690820e+00
1.739440984364539311e+00
1.742064297669279282e+00
1.745441155211759687e+00
1.749553974035660042e+00
1.753545200360765888e+00
1.756113874379005679e+00
1.758595889784309696e+00
1.762091633137927271e+00
1.765618614122786978e+00
1.768814262800241011e+00
1.772042566724752133e+00
1.775606115520799833e+00
1.779269850273603071e+00
1.783047607398610346e+00
1.786488176828374463e+00
1.789703901935275399e+00
1.792636213611447538e+00
1.795668587709320585e+00
1.799123282390348244e+00
1.802286591703287977e+00
1.805055765508248644e+00
1.808184451142214932e+00
1.811754706985512442e+00
1.815003446797663011e+00
1.818087253414967019e+00
1.821098828769547984e+00
1.824205029581209336e+00
1.827133451174891787e+00
1.829968513008854325e+00
1.832668635444649530e+00
1.835678929916174873e+00
1.839474676206923842e+00
1.843440550912379017e+00
1.846512446913465721e+00
1.849195788344846436e+00
1.852292128642117897e+00
1.855043784741762236e+00
1.857656419989868191e+00
1.860815335819648197e+00
1.864402976498281905e+00
1.867299145767294277e+00
1.869832789518707461e+00
1.872660915747842436e+00
1.875846448266570432e+00
1.878879398739256468e+00
1.881749771925990800e+00
1.884901465643473273e+00
1.888515116224410040e+00
1.891803851838658845e+00
1.894746692364432494e+00
1.897500240438683594e+00
1.900494572480046163e+00
1.903406079689630381e+00
1.906099451990431293e+00
1.908901557409374838e+00
1.911821660311892934e+00
1.914615279581250329e+00
1.917465296419580634e+00
1.920306331423236257e+00
1.923414994923670518e+00
1.926523330664634992e+00
1.929449353411727630e+00
1.932304742938881992e+00
1.935169998233818633e+00
1.938078463040682431e+00
1.940926398668321173e+00
1.943707519736513900e+00
1.946874576059881123e+00
1.949646951484653279e+00
1.952067880028873992e+00
1.954468070713244909e+00
1.957279419843945378e+00
1.960264509224645568e+00
1.963005157895026054e+00
1.965703271462643897e+00
1.968813087643194404e+00
1.971892557001455160e+00
1.974499812576222979e+00
1.976761393726839788e+00
1.979155375003066597e+00
1.981942198175493441e+00
1.984850493304224806e+00
1.987637894349493006e+00
1.990194985370557168e+00
1.992627410617915373e+00
1.995105075332617162e+00
1.998013697225553997e+00
2.001428876844377758e+00
2.004345811951953049e+00
2.006720475658182679e+00
2.009316430604580095e+00
2.012137844293957478e+00
2.014711736383917984e+00
2.017085990644363669e+00
2.019576754622939951e+00
2.022414087183768139e+00
2.025255443640120223e+00
2.027824576449955618e+00
2.030337556334753657e+00
2.032796317337323355e+00
2.035328344878871487e+00
2.037903006269931705e+00
2.040790762152303817e+00
2.043580905331478181e+00
2.046135542598426671e+00
2.048411102013337981e+00
2.050729743919780912e+00
2.053220082513469880e+00
2.055917017374067957e+00
2.058733071440424833e+00
2.061381293969277717e+00
2.063749687508666941e+00
2.065998382406105449e+00
2.068279604723532561e+00
2.070673416515731891e+00
2.073373270341117625e+00
2.076280033593615126e+00
2.078928961856006286e+00
2.081240010702446241e+00
2.083425351112198065e+00
2.085724426377965735e+00
2.088288631061800071e+00
2.090724799571744619e+00
2.093029595239004337e+00
2.095420259465210044e+00
2.097894370338505787e+00
2.100365457052518092e+00
2.102864060348287545e+00
2.105404513390144672e+00
2.107899876089642355e+00
2.110334888276602427e+00
2.112681895585827974e+00
2.114999644148160662e+00
2.117252168115669075e+00
2.119633822417676949e+00
2.121956112332076483e+00
2.124419851573648099e+00
2.126949201218507834e+00
2.129383053093708789e+00
2.131687272819799084e+00
2.133852199254299808e+00
2.136067275725579862e+00
2.138509416307903699e+00
2.140979285322953896e+00
2.143536404776058113e+00
2.146002015731315993e+00
2.148214118383250160e+00
2.150309105871866411e+00
2.152597436377762907e+00
2.154868296597781896e+00
2.157170677162866479e+00
