1.320990267395607098e+00
1.033955345719476809e-01
6.591781825038690590e-01
2.341173128801518344e-01
-6.606463646386990796e-01
7.281289392707791450e-03
6.336690214099194307e-01
1.976627919274683565e-01
-2.000092782129193614e-01
9.847371218398210946e-01
-3.237125349677842934e-01
9.422229096822289929e-01
-6.961096824534669381e-01
-4.948443302836301738e-01
-1.782237234215310884e-01
-2.654259372294467956e-01
1.905520011694549487e-01
-3.706410105030196189e-01
-1.697267495939575044e-01
-5.799988765241603783e-01
7.082556648469013894e-01
-3.964243535797460916e-01
-4.663328262047344297e-01
9.558041677964589089e-02
1.797586051459359180e-01
7.622862580425495693e-01
-2.956760142167022543e-01
3.390947523158086563e-01
-1.620562166902871915e-01
1.834749947126616820e-01
1.297796788549703262e+00
4.193271128662752756e-01
-7.273826992943408509e-01
-1.245165388143801621e+00
9.830250306279310069e-01
4.049751001520158766e-01
7.258173693568779061e-01
-1.636804993115331675e-01
4.728074433211403305e-01
-7.406765619292956515e-01
-5.041115838260429305e-01
7.057075831859574988e-01
3.771701975937663542e-01
1.347146166243527343e+00
2.978739142225271808e-01
-4.292496865069175271e-01
1.028537427491123424e+00
2.123479730969336510e-01
-9.167269456815425599e-01
1.720552515883989608e-01
-7.986980330173742981e-01
-4.077914404647874358e-01
4.566909133612436639e-02
3.532519275439581774e-01
6.336270998351710704e-01
-6.433236764312301181e-01
4.806865515929090726e-01
-1.728924344922543321e+00
-2.621562746671306510e-01
-6.404554332669770700e-01
3.378111724400565952e-01
1.988100540142135886e-01
1.427472964035433112e+00
-1.365535448245553535e-02
