-3.930189507173053946e-17
7.303713189799054968e-15
5.992359386475243576e-15
5.821176873865851747e-16
8.533174167268953107e-16
-3.622935285108042309e-16
-2.408059862624156797e-15
1.943722960362492845e-15
3.355093980417222840e-16
4.330424907550423173e-16
-6.216693826388563961e-16
-2.697564394082973942e-16
-3.079203558797871503e-16
-1.364464097264317491e-16
-1.487143741485397089e-16
-1.509903313490213003e-17
-8.859579736508749666e-17
-7.838174553853604742e-17
3.292921491038214512e-16
-3.044231533522179226e-16
1.227906665235423238e-16
2.220446049250313204e-17
-9.605649609056853552e-16
9.694467451026866154e-16
4.364286709801490416e-16
1.600386489997163058e-15
-1.644795410982169359e-15
-1.126987392296996382e-15
5.025979632478083808e-16
1.957323192414150870e-16
3.459454944731987894e-16
8.277822871605167615e-16
1.211586386773433361e-15
3.667621761849204253e-15
-3.576916540737329733e-15
3.459676989336912704e-15
4.639844064513454390e-15
-3.033795437090702819e-15
3.071765064532883034e-15
1.050270981295398182e-15
-9.346967644319192661e-15
-2.291500322826323163e-15
-2.819300348733122336e-15
-4.517719531804687013e-15
-1.447730824111204034e-15
-6.117328865684612301e-16
-1.926014903119721453e-14
3.360867140145273709e-15
7.665201806617005963e-15
3.300248963000740231e-15
-4.900746475300366335e-15
2.950306665638891170e-15
6.353140236114995415e-15
-9.612977081019380257e-15
-2.529754183910881844e-15
-3.478439758453077903e-15
-8.488321157074097186e-15
-2.110533969812422757e-15
-3.770872503139344568e-15
-4.489519866979208283e-15
9.160783243089554743e-15
2.282729560931784356e-15
-6.853073664103703417e-15
2.208566662886823982e-15
5.530020885657904980e-15
4.383160501220117970e-16
7.551181901988002273e-15
-2.703171020357331031e-15
-1.404432126150823063e-15
2.697175816024355353e-15
-5.356382004606530491e-15
1.040822983355837952e-14
-3.884892407768347470e-15
2.794764419888906367e-15
-1.636468738297480764e-15
-9.278466883699820011e-15
3.867572928584195160e-15
1.654232306691483235e-16
2.255529096828467911e-15
-1.006639216427629454e-14
-5.574096739735523525e-15
1.586053510749252481e-14
4.931832719989870056e-15
3.340772103399558666e-15
-2.078115457493368009e-15
-8.605227641567125867e-15
7.769340726326845714e-16
-1.047895104022700204e-14
-4.095057626329889678e-15
3.557265593201463718e-15
6.976419442139558776e-15
-2.758571149286126601e-15
-6.814437902846748083e-15
3.036015883139953085e-15
-5.091482790930968226e-16
-4.144240506320784662e-15
6.989964163039985870e-16
-5.588751683660575357e-15
5.165978755883315766e-15
-6.933342788784102713e-16
1.088928947012845967e-14
1.913580405243919965e-14
3.156697125916707572e-15
-6.777134409219342988e-15
-1.238442681739115942e-14
-2.647881913730998507e-15
1.009314853916976078e-14
-5.243694367607077039e-15
-5.478284492710372566e-15
2.035993595939089525e-14
-4.404920872502771304e-15
-1.500632951234592750e-14
-6.960654275189881219e-15
-5.030198479971659234e-15
1.463751342356545019e-14
1.482480804781971502e-15
-3.110622870394763671e-15
2.065125848105253580e-15
-6.854183887128329142e-15
5.634603894577594745e-15
4.398370556657482370e-15
-1.593825071921628450e-14
-2.233879747848277327e-15
1.366795565616030211e-15
-1.799771442989595115e-14
6.954326003949518375e-15
-1.041000619039778036e-14
2.552347222462003742e-14
-5.898947996740844543e-15
-3.208877608074089804e-15
-2.674793719847912217e-14
6.048272993552927971e-15
3.538835890992686473e-15
-8.758882508175247570e-15
-1.834188356752974904e-14
-7.789324740770097909e-15
-9.644063325708884766e-15
-5.964229110588803066e-15
1.684541395263750024e-15
-1.636490942757973097e-14
1.115751935287789872e-14
7.887468456146961785e-15
-2.859046333014703000e-15
-1.256150738981887177e-14
8.182676758394791578e-15
-2.460998071995845766e-14
8.123279826577346082e-15
1.161759577428256262e-14
3.844591311974454338e-15
-1.564193219394383096e-15
1.505895408371316191e-14
4.333533532019373663e-15
1.552746820010497784e-14
-4.736211423050917817e-16
-4.226730077050433238e-15
7.021050407729489788e-16
-8.512357485557231421e-15
5.649924972317422092e-16
1.499134150151348889e-15
-2.542133170635452283e-15
-2.008448962698139294e-15
-1.202993260562834560e-14
5.290767823851183620e-15
-5.387912338505884817e-15
1.721911502272632828e-14
-2.747579941342337529e-15
5.061617791568551303e-15
7.504719068407440077e-15
1.520678027944199895e-14
8.167355680654963837e-15
-5.849432049842561999e-15
1.493249968120835468e-15
-3.608779941544071619e-15
-1.006661420888121906e-14
-1.644240299469856892e-15
-5.496714194919149614e-16
-5.197620112085133137e-15
2.993050252086959476e-15
-1.164912610818191773e-14
1.049405007336190527e-14
9.187761662587945491e-15
7.437606086568849188e-15
2.511602037458260242e-15
-4.384603791152130959e-15
2.030653423190642583e-14
-4.162670208529561907e-15
1.476152533541608067e-15
3.957389971276370835e-15
-8.859579736508749666e-17
-5.622391441306718086e-15
4.047706614329627061e-15
2.024014289503384000e-14
3.530731262912922786e-15
1.310446196001180332e-14
6.745604075319988662e-15
3.249622793077833245e-16
4.162836741983255687e-15
7.130629420259993341e-15
-6.174283306847883018e-15
1.623612355672321319e-14
1.340150213025026430e-15
1.011291050900808826e-14
2.779521057760803152e-14
8.209766200195645372e-15
-7.622236175564012354e-15
-2.548816713243695611e-14
1.728883702867278655e-14
4.283573495911241303e-15
-6.057709889262241897e-15
-1.931244053565705980e-14
-8.971712261995890256e-15
5.244471523724314415e-15
9.939382650259176027e-15
1.573141616972861789e-14
-5.748734821509060495e-16
-5.007105841059455761e-16
-2.349220817876584872e-14
7.775891042172134058e-15
-2.032463086720781709e-14
-9.467759909398410589e-15
6.977196598256796152e-15
3.210431920308565345e-15
-1.015743045229555662e-14
1.699773655161607209e-14
-2.901867635074495517e-14
-2.497768658571431082e-14
3.605116205562808463e-15
-1.010524997013817518e-15
4.791833596584638296e-15
-9.726885963345920901e-15
-5.704214878221591543e-15
5.674349878859175015e-15
-3.010480753573574437e-15
4.010347609550990443e-15
-1.167721475070493420e-14
1.736144561448327138e-14
2.384181740922031061e-14
3.417865990229529249e-14
-1.462296950194286061e-14
5.599742891604364824e-15
-1.527167281523134155e-14
-1.354250045437765992e-14
-7.858602657506708725e-15
-1.519973036323563183e-14
1.190014753404966514e-14
1.161437612751115007e-14
1.539190996879824583e-14
1.636613067290682132e-14
6.659783835516463702e-15
-1.261102333671715352e-14
3.697597783514083826e-15
-7.478018204665203788e-15
-5.063616193012876661e-15
1.202704602576432061e-14
1.168387608885268540e-14
-2.959521516743279793e-15
-2.575717417130363304e-17
9.600542583143579084e-15
-1.206035271650307499e-15
-1.891209411297722896e-14
3.403655135514327549e-14
2.263922382894634176e-14
7.034262061722529520e-15
1.412581163151571613e-14
3.495981282242155515e-15
2.371436380599334504e-16
-6.020184351029911498e-15
2.381272956597513146e-14
-5.666689339989261145e-15
1.285382911220267499e-14
7.760347919827381803e-15
-2.333933046827496676e-14
-1.956379502843219636e-14
-8.786082972278564410e-15
-1.312727704316785076e-15
-5.166755912000553142e-15
3.000044657142098306e-14
1.621147660557653694e-14
-5.596079155623101668e-15
6.853184686406166463e-15
-1.385269676745792832e-14
-5.677125436420737749e-15
9.815481760711008595e-15
5.271227898617780650e-15
1.252653536454317801e-14
-8.535394613318202978e-15
7.652989353346129304e-15
2.103595075908515292e-14
-2.551692190877474928e-14
3.102618162387216252e-14
-2.230016171722581872e-14
2.265576615201325669e-14
9.288791957828834358e-15
-3.379418966886760462e-14
-7.913891764133040460e-15
2.189259884488592461e-14
5.843991957021898789e-15
-2.540878618617625703e-14
1.337285837621493536e-14
-2.009392652269070923e-14
-2.851163749539864616e-15
4.334310688136611039e-16
3.867051123762621369e-14
-1.102051783163915342e-14
-3.165556705653216184e-14
5.828670879282071837e-15
1.321054377001473711e-14
-2.478006688733103283e-14
-1.364119928126683587e-14
4.599653991022023515e-15
9.101386311272107669e-15
-2.822564404425520577e-14
2.066569138037266470e-15
-2.674216403875107219e-14
2.160938095130404539e-15
2.771527451983502038e-14
-2.677469357337258682e-14
-7.203460050675402689e-15
2.920075292678347932e-14
1.192579368591850723e-14
5.149880522026251438e-15
2.332323223441790085e-14
6.954881115461830449e-15
-2.849109836944307972e-14
-3.048450381015754652e-15
1.188560361242707557e-14
8.122169603552720357e-15
1.093569679255779178e-16
9.470202400052585073e-17
3.569811113379728725e-15
-6.972866728460757877e-15
-2.281774769130606738e-14
7.294387316392203300e-15
-1.110223024625156602e-17
2.802091891851432678e-15
6.748379632881551395e-15
-1.868560861595369791e-14
-2.208233595979436422e-15
1.778577285449500730e-15
-3.524736058579947108e-15
-1.408750893716614836e-14
4.202305170508679920e-14
1.521449632946314435e-14
-4.411360166045597193e-15
1.327515875004792209e-14
-2.796096687518456605e-15
1.514810499259056168e-14
-1.559241624704554723e-14
1.450783937428923435e-14
-4.316325075137683610e-15
-3.133038273261945642e-14
-1.119326853427082906e-15
-1.527056259220671425e-14
-2.876676674645750654e-14
1.567568297389243397e-14
1.091804424646625127e-14
-4.959255228698111410e-15
-3.343436638658658748e-15
1.360411783224435529e-14
5.195954777548195339e-15
-3.214584154420663062e-14
2.076083749358304132e-14
-1.783007075317755036e-14
-2.190025938375583691e-14
6.345146630337694773e-15
-8.367750936599804758e-16
7.822631431508852290e-15
-1.400568550025127490e-14
2.670430543361135344e-14
5.962674798354328314e-15
-9.942713319333051623e-15
1.336575294885733514e-14
2.023381462379347953e-15
-6.849965039634753124e-15
-3.442424123534237591e-14
2.905697904509451979e-14
-1.096622792573498436e-14
-1.739608457285157837e-15
-1.915922975825878871e-14
1.460132015296267082e-14
8.688161301506625048e-15
9.422462809993704063e-15
-2.665889731190418545e-14
2.205824412015999688e-14
2.450328828729197870e-14
1.182365316765299264e-14
-2.040145830051187558e-14
-1.633693180735917833e-15
-2.307531943301910294e-14
-8.187894806610529486e-16
2.062283677162213177e-14
-1.179067954382162424e-14
-5.392131185999460046e-15
-2.005506871682882781e-15
2.170896795661292413e-14
4.874989301129061990e-15
-2.220612582704006703e-14
-2.649136465748824771e-14
3.024624994907299257e-14
-1.153588335967015221e-14
-1.876265809386268249e-14
1.384659054082248920e-14
-2.395250664477544029e-14
-1.793132309302336532e-14
6.926459406031426416e-15
-1.741906618946131761e-14
2.149502797976765650e-15
1.249556014215613773e-15
3.349653887596559729e-15
-1.621514034155779852e-14
-1.780919856031459873e-14
2.011368849252903672e-14
-5.389688695345284872e-15
-2.208511151735592774e-14
-2.609623628302415477e-14
4.886313575980239016e-15
2.273226051840992919e-14
4.182987289880202253e-15
5.060507568543926368e-15
-1.279776284945910509e-14
-8.166578524537727250e-15
-4.052980173696596492e-15
-2.631772577643687401e-14
3.369526879737350258e-16
2.019395761720943384e-14
-3.687050664780145064e-16
-5.363598454266593756e-15
-2.127631404391649843e-14
-1.151467809989981144e-14
-2.041744551206647844e-14
-4.957589894161174401e-15
2.705391466406581297e-15
1.885369638188194457e-14
-3.798961145662361041e-15
-2.178590641221944802e-15
1.337185917549277268e-14
1.062072652047163465e-14
4.645617224241505160e-15
-1.196054366658927332e-14
2.924105402257737403e-15
7.743916619062929915e-15
1.793609705202925420e-14
-4.979350265443827439e-16
1.192557164131358114e-14
1.444955266549641300e-15
-1.624589351933991704e-14
4.893530025640302281e-15
3.601441367351299161e-14
-4.538480702365177175e-15
1.561939466654394113e-14
1.485156442271318007e-14
1.662225912468784320e-15
-3.269340353995175964e-14
2.505196050606173187e-14
-1.047384401431372718e-14
-3.162026196434908368e-14
9.539924405999044818e-15
-4.599653991022023318e-16
-1.169098151621028561e-14
9.137135492665037815e-17
2.041289359766551565e-14
3.117650582140640705e-14
2.598499193595671303e-14
2.107203300738547013e-16
-1.628386314678209568e-14
-1.051336795399038215e-14
2.293032430600305937e-14
-1.347189027001149887e-14
-2.530309295423194312e-15
-1.870870125486590099e-14
8.889555758173628056e-16
1.541544669692029793e-14
-5.306866057708247948e-15
-2.122035880347539157e-14
-1.455291442908901321e-14
-9.282907775798321331e-15
3.234745804547856011e-15
-8.418821195732562251e-16
-2.152578115754977267e-14
8.809841745005542609e-15
-9.519718346950866729e-15
1.097233415237042111e-15
-2.082745087506055009e-14
-1.730982024383820438e-14
5.425437876738215215e-15
-3.658850999954666235e-15
-3.972600026713734742e-15
5.716982443004781064e-15
1.934641336021059088e-14
9.158340752435378780e-15
-6.953881914739667770e-15
-6.034284183442650469e-15
2.355671213649657223e-14
-1.084721201749516728e-14
-9.726663918740996388e-15
-2.096767204307070557e-15
3.290701044988963950e-16
7.451483874376663645e-15
2.846389790533976525e-15
1.370348279294830794e-14
-4.204747661162855094e-15
-1.790834147641362529e-14
4.697464639491499832e-15
1.786948367055174544e-14
7.965517134778110618e-15
5.038081063446497619e-15
1.822320072619731794e-14
4.743316850408518431e-15
2.907230012283434910e-15
-6.375788785817348677e-15
-1.743272193266420795e-15
-6.822431508624049513e-15
