1.283611507521816280e-03
-2.024007317854004378e-03
-2.112849636120616662e-03
2.970715482109387209e-03
1.758380849927949560e-02
2.887934726471453294e-03
-8.350624550121577699e-03
1.762806206934095649e-02
2.941947329543902548e-02
1.909420391364319292e-02
1.804407196384102269e-02
5.392170427885708585e-03
-1.008805843230489371e-02
-2.489589694634596322e-03
-2.366447971309340939e-02
1.471255234460067465e-02
-8.130895003678690128e-03
-2.930502565936201741e-03
-1.554893072317357385e-02
8.628018737274662647e-03
1.394169980172491920e-02
-2.859368066845859296e-03
-1.869037793776444703e-02
-2.214152192685657494e-02
1.796210633979031940e-02
