-1.297207599283285717e-02
1.034974273530230721e-02
-8.287250088312004756e-03
-8.510131235451820139e-03
-1.178462561995018316e-02
1.702381287778746786e-03
-6.589220867566842384e-04
-1.073753840855375119e-03
3.387125894401489014e-03
5.365672060384543002e-03
1.264395218431980754e-04
-5.295758949034772012e-03
9.696480636318900725e-03
-2.230242561774758991e-03
-4.409275756476584623e-05
6.013358879577411237e-04
5.373746724891911679e-03
-1.144928776334953706e-02
3.503789059156433867e-03
4.532178175610051228e-03
3.177424600293960247e-03
-2.370850820825139496e-03
8.845120176680695834e-03
-5.762968650995982205e-03
-1.146333069184020045e-02
