-5.061515510413830965e-01
9.432856301521153064e-01
-1.222547621189415956e+00
1.610667620447101989e+00
1.932881500390054019e-01
-2.110553884712229877e-01
-3.931322201392390414e-01
1.124118903873017938e+00
-1.361257405563530698e-01
-1.285331632451220507e+00
3.289822174098299135e-01
1.258535894769961805e-01
1.371878023940738878e+00
-4.059865610839375472e-01
-7.368023834587628107e-01
-3.377770543864897640e-02
5.361247063086711090e-02
4.920439561220591590e-02
4.956079744125581055e-01
-2.048990014191972575e-01
-1.248944209658555904e+00
8.217426064904730376e-01
-2.865697879377410162e-01
-2.497272782474884920e-02
9.013980105730653447e-01
4.777851604771822525e-03
-2.729195971950147404e-01
7.037817459139826815e-01
-4.284170868451818159e-01
-1.269946658973526876e+00
3.172162545736156303e-01
1.394191235616420332e+00
-1.261065794729163692e+00
-1.048264893122117680e+00
-9.204750668070822445e-04
6.803362722437991672e-02
1.107384142914447311e+00
-6.285505298855756928e-01
1.464685990924627701e+00
-9.560757013658945924e-01
1.357181666633041850e+00
-8.492302929653707810e-01
1.126434054905202098e+00
5.131280831660482988e-01
8.040504434926762922e-01
-2.246931556520832818e-02
3.782828511399181082e-01
6.974512252325050232e-01
1.017051396409624220e-01
3.554840605963142663e-01
-7.755681105811998433e-02
-4.315888427801292115e-01
2.578174455222728700e-01
-4.279298745506701640e-01
-6.389012123131809773e-01
4.769806259731381171e-01
1.305507508463608080e+00
1.954498531167943476e+00
-1.338667883582189244e+00
-6.169329613330665207e-01
2.426525960230641876e-01
5.938802414221898696e-01
-7.281318748043835720e-01
-1.078949531504649340e+00
