-1.094992894566230168e+00
-2.069253414768382204e-01
9.484182532792273523e-02
-2.986317724131901663e-01
4.581920142944817531e-01
2.703172454328945165e-02
-1.626480797654307198e+00
9.378544153224989133e-01
1.605079420801489576e+00
2.319997819071970557e-01
4.445414979108664455e-01
5.458864935742844260e-01
3.582732547111887843e-03
1.094591944983600129e+00
6.019468191785543043e-01
3.602177645236770975e-01
-5.434576875517926897e-01
-1.910977256863586049e-01
-3.257002499483936941e-01
-9.481719967943735838e-01
9.190333232736432045e-02
4.768879301988568353e-01
6.342641254131218265e-01
1.338923925673203286e-01
2.785448151789901572e-01
1.555246233010534551e+00
-3.893693547636978836e-01
-3.941381796923495995e-01
-6.752403508903149776e-01
-1.437602732170905999e-02
2.631499424966009526e-01
1.918013916042288214e-01
-4.703510563815312961e-01
-2.163247884223718220e-01
-2.628112353224306696e-01
8.186692410663475028e-02
-1.688261737862203349e+00
-1.602328321829180613e+00
-4.976512227846658920e-01
-7.841805367242753455e-01
1.400732794022524264e+00
-2.751983008140721498e-01
2.201661720632832053e-01
-7.502642606580830487e-01
1.469357499335234296e+00
1.089149829087952437e+00
-5.044936570376696849e-01
-4.002257095390138741e-01
-4.002242003255677139e-01
9.482034881696141948e-01
-6.743995564102269746e-01
-3.840452007358678976e-01
-9.630638704516990556e-01
-3.272587751548949875e-01
-1.046105021922854039e-01
4.909897313330819357e-01
-6.802579867242742884e-01
4.332943201078566786e-01
-3.229979714811369029e-01
-8.144695591481729835e-01
-5.944308735976392422e-01
-1.040265230370144905e-03
1.368561855081392942e+00
-1.026734947185443225e+00
