-3.325508722294454739e-02
8.590944037994041604e-01
-7.979107646864750381e-01
-1.166806440154398716e-01
-5.335392295482945801e-01
5.326788203561593216e-01
3.577557915637483155e-02
3.711417416334045205e-01
4.066299219034153478e-01
3.632949374973049733e-02
1.601468598239093322e-01
5.412829830630014882e-01
6.732775437032362253e-01
-1.045114893768813724e+00
7.361037663043704660e-01
3.375420425979862027e-01
-1.707969526412470018e-01
2.073868105535569273e-01
1.042527331676176283e+00
3.796291917811224492e-02
1.809538547718301778e-03
1.437245049411525477e-01
2.723062144095763082e-01
1.197606566790503924e-01
-7.448840210471610046e-01
-1.405377839399164774e-01
1.581348593728009455e-01
-1.472952553598791514e+00
6.522400236567893472e-01
-7.223245713735930718e-01
-1.423955338169483831e+00
-8.114755071217457649e-01
4.322472638972661985e-01
-8.240897978924550948e-02
-8.643091577977992657e-01
-2.689421279513021235e-01
1.051013022971620581e+00
1.086552639175251356e+00
8.619673505220766252e-01
-5.724079638928015745e-01
5.274047210458645552e-01
7.767100906812541838e-01
-8.041907160458156012e-01
-5.794324769395793329e-01
-6.626929873536622218e-01
7.414678371454106465e-01
-3.191630893286145354e-01
-1.646035437686766412e-01
1.525911138513474929e-01
-8.391965037147609552e-01
1.014857265705658040e+00
1.251374781157158944e+00
1.321179739085040217e-01
-9.662158340631848974e-01
5.827674618925132721e-01
-1.517652018942752923e+00
2.270741729491286276e-01
7.958422647891048030e-01
-6.555812884222891324e-01
6.743542711194913108e-01
2.882063175095633811e-01
1.215910278465623051e+00
9.435615028362493995e-01
3.532447742190540363e-01
