3.913230599923357977e-01
-7.222130641909386695e-01
-8.655699980900728452e-01
-3.228822896695621725e-01
-3.167513167951591102e-01
2.780657115386017675e-01
1.922394324425464804e-02
6.566874329407609290e-01
5.620742096224864981e-02
-4.983797772542108984e-01
-4.998694739155936650e-01
-8.448040113060412137e-01
-4.474216162307221856e-01
-4.772326998891981281e-02
3.768038136501260515e-01
-4.197241986008055648e-01
-1.398889966722440259e-01
1.334541241313006887e+00
1.108252328660069619e+00
1.833105239935764741e-01
7.474066614933186359e-02
6.840744105719364088e-01
4.095907261160562363e-01
-2.134631139746853423e-01
1.009686071744518715e-01
1.246463058728737527e+00
-7.649717463465341982e-01
-1.273342996353356016e-01
-9.584388275974624338e-02
-1.774044422225087514e+00
4.352592832658859212e-01
4.647142994170989083e-01
-4.360797720024465196e-01
-4.229313924692812421e-01
-8.320874127880273363e-02
6.424173704504163585e-01
2.863494246189571268e-01
-4.502039502813744987e-01
9.082471847553040822e-01
-3.099578595055733632e-01
7.481990882510344311e-03
4.998351993433693963e-01
-4.041457163194854818e-01
7.760451268810574232e-01
5.588483421456411082e-02
-5.342987189992446373e-01
-5.285003988083255555e-01
8.610074780282421791e-01
1.914286733667359963e-01
-6.141985957341806746e-01
1.139223677291512749e+00
1.217498472582891483e-01
1.564719572000597414e-01
-9.321299916873526659e-01
5.364734145303787782e-01
7.924740695934656687e-01
-4.263380107232786487e-01
-1.276552554181799581e-01
4.724031437305389880e-02
4.189356480721023734e-01
5.837865325813667017e-01
-1.275101087680403089e-01
5.492554482423347428e-01
-1.672964319432799218e+00
