-1.508708861795064471e-01
8.242210619144239026e-01
1.227776444670290568e+00
-2.188002228277659444e+00
-5.154305778466531512e-02
-4.448459646216012531e-01
6.236455302050250560e-02
6.801244959769713327e-01
-1.181668670283076539e+00
-6.039246789247554315e-01
9.149396037998620557e-01
5.416696555712021688e-01
-2.943663945156774209e-01
-8.027315610622109965e-01
5.820586882427866877e-03
-6.715457758578567971e-01
-9.437277758764280877e-01
-1.064844220507378481e+00
7.562342126515820828e-01
-4.680916221625942009e-01
-1.526652397545037454e+00
-1.068018957431559994e-02
-2.616383197701643293e-01
4.283634753289145558e-01
-1.203294478054425659e-01
-1.846959666678427370e+00
-5.405693159663077507e-01
1.864676883803762397e+00
-8.421305873388167385e-01
8.601786390880911126e-01
1.095254441220991692e+00
1.639484204917983079e-01
-6.236776994841111144e-01
3.741989762042669532e-01
7.837744866307112535e-01
-1.002630019707938525e+00
-6.513256613429815323e-01
-4.395133306905669723e-01
-2.898060111198881850e-01
-1.003305571321451595e+00
-7.797784333051910322e-02
-3.002496486031129286e-01
-6.347816950814370029e-01
1.990628286236495459e-01
3.487802785417080664e-01
1.180205109881341252e-01
-3.415295452297783529e-01
-1.976673176498202067e-01
1.102716876810754670e-02
1.773294322215061669e+00
-8.403397147381785892e-02
-4.010723824867670068e-02
-1.613369163895220226e-01
-1.588865999343355151e+00
1.044682545678187857e+00
1.031373746023277194e-01
6.002048487652388298e-01
4.103753996082082911e-01
-2.987309746898846319e-01
2.332691462948121686e+00
1.514246870489654118e+00
-8.694048660699515985e-01
-3.338123374995923265e-01
-6.229986103559398414e-01
