-8.064473237314505605e-01
1.494670891453902195e+00
9.434684908710779805e-01
-1.513581795785795103e+00
-8.063292894702195346e-02
-6.654295328669080911e-01
-5.195294897854371152e-01
-3.586431081932037745e-01
5.285923652067657796e-01
-1.090541297364003182e+00
-2.874155691980759819e-01
-4.249281603940052165e-01
-2.835592300890889539e-01
-1.663105770496585034e+00
-2.955189801570760610e-01
-4.792110882407307759e-01
4.323759576992530218e-01
7.302675761693895318e-01
1.117578227994101558e+00
-4.476193806028752054e-01
-1.424740942268285515e-01
-3.516081757354425630e-01
1.547241141613050930e+00
-5.722615471293188705e-01
-3.345328332560553175e-01
1.122962149038175816e-03
-4.176116207557949989e-01
1.948508008990667451e+00
-1.160442177508357764e+00
2.444598467129627473e+00
1.059473120510981747e+00
-5.741838900894981057e-01
-4.611190893844182570e-01
-1.706097667295471965e-01
8.918263991286984327e-01
-1.899748272627542089e+00
-1.355904516628828160e+00
2.174113272376878570e-01
-6.897624782950185773e-01
-5.190776930925892207e-01
8.883705088926466820e-01
-9.008407243881755289e-01
-1.159178593669277918e-01
-8.360371317512747813e-02
3.550680306169197720e-01
-3.098102635891847867e-01
1.748549673726371489e+00
1.522215118816909074e+00
1.791334511768254978e-01
-5.756613163649855203e-01
3.290162299427712989e-01
9.969737468484402010e-01
-5.217089103921945803e-01
-1.324002244784878268e+00
1.298797839774363361e+00
-8.160302279795503821e-01
-8.561204271330186133e-02
-7.939507697443007328e-02
-2.319883755709065687e-01
7.166565168985476741e-02
-5.939302427881797408e-01
-3.530986156542311738e-01
-5.228024042769571222e-01
-6.136250160429186362e-01
