1.019744664776304877e+00
-6.768802135963229993e-01
-2.091029361576872136e-01
2.349105686831838846e-01
-8.039892676898841017e-01
4.267259607989231096e-01
5.676664636271123721e-01
9.165320571622443957e-01
-5.908318078626181302e-01
-1.159563786184113265e+00
-3.194846600748386112e-01
9.676926534726013607e-01
-1.074444406599816132e-01
2.303639848590940953e-01
3.604806236786155527e-01
-2.607642864477085487e-01
4.010802653349266889e-01
7.476890342988037341e-01
5.295213761056452029e-01
3.217111079214109992e-01
3.986799553960704290e-01
2.878744046835344725e-02
-1.688136288032139332e-01
3.993857274205386831e-01
6.146355602895128278e-01
3.474277906109770053e-01
-3.259858938366614334e-01
4.139920137162810820e-01
8.780852545784828544e-02
-2.544300421866773632e-01
5.265676466234845421e-01
1.598381322045746011e-01
3.852901146301613289e-01
-1.606523007996615848e-01
-9.183731715505831783e-01
3.353391311948307474e-02
9.042957245428185908e-01
-3.234800917004224674e-01
3.750206113446389877e-01
-3.078671313081010052e-01
-1.041400864607258336e+00
-3.282704727062399908e-01
1.455394667530370556e-01
-1.054703781627940873e-01
-8.045478241266793562e-01
-2.846817648865487271e-01
1.410479628382213524e-01
3.285457199789644234e-01
-6.959413614873465326e-01
-9.747238761873427970e-01
-7.653904953151607904e-01
-1.088030676407635511e+00
1.066048566869832320e-01
-1.344128409044071104e-01
-7.620546769874285420e-02
3.373143695387227359e-01
-1.173459574123155491e+00
-6.191786614141480127e-01
-1.261034875772252817e-01
-6.799218914440881001e-01
1.743754430986336201e-01
-3.978697511082933125e-01
1.001735999619887574e+00
-5.413093304168663522e-01
