1.688756671775876184e-01
2.044090718745487645e-01
-7.459929350709723073e-01
1.409868302203554913e-01
3.679852226412567151e-01
1.245402939843256035e-01
2.981354806172815120e-01
4.845828888134342538e-01
1.139760252106300831e+00
3.659060366016373966e-01
-1.668323057864400161e+00
9.482779116520097251e-02
4.277352272558928581e-01
-1.798446342275814847e-01
5.744334152184107922e-02
-2.289824548600316312e-01
7.198274079218756061e-01
5.273021779083986171e-01
-8.325489332587827640e-01
4.610197455365636597e-03
-8.121917981246199458e-01
-9.444188407191875800e-01
2.435993682398032711e-01
-7.347635119495939948e-01
-1.584937294922049711e-01
7.775731485231839324e-01
-1.019498166947853779e+00
3.329193615492723884e-02
5.092235922106730373e-01
3.931097630687391820e-01
1.078602107443007219e+00
4.290714240201976559e-01
1.189722354025252588e-01
-2.096207116430985617e-01
6.128691799351656533e-01
-2.169968727193066493e-01
5.276786142244954680e-01
-9.782226152637384375e-01
8.452096335204172250e-01
-3.031110155264231110e-01
-2.526742077619246740e-01
-3.425148468822191705e-01
-6.690250758127281872e-01
-8.986599171334299641e-01
1.032449887738217109e+00
-7.581683937235922377e-01
-5.874995721434174145e-01
-8.359682035429558677e-01
4.119708565115621779e-01
1.269861222792464606e+00
7.388336056730755441e-01
-3.134593483179581863e-01
1.667625476589699840e+00
-1.416891028769860839e+00
-3.043278012042338054e-01
7.197174105837087499e-01
-7.261815523110058956e-01
4.219604357889619739e-01
1.079981406050274595e+00
2.571854917373053717e-02
6.091249157154318694e-02
-5.567239894157316460e-01
-4.414406146449362245e-01
-3.948379697300439806e-01
