-2.363256845338811835e-02
-5.407170608433121278e-02
4.805682310047261659e-03
-5.275370187993012883e-02
2.057633684469836743e-01
6.215598867713148512e-02
-3.386394064659092873e-02
3.065476508234451190e-03
4.627280705019135021e-02
-5.871372241736321634e-03
3.467075599365054134e-02
-1.154179805653796770e-01
-1.986423737593143862e-02
9.830248611385442037e-03
7.435453529343045813e-05
6.701409467902935679e-02
-3.785240749248654224e-02
1.117909984532478446e-01
-5.791911840045349535e-03
4.091748529940889695e-02
6.383477893785166613e-02
-2.076833550320967073e-02
-6.665983411521976543e-02
3.967378976853000450e-02
-3.308042056631047001e-02
4.241033791163496824e-02
-4.441491634267557415e-02
-5.479888880717593072e-03
6.211390884516868743e-02
-4.127555543447244263e-02
-1.202637463568816470e-02
-5.437569247043748041e-03
-2.528110867253510405e-03
3.942735286060702893e-02
-6.058148752135024406e-02
1.689419680028339185e-02
2.445941082410671083e-02
7.784062515810893923e-02
3.228309410495832504e-02
3.172926047081355699e-02
-2.638340334859937478e-02
-2.474732477922014437e-02
1.655752533699292317e-02
2.203165996269627891e-02
2.062548765557431843e-02
-9.347284734851845148e-03
-3.279859957481580379e-02
7.394398740810334547e-02
2.640062329884100556e-02
-7.026225126336918536e-02
1.060667942750434523e-02
-1.791743228191300039e-02
-3.098225533544675045e-02
-1.322926472093390038e-02
-1.060729038914884521e-02
9.796368618203290385e-03
8.189103415720752621e-03
-2.697167004553840952e-02
4.702989510966176095e-02
-5.518126976808162935e-03
1.944280245202858678e-02
4.680333953900236293e-02
-4.218887652104878760e-02
1.528481134858059552e-02
