6.543488102347273516e-01
1.109691765781654738e+00
-1.175493905643441028e+00
-9.868958027531119503e-01
-8.687294907107047381e-02
3.851615694270443813e-01
3.743352674984375961e-01
8.218210880715192124e-01
-4.066010613425162790e-01
-1.315888440921947566e+00
-1.071929653711531705e+00
7.849165810974795265e-01
1.627774026307793553e+00
-6.129539068182889849e-01
4.643640308802730599e-01
6.580057064070420347e-01
9.414766680517162589e-01
-9.193092378891800642e-01
9.719819397546616835e-02
9.499200605607756032e-01
-1.670125656914095869e+00
1.156875635667610869e+00
6.062368453990126804e-01
2.966284884057008298e-01
6.837539449771060651e-01
-3.529317712544512431e-01
-3.977326860327688451e-01
3.604204789137712694e-01
2.445024696273302711e-01
1.293429445974192848e+00
-4.098350811770201663e-01
-7.347954613972305093e-01
-4.421554945197590514e-01
8.769300791783265492e-01
7.814625276850949431e-01
6.750625797828337937e-01
-6.177165542885576857e-03
-5.528499851500208173e-01
3.869356612090533165e-01
3.233687727433699477e-01
-4.710776039130766257e-01
6.324021562219780401e-01
4.934282017631995698e-01
1.888176041558956852e-01
5.198872751621173016e-01
-8.490902131005038933e-02
1.206958164140580769e-01
9.777612462767674636e-03
7.562686304050729447e-02
-3.068558491310363068e-01
5.688381403030550176e-01
1.179165923161703766e+00
-3.878905410671902865e-01
4.254279826968654366e-01
3.236942126980610346e-01
-4.949554134685082429e-01
-1.771588792750314667e+00
-2.926349160581072972e+00
-1.891205918183640700e+00
-1.655001293824983066e-01
-4.961789303864517775e-01
-2.761580612174643901e-01
-1.777853489034777690e+00
-4.469906575523502901e-01
