-1.805610378786117187e-01
1.154268973087430927e+00
-1.423341306867625666e-01
-2.460826160420129249e-01
-7.584490378475312600e-01
-4.804592957318856161e-01
-9.633393281646738249e-01
-1.007841981353560623e+00
-5.503244165039908875e-01
-1.001968842322715991e+00
-1.963267831724373191e-01
9.851720488151333166e-01
-3.030015929398738664e-02
-1.089398821021013930e+00
-9.332232307060840393e-01
-7.845937278432370265e-02
1.491600925024935353e+00
-1.907789276210285490e-01
3.077318295415412130e-01
4.414949429796369285e-01
4.938897047178494870e-01
7.961589489307135947e-01
1.162851625440577630e+00
4.375841056395028961e-01
2.848219143767412587e-01
8.972614103518957718e-01
-5.988174655063238649e-01
-4.884793985748959733e-01
8.619266050207390339e-01
5.276187960532638943e-01
-6.682328024129470245e-01
2.954021414882579966e-01
1.392148366319724495e+00
-6.793746389928214530e-03
-1.012796070043184976e-01
2.705185372158027124e-01
-1.205713670730889753e+00
-6.558624671085421243e-01
4.978522123023686879e-02
-7.961783566094062792e-01
-2.893684998988724777e-01
5.136908933196433491e-01
5.215796024624991256e-01
8.034904905707737077e-01
-8.375990757324862646e-01
-1.221504871004488235e+00
1.668453240097273138e+00
2.252913814856288610e+00
2.545728126637903932e-01
7.586866130632332617e-01
7.288105585203442927e-02
1.085996706458965400e-01
-1.868950985616801563e-01
-3.507070153685195590e-01
-1.028549408777716279e+00
-7.907711684648222050e-01
1.153295778758591794e+00
-1.346581434537875266e+00
-4.560772930792451885e-02
9.927639288702416742e-01
-8.826306532868742893e-01
-1.491012807018239072e-01
1.124357492770687861e+00
-6.725542491091704989e-01
