2.422915985825050966e-01
6.343238028560979069e-01
-2.156051824257648519e+00
-3.611464735445902852e-01
8.407376536547626067e-01
-6.671424390631551793e-01
4.371847206263627661e-01
-6.669782725433626158e-01
1.124699691076677777e+00
-7.312612878184139298e-01
-5.642562235890625361e-02
-5.709921895717906537e-01
1.996502286195813991e-01
1.040892784802866844e+00
-1.792565156606608756e+00
1.703386416484539367e+00
-8.985143294029710459e-01
-1.438187623030098505e+00
9.899788361709851436e-01
-7.760563789674369550e-01
-4.854403008068862713e-01
-6.815782310006834877e-01
-1.272566758858520997e+00
-7.925718278882406542e-01
2.032594309456619008e-01
-5.861412198290549824e-01
1.441757460641314437e-01
-7.449917768965612641e-01
1.203947354333431141e+00
-4.973952761189722183e-01
3.030537434450650963e-02
7.817258398341420111e-01
5.791690846310667551e-01
-4.700543678624455324e-01
1.305367829231411925e-01
-5.347891829661739760e-02
-1.191466624660147411e-01
5.326478714093020317e-01
1.713272926837543508e+00
-7.064053111567755172e-01
-4.517826707122853946e-01
5.483507423649810475e-01
-1.108204143452149237e+00
2.177658970051671028e-01
-1.218725745122880566e+00
1.139411789489625848e+00
2.890513168031737523e-01
3.588076710863623564e-01
6.544868078536609790e-01
1.210469125502998816e-01
7.145403350510800555e-01
5.699572605937678477e-02
2.996449439271938187e-01
1.502151864057952979e+00
-9.304039466823640359e-01
1.105189581437407309e+00
-7.738558354683595653e-01
4.508314174273806985e-01
-1.206741032300962524e-01
1.711036238772126961e+00
-5.174965500469896895e-02
4.402387634212917011e-01
-5.646056828226546365e-02
3.168806625406505595e-01
