-2.418303730546857711e-01
-6.873560490879724316e-01
-6.904929183192315412e-01
6.694772640818050236e-02
6.369091849886688861e-01
-1.735979567876749508e-01
-4.703197409624879644e-01
3.040104047014974276e-02
-8.456063918184353323e-01
-4.183003504971120612e-01
1.439930502133944135e+00
-9.596828575840664621e-01
-2.267925002628875530e-01
6.714374911628102627e-01
-1.077511620650865032e+00
2.849344553269042568e-01
1.152610206480476185e+00
8.718216595445010819e-01
4.412434302443993261e-01
7.465361466263471524e-01
-4.630452677044719634e-01
-1.232781654354741407e+00
2.409281079086134647e-01
-7.599800614952534339e-01
3.202625730972207818e-01
1.075592066443818440e-01
-4.382597954318195876e-01
-8.237107270960931649e-01
-1.001409923466348051e+00
1.504062912889183312e-01
1.293667392360510426e+00
1.953306178571165286e-01
-2.774485898383961535e-01
-3.844878084112529071e-01
4.555281167541411769e-01
-3.211774800281257392e-01
-2.688236406370294040e-01
9.266594997686193880e-01
4.965721734719750202e-01
7.416725140080128176e-01
-3.636076307778493000e-01
5.017330782178320847e-01
2.710262813519301872e-01
9.505620889513616278e-01
-7.569075100648436916e-01
-5.021719184756749943e-01
-8.469295274077930369e-01
6.670192858314835105e-01
6.971073797097042668e-01
-3.468277840783444144e-01
6.482045798191118924e-02
-1.615171948682741832e+00
-1.515572773600678824e-01
4.591715366763891581e-01
-2.908874882188262068e-01
1.410470539492506781e+00
2.205775534018297457e-01
9.305521445046096574e-01
6.524865577789010773e-01
8.250515731270796627e-02
5.424775977824607132e-02
-4.322270349801199951e-01
-3.736560744698499970e-01
-3.330490422942056217e-01
