3.630238577443538339e-03
-1.766116861863126089e-03
-2.199702563831784207e-03
6.497950179638196412e-03
-3.164078870423817514e-03
-2.075596049991678196e-03
-4.197006146476577916e-03
-3.587225975691177467e-03
6.285553177626685209e-03
-4.054299624595061359e-03
-3.697735168213226939e-03
5.929605610354304543e-03
-5.069167297567114469e-03
3.767024218925563335e-03
3.584650876813565753e-03
-4.572072863248127436e-03
5.668591720641041366e-03
5.198667955700141986e-03
2.684437393814072086e-03
4.947386635333012560e-03
-4.761842522925292982e-03
3.615781371843085172e-03
4.853771175857024903e-03
3.835534533625779667e-03
5.832985131109794628e-03
