5.657033710871764507e-05
-5.076299450582643508e-03
-6.237418647667224321e-03
-5.215894283658062749e-03
-4.739147650333881343e-03
-5.240776852592905072e-03
-6.940145240255268799e-03
-7.262872654246057581e-03
-7.295202673884732501e-03
-5.999529203361934904e-03
-4.183276627342122356e-03
-6.851456154050399733e-03
-5.057615743267084712e-03
-5.232038889364450411e-04
-1.497569304477071837e-03
3.595974269444174917e-03
8.383226350341849847e-03
2.966545551704702875e-03
3.521206468652440021e-03
9.053771018050224897e-03
1.305502629944516220e-02
1.812002092305250306e-02
2.585882461920805883e-02
3.525520600058922732e-02
2.702424508625392643e-02
3.328127159953755965e-02
4.700627154789426693e-02
4.510184652441670550e-02
5.887905219902394433e-02
6.160220772686833546e-02
6.615626435277151274e-02
6.518001203357243201e-02
7.532432957879335589e-02
7.625339596795391306e-02
9.546288897638705029e-02
1.038120167717174747e-01
1.078361303355596101e-01
1.210918075118946891e-01
1.264302457635102517e-01
1.231253173298628850e-01
1.385889119319182461e-01
1.424776675201049614e-01
1.483613020765921775e-01
1.556489481761870186e-01
1.593529426538030092e-01
1.694273479939418514e-01
1.755875065817358027e-01
1.853719432959545776e-01
1.961108438754140260e-01
2.073640831812180729e-01
2.089820806641101980e-01
2.181535279873229594e-01
2.309600159291963217e-01
2.299796671030371886e-01
2.370213921937632529e-01
2.540807583346759158e-01
2.653642858633641910e-01
2.772063618751147707e-01
2.827982383267637623e-01
2.828775157991784139e-01
2.925785127736750812e-01
2.983390113224337892e-01
3.108846950488283190e-01
3.172891181373215796e-01
3.246844704821263972e-01
3.394240028137645027e-01
3.440191457686280208e-01
3.464085119400319712e-01
3.569916634682088752e-01
3.655651418142199516e-01
3.722977232552509563e-01
3.884754794486686147e-01
3.944443963343872706e-01
3.952134256558875736e-01
4.132756072574315653e-01
4.184062587864235683e-01
4.282414517930299147e-01
4.351440856985416827e-01
4.365769091344614550e-01
4.494740327710790018e-01
4.616673565698708459e-01
4.688981113133773304e-01
4.796103703281501263e-01
4.936976157365833839e-01
4.949341056063053523e-01
5.013094974973387741e-01
5.121287661305340411e-01
5.202869993549793515e-01
5.323062735025031467e-01
5.350282203594290964e-01
5.425493448346925263e-01
5.560139470050941002e-01
5.647232373834160102e-01
5.684340449065028444e-01
5.770514079264472684e-01
5.893371733251857592e-01
5.933332995905977736e-01
6.073437784699886599e-01
6.102477384423687923e-01
6.216828101990466982e-01
6.281049897049699737e-01
6.388095322757031402e-01
6.435619323896316635e-01
6.565074928244577501e-01
6.620703991000361777e-01
6.635998927343468301e-01
6.770695163017151907e-01
6.826756622405055763e-01
6.924832062862117388e-01
6.981914999629823537e-01
7.066144714719179154e-01
7.135971010316171093e-01
7.202953450235282107e-01
7.316877105601374831e-01
7.432395317915895250e-01
7.438211409628230353e-01
7.538721431323921474e-01
7.666558896765450770e-01
7.735046524397787282e-01
7.775795261912379353e-01
7.862456068820667943e-01
7.924734566744042752e-01
7.995500850182561958e-01
8.049234193527051717e-01
8.176053696844046703e-01
8.277286174758734516e-01
8.337706705043437250e-01
8.375705047180956875e-01
8.468551313597456609e-01
8.574456556604728164e-01
8.605955044674737930e-01
8.688688782797079346e-01
8.788402643328101504e-01
8.839012371773945498e-01
8.875561946496538512e-01
8.993120193108988802e-01
9.094540217381045233e-01
9.148308077060287591e-01
9.217561870388960577e-01
9.275907839263710652e-01
9.366712173167883737e-01
9.423120851168450551e-01
9.510137966914021801e-01
9.597830123326254181e-01
9.659568418996317130e-01
9.741288061948941701e-01
9.789870685757940949e-01
9.870900804952380536e-01
9.961136519620988894e-01
1.002271850031378975e+00
1.006364130094170140e+00
1.014316838392624431e+00
1.020388086846086839e+00
1.027944891785437465e+00
1.035945102010992658e+00
1.043105545434261483e+00
1.046569553390085394e+00
1.054253240796898750e+00
1.067842830092614159e+00
1.071409977686695214e+00
1.080023465760806545e+00
1.084614948077165186e+00
1.090156396602431244e+00
1.097469422673096107e+00
1.102988196699822732e+00
1.112193424902443661e+00
1.120573837856408517e+00
1.125082737322942616e+00
1.130395301031229538e+00
1.136899344569640480e+00
1.145881469129397479e+00
1.154837166732851417e+00
1.160027174741939726e+00
1.166466758197719722e+00
1.172872719317772816e+00
1.178688606920871074e+00
1.185388055328431056e+00
1.190561649538370403e+00
1.197042968834235221e+00
1.203623926552768175e+00
1.207646243901261185e+00
1.214218927488776245e+00
1.223665227055162452e+00
1.228862239132407108e+00
1.234532039289551575e+00
1.240963529340687765e+00
1.247791175197323188e+00
1.253829691081467912e+00
1.261093254744517944e+00
1.264692435120228220e+00
1.272748427917005598e+00
1.277117473059864450e+00
1.283748045834583129e+00
1.291475150855561083e+00
1.295116389302311211e+00
1.302978374438251707e+00
1.308344937165351052e+00
1.314675603043818697e+00
1.320995810107575830e+00
1.327210225453467451e+00
1.332975719894350819e+00
1.336664184056118643e+00
1.343568568745551861e+00
1.350634964106687264e+00
1.355297582626393327e+00
1.360769456091323049e+00
1.368734304774904764e+00
1.373869036444023584e+00
1.378472081179314968e+00
1.384187089930565495e+00
1.391663627719494478e+00
1.394497110636484516e+00
1.399764177164502632e+00
1.407739678820022045e+00
1.412307037858069769e+00
1.418274866867528461e+00
1.423823813696958096e+00
1.429441560145641388e+00
1.434854492200763332e+00
1.440824365809650676e+00
1.446814411203733552e+00
1.452014352655872642e+00
1.456972790960801012e+00
1.462415139459399827e+00
1.470125858369264238e+00
1.473397696414348257e+00
1.480057353216647664e+00
1.485033077429029680e+00
1.490550373808273710e+00
1.496162751513835376e+00
1.500438066883887700e+00
1.505424893191963154e+00
1.509982085147838271e+00
1.516934433802116233e+00
1.523021424886332076e+00
1.525525465359144128e+00
1.530685604647483045e+00
1.536890087138003569e+00
1.543212522679650922e+00
1.548748073147565352e+00
1.552380440400246364e+00
1.557780395444738897e+00
1.562301149994843597e+00
1.567625992098887533e+00
1.572816230735382792e+00
1.577973055479380937e+00
1.583481376258974560e+00
1.588533441317082184e+00
1.593233272168276704e+00
1.598329445336727606e+00
1.602682471016755095e+00
1.607258723316357552e+00
1.612386484020956967e+00
1.616897352209725636e+00
1.622381135754411341e+00
1.627909913184452551e+00
1.632953953140699577e+00
1.637574008185089802e+00
1.641850625152938337e+00
1.646576497299939712e+00
1.650776488758226357e+00
1.655697638761084889e+00
1.661484153627466487e+00
1.665833099630191105e+00
1.670090222085074849e+00
1.675051421561877030e+00
1.680529937647236238e+00
1.684895817851156385e+00
1.688696220635781176e+00
1.693403651565684287e+00
1.698795988791322209e+00
1.704042636220189033e+00
1.708580351121717023e+00
1.712152307989982081e+00
1.715472764038136200e+00
1.719864402210351306e+00
1.725626354687642250e+00
1.731389222828936036e+00
1.735803095300801235e+00
1.738822340928347643e+00
1.742780992981605825e+00
1.748888221810314336e+00
1.754696616515494023e+00
1.756150611711872589e+00
1.759448424000540578e+00
1.765329275220119065e+00
1.770329972076838621e+00
1.774207919135281752e+00
1.778322541508150056e+00
1.782473618292988560e+00
1.786588009471943739e+00
1.790763072724561145e+00
1.795711337754946291e+00
1.801183259821444782e+00
1.803848845273638979e+00
1.806921525348304192e+00
1.812200766248589723e+00
1.817317769739899447e+00
1.820915154067675568e+00
1.824437109427731407e+00
1.829703882815215454e+00
1.834091254355514344e+00
1.837789748983126525e+00
1.842233910896414972e+00
1.846113557218338697e+00
1.849680410763754779e+00
1.853101623424527222e+00
1.856642452343780336e+00
1.860696716776500503e+00
1.864733788493686539e+00
1.868876469188562872e+00
1.873166703660128496e+00
1.877199578647571032e+00
1.880876802793381763e+00
1.884765833672964686e+00
1.889229941745478536e+00
1.894215402038845975e+00
1.898272577446064480e+00
1.901483994732121818e+00
1.904671224650660966e+00
1.908847043204021210e+00
1.913321672998729461e+00
1.917343114669848747e+00
1.920614740981385404e+00
1.924043889395055773e+00
1.928005382526248868e+00
1.932501519623494257e+00
1.936200732318211548e+00
1.939383565544943844e+00
1.943082193678899783e+00
1.947060564038713304e+00
1.950667081963668670e+00
1.953897028493352339e+00
1.957297198305449237e+00
1.961554505764060208e+00
1.965245908816754872e+00
1.968725467078317193e+00
1.972025915116933037e+00
1.975454288816052451e+00
1.979191072300475529e+00
1.983154452838197912e+00
1.986737685018262312e+00
1.990389524186352066e+00
1.993669001195550017e+00
1.997018684063539551e+00
2.000607735926156039e+00
2.004254477640353471e+00
2.008071329775225067e+00
2.011404513058940857e+00
2.014755997912334617e+00
2.018000697319915382e+00
2.021423170090299148e+00
2.025262889893100660e+00
2.028812620488115392e+00
2.032005446134999893e+00
2.035084173983334299e+00
2.038332278026044442e+00
2.041685697724604509e+00
2.044964866619683797e+00
2.048127063662707581e+00
2.051488346474323432e+00
2.055232309335809582e+00
2.058843819404959419e+00
2.062191579603333214e+00
2.065697585633604838e+00
2.069046566958270716e+00
2.071669929437759183e+00
2.074505154235931847e+00
2.078017489174841970e+00
2.081410523605438101e+00
2.084824459766739579e+00
2.088101884815252607e+00
2.091549253479693782e+00
2.094612729030449039e+00
2.097657161541009785e+00
2.100781570750070326e+00
2.103960850929226467e+00
2.106904582900022582e+00
2.109944077891801939e+00
2.113206821038047245e+00
2.116567273923952719e+00
2.119602189701788042e+00
2.122863201714892512e+00
2.126117298219725171e+00
2.129012356701277753e+00
2.131766355608497587e+00
2.135026921000885647e+00
2.138564717055199349e+00
2.141890582947427291e+00
2.144557651206197235e+00
2.147088569037256089e+00
2.149688910358047433e+00
2.153219912790092394e+00
2.156752468563611469e+00
2.159358473623377517e+00
2.161880712162482343e+00
2.165249660856980007e+00
2.168087709705834421e+00
2.170728997000504368e+00
2.173698622638881250e+00
2.176995802221707077e+00
2.179913959955078973e+00
2.182499161362166706e+00
2.185335070997406426e+00
2.188445472803446368e+00
2.191292266712409731e+00
2.193932886871093224e+00
2.196898796582511526e+00
2.200023473060040757e+00
2.203081995700134854e+00
2.205933364509768513e+00
2.208560526055868056e+00
2.211321660496836650e+00
2.214073555899280787e+00
2.216696467750073118e+00
2.219439814401778843e+00
2.222481268837702029e+00
2.225326294459799126e+00
2.227653258586700158e+00
2.230083005949793584e+00
2.233251279670523282e+00
2.236417308125022263e+00
2.239329345704150320e+00
2.241896956796038953e+00
2.244530338656513191e+00
2.247032307864703871e+00
2.249535890365617963e+00
2.252243138748104556e+00
2.255142047794354898e+00
2.258095580286382020e+00
2.260513871676565589e+00
2.262966035360041595e+00
2.265794511445215598e+00
2.268712805076400940e+00
2.271310325010983622e+00
2.273632253073006204e+00
2.276327379802250306e+00
2.279196670164910898e+00
2.281658062406085818e+00
2.283964418323030987e+00
2.286176226383310972e+00
2.288794454823742885e+00
2.291306531466642316e+00
2.293860229701100817e+00
2.296484338422292382e+00
2.298952598395509916e+00
2.301507548412990545e+00
2.303854890834250213e+00
2.306229889371008923e+00
2.308861274669005592e+00
2.311553294252924218e+00
2.314262357517386182e+00
2.317004772478722607e+00
2.319489398992942597e+00
2.321852651415833080e+00
2.324025602827796355e+00
2.326236099726097351e+00
2.328679600236109426e+00
2.331238409005059964e+00
2.333724310619430753e+00
2.336383679933409674e+00
2.338767730859679705e+00
2.341020772019255958e+00
2.343116430551742013e+00
2.345448986785800383e+00
2.347724570558192170e+00
2.350130018360685025e+00
2.352626927456792583e+00
2.354928958365821057e+00
2.357232401644995701e+00
2.359495692827892288e+00
2.361925333980895658e+00
2.364651013729076823e+00
2.367039301164016507e+00
2.368933842721482552e+00
2.370876923870984143e+00
2.373283890930101059e+00
2.376129115135886760e+00
2.378629254682365524e+00
2.380938208836921532e+00
2.382927812665817324e+00
2.384976864274700681e+00
2.387120672578503022e+00
2.389505278086968776e+00
2.391884844672519606e+00
2.394051335624028720e+00
2.396208659818846343e+00
2.398262918668616184e+00
2.400480787957516515e+00
2.402750196323456766e+00
2.405175509133489875e+00
2.407460149336435151e+00
2.409742564941002918e+00
2.411813400920785000e+00
2.413769078264946799e+00
2.415850916398861514e+00
2.417988999210919587e+00
2.420336918003816784e+00
2.422633274821182070e+00
2.424699316097894908e+00
2.426732039714993849e+00
2.428688436730976452e+00
2.430803251458482084e+00
2.433170561085214345e+00
2.435440745817891273e+00
2.437653793662577062e+00
2.439787259892289395e+00
2.441822104649721492e+00
2.443947908199171959e+00
2.445939465763108167e+00
2.447883195213995666e+00
2.449917580789580551e+00
