-9.120711127051599476e-01
4.280041698220569679e-01
-1.576871025707612117e-01
5.900466965437222155e-01
1.055465140117298195e-01
1.082474014119548938e-01
3.634174661586982991e-01
4.759439484859044889e-01
-1.600636108334515251e-01
-2.874868180049612240e-02
-1.178871006752094663e+00
-9.868125576949857147e-02
6.315831611529666434e-01
7.088217278616767980e-02
2.063002221447193807e-01
-2.340803473875854857e-01
-1.218080897003491897e-01
-7.651486016315818262e-01
-3.893905902980036582e-01
-3.815888880057539123e-01
5.173113383272969212e-01
-1.371455003564400421e+00
-3.254810000180003993e-01
1.942197244642938525e+00
1.544152444307574035e+00
-6.195695058980660308e-01
7.294166462233863113e-01
-7.205285784732029519e-01
4.762206178523089029e-01
3.047170839018445432e-01
1.912674024878530110e-01
-8.587356618837785893e-01
8.377188278158717027e-01
2.173360185730353333e-01
-1.963413707511947048e-01
-2.188110266768957535e-01
2.328469438423747540e-01
1.156095691017404059e+00
8.899890317979013421e-01
-4.769309798020040514e-01
-3.763024019807471865e-02
-9.923953484516953027e-01
1.441223532556927811e+00
-6.603068806504043264e-01
-6.528835554501053462e-01
1.903110725785906732e-01
1.011698699305296767e+00
1.740169855446104807e-01
-3.981770152428659032e-02
-2.118750465799537630e-01
2.994723009313086659e-01
-3.363379004814006645e-01
-5.452402825608859693e-01
-1.122852205892855282e-01
5.536340507449635240e-01
-5.178845125795490389e-01
3.559733005477260237e-01
-6.663971333837435118e-01
-5.993469568277303150e-01
3.635001090806747603e-01
-5.529375111108671970e-01
3.592033583098615535e-01
-7.545276915516753169e-01
-3.560284384821669756e-01
