5.262613688483180202e-02
-3.606413082396044134e-03
-1.013139063903852888e-01
-4.416857318059158599e-02
-8.784780980378650850e-02
-3.749813252519464124e-02
3.061611375246613490e-02
7.290352455816327334e-03
6.839223776457183102e-02
-1.377569429530208119e-02
-1.503087727609301628e-02
1.461560745170453583e-02
-5.767735076750078044e-02
-4.985792502414716082e-02
7.782881798753264746e-02
6.176133057107293517e-02
-2.237322655195943255e-02
3.442511841858088111e-03
2.106221065136101508e-02
7.616250032695601191e-02
9.408099599163508020e-02
-2.255052292163511191e-02
-6.215543843169490934e-02
5.732860318325529170e-02
-2.848284198512529564e-02
9.451539626824295715e-02
-9.707154326531040878e-03
-5.782964021916710967e-02
7.030548315583633190e-02
-4.075957610443587537e-02
-4.570345866615126845e-02
-1.333320950839540428e-02
6.241753075395271855e-02
4.707671249787909878e-02
6.330892615748200114e-02
1.164806613428349680e-01
3.960831361299469583e-02
-4.980219990147443515e-02
-1.588472776398334313e-02
-7.838971048187953761e-02
-1.010961766089001589e-02
-3.213450024664517984e-02
1.753860247940462747e-01
-6.895494169898178094e-02
-2.857326625835733200e-02
-4.965329750241816859e-02
-6.503073102440395936e-02
1.026588650449219708e-01
-5.077774242322286545e-03
2.077060610587665862e-02
-1.029241496175539033e-01
-6.299319613618557800e-02
8.966033928336379633e-02
3.933137649255073753e-02
9.014678045249670257e-02
-8.390878076053859269e-02
6.504873621472065381e-02
-4.191887193936672668e-02
4.142879606704307632e-02
6.518175955200248943e-03
7.910568409774938747e-02
8.141573445288077804e-02
6.984117995981492522e-02
-9.330691029235120559e-02
