-1.571307859428599796e-01
-6.196723926121955502e-03
-1.861031559750330952e-02
-8.534349139825249397e-02
-5.450398348209892913e-02
-4.867750726296365960e-02
-4.120879242493856627e-03
1.703358725323646239e-02
-5.873098876775019461e-02
5.531382051998308402e-02
5.861776661985361458e-02
-2.901388215419791264e-02
5.752717255532613372e-02
-2.417962284155730432e-02
-2.092889225522826316e-02
-6.876636113744787060e-02
-1.155272499510913604e-02
-3.740451747981714259e-02
-7.195398102615219171e-02
-1.421682884752105240e-02
2.134770827082285369e-02
9.220031972983085133e-02
3.351727163291860073e-02
1.269097110654591465e-01
-8.096218405916270899e-02
4.027240524378501024e-02
-6.678272562973766591e-02
1.179750960719724434e-01
5.995295800167445635e-03
-7.236172256253346757e-02
-1.030235515765322990e-02
-1.131903332529565209e-01
1.694505563621723221e-02
-3.969427624587153897e-02
1.264166927838959384e-02
7.800908416862684103e-02
-2.087632046432910671e-02
-8.720159602819342604e-02
-7.454443824471206070e-02
-8.581948534660745198e-03
2.912697245739663543e-02
1.337788640021345954e-01
2.348613995197357598e-02
-8.032613705094665546e-02
5.538598290460314266e-02
3.029478578790300095e-02
-4.100537822482457073e-02
6.646152630092803243e-03
1.136162637015972476e-01
3.620887054973613572e-02
-1.833898703913691003e-02
7.497257230621921786e-02
-8.851169901174805663e-03
-1.953338256641259235e-03
-2.830645285148984669e-02
5.101502999430913843e-02
-1.360090628531699340e-02
-7.519216059388667169e-03
-5.681227741645733173e-03
2.145303552589425400e-02
3.971011002643379945e-02
1.824016502298929712e-02
-9.876277586831749139e-03
2.072466228001172694e-02
