4.414200241402679303e-01
1.506634637438697133e-01
-1.305919461404992377e-01
-7.221440886656418368e-01
-7.501225112586304422e-02
-9.381109798006738165e-01
-2.358388097607264644e-01
-8.480218037737055070e-01
2.412533991905031483e-01
-1.935952818405418219e+00
-2.836108743353872308e-01
8.216146227703507998e-01
1.053284376429508118e+00
6.359863404380905472e-01
-9.109579565602007323e-01
-7.112420166482381623e-01
7.145589587667356968e-01
1.016177629097414714e+00
6.739943166740366420e-01
3.359985696095225682e-01
-7.410494835542107417e-01
-2.132065172078398130e-01
-2.699525424904274384e-01
3.981509282214955037e-01
-4.681128492106162442e-01
-8.001890856444553446e-01
-5.418530175112516029e-02
-2.135047851751446790e-01
-5.813748703252994560e-02
3.954786844473526242e-01
1.131267570806855360e+00
1.055993445092081373e+00
-4.276476021676769296e-03
-1.704484386915184002e+00
2.324794451819153090e-02
-2.012517746433415966e-01
6.056054438535827256e-01
-4.379365941502512127e-01
2.647906131194455170e-01
-5.074127782493650374e-01
1.875909736362225910e+00
-7.219198563534498514e-02
1.477330552167331446e+00
-5.978150921398674988e-01
4.483987108859150972e-01
-1.504735668014391070e+00
4.000592223073881626e-01
1.230703805438341680e+00
-5.088733270058343194e-01
-4.320129930063392187e-01
2.560507774322766217e+00
5.817182084156105049e-01
2.481296703193777431e-01
-2.840321651195086214e-02
5.509233045268333573e-01
-7.290118747594702686e-01
-3.109223660783895227e-01
-1.571011935955449745e+00
-1.230609244824666604e+00
1.358275226415465650e-02
1.358664235151498145e+00
-2.237955640686625447e+00
-1.314751572167869087e+00
-5.377093300799003217e-02
