3.800917706835360219e-03
-6.607931048357883197e-02
-8.739325289074778569e-01
-3.258186147548849387e-01
-3.433703431793530547e-01
1.454988176590766014e-01
3.118997936700017570e-01
1.427976876876522472e-01
1.992240579943190260e-01
1.707066180845771552e-01
-8.910214241126478141e-02
3.818600218055594464e-01
-4.570201988836921636e-01
-1.475717767274858094e-01
-6.367920764371621800e-01
1.268252136624322957e-01
1.206140979213623891e-02
1.052367217099084568e-01
7.323723615184856151e-01
-5.328152416139996239e-01
6.851868448368331199e-01
-2.713626557528071581e-01
-3.210833309942422442e-01
2.437123172389787581e-03
-4.924433613504388685e-01
-9.993282484503664131e-02
-6.380594815479119497e-02
-2.188910217094263977e-01
-8.235562905052504212e-02
5.154393282647486974e-01
1.064847327191324050e-01
-1.049696434300117498e-01
-4.058609689422890687e-01
-1.363458961948479597e+00
-4.630056001943997357e-01
-4.373309179099657551e-02
-2.751775894488083241e-01
3.134703701805880982e-01
-3.075746547881040294e-01
-1.105928058375640899e-01
4.902553535908666937e-01
-7.301067511540246802e-01
2.453319139709792818e-01
1.607167699236830560e-01
7.745883507048952066e-02
3.104618955180431517e-01
1.439416619794634256e-01
6.415477392633969211e-01
1.068871237839303240e-01
2.562032143392064046e-02
-7.744382282775963411e-01
-8.333917260060367260e-01
3.916957459135442937e-02
-4.017854653479317473e-01
-1.050876206400193774e-01
7.927343593284778001e-01
-4.347706026537024315e-01
-4.546772930082886299e-01
1.382362647292427527e+00
7.185472282267609812e-01
4.648318313250313083e-01
-3.393221806475247432e-02
-2.781610897900131940e-01
4.931334624002689515e-01
