2.093609550348034601e-02
-9.517163564407382301e-03
-5.650272075411657408e-02
-3.060919552686780162e-02
-4.206889433271529533e-02
5.348436417789232539e-02
-5.915990788675656170e-02
-4.716604750390084033e-02
1.086608227016318089e-02
-6.813412255687138763e-02
-2.343280866066740561e-02
-1.262945110892332301e-01
3.747319111932163188e-02
1.317076775710263742e-02
-1.310119027264886743e-02
8.112502169569807409e-02
-1.867684393449880326e-02
2.007799234988781253e-03
4.136840971796229560e-02
4.987440967099659311e-02
1.871411007720959196e-02
-5.385686860579873281e-02
-6.261370333389236487e-02
2.136468062416712731e-03
1.207986977947766646e-02
-6.290888596623381464e-03
9.626080235440911959e-03
-2.199969372018576938e-02
4.026120849247431105e-02
1.636967867715259997e-02
5.046625954556630683e-02
-3.057729027012081463e-02
5.156357689167485880e-02
1.016032003709957214e-02
9.916190062695574500e-03
-7.305336744881979483e-02
2.862131010881360446e-02
7.208458865355686640e-02
-1.852055680388724895e-02
2.455661208516833963e-02
-3.653947592181450155e-02
-8.616605309763558651e-02
5.000109658960537329e-02
-3.253244703492517986e-02
5.720966034556547453e-02
4.479695749100035679e-02
5.133753189274454197e-03
8.567462718477307504e-02
-2.375832237128030350e-02
-6.099788545601083495e-02
-1.389836544777733884e-02
-3.912052294540323966e-02
8.799976795878175148e-03
-2.437141292074636312e-02
3.899222273846646158e-02
5.201178411896662489e-03
-3.846383187107249579e-02
2.367894726659574688e-03
8.114897451189611102e-03
-1.277667576372125587e-02
-6.071659037383178581e-02
3.820232120042043461e-02
-1.651465194810789253e-02
-4.997994478455400694e-03
