-1.996147089977267589e-03
5.603536098658824099e-02
-1.037517466500530033e-01
7.385226728629152616e-03
-7.248691918350068548e-03
-2.399086166076038265e-02
6.420594217146402549e-02
-6.890479084762524131e-02
-9.887663505586247181e-02
-4.233774068492265202e-02
1.824834517057792246e-02
-9.113150406523019831e-02
-1.740799727920080975e-02
1.729849556281291834e-02
-5.026520389168714908e-02
-1.427286968336057699e-02
-2.062949300884100653e-02
1.058157436177170480e-01
-2.393712540176682890e-01
-5.939445068072508882e-02
9.844002343959841472e-02
3.023415637856199933e-03
-1.346677308861884137e-01
1.705162558024030106e-02
5.090527606256935178e-02
-1.405702241558915398e-02
2.899390942536565763e-02
8.416197182592234649e-02
-9.046429715522724679e-02
1.972452848890051125e-01
-2.616869451611746229e-03
-2.112442092862521284e-02
2.175752193118850666e-02
4.008690970006816012e-02
8.570972101172112667e-02
9.879165105390348700e-02
1.739042289708678940e-02
-4.001152925817871159e-03
4.833736539129182205e-03
1.341994380373364992e-01
-1.025877281515875789e-01
7.056978537572929089e-02
8.857123082146679816e-02
-3.192201588582134486e-02
-7.490430424671586096e-02
-5.792028982689087502e-02
-3.801217527310431915e-02
8.107197857966255694e-02
-1.253796657188136800e-02
-6.803284382178334533e-02
-3.334018711395290296e-02
1.453913971115506840e-03
4.396841283645002742e-03
-4.151961858559952839e-02
1.073051472422410085e-01
1.678165678017054518e-01
5.263747157798306583e-03
-9.067367641922874366e-02
-5.452732965836764450e-02
-3.506820820205985845e-02
-9.378187981027254205e-02
-4.790123972768975391e-02
8.375151935167733652e-02
-1.970528602153996667e-02
