-8.486665799239443420e-01
-1.576049966668507385e-01
7.563892781753972505e-02
-2.766075625211947830e-01
4.828757448290339482e-01
-6.788298296012919286e-02
-9.790937801288579490e-01
7.253011683607852866e-01
1.286052067200359916e+00
4.681444954088894161e-01
5.771957916121523979e-01
2.862757546340363168e-01
-1.998647127904563114e-01
8.652925818769198196e-01
3.237043931248694828e-01
3.814917218383250264e-01
-4.327098868612923588e-01
-1.459414165863920088e-01
-2.622443579361258825e-01
-6.169117739683860346e-01
1.146267549571519107e-01
4.542760840725590388e-01
4.403704409360650329e-01
-2.527117197375472468e-01
1.666430707432844383e-01
1.050631344173351467e+00
-4.390873132953218017e-01
-2.353016071442780854e-01
-8.439346208866053134e-01
-1.456873454117145195e-01
1.278688667563211701e-01
6.064990927967031098e-01
-1.907621332958661375e-01
-7.139107182847877209e-02
-3.048531468220314067e-01
-4.438906383487123963e-01
-1.156982177189413763e+00
-1.182530268083551661e+00
-2.324048834621854354e-01
-8.263707462175043927e-01
1.070997615944197845e+00
-2.739558509904769235e-01
2.107054845326365999e-01
-7.201120244708676399e-01
1.123603469283894096e+00
9.050505919786278053e-01
-3.991405274854210594e-01
-2.144880186683639778e-01
-5.186962215077715044e-01
7.321370576897547888e-01
-6.350440220090445287e-01
-3.461396925990927742e-01
-1.110039370232619227e+00
-3.823363572447179282e-01
-1.814387730630036277e-01
2.370266643028186571e-01
-5.266162354404335666e-01
6.750895401170072807e-01
-1.364231794897950989e-01
-6.432606538326661738e-01
-4.878938581161572641e-01
-2.314529894609265170e-01
8.509295297407496461e-01
-8.967976286707441957e-01
