1.424002286217727953e+00
2.750993125258253125e-01
-1.147115483963192517e+00
-1.779521167059260778e+00
3.237923052789858924e-01
1.108993851473179248e-01
1.451006101576304497e+00
3.777543963246599024e-01
-1.588855312320703872e+00
1.155769851814032023e+00
-8.506817340277004202e-01
-4.082116722983946677e-01
-4.095040104199436370e-02
1.719688809279795061e+00
5.198387500387866567e-01
-1.407312532172537156e-01
1.171883351478387514e+00
-1.298680912307868862e+00
-5.533324489522023493e-02
-7.881237359250092833e-01
4.991418064757755513e-01
-1.308315617889241000e+00
5.415955006864899834e-01
5.318079511204496512e-01
-1.335386119157585760e+00
-8.694521873420604230e-01
3.790877722867340704e-01
8.118882063621589706e-01
1.055303594292550523e-01
-6.616846780795601068e-01
-7.771661904016393674e-01
-6.914953368616931773e-01
-9.608964749059666355e-01
-1.976595829884633670e-01
-1.143512384615162025e+00
-4.363067502563626743e-01
-1.222106933954851815e+00
-2.936637586292175639e-01
7.479129446262675618e-01
-8.614856852902722517e-01
-1.014028766529095682e+00
7.315653625761484591e-01
-1.048787753299448289e+00
-4.302240197273127231e-01
3.187707387848336960e-01
-1.218443600985207320e+00
6.391769723346721888e-01
-2.980838592235680595e-01
1.048526586306766539e+00
1.465271500616852074e-01
-1.387698380355680161e+00
-5.728183365710471930e-01
1.374460065377963280e+00
-3.303630321076544973e-01
7.899844515051958060e-01
-8.685212846914114326e-01
-8.356180465960985626e-02
-4.180241284076320896e-01
-6.459218182481966108e-01
-5.458840383679920694e-02
6.199088099190372958e-01
-2.916440733295912469e-01
-5.328478438079228829e-02
4.830140210475190043e-01
