-2.333246766077586853e-01
-1.153351247475773667e+00
-1.004782331321646849e+00
-5.170489499261331501e-01
-1.344328990758158149e+00
1.609814907606978984e+00
-3.741540296808407717e-01
4.696240981924256208e-01
-4.245744596109685826e-02
-3.242538452833365059e-01
-3.747514928260504141e-01
-1.461674575681234378e-01
-5.386840520584168512e-01
1.317442620502743855e+00
-8.840921906803286823e-02
-1.055913904788249313e+00
-1.231870775816912289e+00
1.751547242145629513e+00
3.927615927591179834e-01
8.457814429895552655e-01
-6.968585050578816054e-01
-5.240806254029667377e-01
3.627562197619306206e-01
1.737354931350778009e-01
-1.290619402973963048e+00
8.142374247051562541e-01
-1.561942032991706197e+00
-3.399949237262683832e-01
-9.419992077928958096e-01
1.380983736614038900e-02
-1.030059500024249841e+00
-8.893503834069674818e-01
3.026799812469454509e-01
-2.024852460081418837e+00
-1.147518238123168333e+00
1.253073017914196008e+00
-5.461728590758825330e-01
3.920671260006043934e-01
8.708483142138996325e-01
6.852253659812865827e-01
9.386114501789316611e-01
2.691624016412864084e-01
-8.848211416778751781e-01
5.698788681116534471e-01
3.384827929819451131e-01
4.775348712747837232e-01
-7.554898548637592470e-02
1.354634000430257057e+00
2.184119847337243070e-01
2.944718738714057760e-01
-5.977319911352024784e-01
1.386492924686807848e+00
-1.336119181321870908e-01
8.284218954330907492e-01
5.568686659229952207e-01
5.156780726675950222e-01
1.933172387868735465e+00
-1.180305501809354007e+00
-1.143868355875123477e+00
1.282871015834353257e+00
-5.236655873546436357e-01
-9.130431819948555683e-01
-4.884228602080630810e-01
3.744611420825375014e-01
