8.776871755668943164e-05
-6.560301279819597334e-03
-8.273313472391873036e-03
-9.008452679135171837e-03
-1.166672615437454839e-02
-1.359903768219564678e-02
-1.884238189094681812e-02
-1.996171958318598838e-02
-1.912125092595388931e-02
-1.559206474890829398e-02
-1.081277935883141750e-02
-1.714693125231076670e-02
-1.359198482306838915e-02
-4.320136181453424797e-03
-7.217097245789160301e-03
2.599279313028709636e-03
1.250593368085664396e-02
3.109554289927790593e-03
4.751760522786189177e-03
1.586980277778792317e-02
2.536398192959831224e-02
3.402018476461574070e-02
5.096640119172656663e-02
6.536227813547466903e-02
5.225858071734161558e-02
6.445101562359724368e-02
8.752667025538110601e-02
8.936910448078920488e-02
1.136420572140237062e-01
1.162345101050028806e-01
1.266936338067870538e-01
1.329560693895630030e-01
1.503248712382044272e-01
1.494708199288995731e-01
1.763638734034905509e-01
1.934576733832897300e-01
2.078390345568491560e-01
2.263553684778603359e-01
2.332556938586972661e-01
2.350390533930299120e-01
2.569426364504232563e-01
2.660274763081303950e-01
2.788168318251312283e-01
2.914145889556941649e-01
3.012777714782181038e-01
3.215889897924554264e-01
3.378191966088849862e-01
3.484640542161950849e-01
3.590283049833633555e-01
3.833975908295645385e-01
3.892311436978612149e-01
3.990267203681497343e-01
4.187677094610617878e-01
4.194945884450311802e-01
4.370254146349080160e-01
4.598364692219071848e-01
4.768583530767405709e-01
4.923669575024900991e-01
5.055116892818234398e-01
5.130171043772873141e-01
5.266082841352901500e-01
5.383934560761119981e-01
5.585047004364527279e-01
5.664567994330577116e-01
5.822179232468248644e-01
5.969123206851498775e-01
6.064300445397321493e-01
6.212927762799695941e-01
6.339859795358101513e-01
6.457784355204585491e-01
6.524017194361612093e-01
6.763436435902969723e-01
6.909357005290854836e-01
6.910905066067869473e-01
7.165580884252663596e-01
7.260852498769109209e-01
7.386995558550989438e-01
7.491626731073146583e-01
7.622674963235661627e-01
7.706700885449051519e-01
7.871080563198165070e-01
8.002116502881223559e-01
8.095532232160228547e-01
8.270592355320355304e-01
8.397182967033397505e-01
8.554624899412525130e-01
8.676630948959778156e-01
8.779497364222847988e-01
8.904655676052604107e-01
8.998900882322038441e-01
9.143419395677790940e-01
9.288534973265960559e-01
9.399459456434311466e-01
9.478381246227364221e-01
9.621524919458737113e-01
9.709414352641571044e-01
9.815246498106959816e-01
9.952060017012080984e-01
1.002643693996142948e+00
1.020650166263706637e+00
1.037724178585627710e+00
1.044139491043902135e+00
1.057072305386490996e+00
1.066054618784773922e+00
1.078166264301215538e+00
1.083067060464214526e+00
1.097301063457065684e+00
1.110399505897079475e+00
1.124555581726958131e+00
1.136688066651990292e+00
1.141175021747041995e+00
1.151798049800855095e+00
1.161923543082646448e+00
1.174387639739820743e+00
1.182063877877465252e+00
1.193865693684645235e+00
1.209397185742476788e+00
1.217701398027889903e+00
1.226220664205244226e+00
1.236520157327538394e+00
1.246679075746792709e+00
1.255112398600896961e+00
1.273773794387555780e+00
1.278591274685009882e+00
1.286193748907788148e+00
1.297541226127303604e+00
1.305260200888244126e+00
1.316411544936122446e+00
1.328471336120577551e+00
1.336561692308544158e+00
1.348129805384792990e+00
1.358082164661340796e+00
1.363619578213248307e+00
1.375184604503475905e+00
1.383676389781162364e+00
1.395825848472051156e+00
1.403538850745098987e+00
1.413009956287995195e+00
1.422676705065798686e+00
1.430410031003165772e+00
1.439017303100674550e+00
1.448918247886889832e+00
1.458363203237344141e+00
1.469918614892776310e+00
1.475317309748135131e+00
1.485276222531128676e+00
1.493293642275940858e+00
1.500237094456019937e+00
1.507857353693836888e+00
1.519083623977969477e+00
1.526812474206790116e+00
1.534437599494860471e+00
1.545959667216640021e+00
1.553006264294503058e+00
1.560615812636479305e+00
1.569315653418962286e+00
1.577221057275059124e+00
1.585107017319076661e+00
1.594241780895766070e+00
1.602502534003992896e+00
1.611315883304678565e+00
1.618831700748432301e+00
1.624585957529853131e+00
1.632035842561754935e+00
1.638968853338995668e+00
1.647145690242080018e+00
1.656675177973094160e+00
1.665863180264602672e+00
1.675056036935344439e+00
1.680877855366095908e+00
1.686755454124657883e+00
1.694146797977208241e+00
1.702490870279927737e+00
1.709547158012222345e+00
1.717212774324117230e+00
1.724664336583590307e+00
1.730631558408844084e+00
1.738704047873048886e+00
1.746991596934771573e+00
1.755232771285874405e+00
1.760209101923939867e+00
1.767474480299051409e+00
1.774058533630985313e+00
1.781764017541856093e+00
1.788014436053047218e+00
1.795025547067948368e+00
1.801270022122935188e+00
1.809557045556758892e+00
1.816416283879623839e+00
1.822590866594572256e+00
1.830473737111627086e+00
1.836555444912225665e+00
1.842391877605875861e+00
1.851342010852667475e+00
1.856268046166150043e+00
1.862645317096060182e+00
1.869185945441661723e+00
1.875428350991003912e+00
1.881294011139493572e+00
1.887486416300728331e+00
1.894530603786030554e+00
1.901173547354316096e+00
1.905838527156726192e+00
1.912765841776964848e+00
1.918517853344706925e+00
1.926569696009982513e+00
1.931752572639025445e+00
1.940356453751036270e+00
1.946017132121815152e+00
1.951048801481826578e+00
1.955610318959900562e+00
1.960832353475902901e+00
1.968159652096847179e+00
1.973570209421000587e+00
1.979505488791358792e+00
1.985280473377253774e+00
1.991673958925311183e+00
1.997834322864716405e+00
2.002900815439583315e+00
2.007776071449352884e+00
2.012723394731691595e+00
2.020172264336445700e+00
2.025722441509483662e+00
2.029513210444717775e+00
2.036105406940324158e+00
2.042358680036788332e+00
2.045405667875269451e+00
2.051730893621745544e+00
2.057556857835277420e+00
2.062545254827438779e+00
2.068488360937525528e+00
2.073368309718897962e+00
2.078419305552703378e+00
2.084509770432667608e+00
2.089917662148524258e+00
2.094789556389736962e+00
2.097857255250878517e+00
2.103920709032419900e+00
2.110428414820214371e+00
2.114781216939226383e+00
2.118495058329858516e+00
2.123197072451969092e+00
2.129934706729971872e+00
2.135112760857496461e+00
2.139080595131031881e+00
2.144247302010176437e+00
2.149683104169788805e+00
2.153320635229644342e+00
2.158975979907968412e+00
2.163665234990664210e+00
2.168660074149856509e+00
2.174110003285899761e+00
2.178991408102351368e+00
2.182926608336009267e+00
2.187075723069506594e+00
2.191858121669424175e+00
2.196388273589667595e+00
2.200890329360808639e+00
2.205613673249479323e+00
2.211050267242204992e+00
2.215707248292487552e+00
2.219711957021582638e+00
2.224034352838276885e+00
2.228963423487283269e+00
2.231987548935947085e+00
2.236313261879023795e+00
2.242141279330245318e+00
2.245924050918296722e+00
2.250722336578556693e+00
2.254956233710626368e+00
2.258729620913622060e+00
2.263112289725318860e+00
2.267615265896675059e+00
2.272256537964091105e+00
2.276603346377886972e+00
2.280766958568768654e+00
2.284775296075812090e+00
2.289096687460605128e+00
2.293270389722118274e+00
2.296444214389574245e+00
2.300694836567160007e+00
2.304979844604998274e+00
2.308662448310674353e+00
2.312789858866028947e+00
2.316979766593652457e+00
2.320976771757638613e+00
2.325679816400254563e+00
2.329599703434078961e+00
2.333464414183816338e+00
2.336944864885352580e+00
2.340793350725907995e+00
2.344747563637627596e+00
2.348628880292551457e+00
2.352285026115291444e+00
2.356351240501540545e+00
2.360556709132278996e+00
2.363842585062854162e+00
2.367621753386175865e+00
2.370986699069615344e+00
2.374586041709512152e+00
2.379932647429535919e+00
2.382783279275468846e+00
2.385215084506267402e+00
2.390276645120693377e+00
2.394588765794497753e+00
2.397908363029207734e+00
2.401089628106949370e+00
2.404701743282957604e+00
2.408436204056434882e+00
2.412230833073330860e+00
2.415792933451579749e+00
2.419069221772002898e+00
2.422549097030646692e+00
2.425814885302809643e+00
2.428924762008921157e+00
2.432440979969041628e+00
2.436214650264146631e+00
2.439728267765098213e+00
2.442937391038772610e+00
2.446041958913265812e+00
2.449565719413180798e+00
2.453145499723559997e+00
2.456879229077943982e+00
2.460294989628233786e+00
2.463362558578917838e+00
2.466618486046740610e+00
2.470470499899479311e+00
2.473647463139980740e+00
2.476556270848266461e+00
2.479310303992801057e+00
2.482824424992123635e+00
2.486418549078854845e+00
2.490001575683072677e+00
2.492783419209045004e+00
2.495487260426648923e+00
2.498693161395614482e+00
2.502389269596272392e+00
2.505563070192409203e+00
2.508479540547249975e+00
2.511687254780572864e+00
2.514947321627381438e+00
2.517966935713782828e+00
2.520472564994092668e+00
2.523577470888291874e+00
2.527048870341292552e+00
2.529860053403806930e+00
2.532539869709879099e+00
2.535600282407823425e+00
2.538820806713149913e+00
2.541898344988720027e+00
2.544343571279563676e+00
2.547011671811699518e+00
2.550313051384428320e+00
2.553669553356078481e+00
2.556714843675429449e+00
2.559997471303640637e+00
2.563259645606053461e+00
2.565625667280871269e+00
2.567622996247381550e+00
2.570516534525513652e+00
2.573839228175772487e+00
2.576621794933746656e+00
2.579338928245281881e+00
2.582264004268071123e+00
2.585174643473191036e+00
2.587977784499441380e+00
2.590559241014531722e+00
2.593129700089074952e+00
2.595718632320987318e+00
2.598698659877976436e+00
2.601715964358724875e+00
2.604189329797266250e+00
2.606500126134187578e+00
2.609700457648599592e+00
2.612798891123953027e+00
2.615142132093472238e+00
2.617617476894888107e+00
2.620108246363416438e+00
2.622792893935011804e+00
2.625456365301605199e+00
2.628446116813744293e+00
2.631447386372365749e+00
2.633864109881577598e+00
2.636160727463691789e+00
2.639043839156326676e+00
2.641984344995869982e+00
2.644195013907776559e+00
2.646536023998741882e+00
2.649076346363874901e+00
2.651872753920203163e+00
2.654260924467999772e+00
2.656385153312473157e+00
2.658942262601109885e+00
2.661503764485860568e+00
2.664217029199898779e+00
2.666608535590687890e+00
2.668849984382837270e+00
2.671061424860120770e+00
2.673747310093864016e+00
2.676251399210815674e+00
2.678811041536637738e+00
2.681182499089486804e+00
2.683336550978476343e+00
2.685743956687333789e+00
2.688088047978899997e+00
2.690566023857121181e+00
2.693128613830008788e+00
2.695571968464806289e+00
2.698186525424520532e+00
2.700675217999332300e+00
2.702873365233995795e+00
2.704974157925904787e+00
2.706998351113381940e+00
2.709330210380574755e+00
2.711975714333620502e+00
2.714561373903138897e+00
2.716899818281507173e+00
2.718987909485508947e+00
2.721361583780924853e+00
2.723498079133071847e+00
2.725946743007069184e+00
2.728240165074283130e+00
2.730531219594344083e+00
2.732834919714502320e+00
2.734884138270359255e+00
2.737142797569825703e+00
2.739136902753114278e+00
2.741360796051812265e+00
2.743615859944720015e+00
2.745931931207908683e+00
2.748103359834884074e+00
2.750194006407797431e+00
2.752316514789025614e+00
2.754465966696644230e+00
2.756639867912352049e+00
2.758835665681983684e+00
2.760998684998982267e+00
2.763017502980663842e+00
2.764950388343155208e+00
2.767245173999267394e+00
2.769496951552148367e+00
2.771618585420546399e+00
2.773664804740454848e+00
2.775900360120576948e+00
2.777946982539283738e+00
2.780027430616143658e+00
2.782107959079357595e+00
2.784005275888735031e+00
2.786053832995309509e+00
2.788170113394429883e+00
2.790239431010629989e+00
2.792313900673900395e+00
2.794294799695469234e+00
2.796381255233532315e+00
2.798679800929267270e+00
2.800799442898196823e+00
2.802847487238146140e+00
2.804523184605077102e+00
2.806371732722883650e+00
2.808285499354672421e+00
2.810307223662106058e+00
2.812435918185582473e+00
2.814462069265230237e+00
2.816279542470496722e+00
2.818058743153542434e+00
2.820284567192041791e+00
2.822407207596951739e+00
2.824387709355729914e+00
2.826235066988147970e+00
2.828159607746277171e+00
2.830033515933247923e+00
2.831883333889739340e+00
2.833540009845242569e+00
2.835290493710898918e+00
2.837409643246570301e+00
2.839589909342824736e+00
2.841635854432048358e+00
2.843395284304507165e+00
2.845291598369599217e+00
2.847092574411853150e+00
2.848837037515500992e+00
2.850602635292551756e+00
2.852461804038889159e+00
2.854402854244153964e+00
2.856382498442310069e+00
2.858194117304914794e+00
2.859837447656488507e+00
2.861494172058791197e+00
2.863322663976257676e+00
2.865232812816780328e+00
2.867110278178093719e+00
2.868933991883072743e+00
2.870700754606553495e+00
2.872528770154794131e+00
2.874447877416925312e+00
2.876260770963023017e+00
2.877953321087316940e+00
2.879764642100802963e+00
2.881419279496896912e+00
2.883124663546137612e+00
2.884904518156711450e+00
2.886658574599505478e+00
2.888550354544287657e+00
2.890304236073946598e+00
2.892131213821760305e+00
2.893934698737967270e+00
2.895568552315955557e+00
2.897133399944245458e+00
2.898825728737762120e+00
2.900569849263103794e+00
2.902196019242234026e+00
2.903863237125579477e+00
