1.961577735038739778e-01
1.032211903553942323e+00
2.286423319728936032e-01
5.383539539254135198e-01
-1.409954753395173954e+00
-9.247155950279338787e-01
-2.681256760694282759e-01
-7.693608686818723674e-01
-1.891678194114158718e+00
-7.111041877702265479e-01
4.991211192556952447e-01
-2.286988813874733517e-01
-8.750603187405522343e-01
-3.102426589651429145e-01
-1.522866356423422940e-01
-8.416623368546616302e-01
-7.925030227364443514e-01
-2.681119562470594686e-01
-2.382532217409592638e-03
-1.470637749097294389e-01
-1.697637241387531137e+00
1.600409043784114804e-01
7.877870699033968638e-01
1.490401383586114070e+00
3.482160996058928926e-01
-2.613997316088048639e-01
2.876281927949839168e-01
-1.332901726054441127e+00
-5.385788318577240386e-01
-1.578012752372828675e+00
1.130427633474994309e+00
4.122819951173200548e-01
-1.561853505122678509e+00
9.163673396534797178e-01
-2.789301980033567774e-02
3.347237146928359608e-01
9.170223660294946066e-02
1.124877746615630114e+00
-1.305508860824488027e+00
9.939715259108247158e-01
4.509933447124763600e-02
-3.608745797090355256e-01
-6.532306321482627132e-01
-6.120676893252957607e-01
-9.886938466843270268e-01
3.664987448425678918e-01
5.983421716475281760e-02
3.448915780995934766e-01
7.570732819254013535e-01
-7.907177085898863256e-01
6.727113580503324419e-01
-9.903114674108997040e-01
1.004016851808241795e-01
-1.218615599179354358e+00
-2.017350459038012578e-01
-1.203655312644170916e+00
3.318601064828227871e-03
-2.146822589819201987e-01
-3.449153250043639485e-01
8.959697516701103925e-01
3.583565917763680275e-01
1.207390155052861180e+00
4.726449113217486842e-01
-6.973136740313147230e-01
