1.653106871034069197e-02
-1.835098941191495511e-02
-3.153544987555673834e-03
1.155934479845566014e-02
2.016304656671661852e-02
6.107842406153171253e-04
1.999217098264893366e-03
-4.753767540403268030e-03
2.837871838280993028e-02
2.436499887712698445e-03
4.176643434189715280e-03
-7.848389305026389666e-04
-4.857808619414377129e-04
-6.312383074418588882e-03
4.015086020964978714e-02
3.515216864878484976e-02
1.747276319579102845e-03
-5.699552272962995179e-03
6.159104911206888036e-03
-1.218895400958035051e-02
1.441497114067451582e-02
-2.219437835527338782e-02
5.411667979276428390e-03
2.393155820274495832e-02
-7.229564439856677079e-03
