-7.439590591753517668e-01
-1.289748374867169811e-01
-3.752401780355070771e-01
-6.425069771589544398e-01
-3.924993423842761953e-01
-1.529693943417094193e-01
1.379740219659495448e-01
-2.113220949048467134e-01
-5.297304754020531331e-02
6.113659311093913237e-03
1.651051925890034411e-01
5.807327904903150095e-01
-1.887336388506297979e-01
-6.004745516079644796e-01
-1.821610649020008466e-01
1.718079763038048435e-01
-6.991140598862122246e-01
-6.096775880788009028e-01
-1.028932373359547486e-01
-6.650016131723255342e-01
-1.550642523982181942e-01
1.017561105220961010e-03
6.658625298101197298e-01
-8.612881759570450990e-01
-1.846704085625220371e-01
-8.308801632743695320e-01
1.355265640252473758e-01
-2.346947414131426157e-01
-2.245510849067216541e-01
3.989512085173869682e-01
-6.750749333114464124e-01
-6.882792716148026235e-01
9.216762997239141830e-02
-1.851511376661070518e-01
3.429101787182047278e-01
1.686443618747596462e-01
-1.216787255008510843e-01
-8.280518403442881092e-02
1.492185811692693653e-01
-3.258179404445861738e-01
-4.352706702884584500e-01
1.526827587133087194e-01
-2.197376867992863747e-01
-2.911190620206952073e-01
-5.595943293986750389e-01
2.400353871796560290e-01
-3.764604777694108284e-01
-9.071827370344695551e-02
1.244042426000419033e-01
5.006543270928356382e-01
-8.965610753616640727e-01
3.723580080539526937e-01
-7.709411081214879724e-01
-7.400407264673439789e-01
-5.588336622903552486e-01
-7.405846172295301733e-01
6.141450442937524540e-02
1.841634858979059042e-01
-7.019264675152223631e-01
-4.514732405988149400e-01
-3.051709978826695480e-01
-5.967734540160372081e-01
1.429108672533239976e-01
-9.269347080646462844e-01
