6.351756161394737921e-02
6.829662921046621149e-02
7.090031484427247732e-02
-8.894641455845343769e-02
7.746171368521072298e-02
-8.158143748986917965e-02
-4.012475071314780539e-02
-2.352751958683200334e-02
-4.172526499822094836e-02
6.903071965225536510e-02
-3.859520526878924551e-01
5.469165175284804864e-02
-5.638751530586406935e-02
1.493706489793391601e-01
9.072265915935033564e-02
2.409994045001359608e-02
3.467180641738224454e-03
5.617813188946224612e-02
2.802125789585938401e-02
-1.461927152724303569e-01
-5.630549815413873199e-02
9.062620695731649079e-02
-6.356103859502847120e-02
1.521342399112728117e-01
-3.400212368791628859e-02
5.161838295643404045e-02
1.415827512937333499e-01
3.186233683363913754e-03
2.464360599504476518e-03
4.098200131563110860e-02
1.067546417293993022e-01
-1.088464794884667769e-01
1.630438586379422405e-01
4.364561194229477081e-02
4.121459757215708425e-02
4.102728458381432047e-02
-3.052601477283055365e-02
-2.247909069713018571e-01
1.882900308959869692e-02
4.107483509089432383e-02
-1.207915957455906776e-02
3.520041315026344320e-01
-7.234239469572550929e-02
-8.864595527138201259e-02
2.883512720460359655e-02
-2.104038350291828618e-02
7.946481132932381453e-02
-1.721781246868061763e-02
1.775118858937313748e-01
3.351333816253305314e-02
6.107492453317790379e-03
1.772741620906274213e-02
4.978796288852587598e-02
-2.281775957627214454e-02
2.564350757524825331e-01
4.973761459291183018e-02
-2.650702509025773881e-02
3.615577612501903737e-02
7.757752052834067380e-02
-8.911074183475922728e-02
1.751831226066483949e-01
-2.012435408086015454e-01
6.636368978555751141e-02
-2.356485490845317554e-01
