-3.663296344517184139e-02
2.699345845505996336e-02
-3.184406026626938196e-02
-8.235620204206853603e-03
2.129314571302101319e-02
-3.793487184573497706e-02
-2.605934563229680631e-06
-2.763073932256221443e-03
-5.485034970303899471e-03
-3.725784875674541252e-02
-3.121143177887376538e-02
-9.000257785447713169e-03
-1.746051361777500865e-02
-1.696267437701951333e-02
-8.923974730128342650e-03
-2.070329796220633442e-02
-3.370092255603435866e-02
-4.365864041990611538e-02
1.523586916422282021e-02
1.037203404814388170e-02
2.013493476108408654e-03
1.562547941085747766e-02
4.169797814214153131e-02
-2.858583197561793791e-03
1.728644931245281293e-03
