3.034217589678417926e-01
6.804466842515221048e-01
-2.808260749978170323e-01
8.429078174324746708e-01
1.321103737470138428e+00
-4.746963262618902890e-01
1.056819075383635287e+00
2.219474219654351821e-01
-3.622590691883401659e-01
1.784092931687238925e+00
4.558259858172342138e-01
8.726679762115269190e-02
2.748444419194691624e-01
-4.100674022330670909e-01
-2.121316578115108042e-01
2.300995206210095789e-01
1.532625296580461205e+00
4.264735719305573491e-01
-1.407850211500638604e-01
2.809237110250896174e-01
-1.353734343856688671e+00
3.073172931506266359e+00
-5.523164091058119229e-01
1.242357099920061436e-01
-4.518138846644116358e-01
-6.303264979072918939e-01
-1.891779318426994524e-02
-7.590411398617122885e-01
1.251651130951657809e+00
-1.368293928535289083e+00
6.035632950248519535e-01
2.277858317740750205e-01
-2.869300198387952916e-01
2.720080218909051370e-02
-1.667439783913781781e+00
-2.460288530162853871e+00
-4.026502433720784424e-01
-3.701861639795019365e-01
-5.494859147878878858e-01
-1.055624923700972939e-01
2.248251177862458372e-01
-5.239987403912035324e-01
3.105575106539409380e-01
-1.456982597300268689e-01
2.225373894446728840e-01
1.930131383004672463e+00
-1.957312864447423584e+00
2.495455470426927447e-01
7.038296254048662659e-01
-4.150208065882740605e-01
-9.664796927199218457e-01
6.499548455290188320e-01
1.465464398481441721e+00
-1.198948892944345035e+00
-5.751557062716171620e-01
2.890212492479766748e-01
-7.842244894613241424e-02
9.389246048543150591e-01
-6.746658089313776197e-01
1.304086434855754595e+00
2.503661421829241757e-02
1.040469609433456011e+00
1.047662367196049216e+00
1.067823071104350818e+00
