-4.558661653018697413e-02
7.593111179362933838e-02
1.351676742368702056e-01
-2.388408607979607412e-01
-1.933071252683218055e-01
-4.944647740238641842e-01
2.553016180400644042e-01
-9.068420053154137017e-01
-1.837364202732455210e-01
7.554380598577201678e-01
-6.920820805957910160e-01
2.835044669266506556e-01
-5.382133002783161604e-03
-9.955215804772667987e-01
2.836288729068191516e-01
-2.532328365057989750e-02
-1.478399390356262000e-01
-5.199709076639238287e-02
2.759529227209540081e-01
-2.840151839784544885e-01
-3.673208752571290314e-01
-3.717111533499957154e-01
7.991278933012192498e-01
-6.717979699798033444e-01
-3.445990978139228389e-01
-5.658799210319914730e-01
1.429555191650581647e-01
3.029884910270786991e-01
-2.872779931283313548e-01
-1.257404195827004911e-01
7.435030717657019617e-01
1.286676100458474248e-01
1.080395232290891870e-03
-6.614254477543543564e-02
-3.781674739235962868e-01
-6.772684859908444099e-02
1.521722996023441021e-01
-6.156825330512673278e-02
-9.584572572331961915e-02
7.743270690408396439e-02
-6.839350948318979884e-02
-1.303047216327855307e-01
-1.324152975183659764e-01
-1.746529448353473513e-01
-3.669807128882817127e-01
-3.609825023946454103e-01
2.538324641802042758e-01
-1.805559492883286876e-01
-1.961921638084717368e-01
-4.300815064935338827e-01
9.779330799811682129e-02
-3.087062662702435775e-02
2.678433236747617130e-01
-3.667518705570795845e-01
7.057421370225917812e-02
-6.705369741058178068e-01
2.378159664049762367e-01
-5.501322003019219753e-02
-6.071670831050973716e-01
-1.836054461004659466e-01
-2.349241302618232038e-02
1.836312411017146373e-01
-2.795176151797016950e-01
-7.372709469507845448e-01
