-6.255029358751713897e-02
1.119545174038687196e-01
-2.132927379648629981e-02
1.302241965498120027e-03
-7.288511870453991126e-02
1.106822578802195986e-03
6.513563078591701194e-02
6.384559457060079435e-02
7.888745946762221184e-02
-5.421229686983804197e-02
-1.090374518045922475e-01
5.189126161077562555e-02
1.052695304519279777e-02
5.781154690659384698e-02
1.197196255680051391e-01
1.324607025897462098e-01
-5.287919141018383035e-02
-3.889075106134804588e-02
-7.398711947997517469e-02
9.959233179299108174e-02
-9.277668167392462417e-02
7.549636406887645645e-02
-2.978307645187492150e-02
-5.726639934457606294e-03
7.027107083782421770e-02
-5.181068414849114567e-02
1.077925295681278067e-01
6.301245033840083970e-03
6.603117165028481693e-03
6.784930872131052920e-03
5.823284655992948255e-02
-1.711570350702806137e-02
1.540833105926973055e-02
-6.699084279259824581e-03
-3.669412336350082182e-02
9.586271196892465207e-02
3.076663371877313632e-02
7.718710663402238159e-02
4.212720326095281687e-02
-5.130408318561267139e-02
3.776092272830516849e-02
-4.434605586809171190e-02
2.332308068819219371e-02
2.153141631051183960e-02
-1.662104280318573574e-02
-4.339282322157014121e-02
1.059855342640290618e-02
-4.843186412569325944e-02
4.031973967679675086e-02
-4.210519807481689220e-02
-2.839419036826345416e-02
4.156315591546402149e-02
-7.432959450573636828e-02
5.205243103261537885e-02
-1.146069361663342723e-01
1.869150916612196539e-02
-8.183310185507644552e-02
6.170039222652843464e-02
2.199767407463671179e-02
4.526106626110156135e-03
-6.594307590044101719e-02
-5.771115787153118654e-02
-8.992822159138132154e-02
-7.050811527594123829e-02
