1.751358337455464009e-05
-4.496693591960333573e-03
-5.423657579541187740e-03
-3.651882948690325908e-03
-1.840467037435821081e-03
-1.662549691235879010e-03
-1.816363796681519675e-03
-1.846712141588030499e-03
-2.331468469526633020e-03
-2.069212776331335116e-03
-1.736259929312669549e-03
-2.832934568411533613e-03
-1.853524680916003760e-03
3.421444067785947584e-04
4.110672694440638351e-04
2.822338221382120291e-03
4.922914936555035370e-03
2.433767308758562429e-03
2.315206021519716773e-03
4.490030416966608699e-03
5.916258161461715286e-03
8.254310199588405644e-03
1.154890726574689212e-02
1.628708827883423513e-02
1.268054100830272139e-02
1.558691752880133480e-02
2.208913693871514608e-02
2.056612208212544451e-02
2.668773029225833190e-02
2.831001308511862588e-02
2.996834955443814993e-02
2.847493603876616319e-02
3.309611178185986602e-02
3.464269547551577372e-02
4.423491869100458496e-02
4.789058711746592423e-02
4.873966361218953769e-02
5.549489463255420640e-02
5.891326122763289319e-02
5.605844283590182692e-02
6.391427054429446586e-02
6.557595116958980785e-02
6.775060705823285345e-02
7.064231584416984233e-02
7.165316684691397375e-02
7.776636073028235507e-02
8.083360193544662786e-02
8.528298066175241110e-02
9.157736802072609372e-02
9.578093724096112260e-02
9.611880607270152643e-02
1.021276971741156003e-01
1.089893297501706576e-01
1.085151472447363069e-01
1.106459329513523326e-01
1.170676359758532209e-01
1.236973595914517970e-01
1.330089738517127584e-01
1.338098221297466806e-01
1.311854536932337001e-01
1.383175260452098321e-01
1.398103489108205588e-01
1.452070335010344215e-01
1.509906172458009010e-01
1.528109061081132369e-01
1.570491326707368906e-01
1.665879119623259741e-01
1.650518535062696079e-01
1.714228249073228572e-01
1.739729694856012587e-01
1.795853878737992404e-01
1.891773806871479835e-01
1.893814987293066521e-01
1.907400333630805411e-01
2.005214864355875370e-01
2.011186480172725555e-01
2.081665102370380271e-01
2.116065655308159710e-01
2.124083406282872566e-01
2.230302717485851127e-01
2.300439299436490559e-01
2.293936048281353113e-01
2.366199103555126637e-01
2.471524229345596346e-01
2.429458630878260639e-01
2.430326273741784948e-01
2.492132516910097184e-01
2.546685284874117272e-01
2.630892793783726757e-01
2.615785415492677957e-01
2.651455893148322307e-01
2.753534591468740356e-01
2.795777849240121404e-01
2.831537167163558077e-01
2.881787497674814791e-01
2.962812343090867606e-01
2.959982611942745812e-01
3.054435310661110514e-01
3.043535513659336722e-01
3.100348987282667834e-01
3.155310568097616231e-01
3.228772912964393837e-01
3.236533495367118207e-01
3.289028147772677380e-01
3.307881583757838473e-01
3.375488883013036956e-01
3.433923906059589970e-01
3.446427726632868560e-01
3.532286773321303697e-01
3.532866763922712372e-01
3.578414572047078357e-01
3.609210252116161755e-01
3.645256484910377459e-01
3.732032807245972972e-01
3.796847863013413926e-01
3.778443976906270541e-01
3.851997733036137128e-01
3.919041971694003368e-01
3.939945064536846120e-01
3.973629416478166032e-01
4.052224912742672380e-01
4.066707463301085235e-01
4.116892714989474622e-01
4.174371033098208672e-01
4.238345475768797721e-01
4.274104632844845097e-01
4.334392896202502454e-01
4.355092268806620703e-01
4.403196490174617894e-01
4.452647497597027049e-01
4.474623489519446995e-01
4.545577421896631054e-01
4.573004330111890003e-01
4.600285548645189904e-01
4.636303167892320554e-01
4.726272045575807823e-01
4.741205641827743733e-01
4.795146998095604074e-01
4.892013765868115649e-01
4.889108213693248439e-01
4.929193094715018653e-01
4.998271597752507178e-01
5.030964030112052843e-01
5.084264302506660282e-01
5.110959916667828784e-01
5.143604113017085089e-01
5.205307008162713966e-01
5.258692130932767217e-01
5.337263618625753825e-01
5.333719431998233951e-01
5.372056604979404959e-01
5.394548170120926356e-01
5.449942085146362025e-01
5.497050269126338984e-01
5.513101318437557685e-01
5.594439165251616775e-01
5.615974272231514242e-01
5.665126624041590953e-01
5.705476418893654644e-01
5.762226286389925400e-01
5.783684325850906305e-01
5.836058517013924529e-01
5.884435989549187118e-01
5.933450235447552679e-01
6.004331502808223364e-01
6.025224207505227580e-01
6.040624719817587751e-01
6.093153015422202445e-01
6.141474740167283120e-01
6.165482156217290122e-01
6.230249310695503695e-01
6.294316594323517977e-01
6.299879472497647015e-01
6.337618663335583546e-01
6.397783398540889399e-01
6.430383156329380068e-01
6.473754021321574958e-01
6.526549653172483145e-01
6.547352125471025408e-01
6.584026432120732020e-01
6.643032567726537829e-01
6.665927872200376747e-01
6.721559134884772524e-01
6.779713560963464003e-01
6.799020886054842894e-01
6.836761191353338818e-01
6.875860671914694189e-01
6.917054713203406591e-01
6.958264640865400308e-01
7.019945548520620804e-01
7.069538887905530977e-01
7.066397120498943973e-01
7.126307761614805170e-01
7.170764923244792310e-01
7.196932490066204613e-01
7.240023404510497196e-01
7.303819176040770023e-01
7.336610144427604396e-01
7.373808448527656711e-01
7.398237299850828341e-01
7.458878374188769866e-01
7.490334788213012240e-01
7.521102393541391207e-01
7.569121598423590447e-01
7.599727852491463542e-01
7.629792956995630204e-01
7.679238999990378733e-01
7.709720138339837270e-01
7.774190617344819421e-01
7.795842424852880148e-01
7.837160812955168421e-01
7.906394185412740638e-01
7.918292993701416815e-01
7.953345822287186673e-01
8.018684209153663645e-01
8.061244358350206918e-01
8.085808495341331170e-01
8.113199272032093345e-01
8.158971791562282805e-01
8.204766941751946430e-01
8.227551843689093758e-01
8.262915040030909264e-01
8.335232839435703367e-01
8.350468821827237154e-01
8.371121975636078849e-01
8.433802637021621251e-01
8.467099334092937912e-01
8.505702781305706228e-01
8.544218846039739468e-01
8.583606630139284377e-01
8.624387692715445031e-01
8.649282135182726483e-01
8.693497336499522721e-01
8.745832903142550796e-01
8.770022226111666708e-01
8.815242993481792189e-01
8.848198507455038442e-01
8.878746450528908207e-01
8.921497241173197423e-01
8.970443427119259017e-01
9.002268540071260983e-01
9.023083841814065753e-01
9.071902179243208630e-01
9.112738855262029203e-01
9.147831524343164045e-01
9.189736643628255708e-01
9.229360731650455563e-01
9.256530915123531988e-01
9.279938080854177596e-01
9.322107044108044471e-01
9.349551305857415340e-01
9.383965704645269579e-01
9.434150938321287372e-01
9.463626934186439854e-01
9.503403160690140350e-01
9.553744597975650787e-01
