5.118839603598915877e-01
-8.811109742724572147e-01
-8.223698508336607649e-01
-1.732262661569020090e-01
-1.287350647368044942e+00
1.120229150177999428e-01
-5.237705488692654399e-01
-1.801973638629278951e-01
9.662276570363551031e-02
6.952811155479050875e-02
-5.903132790222301862e-01
1.653810647515114585e-01
2.582521142856994412e-01
-7.135853191197968348e-01
-8.416937908180430750e-01
-1.493921684248042503e+00
7.496947622696022995e-01
3.275790379343048592e-02
3.815081953370860757e-01
-8.903376818274693072e-01
4.728645780987786318e-01
5.195777909077943235e-01
9.221124236781743644e-01
5.035492178931629849e-03
-1.083557400710860597e+00
-3.100814239832589969e-01
-7.546134318338036939e-01
-9.516863081107006239e-02
-5.362587895347105116e-01
3.952016705661569596e-01
2.680897001496401755e-01
1.016968626320355451e+00
5.499770311603876527e-01
-1.155071352857619749e+00
-1.250943482909333326e+00
-1.334370636798908993e+00
1.603664670603673015e+00
-4.101135158831803462e-02
-6.084826600422118537e-01
-2.272406556408987921e-01
-3.651530321415035751e-01
5.620622098295979807e-01
9.568104490166284837e-01
4.435007341064203801e-01
6.006208606387359872e-01
1.540925989917344974e-01
-6.590897452353744468e-01
-8.447344282526785264e-01
4.962180274520877066e-01
-3.173706596646968525e-01
7.141718235111486068e-01
-1.233386181810161908e+00
-1.297286125930804598e-02
-4.662624025512326909e-01
-2.984480176949651509e-01
9.221747846475789601e-01
6.737750884890453262e-01
9.543117070961748549e-02
-1.272551842495472485e+00
7.131686423475686043e-01
2.648643620631221385e-01
4.717202996874766095e-03
-9.104911114798266980e-02
6.173698532014745277e-01
