-8.963657077114543792e-02
4.682114745866561289e-01
1.472030652975600540e-01
2.348491593520046217e-01
-5.734610189073973130e-01
-7.284587739730971623e-02
-9.684876037301571872e-01
-8.322901449247412931e-01
-5.820719887337220122e-01
1.510011389193274489e+00
3.687951401349746083e-01
-1.981694290459619368e-01
5.283186642173588465e-01
-1.429022620619530004e-01
1.172368243527447812e-01
-5.844583909003061573e-01
-2.500699298816134730e-01
8.469507454321735240e-01
-4.236754896391790037e-01
8.080018986409861492e-01
9.532049992046152109e-01
-1.403168776777334592e-01
-2.391271005059442400e-01
-5.196309585889943294e-01
-9.317728350380495572e-02
-3.135966738144904675e-01
-4.009663893959556913e-01
-2.839508154850000077e-01
3.150394862934578488e-01
7.723449842292531287e-01
-8.214544053415548733e-03
1.660146824280324396e-01
-3.426730210657893405e-01
-3.258987260960415910e-01
-1.079142551598050448e-01
8.954464976345478944e-02
2.456488507924342313e-01
-2.927523767082913508e-01
1.797881352318070891e-01
-9.101521538647751042e-01
1.985456272595296501e-01
4.285599311876548551e-02
1.693695859667605219e-01
-8.506438933093239674e-02
-4.186524735080256465e-01
5.933491190609196941e-01
2.505508595285761420e-01
2.867580116500477172e-01
-7.699408032626738896e-01
-3.656931324153930296e-01
-2.235813717589265615e-01
-1.147240012192381808e+00
-9.296179631520065101e-01
-1.686276306658458235e-01
1.439319129847953738e+00
1.433433314006853365e-01
7.433266295875039509e-01
-1.306433838919889186e-02
-2.833860154619816663e-01
-6.928678638162953929e-01
-9.026341890872300322e-01
-4.153425174236786144e-01
-1.024811941371883917e+00
-2.862402967133036418e-03
