7.856859064280865557e-01
-3.331009746205365607e-01
-1.832487029646611809e+00
-1.972547437000477313e-02
-1.215492817832457106e+00
-1.819203862908589375e-01
-6.677278753598254735e-01
1.402524453519084224e-01
-1.921612876782004542e-01
3.120546984638862820e-01
6.707290006996703413e-01
-1.424421673497612839e-01
8.574187293980998215e-01
-8.276364750133605730e-01
-1.283403703877909585e+00
8.508862425280179498e-02
1.535153141592722204e-01
6.460599564127108563e-01
-1.879049137114482126e-01
3.872905551284054892e-01
-1.586253118165688480e+00
9.910798614374318749e-01
-1.565745856758676835e-01
-1.101084984282380219e+00
-8.496056914328624643e-01
-3.374583154397483020e-01
-1.083018077436322724e+00
1.623735274746756829e+00
-7.791146680827704118e-01
2.706106702438726974e-01
6.274184467068723015e-01
-2.586938836086975502e-01
1.015279974652599559e+00
-1.636376844570587297e+00
-1.149464228152584200e+00
-4.127547365577444172e-01
-8.373315180649826273e-01
4.840746359106312680e-01
-5.124700252565468350e-01
1.033015998541987779e+00
-8.236901542611702043e-01
3.636040444590905585e-01
-4.920353216684087566e-02
-2.321820850451136176e-01
2.127275008133443723e+00
-4.281316289797660879e-01
1.002693848697220336e-01
1.026743683687238118e+00
2.156143683152101642e-01
-4.485192571147370022e-01
-3.773924788308529732e-01
6.319191877482832967e-03
-1.417031785306454017e-01
-3.843257043140135831e-01
-6.870249351973320984e-01
-1.447046833352554629e-01
7.503632631409850040e-01
9.601992112298318727e-02
5.302064675972065211e-02
-5.653805162087516267e-01
-7.756710244036482127e-01
1.442293286765869320e+00
-4.831428159249708809e-01
-1.073808077567685926e+00
