1.043370498470670205e+00
-1.007878952900470998e-01
-4.370763427216299395e-03
7.845285793935179441e-01
-1.681671780442861364e+00
-2.681356732663904216e-02
5.318377136538562366e-01
1.468183416944428110e+00
3.652507630427075380e-01
1.482051733327422349e+00
1.181749519271414028e+00
-5.009896976778016597e-01
9.358196499413197200e-01
-1.729053921377837755e-01
6.441522523545948342e-01
-4.559041926696031921e-01
3.070823687344380326e-02
-1.388949361720102971e+00
1.368688657882480841e-01
1.256710192747934940e+00
3.680215031069879461e-01
3.612513165718735930e-01
-8.530420635654860639e-01
-2.935903340208713685e-01
-8.255211004894987825e-01
6.566749524766724022e-01
-8.961564481026088602e-01
-8.093509131007288193e-01
-8.550344310067415909e-01
-1.365029379938411669e+00
9.237257204827051815e-01
-7.682813145364065788e-01
-1.236397516560216348e+00
1.919260775098550420e+00
-1.431955388457770706e+00
-2.422422280768906921e-01
-2.070893610288524200e-01
-5.134497277217081601e-01
1.689505240560063015e-01
-4.630385194774079838e-01
3.894111043798482719e-01
-1.033200926203510450e+00
-7.574978691275154052e-02
-1.205500799377735133e+00
-2.501033824294029984e-01
-8.793539064407055461e-01
-8.966234460363273762e-01
4.980443184543348334e-02
4.770410233921575927e-01
-5.315408834517084680e-01
-6.328115798045708118e-01
3.893014670771753338e-01
-1.329217074973631174e+00
4.398666361065085573e-01
-1.919079517870244667e-01
-1.119667633170129628e+00
-5.617537636998481965e-01
-2.434199936113713714e-02
-1.079885501598854880e+00
7.437568527166285581e-02
-1.064636849354052561e-01
7.992587534220023660e-01
-1.086713630738702863e+00
1.527932347343715913e-01
