1.105712403494733959e-01
2.727873525678441852e-02
3.041022145967784973e-01
-3.794704504065291584e-01
3.357522933740321736e-01
2.789369682317409671e-01
1.073487709412091595e+00
2.573763973995614185e-01
-3.090869595610027942e-01
-4.251629085023130306e-01
-1.312052754454383352e-01
2.581498363303128540e-01
-1.677418259971422687e-01
2.199608325400284337e-01
6.815473278395757228e-01
-4.851252024658702644e-01
-2.930033752963393315e-02
-7.061170863083229277e-01
-2.809569200641310327e-01
-1.380309282450739305e-01
-4.112905594929002762e-01
-5.874894229759027864e-01
2.486188920861645280e-01
-2.471915075467716327e-01
-9.253902932908225631e-01
5.194440047963803098e-01
-5.259944294753581273e-01
-1.764286437728316004e-01
1.420003129590302442e-03
3.506469724654396290e-03
-2.668479243408882207e-01
-5.083868970952429844e-01
8.142563292782929729e-02
2.589865935072825365e-01
-9.635074734597485202e-01
3.448194917475331245e-01
-5.540533448935490712e-01
-1.336395509864486630e+00
-7.580513685842918958e-01
3.571907089739166929e-01
7.123105770088937749e-01
-4.297484586072722879e-01
-2.514121983962749329e-01
6.098423311501688371e-01
1.109560943090026341e-01
-5.581208024234848158e-02
1.609133408580940353e-02
-3.303582538029678495e-01
-2.594902741834772542e-01
5.855698351744330621e-01
-3.298474756836309862e-01
-5.284930684155396685e-01
2.662527044836512577e-02
2.683715552168372889e-02
-6.852200897564962867e-01
-3.393964478747573121e-01
-4.394223483034606081e-01
-1.765349572439205705e-01
-5.116764556875768033e-01
1.513818381222636622e-01
-1.802555890744867162e-01
-7.161295028696208487e-01
-6.146121877194958838e-01
-3.413098344343555302e-01
