-1.658734148713381096e-02
-1.031915361570727441e-02
1.536722568695912498e-02
-9.941054351750745754e-02
-1.278248528314710440e-02
1.019339028578556128e-01
1.575176769500027593e-02
-3.845507752722686357e-02
2.245326531730247946e-02
-7.605449426668300927e-02
2.107775173001748444e-03
-5.037196340105892789e-02
1.833031154118169512e-02
4.634484644807180219e-03
7.946989422878920906e-02
3.214708130315935969e-02
-2.306006108632733045e-02
-2.094961380709226342e-02
5.018737255758976175e-03
1.016665112869439003e-01
-7.150948796661570073e-02
-6.649858299571394238e-02
-4.751661236615285777e-02
-2.326101212788364309e-04
4.616997221253416918e-03
1.850168643463499796e-02
6.055292034385338640e-03
4.915922243823261928e-02
-3.322849217631376750e-02
-1.912284677702690613e-03
-1.750514166529153551e-02
-6.392536010461495263e-03
1.131964208027895907e-01
3.560333391008801973e-02
-6.325675029328187149e-02
2.427870209752220135e-02
7.098687502841029284e-02
1.005898013175472554e-02
4.590247906005281986e-02
-4.335905351587692608e-02
1.264050487843337844e-01
-4.580328822683690793e-02
8.023685727041275292e-03
4.467809469727352517e-02
4.807219660042030829e-02
2.944503439232007760e-02
1.866323540763966879e-02
1.273462337042407522e-01
9.742260690875621451e-03
7.996320735405573754e-02
1.818770344613064582e-02
2.559447205464816452e-02
9.996369983192768260e-03
1.521053228721435530e-02
6.604248208945182053e-02
-3.231290226770888036e-02
2.578554432540015179e-02
3.024633005190762933e-02
1.592835121376358701e-02
4.343812096320701088e-02
-2.124468428175448065e-02
6.594290532454906428e-02
-2.656578148399444186e-02
-2.984952805765318448e-02
