-1.388223966902548678e-01
1.660198014663759603e+00
5.416914650124133868e-01
-3.767416571633542821e-01
1.324755883862110684e-01
-1.442717066271391957e+00
-1.264144826975947211e+00
-1.960703767360404415e+00
-1.815743856137342349e-01
-7.623844634522676245e-01
-6.091486010692230835e-01
-8.726247031457482484e-01
-8.336603348312749961e-01
1.480328051667402001e+00
9.523413046540031290e-01
6.543936897940453301e-01
5.627402549376213647e-01
1.106522553576420487e+00
-3.015718083554891904e-01
1.987187934779299336e+00
-1.550913961374223549e+00
-4.044475300225713887e-01
3.478386528914465536e-01
-5.508376909009040645e-01
-1.992401513457366047e+00
-5.245404171080536582e-01
1.500831762434485350e+00
3.942775210529481655e-01
9.063308801771545742e-01
3.342792672929160158e-01
-1.658891772771462214e-01
-1.283948448478925197e+00
1.029833183296613219e+00
-1.261737060535069177e-01
-2.268346623111694882e+00
-6.898216645504519351e-02
6.207264767162229413e-01
6.317455624450641904e-01
-7.449126115334105125e-02
-1.062920557830405066e+00
5.351352665603290593e-01
-2.710494824800799285e-01
2.139924141458458440e+00
-8.958380857423998700e-01
-6.226214854043038427e-01
-8.282216561029357438e-01
-5.705544733165842652e-01
-8.895549362176726760e-01
-7.270545314363563438e-01
-9.256369864848053020e-01
-5.315891514117778716e-01
1.016723282276828844e+00
-5.479288942650746286e-01
-5.027302868782902445e-01
-1.084600320263897494e-01
4.058963164979836891e-01
6.596625803835775015e-01
1.356908336286433370e+00
-1.611329353379604423e-01
2.423929358147523527e-01
-6.237033277945561727e-01
1.122930153514417162e+00
4.517689493913051857e-01
-8.463138318713244734e-01
