-8.008072558399728647e-02
7.650063810843046319e-01
-3.056424363840782310e-01
6.178701901345433622e-01
-1.105571847547850567e-01
1.568267924580493689e-01
-2.792270996692396978e-01
3.122427334692138290e-01
-1.201589135162345612e-01
-5.432245098113329673e-01
-5.335542999656496255e-01
-8.034951856307174234e-01
3.031439063598421746e-01
1.308955136441025957e-01
-8.259579889207627201e-02
1.411967754177209322e+00
-5.334314330218613565e-01
-3.055268969334780649e-01
1.281565072181832798e-01
6.780439626256293817e-01
-9.365692546152427633e-01
-3.046195815773805049e-01
-1.947665542811524431e-01
4.430316781587965713e-01
-2.600125360314808343e-01
-3.895931917747003093e-02
1.900865040268918116e-01
-3.478563092853513283e-01
-2.047999707548793680e+00
3.347873105519039161e-03
-1.520499865841755671e+00
1.029965451239212237e+00
-2.203608688357884482e+00
1.152570307163496066e+00
2.621099752332871624e-01
-4.098422642466116317e-01
-3.190372548920575868e-01
8.237624458246490811e-01
4.855517240333476758e-01
7.956989830317545698e-01
7.008251029996063197e-01
-1.055821378173374292e+00
8.270259535490442904e-01
-1.069003923701735692e+00
1.609064858458627845e-01
7.789614764087956500e-01
2.073923815114713798e-01
7.232932479106864154e-02
4.296219459466349977e-01
-1.028830814698403762e+00
3.255741784161734764e-01
-3.118327024168642270e-01
7.687754626515659329e-01
7.438942926210591056e-01
-2.857960677800193139e-01
7.906975757113121617e-01
-7.174213206485325900e-01
-2.453874087702310469e-01
-1.910956770224206125e-01
-2.606112261468304658e-01
-2.487972903314578932e-01
-6.377861167917152629e-01
-2.295474374526829953e-01
8.607442424961979643e-01
