3.032318073666718794e-01
-3.794117407061503022e-01
5.808502714991617966e-01
3.645476737479800278e-01
9.698328382053202912e-01
-2.500274165643628366e-01
-9.767183268826449272e-01
-1.074558098188500788e+00
-1.254711913070623241e+00
4.173558608444944973e-01
-1.000266061729973288e-01
9.154034597458701183e-01
-7.299190321086407307e-01
-1.308080876990119212e-01
1.416259356981545370e+00
-4.055758505791441371e-01
-1.921637538001564338e-01
-1.792130734680246751e-01
-9.097283614206431723e-01
-4.965147769234263819e-01
-1.258231452689253738e+00
-5.702248749149829710e-02
6.385341914131074104e-01
-1.895863919156750843e-01
-4.364243806367290590e-02
-5.766453429345933523e-01
-4.994224011666048568e-02
-2.659910638590216037e-01
-4.606571581464194987e-01
-2.328893262365357431e-01
9.063813012384189238e-02
3.158219388739103572e-01
-7.820116485898902514e-01
-8.162312902105677281e-01
1.358871413653460758e-01
-1.337383375360578164e+00
-8.605746077025185070e-02
5.578099838370558228e-01
-4.870993068791075742e-01
2.047322241376606122e+00
5.093847879804694334e-02
2.249077650216411428e-01
-3.582653332021094872e-02
5.577121365462057723e-01
-8.125317209166291743e-01
2.813360878547146657e-02
8.086222812297342299e-01
5.771573366894847679e-01
1.033242725275874463e+00
9.759106833389663560e-01
-1.607645141414195900e+00
-8.251015837587705182e-01
-1.400032624354707655e+00
1.042259509722623934e+00
-7.585036015225438133e-01
-6.932043119108716178e-01
9.191481308732111222e-01
-4.671058376304036419e-01
-1.661541436059827292e+00
3.146619341209088150e-01
-3.115843102912632667e-01
-1.533325173244713291e+00
-8.384166796038188263e-01
-8.342070259492987416e-01
