-1.904028281624192687e-02
1.245952961647000916e-02
-3.665279339247800444e-02
2.813317510407929711e-02
-5.283598409414828195e-02
2.827255760183635877e-02
3.505387262632780193e-02
5.091589780226310480e-02
7.712074988630912564e-03
1.415612160184075846e-02
-9.155815082045565961e-03
-4.737616819139987834e-02
-3.684014503788202166e-02
-8.685431175245721114e-03
7.365897849523373462e-04
-1.440408754513605727e-02
-5.215611297776179961e-02
4.228240648583113381e-02
-1.318586689462162599e-02
4.665709743879482840e-02
-1.383709394233572157e-02
1.016321919564440804e-02
-4.729832910673406610e-02
-2.660774180874430142e-02
6.765800703865088375e-03
5.595396656813810682e-03
1.859944354116218473e-02
-1.844754435845884569e-02
1.158225317031923423e-03
-6.055433684867151528e-02
-4.190302231003978015e-03
-1.948844435211936205e-02
1.366308277443720881e-03
-8.974278109830107278e-03
6.131281457376709654e-02
-1.434956776264932274e-02
-9.994402912582038903e-03
4.154016909191470658e-04
-2.425976666861227871e-02
-6.584489375548520373e-02
-1.407879722732587879e-01
-2.477173086157615639e-02
3.360687877813107322e-02
3.129401020985399240e-02
7.168064427949200068e-02
3.686489278416814341e-02
2.016127356912518834e-02
-6.391051455506701826e-03
6.185029449948156732e-03
-8.174270602845315481e-02
5.267092358927322887e-02
1.679576536498280379e-03
-2.543758781026845064e-02
-2.618013207902811570e-02
-2.484824613005185562e-02
-5.025512460321706308e-03
3.936018479251316565e-02
1.178017720197088378e-02
2.518530871979267685e-02
4.130332122455439466e-03
-3.452814167637668213e-02
-6.045259231338223627e-02
4.672442132278414872e-02
-2.952579408628405039e-02
