-4.315275887364493634e-01
1.027674136861116833e-01
3.500053233293330401e-01
-3.369334624446255200e-01
5.038841072637655349e-01
-6.442716761142480708e-01
-2.917329064290373752e-01
-1.328197979133853179e+00
-6.083006828962730372e-01
2.498200912392257445e-01
9.333682768416200481e-01
-9.862547789969507983e-01
4.389567421871025110e-01
3.166426476283966118e-01
2.795624133769256670e-01
-9.483758975638245659e-01
5.643462883018848242e-01
-1.355429634819133866e-01
-5.706631379745431554e-01
-7.568742816574423049e-01
-2.305468053953494134e-01
-1.738096832057484553e+00
-1.337378439536679453e+00
-3.183835800925670645e-01
-3.953321527164713189e-01
-5.682055052554133567e-01
-3.664644451831821081e-01
-3.685331649262482134e-01
-3.994841078269522061e-01
-1.707745297188991263e+00
6.351919886356379719e-01
-2.107403955215980673e+00
-5.634704334977447271e-01
-6.176655387190557178e-01
-6.384564647365554846e-01
-3.156389675500777606e-03
1.567759162340640333e-01
-1.838970500151320575e+00
4.513527353782498253e-01
-4.492647945491926031e-01
1.536237478472751716e-01
-6.260520180430096948e-01
4.963517993591043398e-01
-4.123233833117807556e-01
1.615995242929542774e+00
-5.641615720395536104e-02
6.131202904615767890e-01
2.516861763921597883e-01
-5.199065131646624094e-01
-5.355767833117888177e-01
-9.989054391490375107e-01
-1.415301489061272511e+00
-2.609572819855502379e-01
-5.815596702627154890e-01
-1.680764750959041320e+00
-2.602739739747664816e-01
-2.283974239395236971e-01
-2.983784717384341256e-01
-6.485811499188729456e-01
9.144029585360706480e-02
5.418830617395233862e-01
-3.793557375187884273e-01
-9.683663501819943509e-01
7.995773473451208702e-01
