1.436575629199109194e+00
-2.107239198296993354e+00
-1.685174735316033345e+00
-3.738919513539102346e-01
-1.655723182226219947e+00
1.029908821093969085e+00
-6.018531720134971952e-01
-8.965375037277824033e-01
-1.395802629325913369e+00
-1.883258158113518377e+00
1.759186836982524538e+00
1.502791478437993877e+00
-4.684641225268204590e-01
-2.838959713748913649e-01
-1.133551314747985428e+00
-6.409239185693528518e-02
3.773688712367981313e-01
1.059582915268558967e+00
4.183673759652351554e-01
-4.604107114455492367e-01
-9.139488508787977361e-01
8.398049619604394112e-01
7.215236635493303963e-01
1.571952964946724540e+00
-1.523878157904444253e+00
-8.337179960729065309e-01
-1.646897598101156046e-01
-3.461782557767391633e-01
5.342670600240806422e-01
6.717515523497901153e-01
3.443038543188742806e-01
1.049300631285557728e+00
-7.396445079858665617e-01
-3.782705037905420009e-01
-5.730580637367391761e-01
-1.512751579674230795e+00
3.645109645148922328e-01
-5.009213981822550066e-01
-4.182657940799586194e-01
6.647710962544732816e-01
-3.131568443602548157e-01
3.926623499870206951e-02
-1.594774374043067988e+00
1.416666808316805193e-01
5.816810510016426905e-01
-4.930910106768218171e-01
-4.334122439741253663e-01
-1.970665996158358357e-01
1.454691485596445233e+00
-4.805884532571598200e-01
-9.288887712820642628e-02
1.635482786068893635e+00
1.339690016137067952e+00
-4.935790632150217627e-01
-1.281648519543519216e+00
-3.155374539832989655e-01
-2.349723188527562748e-02
-3.709230076685983146e-01
-9.404110535154138750e-01
-3.092925570335094965e-01
4.847074512686492809e-01
7.578278059938823308e-01
-1.258480073242412844e-01
2.830753494991156138e-01
