5.456250650658019813e-03
3.289774949721558425e-03
2.809179174263939840e-03
3.693567291414232619e-03
4.556013965824052929e-03
4.635542995980677580e-03
4.561437444387013949e-03
4.536656382462873893e-03
4.300878384224544708e-03
4.442742869044218924e-03
4.611245619194745751e-03
4.091378904711054018e-03
4.573911929111981745e-03
5.627861304412504380e-03
5.661539563021301610e-03
6.802617195416200968e-03
7.809405970307671183e-03
6.627938634803603665e-03
6.597498838527871522e-03
7.693723005824157531e-03
8.418028038771802751e-03
9.580676780081190391e-03
1.117844313470101048e-02
1.344536086917784250e-02
1.166820238066549990e-02
1.306648803308429335e-02
1.621717604550553665e-02
1.551655406017551746e-02
1.855002904181780182e-02
1.939433548706182703e-02
2.025665595172851385e-02
1.955603646677892687e-02
2.179757906458765909e-02
2.253110105288951351e-02
2.715656725510845471e-02
2.890802202824065831e-02
2.932634688670706508e-02
3.262331571864121593e-02
3.438169928557528038e-02
3.305342195490884594e-02
3.693380519440228604e-02
3.777744498287700231e-02
3.884202762435693540e-02
4.019827749484837509e-02
4.067702416189225567e-02
4.364965419704867899e-02
4.510279007420962827e-02
4.731776957501663411e-02
5.044217184572609425e-02
5.249992972116600265e-02
5.274243394595321682e-02
5.573629150905808072e-02
5.908920481866328928e-02
5.883870162912232388e-02
5.984113686300750190e-02
6.297081927190210926e-02
6.619535630370582124e-02
7.075339302244354478e-02
7.119814669866707246e-02
6.994933440482771492e-02
7.344113325074616561e-02
7.421629463802567606e-02
7.689671684768129012e-02
7.973346400325199979e-02
8.057760205252176289e-02
8.262629673516920514e-02
8.728797967105876576e-02
8.656894267748704852e-02
8.970896013400504743e-02
9.096551851435379088e-02
9.372169006992074614e-02
9.844349665231204305e-02
9.856851224323039118e-02
9.926647679404111690e-02
1.040012763492962761e-01
1.043038538856602276e-01
1.077363160610093629e-01
1.094421055143450228e-01
1.098479852052726691e-01
1.150838684727470557e-01
1.185080620281776936e-01
1.182088541755609984e-01
1.217785439741756043e-01
1.269173418955658328e-01
1.248784299761419303e-01
1.249015767391584569e-01
1.279501213741747190e-01
1.306056078868750026e-01
1.347694024961741399e-01
1.340375850525096224e-01
1.357781767549670060e-01
1.407718838919529425e-01
1.428829276667636372e-01
1.446359802133000139e-01
1.471209834053314458e-01
1.510913025035467983e-01
1.509636597937292490e-01
1.555782318791169849e-01
1.550607851990906116e-01
1.578258086302667396e-01
1.605102726767925203e-01
1.641710452303184464e-01
1.645238971744030221e-01
1.670987598311472477e-01
1.680814655096316279e-01
1.713814264093567186e-01
1.742154488813017210e-01
1.748215842222135552e-01
1.790689644613270015e-01
1.791202363081571824e-01
1.813873176709314416e-01
1.829050236693023634e-01
1.846600267612777124e-01
1.889213122978849468e-01
1.920226947652887983e-01
1.912155539492570167e-01
1.948147973851292458e-01
1.980794303525756916e-01
1.991007873956087693e-01
2.007953813941299459e-01
2.047024097470843407e-01
2.053545707499631334e-01
2.078689800603321369e-01
2.106561913020110477e-01
2.137815124617201135e-01
2.155798219994659315e-01
2.185195912951609920e-01
2.195615176801407054e-01
2.219308447851209010e-01
2.243960879134846709e-01
2.254228971054055009e-01
2.289180316181390895e-01
2.303443556609271470e-01
2.316111588001975308e-01
2.334033363071551792e-01
2.378146148263766968e-01
2.385156975981892746e-01
2.412385433624832931e-01
2.460162943647281053e-01
2.457588326052091710e-01
2.477814804417803329e-01
2.512076711066756896e-01
2.528392142022752309e-01
2.554718968684425717e-01
2.567693133733817690e-01
2.583256967892553768e-01
2.613896687611058645e-01
2.640637978499539851e-01
2.678046171312154500e-01
2.677782803123917588e-01
2.696105442255893325e-01
2.707024876546205716e-01
2.734675107755364376e-01
2.757948057225939054e-01
2.765171859071756111e-01
2.806068561445872467e-01
2.816648014989749926e-01
2.840419728731939375e-01
2.860109927157666876e-01
2.888599259784482842e-01
2.898836067614875556e-01
2.924945666224865182e-01
2.948276002981798372e-01
2.972578522233788045e-01
3.007363904590713011e-01
3.018120954519237786e-01
3.025320163595761613e-01
3.051022800208262886e-01
3.075182694495093849e-01
3.086976718689818933e-01
3.119422314150547271e-01
3.150626839911373489e-01
3.153286776762237453e-01
3.172217578308682007e-01
3.202274296026075828e-01
3.217837072274462029e-01
3.238987820782283089e-01
3.265236079617336862e-01
3.275858533005198692e-01
3.293971126742085143e-01
3.322620229344384057e-01
3.333684860234332192e-01
3.361259420600349324e-01
3.390331339688163470e-01
3.400467794255141452e-01
3.418602680460805510e-01
3.437178284235782311e-01
3.458033495171219940e-01
3.477875689087636113e-01
3.509524243240154662e-01
3.533578289114347459e-01
3.531619610235319784e-01
3.561689328966891610e-01
3.583272813321770611e-01
3.596744197604814230e-01
3.617475513587870561e-01
3.650033328625058027e-01
3.665062878941985902e-01
3.683477759628411841e-01
3.695564259793098771e-01
3.725907276198310303e-01
3.741375009613137625e-01
3.756417288465764837e-01
3.779925635691654406e-01
3.795667838193740318e-01
3.809438412818362818e-01
3.833882974545049782e-01
3.850714088310355221e-01
3.881458742365314074e-01
3.892202108233570601e-01
3.912947891937517131e-01
3.947410514622398114e-01
3.953035235370468414e-01
3.970324116737240505e-01
4.002474011350670158e-01
4.023289991497461804e-01
4.035414911427979701e-01
4.049215642208376931e-01
4.071900680952901252e-01
4.095023629536555521e-01
4.106065255383536394e-01
4.123649095602600068e-01
4.158897207344648961e-01
4.166083018852736464e-01
4.176408007319504234e-01
4.207992100056517359e-01
4.224903171239368094e-01
4.243262004262671749e-01
4.262647293739875165e-01
4.282457736918378055e-01
4.302053969724514704e-01
4.314386706792767701e-01
4.336349383279010650e-01
4.362223090393703151e-01
4.373873939163755997e-01
4.396918540958728028e-01
4.413193330797038350e-01
4.428489625665575913e-01
4.449597944788972192e-01
4.473712025327955533e-01
4.489974527029855778e-01
4.499541098453763155e-01
4.524377318385850444e-01
4.544323386496778583e-01
4.561493370663001756e-01
4.582379049341889221e-01
4.601945225224783886e-01
4.614879772748207154e-01
4.627308757780018156e-01
4.648213193400975718e-01
4.661971578663406945e-01
4.679254722276592338e-01
4.703607568936983285e-01
4.718105702840366678e-01
4.738599200021814117e-01
4.762080376763508371e-01
4.777755548127799456e-01
4.794294940944072159e-01
4.820628884638252787e-01
4.836134762574101353e-01
4.848792684727774582e-01
4.865831005550845245e-01
4.884904279139616889e-01
4.907155723800191160e-01
4.924685214526609012e-01
4.941881970468900431e-01
4.960611619487904633e-01
4.977204231703601933e-01
4.990575783535153853e-01
5.010714001932381478e-01
5.032552814166723065e-01
5.043996490125135512e-01
5.061796630256600871e-01
5.078574843210340584e-01
5.095370605331688285e-01
5.119465480503505583e-01
5.132275074063020748e-01
5.149796415752908585e-01
5.171623209258927600e-01
5.186310743708847371e-01
5.206060190554595568e-01
5.221106740539293023e-01
5.234198998067637332e-01
5.257540962659789097e-01
5.272732485187436868e-01
5.282736708805562120e-01
5.297283741596160445e-01
5.322652408454549011e-01
5.340260178797556767e-01
5.351849197629158228e-01
5.369603951257183594e-01
5.384658678498484008e-01
5.398821818694479191e-01
5.421220814265804711e-01
5.440574096182549946e-01
5.459737002636098069e-01
5.477393143332204284e-01
5.493535663394427671e-01
5.511895490342029191e-01
5.529369385460035646e-01
5.538093363001999059e-01
5.553406090419068519e-01
5.574618165638659528e-01
5.590566306966568977e-01
5.604195081849850935e-01
5.620594654367921938e-01
5.641801695053182408e-01
5.657564246093129690e-01
5.669654424825898431e-01
5.685526032952865627e-01
5.708907111439209814e-01
5.728435703165969395e-01
5.735479922985886603e-01
5.751526591854871917e-01
5.771253049953141145e-01
5.785569972458054488e-01
5.797386627673148940e-01
5.813075387775413772e-01
5.833423666419371711e-01
5.852698212214986206e-01
5.868163863855824225e-01
5.882484504438276751e-01
5.895659891152118526e-01
5.907946213569588156e-01
5.925822201412670465e-01
5.945950079507164032e-01
5.965654337524535222e-01
5.981069160990863942e-01
5.994702674886882576e-01
6.009089706055533719e-01
6.024103988367260909e-01
6.040230501756894688e-01
6.057560813567668401e-01
6.074298677955378700e-01
6.087242179339192871e-01
6.104013555398930535e-01
6.122119369635243835e-01
6.134041265452577774e-01
6.149197394925880467e-01
6.168773980892764408e-01
6.184699451652220237e-01
6.197596546954058372e-01
6.216257190052913995e-01
6.231867845280194551e-01
6.240793429746265275e-01
6.256473456118269993e-01
6.274846121152238831e-01
6.293382044585608126e-01
6.307768969275691084e-01
6.320507424279314668e-01
6.336547233105458421e-01
6.351993687731071203e-01
6.364247160941619574e-01
6.375041433721851947e-01
6.391440007311858240e-01
6.409094148316484274e-01
6.425398733464793288e-01
6.439775104084505264e-01
6.453456646150194098e-01
6.471360043757650171e-01
6.488522105769419790e-01
6.499667880597767011e-01
6.511022875521854658e-01
6.526285428853935144e-01
6.540033601695240950e-01
6.554127259813652406e-01
6.569296704290877864e-01
6.588108748785608260e-01
6.604426373507840120e-01
6.619454480072965996e-01
6.632764847651194673e-01
6.645930130167736483e-01
6.661473305744876061e-01
6.678323503815977169e-01
6.695377121299594947e-01
6.712542265590083490e-01
6.727954757687054643e-01
6.740046003307055278e-01
6.751965355735907170e-01
6.764583562915142956e-01
6.779442980265162344e-01
6.793858560534762336e-01
6.808329280571308040e-01
6.821533885617369064e-01
6.836136765321946251e-01
6.850042591621731125e-01
6.863865798547478247e-01
6.876689137526386109e-01
6.889520120124058566e-01
6.903981015424033307e-01
6.917882222362629063e-01
6.933856337512023238e-01
6.950532577837970072e-01
6.966020890927573372e-01
6.978471792561278253e-01
6.991145152595089618e-01
7.006986021097724171e-01
7.021513331157238635e-01
7.034893905449246532e-01
7.047923144034123899e-01
7.062883245851808711e-01
7.076621373413775062e-01
7.089843948846998867e-01
7.103643333510363256e-01
7.116273091901468284e-01
7.131062162501160540e-01
7.146270137742286588e-01
7.160676349311896338e-01
7.172737635164556647e-01
7.185958363460714926e-01
7.198997416087152823e-01
7.213466870798439512e-01
7.226479545651488534e-01
7.240146151206890979e-01
7.255759925129019461e-01
7.269426651114355709e-01
7.280582662841809105e-01
7.292854490188495076e-01
7.304873562210176807e-01
7.319925173396470974e-01
7.334479684456104431e-01
7.348726104272084170e-01
7.359871379747954245e-01
7.372704921542998502e-01
7.387291234914842297e-01
7.401721040934501339e-01
7.415142600133978190e-01
7.429538760646935414e-01
7.441326141932522731e-01
7.452381425945384663e-01
7.464822188010878934e-01
7.477670315839543003e-01
7.492035573217306066e-01
7.504575428999779030e-01
7.518270313688573125e-01
7.531040378865195839e-01
7.545687200065064326e-01
7.559266956367290957e-01
7.570021004744744708e-01
7.581578096912712228e-01
7.593360880840759330e-01
7.606546685872344060e-01
7.620883821337773867e-01
7.634184966675047201e-01
7.647203345277597819e-01
7.658450781909696969e-01
7.672602675775782588e-01
7.687749109575992001e-01
7.702422443642169547e-01
7.715610132691691492e-01
7.726510208356901499e-01
7.737609632485002997e-01
7.749500161130197240e-01
7.763360115152555530e-01
7.776487260145037439e-01
7.789295568875279629e-01
7.801247811839544521e-01
7.812709228609056034e-01
7.825669018448014880e-01
7.837551630489928423e-01
7.851128308504198294e-01
7.863184882247230556e-01
7.876818034351956710e-01
7.887813295696100013e-01
7.901311301519431396e-01
7.915890211318412639e-01
7.926977578774234701e-01
7.937125063520171775e-01
7.947028093681313132e-01
7.959823845400807452e-01
7.973998990917763319e-01
7.986030064068424528e-01
7.997101898173938350e-01
8.007730983017711246e-01
8.019231787435955328e-01
8.033232104192262746e-01
8.046152273594920912e-01
8.058033087911689041e-01
8.069708787762338575e-01
8.083028308510397109e-01
8.094822255597780014e-01
8.107133769127728984e-01
8.118268668291346302e-01
8.130145745520894751e-01
8.143387837375072325e-01
8.155108941108684117e-01
8.166725474532671170e-01
8.178915320568247438e-01
8.191232826921357457e-01
8.203155502729795323e-01
8.214251162623796843e-01
8.222334268272011304e-01
8.234177706521943474e-01
8.246935779776035647e-01
8.261157171081950912e-01
8.273597454385845928e-01
8.284957020200627298e-01
8.295627571767600905e-01
8.308188792400212908e-01
8.321237089381183782e-01
8.331826116958447326e-01
8.343262835427951440e-01
8.354506849543626990e-01
8.364742854407879458e-01
8.377302735952971702e-01
8.389562956701824836e-01
8.401730265596369929e-01
8.414304672756117709e-01
8.425191192563911136e-01
8.434469839748363063e-01
8.444019651623090317e-01
8.455256114809882595e-01
