1.658660992496480135e-02
1.465638170427971572e-02
1.416137869077199046e-02
1.422648287115204149e-02
1.386963007162565244e-02
1.347516054823602594e-02
1.233430229363547195e-02
1.208664679894073078e-02
1.220173622482883906e-02
1.299119456889202828e-02
1.408049742392220374e-02
1.262262101223966121e-02
1.350181658981490680e-02
1.576614061351021973e-02
1.511011920810822334e-02
1.756903232366810105e-02
1.998754463356069641e-02
1.743866646809518264e-02
1.784510427399176383e-02
2.073388494501516785e-02
2.297889749667837711e-02
2.536827090154008396e-02
2.943945508876697967e-02
3.352022142268466787e-02
2.967410134014913589e-02
3.273842829572455593e-02
3.907516029366365357e-02
3.893759632207286631e-02
4.561651270365492394e-02
4.659160769568388566e-02
4.924022207534905354e-02
4.988002806180559523e-02
5.460240714915270271e-02
5.442316528012232368e-02
6.254032929707768751e-02
6.674216630483426060e-02
6.968764490033943493e-02
7.534723036624650649e-02
7.748665040295968365e-02
7.716241453042117782e-02
8.385684020088886304e-02
8.598384416577885270e-02
8.908807731053436374e-02
9.251784144020622214e-02
9.483246192681160647e-02
9.956080540934883483e-02
1.030343782465203417e-01
1.069546354341264494e-01
1.106481181074675663e-01
1.168917060914061168e-01
1.181929563481059209e-01
1.215505740708998916e-01
1.270568082932530540e-01
1.267882321324004247e-01
1.309996522925983564e-01
1.383613512582878291e-01
1.430358606687842093e-01
1.477148858778345453e-01
1.509515074871569662e-01
1.520042363088289494e-01
1.561017059681994168e-01
1.590403436709058871e-01
1.654024742215434718e-01
1.667507444838153274e-01
1.716164880921791092e-01
1.770882060641762457e-01
1.783426849732005770e-01
1.813881215910489453e-01
1.858934061362302881e-01
1.890138709322612409e-01
1.914133705212615888e-01
1.981735032966737975e-01
2.017259771774507215e-01
2.019973939013745834e-01
2.096643145589223434e-01
2.121766877484022595e-01
2.163158893266806382e-01
2.187517109412062677e-01
2.210665979396062852e-01
2.249095373275123433e-01
2.297829090318562195e-01
2.331884052792692619e-01
2.371673115396620846e-01
2.424672829695127263e-01
2.447883082805246691e-01
2.491306905697705798e-01
2.528256349741816456e-01
2.556215445996321556e-01
2.597311122930496263e-01
2.621642472616212416e-01
2.661526630535543392e-01
2.710671900307277116e-01
2.750151265642520881e-01
2.764486110546948705e-01
2.804161441183866121e-01
2.838938753911306456e-01
2.859653259114882107e-01
2.908412190779651740e-01
2.935647158043966920e-01
2.984023909894888416e-01
3.028929484690824903e-01
3.051609132487458909e-01
3.078177374642892539e-01
3.123353360306588278e-01
3.157319508437975153e-01
3.165244653222195614e-01
3.207851521891982860e-01
3.250145946500478389e-01
3.285897832017350972e-01
3.318193033614998400e-01
3.337681602791220947e-01
3.369943202877537236e-01
3.400965172170389850e-01
3.438611002248181392e-01
3.475218882201068782e-01
3.503607908634957524e-01
3.540991975695217397e-01
3.578270972530506744e-01
3.605939562334372628e-01
3.630556240817178759e-01
3.659591325745723545e-01
3.686976160999120844e-01
3.733731868997608450e-01
3.748880106835255077e-01
3.785758976905123085e-01
3.821288934046966901e-01
3.844305982804356314e-01
3.872090164279928803e-01
3.908092000399389088e-01
3.942396246413021887e-01
3.970200031444642841e-01
3.999922933901234878e-01
4.025338690879716741e-01
4.056122451304917664e-01
4.078430060170099569e-01
4.112277578123614830e-01
4.141964739156468456e-01
4.174350289351345666e-01
4.200344985596364822e-01
4.229520233176733979e-01
4.255613300429462176e-01
4.282124438992643278e-01
4.315250240900820877e-01
4.349156418118148015e-01
4.369739937302919430e-01
4.404118800208948747e-01
4.425810840653621181e-01
4.447390234021675881e-01
4.478308871835019467e-01
4.504726055194484546e-01
4.525948655220561334e-01
4.553831799181807805e-01
4.586929974290215872e-01
4.614969260118795824e-01
4.637288456208514820e-01
4.662731678602116125e-01
4.682984167745937176e-01
4.709837711539810456e-01
4.752417793691489645e-01
4.772903988282659049e-01
4.798877385976260679e-01
4.823032889659999434e-01
4.841028941429335042e-01
4.864020208226464970e-01
4.883259405473832082e-01
4.918149975849714362e-01
4.952332038612747289e-01
4.974168539996122185e-01
4.998848946488616551e-01
5.020230129726471757e-01
5.045570776729667584e-01
5.070323520821427010e-01
5.096825755719858186e-01
5.121947046611216026e-01
5.144517884687601628e-01
5.168621994058398839e-01
5.191797667412390016e-01
5.217878828699387128e-01
5.241105610057833486e-01
5.265845189641098489e-01
5.282003224533268204e-01
5.304554502243801206e-01
5.331301853968388738e-01
5.354389143557000130e-01
5.376895602998902346e-01
5.395812743737682382e-01
5.421962956216436202e-01
5.442001042090921503e-01
5.468730183435566161e-01
5.480543198089935508e-01
5.511310643657011399e-01
5.535331273534330743e-01
5.551518865193261210e-01
5.578686246276882699e-01
5.599946255640814163e-01
5.618363744947200145e-01
5.643204747069507921e-01
5.659494712606126798e-01
5.687517535119477330e-01
5.699712753149588362e-01
5.729103310128992321e-01
5.746597851992242267e-01
5.762137535066473859e-01
5.787228896166509706e-01
5.807793333016471049e-01
5.828017395917535204e-01
5.857067002562115210e-01
5.882053336483795691e-01
5.891653087955923684e-01
5.909758975153484029e-01
5.931444364880984477e-01
5.947595871641073728e-01
5.972968883931677464e-01
5.989280157257390602e-01
6.008625838189960433e-01
6.033322448465090471e-01
6.048697842307998451e-01
6.069810121411515214e-01
6.090232989685074871e-01
6.103871498832628140e-01
6.122022575125459776e-01
6.144556912223223533e-01
6.161022327464362736e-01
6.178329200761453199e-01
6.197825397990947005e-01
6.214591303571860292e-01
6.229840497520884313e-01
6.253185998384315214e-01
6.276715394988494623e-01
6.295860968726298967e-01
6.312004794697272381e-01
6.327897921388900837e-01
6.346580497331223425e-01
6.361770699944417906e-01
6.382743678970264067e-01
6.399207337678146645e-01
6.413227873053305439e-01
6.433059466583144204e-01
6.455761076318035085e-01
6.474052590530150475e-01
6.482018250292433947e-01
6.503582695382821299e-01
6.527048429293872411e-01
6.535108399614583119e-01
6.550532777976285637e-01
6.569934764255984661e-01
6.587859218322855703e-01
6.604111866103010708e-01
6.620624421993143160e-01
6.638953768605839745e-01
6.654900907128109555e-01
6.671475820087751085e-01
6.687723744741658205e-01
6.702638672369789496e-01
6.717060087633069942e-01
6.737782507146128363e-01
6.752411038587770031e-01
6.768500775046848439e-01
6.780990252165323140e-01
6.798479023355926687e-01
6.813693487906447022e-01
6.828509402048542620e-01
6.849531681381711978e-01
6.866078266113648798e-01
6.872989959065184395e-01
6.887921982854348091e-01
6.910979632889697744e-01
6.921871042398473062e-01
6.935298037981793007e-01
6.951498195194002472e-01
6.968447258259464760e-01
6.984266351678164453e-01
6.998531022295704229e-01
7.010650154629489705e-01
7.026072636294935503e-01
7.044250952132398158e-01
7.057978906606392488e-01
7.070659906161919084e-01
7.085611169225793926e-01
7.100717866669982170e-01
7.115339848136555956e-01
7.127574266960343685e-01
7.140812290569887866e-01
7.156613909980974464e-01
7.171748042586516547e-01
7.183737048684931681e-01
7.196676084926463268e-01
7.211796290083095640e-01
7.225496407226246198e-01
7.239461716124664381e-01
7.251191471051657844e-01
7.266116734326296678e-01
7.282091561834507232e-01
7.294483438483685411e-01
7.305601299551206518e-01
7.318308633380292694e-01
7.333040405982639287e-01
7.349092938173962253e-01
7.360366164907786724e-01
7.370451042279754228e-01
7.389449465389477112e-01
7.401925430594040733e-01
7.410659435518341942e-01
7.426146056599189915e-01
7.436216487254059260e-01
7.448060861471634819e-01
7.463778129701740260e-01
7.476490154731357807e-01
7.486310845909954770e-01
7.499999483545132239e-01
7.513662530716368471e-01
7.526403708734337172e-01
7.538686945283263885e-01
7.551309977630243919e-01
7.562628399152753200e-01
7.573925713617832844e-01
7.587280825218722935e-01
7.601417787376839597e-01
7.610207061426655928e-01
7.621851367929337595e-01
7.635133970721411645e-01
7.648677537401978865e-01
7.660370075605886786e-01
7.670872677311070253e-01
7.681369576770064045e-01
7.693556465380119169e-01
7.704797966762776396e-01
7.717478171873409787e-01
7.729612267730279207e-01
7.741649869493310021e-01
7.751252697269869207e-01
7.761515818142588063e-01
7.773865929085141957e-01
7.786742476405479341e-01
7.795743178816869623e-01
7.807635850378739084e-01
7.820513121647274524e-01
7.832304156062481759e-01
7.841911036305577731e-01
7.850078970116306509e-01
7.862738262626901564e-01
7.875627665832194424e-01
7.883714491425335424e-01
7.893815915104321901e-01
7.906469766712620473e-01
7.916471794444884802e-01
7.925468372877333412e-01
7.939136879129641278e-01
7.951595914684360666e-01
7.959315004658017445e-01
7.969515335884332918e-01
7.980611062729856542e-01
7.991274261780562105e-01
8.002843003977069269e-01
8.012644944241946732e-01
8.023074776805496633e-01
8.032505699732384041e-01
8.041501007596411066e-01
8.050990534870562376e-01
8.061719512135659960e-01
8.072796053331912081e-01
8.080434381946932643e-01
8.090318013309237832e-01
8.103594953875686846e-01
8.114577217120295671e-01
8.122990614641121265e-01
8.131828475793360100e-01
8.140319722054122353e-01
8.151392031154032214e-01
8.160311362313272809e-01
8.169194639879837627e-01
8.180010661487485679e-01
8.190289801535151071e-01
8.200126540295076261e-01
8.210122913044616277e-01
8.218951597750021598e-01
8.228486849679051973e-01
8.238900640367654571e-01
8.248606112302842019e-01
8.256263310851041926e-01
8.264828479541345141e-01
8.274374390720328210e-01
8.284325025206091819e-01
8.293586732988529331e-01
8.301817734794447734e-01
8.311405591473866039e-01
8.321853088166949464e-01
8.329730303491058585e-01
8.340117815814762636e-01
8.348282913102237357e-01
8.356884963908332020e-01
8.363963557459972442e-01
8.371773347641152663e-01
8.381388109335256020e-01
8.390832804014609625e-01
8.400598020421232714e-01
8.408391081298552949e-01
8.417624847113237552e-01
8.426197900054009926e-01
8.435381577700179490e-01
8.443313165517111196e-01
8.451045747385876883e-01
8.460160607501964192e-01
8.469301483238715900e-01
8.477517686422848531e-01
8.485890832016603769e-01
8.494665355923128880e-01
8.503157920863868569e-01
8.512516304517430132e-01
8.521927653226327726e-01
8.529448948581137557e-01
8.535874137704200226e-01
8.543947866919336942e-01
8.551926166735798196e-01
8.561272886976587504e-01
8.569516475328012861e-01
8.576977566972447953e-01
8.585745762228724764e-01
8.595184343736814725e-01
8.603398947944734809e-01
8.610946010357182212e-01
8.618515258027705794e-01
8.625579950009426566e-01
8.633109488045062063e-01
8.641626884888361504e-01
8.650174720638009740e-01
8.657573285404105423e-01
8.664336575999185275e-01
8.673106099966300109e-01
8.681035858199223076e-01
8.687767086152009544e-01
8.695381231661989396e-01
8.703552280163825428e-01
8.711040943117457358e-01
8.718760409092132235e-01
8.727010726859992795e-01
8.733960720698068503e-01
8.740572527412873161e-01
8.749060406176866200e-01
8.756296368646701023e-01
8.764879251817109251e-01
8.771626890202525173e-01
8.779472205665953544e-01
8.785589078861896217e-01
8.792161054689127120e-01
8.800032329754479132e-01
8.808741302336795531e-01
8.815687989608871344e-01
8.822307356036293013e-01
8.829274913921889567e-01
8.837188399899394975e-01
8.844781412521951491e-01
8.851645793290761066e-01
8.858018254389602442e-01
8.865181391947675182e-01
8.872463804461699910e-01
8.880978750299977076e-01
8.888032123102159732e-01
8.894042384279775559e-01
8.900561541911045094e-01
8.906890750641990318e-01
8.914103258594786583e-01
8.921531465835104147e-01
8.928308531790190017e-01
8.935642810986191842e-01
8.943049953009021280e-01
8.949288818413508872e-01
8.956174215926602233e-01
8.961957408074208153e-01
8.968669047498825098e-01
8.975475808103785536e-01
8.982262889924746974e-01
8.988896393653134087e-01
8.995287902258409796e-01
9.002606307536534791e-01
9.009310802822224629e-01
9.015756146625646394e-01
9.022915491696751333e-01
9.028724174205202679e-01
9.035448149965160658e-01
9.042927633030197754e-01
9.049633423704299684e-01
9.055399959196281934e-01
9.062656500505957835e-01
9.069416895959533376e-01
9.075700812725618905e-01
9.081670144721259996e-01
9.088351387703739181e-01
9.093880683020608702e-01
9.100625286265288105e-01
9.106307889205422779e-01
9.111767380054002219e-01
9.118440719163936059e-01
9.124810449356706155e-01
9.131290999729269053e-01
9.138365343604332169e-01
9.144409507084203526e-01
9.150113645505509874e-01
9.156133795744734183e-01
9.163247373285520192e-01
9.169020048306365522e-01
9.175211970042013165e-01
9.181544782925284975e-01
9.187069219771373252e-01
9.194213404186696303e-01
9.199844306479745271e-01
9.205619448310400355e-01
9.212262120760321693e-01
9.217552639791524172e-01
9.224191218712264329e-01
9.229605790375154939e-01
9.235804430636803675e-01
