1.335146215338947097e-02
1.145763549256767141e-02
1.098837663589782680e-02
1.124241011538903295e-02
1.118685468054194700e-02
1.091369424527488009e-02
1.007089340645060151e-02
9.892230198547541375e-03
9.927702136198675656e-03
1.054031062116068083e-02
1.138777507213853749e-02
1.021831741559296562e-02
1.097415690315947830e-02
1.288664608254483021e-02
1.240415946329184553e-02
1.451578609082533437e-02
1.655215844011605902e-02
1.430975269055419566e-02
1.462333829759035475e-02
1.707070490939202254e-02
1.888213657195341594e-02
2.101701318179082303e-02
2.438017017042270335e-02
2.813934058367996080e-02
2.466543357997053390e-02
2.729579272045681848e-02
3.297164974917130009e-02
3.248807539776184944e-02
3.836875342191396754e-02
3.942398707968695210e-02
4.156455150105453633e-02
4.155394755862468897e-02
4.575604184877108543e-02
4.584542456934527499e-02
5.349868144198093034e-02
5.704808942137827577e-02
5.910710786651519194e-02
6.444144869373388818e-02
6.658820805461168613e-02
6.572770217295441364e-02
7.202265621019873776e-02
7.375454494112955450e-02
7.633508267835818761e-02
7.934367018764053314e-02
8.110181919351161506e-02
8.516724919863850884e-02
8.784458721270396730e-02
9.178473407740395107e-02
9.578037832820590625e-02
1.008743306335247586e-01
1.018019156513962631e-01
1.052882287589926580e-01
1.104129505772101089e-01
1.100075012680965109e-01
1.132759652848348564e-01
1.202910214850460568e-01
1.246690111834357489e-01
1.291995531312601364e-01
1.318279898731333499e-01
1.322761405762589437e-01
1.361010048544031292e-01
1.386559765066758543e-01
1.442284392566727802e-01
1.460086398374784433e-01
1.498085814711265507e-01
1.555469177998317354e-01
1.566843685998166591e-01
1.584724524183263039e-01
1.627540780850380564e-01
1.659827264575365613e-01
1.684902958098662418e-01
1.748631148979170602e-01
1.777445768042275609e-01
1.780666659950586872e-01
1.852518887325194097e-01
1.874680405649967185e-01
1.913479834087998266e-01
1.938307974506441322e-01
1.949724955713421082e-01
1.995088930348010714e-01
2.042149341792584838e-01
2.073271951836593852e-01
2.115076520581812836e-01
2.167099557139841315e-01
2.179665624454678041e-01
2.213601427720078008e-01
2.252750104213314120e-01
2.281714546594029724e-01
2.325706109379357123e-01
2.342319895976501254e-01
2.376370544650864836e-01
2.426137797575368960e-01
2.463352150441009136e-01
2.475412502377625223e-01
2.512089592021625184e-01
2.554290720094733458e-01
2.568384915355026443e-01
2.622522793139541175e-01
2.643001498590434317e-01
2.686552317352518537e-01
2.718916506281151557e-01
2.751668620748553007e-01
2.772065947152360099e-01
2.823067130022831606e-01
2.849792456541506702e-01
2.855930539848259286e-01
2.902384845998665641e-01
2.933801573948823793e-01
2.968750056784610347e-01
2.994787766127334772e-01
3.023997501978093472e-01
3.052560479330147514e-01
3.080547026616266004e-01
3.118614497396614005e-01
3.163281510442759736e-01
3.177414649520458600e-01
3.211115645170110056e-01
3.256991276169912686e-01
3.285447980563547810e-01
3.304032311154491142e-01
3.335684893610909585e-01
3.359991805320597935e-01
3.392891537176896399e-01
3.411562297586550052e-01
3.455158412676750945e-01
3.493774191021106756e-01
3.516571659592128696e-01
3.535750157702785001e-01
3.573156087353755450e-01
3.611615521951525021e-01
3.628324087799496001e-01
3.658979242861419290e-01
3.693419851601890125e-01
3.716800941853737883e-01
3.733988563528987115e-01
3.771797557728624462e-01
3.809662545238381992e-01
3.833655669795195120e-01
3.859435539761223444e-01
3.886332193528688750e-01
3.917336025019698131e-01
3.939267366649825131e-01
3.972274247675954828e-01
4.005537073393806158e-01
4.029391422758310526e-01
4.063548356669580142e-01
4.081283553057254987e-01
4.107162560133688078e-01
4.139377819410091086e-01
4.166973680502563115e-01
4.183714952741892645e-01
4.210640748413166934e-01
4.240705588958849082e-01
4.269292002072901937e-01
4.294146276482370683e-01
4.321376947970961280e-01
4.336729632449115579e-01
4.365211692915070829e-01
4.416814669281552974e-01
4.431799104860351668e-01
4.460777526938166093e-01
4.480279723839699635e-01
4.500102633764476723e-01
4.526226928535435623e-01
4.545637879666614700e-01
4.582724531852330752e-01
4.616187127829360914e-01
4.634037849681167942e-01
4.654215088842275083e-01
4.681026390651287783e-01
4.711016703259918170e-01
4.740876615245889214e-01
4.765011763259394684e-01
4.788862874943784487e-01
4.812949233975992724e-01
4.835785672620918074e-01
4.860820277909294607e-01
4.881912398169862555e-01
4.904546307486212231e-01
4.929832392398456609e-01
4.943492826933449380e-01
4.969687190832859924e-01
5.003645886345507998e-01
5.022648464155048398e-01
5.044984284955089660e-01
5.066613739101759606e-01
5.092535098194594934e-01
5.113070417057176131e-01
5.144524916194433972e-01
5.154813661354455956e-01
5.185158850226201377e-01
5.207196235716889943e-01
5.229692860995754922e-01
5.253250177222477113e-01
5.272845704228729113e-01
5.297289645254071866e-01
5.319600445589351967e-01
5.338197521867286133e-01
5.367912267577211738e-01
5.385014009265771673e-01
5.411209969488256499e-01
5.425390304718555878e-01
5.447198244453661520e-01
5.473174786066375974e-01
5.491727718986314510e-01
5.513221381486366202e-01
5.546002562556127113e-01
5.565980468282054616e-01
5.575499817311010409e-01
5.596740941877312858e-01
5.624436671169837920e-01
5.636446652788035250e-01
5.659975019299360310e-01
5.684496323530879858e-01
5.701693961821534540e-01
5.724600477408756660e-01
5.743139085451988146e-01
5.765283728407100128e-01
5.785835841938242741e-01
5.804178397124676314e-01
5.824154521043893862e-01
5.844901528845165561e-01
5.861710507992050623e-01
5.881706536989473877e-01
5.907708816945357322e-01
5.919626189206638189e-01
5.944326089465975516e-01
5.964295281002813809e-01
5.987216050205758089e-01
6.008188930659748017e-01
6.019835329185144746e-01
6.037860908054856202e-01
6.057257036126137972e-01
6.079245170779017382e-01
6.100638309713470875e-01
6.111612363999670006e-01
6.131597238573240904e-01
6.153832149572850962e-01
6.176412902311967379e-01
6.195717648553575874e-01
6.205102338381585092e-01
6.228133535647185637e-01
6.247035987882191277e-01
6.262726323607370471e-01
6.279751061701996928e-01
6.296780547346241264e-01
6.317859271035223268e-01
6.337924935309519059e-01
6.354974464262604927e-01
6.373348629235505713e-01
6.388637028272267093e-01
6.406325144197162480e-01
6.424387764394248190e-01
6.438659136702459262e-01
6.458359193515431640e-01
6.479239053785867952e-01
6.497111307684201309e-01
6.514609620485991570e-01
6.527507510369688903e-01
6.543750949481274004e-01
6.559502132386000328e-01
6.578737145151278831e-01
6.602248456843460289e-01
6.616401383750464271e-01
6.626795574932279331e-01
6.642991322303128943e-01
6.664578603366616560e-01
6.680447657092912772e-01
6.692390682997960694e-01
6.710202055809436628e-01
6.732199635744120503e-01
6.747376676592850009e-01
6.764731327764568203e-01
6.776086562494458843e-01
6.788156211897781178e-01
6.809740885657974419e-01
6.827468004476198171e-01
6.843090819438827355e-01
6.858307345877652228e-01
6.874042011284710041e-01
6.887683829608323149e-01
6.905338019364556379e-01
6.924689778963268871e-01
6.934752575758860171e-01
6.947630400198941958e-01
6.964584955600903182e-01
6.981102581504033955e-01
6.994355026872354220e-01
7.011442125647578960e-01
7.026409701609036551e-01
7.038608902725190797e-01
7.053310102613262744e-01
7.070683161354722746e-01
7.088101195691102197e-01
7.099944782333186266e-01
7.112482389785922399e-01
7.128770138502683595e-01
7.148428129131023656e-01
7.159246160104728585e-01
7.170344000753388070e-01
7.191791390626757208e-01
7.206604258062434543e-01
7.217310661699560814e-01
7.233419883701778241e-01
7.246200880862104787e-01
7.257263263361747319e-01
7.271232030666365809e-01
7.283666066581454546e-01
7.298143355302725288e-01
7.312806109732937765e-01
7.327287038551490994e-01
7.343215050113929276e-01
7.355650391061610005e-01
7.368507858657376008e-01
7.381538335410454676e-01
7.395402168646153518e-01
7.412185402958382241e-01
7.426408645617484927e-01
7.437226071623980195e-01
7.449305768821161688e-01
7.464309667039974450e-01
7.481160431391755683e-01
7.493781287877324671e-01
7.503772734581498627e-01
7.515472253471664477e-01
7.528700353344475182e-01
7.544445296253466937e-01
7.558026350440032459e-01
7.569341976516629211e-01
7.583546172663410134e-01
7.595742180322193615e-01
7.606461040237927351e-01
7.618790962656991628e-01
7.632526361392383274e-01
7.644462365326580855e-01
7.655963983705432740e-01
7.669863197690582890e-01
7.683426878189080211e-01
7.694784198721279500e-01
7.706009252650211083e-01
7.719957790563317657e-01
7.732852316726676056e-01
7.743776575321219546e-01
7.754577598087916135e-01
7.767062348804965044e-01
7.779981201007371006e-01
7.792473635864961556e-01
7.806588320488297983e-01
7.818151756095396143e-01
7.828199024687353402e-01
7.838857592280700226e-01
7.850848338459819331e-01
7.864040640220339995e-01
7.877155535361608507e-01
7.886081990796770524e-01
7.896616134996076175e-01
7.908766535107637496e-01
7.920428952120907029e-01
7.932245451527036861e-01
7.941460878868294992e-01
7.952252826794344864e-01
7.963733594634377910e-01
7.977464374015877935e-01
7.990071778858167661e-01
8.002535835120369034e-01
8.011049014711257854e-01
8.020815004651271618e-01
8.031386350165198307e-01
8.043536892954364914e-01
8.054643097939215846e-01
8.066016508113228456e-01
8.078099933384583764e-01
8.089520572915923635e-01
8.099680008976311019e-01
8.108999949618107550e-01
8.119468746879475729e-01
8.130134444663714710e-01
8.141382564476089545e-01
8.151450686369426935e-01
8.161586552110972059e-01
8.172966311288754060e-01
8.182473381684955971e-01
8.193816862091833908e-01
8.206035302662816333e-01
8.214852785748900654e-01
8.223614512237273910e-01
8.235082133131418347e-01
8.247183385288913149e-01
8.257574486294998461e-01
8.267406117318344405e-01
8.276208134925098214e-01
8.284559465402361322e-01
8.295466358638118320e-01
8.306003057620674479e-01
8.316109731895658941e-01
8.325451414464055677e-01
8.336805305127067411e-01
8.347096150330667319e-01
8.356956725906532490e-01
8.366050955168138348e-01
8.376306884155957366e-01
8.385408608707922706e-01
8.395653338133582944e-01
8.405323440916548927e-01
8.414045878846386772e-01
8.424333906187360110e-01
8.434377018810937932e-01
8.445205054358273511e-01
8.454111121063285772e-01
8.464039427897284140e-01
8.473830415894465506e-01
8.481780407759246243e-01
8.491266976645888143e-01
8.500741430160104750e-01
8.509776160999248384e-01
8.518759381623356441e-01
8.528204519900118852e-01
8.538013172180447530e-01
8.546609074993074540e-01
8.555170475582247747e-01
8.565695459042743654e-01
8.575585205943035971e-01
8.584294828543382883e-01
8.592196144830641646e-01
8.601315110002968334e-01
8.611326306088515903e-01
8.620318936934651122e-01
8.628387980958006631e-01
8.638364393724122792e-01
8.647291559705345687e-01
8.655036459215540434e-01
8.663652187753043687e-01
8.673018769133973294e-01
8.681806746738214287e-01
8.690777298332116318e-01
8.699470298999555373e-01
8.709223369278604743e-01
8.718191344417300925e-01
8.726190765534928007e-01
8.733342213089592132e-01
8.741431466297487907e-01
8.750912544549620531e-01
8.759562001113246898e-01
8.766342607689286970e-01
8.774752031946762010e-01
8.783344235164746161e-01
8.793159010726631086e-01
8.800866493618058062e-01
8.807781518880120064e-01
8.816231624599322192e-01
8.824105330354076182e-01
8.833656047943044820e-01
8.843457742912647079e-01
8.850695260198588876e-01
8.859837016614372507e-01
8.866624549549566581e-01
8.874894251799801959e-01
8.882502778997809489e-01
8.891925605911741304e-01
8.900313468902255609e-01
8.908235270504162306e-01
8.914658403414897903e-01
8.922130939084229606e-01
8.928957795685964483e-01
8.937302999670713177e-01
8.945972660418737288e-01
8.953563036519511797e-01
8.961269031640739513e-01
8.967875656188399880e-01
8.975098360817784782e-01
8.984158153297410188e-01
8.992410312241859716e-01
9.000247270616089645e-01
9.007562063761639370e-01
9.014735034439665951e-01
9.022914543700547574e-01
9.030856128079453038e-01
9.039022992749750074e-01
9.047073940104154444e-01
9.054327463985056834e-01
9.061607941131973876e-01
9.068671596373275579e-01
9.075342159230400663e-01
9.083187403932970749e-01
9.091004929323844852e-01
9.098557107645731667e-01
9.106504898640676027e-01
9.113114569449152214e-01
9.119755074923587834e-01
9.127109548099057168e-01
9.134154253200426066e-01
9.141285590204929479e-01
9.148913775415237204e-01
9.156127010988966974e-01
9.162940990597606694e-01
9.170683329747653101e-01
9.177619373653126411e-01
9.184402907459021659e-01
9.192341815995827004e-01
9.197968374796636759e-01
9.205529207244190770e-01
9.212965555215474334e-01
9.220244775122252712e-01
9.226900910217775698e-01
9.234725212707478592e-01
9.241751237333726277e-01
9.248576504059130565e-01
9.255916270713823168e-01
9.262652056625698682e-01
9.269850161703002689e-01
9.276095727621253006e-01
9.282136467249206824e-01
