2.316969176081310200e-01
2.301476763193421315e-01
2.297970194036590696e-01
2.303841748618056517e-01
2.309258238884601966e-01
2.309464371878146294e-01
2.308205193098633590e-01
2.307889610303538730e-01
2.306463695813510961e-01
2.307981343866141455e-01
2.309892472672336605e-01
2.305521818250226840e-01
2.309305240049433494e-01
2.317845111176384532e-01
2.317603827384693005e-01
2.326967210015463139e-01
2.335408580258802325e-01
2.325575434950325482e-01
2.325778433527797007e-01
2.335285498168099827e-01
2.341640067543281079e-01
2.351337597892109998e-01
2.364719426281157721e-01
2.383299144589320351e-01
2.368103625857668204e-01
2.379664708478949620e-01
2.405929342638633561e-01
2.400469625448299060e-01
2.426041100617845891e-01
2.432891139183951668e-01
2.440366575485678202e-01
2.435017733979473464e-01
2.453751125614971607e-01
2.458988061646399936e-01
2.497194726025486478e-01
2.511838634429448547e-01
2.515928200124763481e-01
2.543102293916034706e-01
2.557087807939142365e-01
2.546775068249549911e-01
2.578714538418092617e-01
2.585742135680392240e-01
2.595003667952246462e-01
2.606685629381179647e-01
2.610972240801832656e-01
2.634367119379767419e-01
2.646026182472064892e-01
2.664917870188723281e-01
2.690368716364904822e-01
2.708096639824364438e-01
2.710192136555225617e-01
2.733819207881750812e-01
2.761161647645256068e-01
2.758951882928753485e-01
2.767845518596474541e-01
2.795752957993489218e-01
2.821426739552967411e-01
2.855520068755689755e-01
2.861194993393190167e-01
2.853209057829705353e-01
2.879625201800173340e-01
2.887299697119045661e-01
2.908950324096873374e-01
2.931557946779571600e-01
2.938436917388413394e-01
2.959612586064998552e-01
2.991537707563878823e-01
2.986721538457263181e-01
3.011392455777942012e-01
3.024227207782444471e-01
3.044839125216505793e-01
3.082309126901761620e-01
3.085393898760122045e-01
3.089926968621412584e-01
3.128457016806940327e-01
3.132887236293789845e-01
3.159471249046179597e-01
3.174361294221312302e-01
3.176075256847117889e-01
3.215024430459225147e-01
3.242733136783100267e-01
3.245501077448710303e-01
3.272751251590338972e-01
3.311982805033177879e-01
3.299553859472619810e-01
3.300445215759081341e-01
3.325690434432831410e-01
3.347830517152805552e-01
3.379746793781103764e-01
3.376581790744305756e-01
3.389718577925925347e-01
3.426691234840941735e-01
3.444339843175655558e-01
3.458255348245009020e-01
3.476538830883564857e-01
3.507878739013985392e-01
3.513213862619931072e-01
3.545311523750836469e-01
3.541364765435258133e-01
3.566052076527446157e-01
3.583356791930760732e-01
3.615326505035411642e-01
3.619279021788383011e-01
3.641801507938078331e-01
3.649333410923015775e-01
3.668669020598268604e-01
3.695713288660487650e-01
3.700493160054157404e-01
3.731520353387169919e-01
3.735652530545102712e-01
3.753278482927131510e-01
3.768000565740894370e-01
3.781131150074704683e-01
3.817023787296636717e-01
3.837898965854039113e-01
3.831327132465757179e-01
3.863238794021786604e-01
3.889092990568123742e-01
3.898838654789654745e-01
3.911018701466826841e-01
3.936925316026793076e-01
3.945259724671499879e-01
3.966080433275616657e-01
3.985779558341832063e-01
4.012351776342568677e-01
4.027795776223739299e-01
4.049199886408412219e-01
4.057280788900151647e-01
4.074999337620802686e-01
4.098367176411036317e-01
4.106597038342070238e-01
4.129754841207600169e-01
4.145660388825725962e-01
4.154583156144406320e-01
4.166237945363873707e-01
4.203182733559444051e-01
4.210793093351165584e-01
4.230380738727818057e-01
4.264364822325554250e-01
4.263926555658946183e-01
4.281194442634375097e-01
4.305888386060068851e-01
4.320952740338728781e-01
4.342937653883441329e-01
4.351458845459718616e-01
4.364730232088637196e-01
4.387354962030359240e-01
4.410311666665133745e-01
4.436545817052011120e-01
4.439836423152167533e-01
4.452402595569453503e-01
4.467855811177603442e-01
4.483874046771845756e-01
4.500886590481352756e-01
4.513934201119110257e-01
4.538119932534067646e-01
4.548609745683397376e-01
4.565330708866854881e-01
4.585923036715773837e-01
4.606068758001594654e-01
4.615144482388200964e-01
4.634720058447044932e-01
4.650266470235995264e-01
4.671040758904552725e-01
4.693517266376900365e-01
4.706632405940113784e-01
4.716411824010112719e-01
4.733142656100912671e-01
4.749949458808643277e-01
4.759446133737463280e-01
4.785427486969149879e-01
4.810931366877296278e-01
4.811479290191297276e-01
4.826275386116172794e-01
4.849697459656577281e-01
4.860526905271146392e-01
4.878782147896272847e-01
4.900358978767186957e-01
4.911258445046772780e-01
4.922502151165086826e-01
4.944652227015363666e-01
4.954322122305708231e-01
4.973532785686765600e-01
4.992970589956909344e-01
5.000667188302251320e-01
5.018043875392657061e-01
5.035084156203311068e-01
5.049272567810199064e-01
5.066699767151167100e-01
5.086396014761052076e-01
5.105577055987627899e-01
5.104078938515678177e-01
5.128232139679546053e-01
5.148687743114216397e-01
5.155748843853331653e-01
5.173744942549152181e-01
5.194918528874730157e-01
5.210264277024574398e-01
5.221182636710961500e-01
5.234970568845750405e-01
5.256259768608313454e-01
5.265391390521805270e-01
5.280184919922615849e-01
5.297592483284582210e-01
5.310312967415272700e-01
5.321439928217335247e-01
5.340126145138710534e-01
5.351159248715399164e-01
5.376080587011801137e-01
5.384344532745557466e-01
5.399125073905035599e-01
5.423782900367328796e-01
5.430713926368191391e-01
5.443186145682283872e-01
5.465540792641367940e-01
5.482314222004194271e-01
5.493546537826056175e-01
5.505235113113545742e-01
5.521211952272002677e-01
5.539150252843005884e-01
5.548817067792868318e-01
5.563237557866907990e-01
5.585834922058091623e-01
5.591664772313449383e-01
5.601749577509489431e-01
5.624843881878954788e-01
5.636790722321438629e-01
5.651082007353077641e-01
5.665599360905300141e-01
5.681124908814799701e-01
5.697071652012433152e-01
5.704918207117053441e-01
5.720934498929086676e-01
5.740925775485752336e-01
5.752401613145836645e-01
5.768703958041603297e-01
5.778693587621049899e-01
5.790329887645473406e-01
5.807318661010604233e-01
5.826194118310428216e-01
5.840092379852575011e-01
5.844787941967952705e-01
5.862594291061841156e-01
5.880082125825745187e-01
5.892908752905301473e-01
5.908051615365113030e-01
5.923078611263070670e-01
5.931605691739780806e-01
5.943363338120205563e-01
5.958300349322126488e-01
5.967590153054314062e-01
5.979745547897258318e-01
5.997969697096758868e-01
6.011874254265708872e-01
6.025668714073666443e-01
6.041688289074225171e-01
6.054439863661797983e-01
6.067073772132354215e-01
6.086261471810983092e-01
6.098169320929031079e-01
6.108385976092647329e-01
6.119733534842426437e-01
6.132129914787488589e-01
6.150327473263524913e-01
6.165938513586183278e-01
6.178571381828342757e-01
6.190944375061503413e-01
6.205712192861574383e-01
6.213614362317730899e-01
6.228975436415965516e-01
6.245755080017462157e-01
6.252373180554969823e-01
6.264758787995469147e-01
6.277963458863349278e-01
6.290508423899983104e-01
6.304724362224420897e-01
6.318231530891962322e-01
6.332718671026305035e-01
6.346828682351273176e-01
6.357971852234497456e-01
6.373510715438066576e-01
6.385799349790164392e-01
6.394966246416164957e-01
6.409360560987128475e-01
6.420871822738680734e-01
6.429414440980056877e-01
6.441590274312041231e-01
6.459157424252285340e-01
6.470966524272300235e-01
6.479437501755610507e-01
6.495608784570321426e-01
6.506424864577724509e-01
6.516321805389319044e-01
6.533142297088198047e-01
6.545359448236428568e-01
6.559192184215225652e-01
6.574356545159896204e-01
6.584344790409111248e-01
6.596303946902071225e-01
6.610134849219218012e-01
6.617947677470745749e-01
6.629353115064943180e-01
6.644261743537445142e-01
6.655534506128568673e-01
6.666137228207906773e-01
6.679283539060067998e-01
6.694852084004569992e-01
6.705186069471218424e-01
6.712295331682794908e-01
6.724227374535109991e-01
6.740822154623344886e-01
6.754664917807589042e-01
6.761375598276261334e-01
6.772680852065026125e-01
6.787642750328247709e-01
6.800643689442182893e-01
6.808953000102812014e-01
6.819269035920025868e-01
6.833617678749092095e-01
6.846346205175039001e-01
6.854289165702361908e-01
6.865307081497968866e-01
6.876468570252380896e-01
6.885353164935078540e-01
6.899069244372170173e-01
6.914064576477543245e-01
6.927798354592012986e-01
6.938318592255916517e-01
6.947534284908027935e-01
6.958139861163923356e-01
6.968004714412646683e-01
6.979914560338080776e-01
6.993225099295294900e-01
7.004329142790562956e-01
7.014010337181029175e-01
7.026907698975176642e-01
7.040684734596979188e-01
7.048613654481536983e-01
7.059462535594643873e-01
7.073011952359619103e-01
7.083699964304640551e-01
7.093343075675819787e-01
7.108125934534246237e-01
7.119338485575121833e-01
7.124406933907123651e-01
7.134482095277063785e-01
7.147688381403695113e-01
7.161041083136651109e-01
7.171714848882907445e-01
7.180768284660170586e-01
7.191841991739676976e-01
7.203717705612263655e-01
7.211532233943441783e-01
7.219598566111046223e-01
7.231760613606558197e-01
7.244728616789650744e-01
7.255684270453910401e-01
7.265495668400356877e-01
7.275036615163469333e-01
7.287563304653355001e-01
7.298779003892310602e-01
7.306761374287435995e-01
7.314087614890971700e-01
7.325596067522668342e-01
7.335540222803256238e-01
7.346696975166077115e-01
7.357307640206953714e-01
7.368014759991431406e-01
7.379383345982578613e-01
7.389619609215505314e-01
7.398975529668466722e-01
7.408296376674096129e-01
7.420106937721316909e-01
7.431325762179817884e-01
7.442424279386474772e-01
7.455267843914118453e-01
7.466200415042087979e-01
7.474050662519450272e-01
7.482462707626275078e-01
7.492227831309521413e-01
7.502394130383615023e-01
7.511123030530399980e-01
7.520775355033416654e-01
7.531773840057103264e-01
7.542050181185051549e-01
7.550870659884628688e-01
7.561048163870792704e-01
7.569936521709504929e-01
7.578580599783584226e-01
7.587669161375220073e-01
7.596310937619874526e-01
7.606239519895990897e-01
7.618836296955489029e-01
7.630502817839479590e-01
7.639625210636954433e-01
7.648989436378178519e-01
7.658965113592784979e-01
7.667709242029550065e-01
7.675800715848202227e-01
7.685099536176862589e-01
7.695671829580044143e-01
7.704815193710834453e-01
7.713023114961180537e-01
7.722313258595226992e-01
7.730846005429066192e-01
7.740652024264075282e-01
7.752366307020075453e-01
7.762367574308993712e-01
7.771615834399567824e-01
7.780854154590014504e-01
7.789399577817363030e-01
7.798739901713226397e-01
7.806733914210229885e-01
7.816942022290397363e-01
7.826792304892938867e-01
7.836330119595843469e-01
7.842842886065619634e-01
7.851191531938275237e-01
7.859551661307661030e-01
7.870030730753411197e-01
7.879139804616085430e-01
7.888466518566612518e-01
7.895835744967929504e-01
7.904633753518014450e-01
7.915434281530366878e-01
7.923875307815057001e-01
7.933017311737423638e-01
7.942883057944406522e-01
7.950323905923254442e-01
7.957822149174281767e-01
7.966203992798320810e-01
7.973946190595702088e-01
7.983380265671646825e-01
7.991470503242217305e-01
8.000230657021729641e-01
8.009172738297609673e-01
8.018737370993258562e-01
8.028296459114606654e-01
8.034946298803953280e-01
8.042239344938180157e-01
8.050504211632391049e-01
8.058083490420691053e-01
8.068000593019604150e-01
8.076480694965242346e-01
8.085015516709690431e-01
8.091030675609696132e-01
8.099499758396295768e-01
8.110455781516335838e-01
8.121445877524164914e-01
8.129728549848057595e-01
8.136124208939966573e-01
8.142957466717740678e-01
8.150240535318438173e-01
8.159571804450043153e-01
8.167227326617599870e-01
8.175994748584390903e-01
8.184832154385018876e-01
8.192635986397921455e-01
8.200606348739546414e-01
8.208179905296528744e-01
8.216177838080536144e-01
8.223493676253158524e-01
8.232141113844768654e-01
8.239487142227985839e-01
8.247628277066542113e-01
8.256194353125753116e-01
8.263647596755285818e-01
8.269391197227571322e-01
8.276368033725058915e-01
8.284737803628550168e-01
8.295122095589765321e-01
8.302452565526030615e-01
8.307921445990559262e-01
8.314827277305817388e-01
8.321638216365898622e-01
8.330420149248394246e-01
8.338611163579094931e-01
8.346188470902048406e-01
8.353158058824475818e-01
8.360876721563269554e-01
8.367899622997437836e-01
8.375672802584435139e-01
8.383059612361269952e-01
8.389974208422548152e-01
8.397864131012803268e-01
8.404925686045338074e-01
8.411452521828383100e-01
8.419704342724460000e-01
8.426819232135481785e-01
8.434186155845175836e-01
8.442226353832864572e-01
8.446381255387317433e-01
8.453440458244636524e-01
8.461196524937601993e-01
8.469456937498424098e-01
8.477665394252533737e-01
8.483077123911112460e-01
8.488994474982588523e-01
8.496425834291471135e-01
8.505363925476570053e-01
8.511124602812942808e-01
8.517740691261254105e-01
8.525806781679483581e-01
8.530963222530831835e-01
8.538383282479609093e-01
8.546545397608048544e-01
8.553680469480244852e-01
8.560249513135830268e-01
8.567738653462864118e-01
8.572234521486977732e-01
8.577643736227664739e-01
8.584125406400076042e-01
