9.759549550220014691e-03
7.863479393914322643e-03
7.411181558895999985e-03
7.890772266565631438e-03
8.179423429130906059e-03
8.043970301910436868e-03
7.528839506254467011e-03
7.421007696544370223e-03
7.360763574839042020e-03
7.779102045807001833e-03
8.347618414113532753e-03
7.483228858836583203e-03
8.107853399257661589e-03
9.630202366414170739e-03
9.359304752827413837e-03
1.105330409149963243e-02
1.264812979922770760e-02
1.083595816985762940e-02
1.103164843604044140e-02
1.293134953612656325e-02
1.426933124186508146e-02
1.603361876524118587e-02
1.860676179770046415e-02
2.182780785092894651e-02
1.896609338600918973e-02
2.107460842720275396e-02
2.580123136947790746e-02
2.509830590577588269e-02
2.986971555692897670e-02
3.093394654872660618e-02
3.250117843235555970e-02
3.199605993756707983e-02
3.544921508984347214e-02
3.587399309208316733e-02
4.252224185423330444e-02
4.529831506735632757e-02
4.650883742353732059e-02
5.117676071716656394e-02
5.327305334958416794e-02
5.200025574455921507e-02
5.749225534852089869e-02
5.882578083967116012e-02
6.077935614363361161e-02
6.313875641425366336e-02
6.424771278053381662e-02
6.781457122035025598e-02
6.982875906078098160e-02
7.331474546088084798e-02
7.732121214991423408e-02
8.103842640053338098e-02
8.159394079941389988e-02
8.506893742554501314e-02
8.962243716897885792e-02
8.921015360795379878e-02
9.137729401793964756e-02
9.718083932770057998e-02
1.011859121559147007e-01
1.056081620189209674e-01
1.074549447302955152e-01
1.072383474019736327e-01
1.108154811819459379e-01
1.127597392221124512e-01
1.169345694993167012e-01
1.196600053627799032e-01
1.217589412029464191e-01
1.268379123526485741e-01
1.290738644052634165e-01
1.294630076728495449e-01
1.332277434438622898e-01
1.362635119206297429e-01
1.388796954080770696e-01
1.446947872595882589e-01
1.465008169227128842e-01
1.468653615994480743e-01
1.532507974978480070e-01
1.548359578845554807e-01
1.584503896846123916e-01
1.610400507540545312e-01
1.613136823856563262e-01
1.662455209400916789e-01
1.706385690781440367e-01
1.730209579562600186e-01
1.769143113291933300e-01
1.821597244364178969e-01
1.821387874322184797e-01
1.838088342884638959e-01
1.878176460754762689e-01
1.910026396545610183e-01
1.954659462341854503e-01
1.960758048684222710e-01
1.985886255182686966e-01
2.035560138386439122e-01
2.065736501646554257e-01
2.081619782499434246e-01
2.111037397952241212e-01
2.157389834934274886e-01
2.173555520793742091e-01
2.222251423459652431e-01
2.227065427169149792e-01
2.269205325700432985e-01
2.289613105901334711e-01
2.333364616031401162e-01
2.348990570172740378e-01
2.394887150410738574e-01
2.410808620445346051e-01
2.417849671910703990e-01
2.469272582496463142e-01
2.484643512281186628e-01
2.522296216781445555e-01
2.540549483467037795e-01
2.570801515490989120e-01
2.596912265188682234e-01
2.618945364287229571e-01
2.666011177683181299e-01
2.703943868814137619e-01
2.701194378103564664e-01
2.741956147772470764e-01
2.788369864249959362e-01
2.811508896263127943e-01
2.825357989661042568e-01
2.856914744897712799e-01
2.879545774847397377e-01
2.904550445210503651e-01
2.925172035398669879e-01
2.973664645337353307e-01
3.009323570713980378e-01
3.031784989967983845e-01
3.044275830282897610e-01
3.075465770255659814e-01
3.114105429233646194e-01
3.125712306661792561e-01
3.156371761802063691e-01
3.192965526497326678e-01
3.208305005977933333e-01
3.220982095132144951e-01
3.269428145523657903e-01
3.301845584666751598e-01
3.322497413156902946e-01
3.350927175668426128e-01
3.367010147568697542e-01
3.401507361758363546e-01
3.423794935014468077e-01
3.454330779893269865e-01
3.487319055061882112e-01
3.507202493270317190e-01
3.534238954354891327e-01
3.555804508483551007e-01
3.587387898981644341e-01
3.620896247480258068e-01
3.639446283889096190e-01
3.656169518595711598e-01
3.687069404773664072e-01
3.705461142900431382e-01
3.731800209795309575e-01
3.766147201256110355e-01
3.790642738115743704e-01
3.802631735173656047e-01
3.829772837001211294e-01
3.877747591787011339e-01
3.892480963698458085e-01
3.922964158990557282e-01
3.941621519660313822e-01
3.963820063327445631e-01
3.990168351039815597e-01
4.011909064722556928e-01
4.042881653102313178e-01
4.071407878446656747e-01
4.089189253407516378e-01
4.109123302177744019e-01
4.129658119724800014e-01
4.164670043159092172e-01
4.201051738393768997e-01
4.214335560016713722e-01
4.239280993941023090e-01
4.263641450191450466e-01
4.282479144447324804e-01
4.307902448836379850e-01
4.329656209580459714e-01
4.353213821111882043e-01
4.374793141709161781e-01
4.393681390196200742e-01
4.416876383860151578e-01
4.448325762011449691e-01
4.470337472261141087e-01
4.487714599985819786e-01
4.514786096504759261e-01
4.539264258505084082e-01
4.563379895685040766e-01
4.587566553959411264e-01
4.602211369725511259e-01
4.631852115881892606e-01
4.643176411935034942e-01
4.670092292477791007e-01
4.702735467786209878e-01
4.713108069667694688e-01
4.743533842198172090e-01
4.762451843251910844e-01
4.790822917034107675e-01
4.807621287354961193e-01
4.834354124078811266e-01
4.854505121874417850e-01
4.866714464934436268e-01
4.893927006935580026e-01
4.919604138086055012e-01
4.935826318021753756e-01
4.956418496606678770e-01
4.983970607926765384e-01
5.002209495135055972e-01
5.026852025982970762e-01
5.045292474976622588e-01
5.070289503859324309e-01
5.082687572413860932e-01
5.100294075499531843e-01
5.131779840444500307e-01
5.149031684077829407e-01
5.171194211784383432e-01
5.193643828264388196e-01
5.212734409969327354e-01
5.232156219112069628e-01
5.257018672306580376e-01
5.280782010605249432e-01
5.299634314724642747e-01
5.318960959046075132e-01
5.336183852397891059e-01
5.364141437747385055e-01
5.381243050706638886e-01
5.403054259430211115e-01
5.423138159742162401e-01
5.441296208836972070e-01
5.458979448678022983e-01
5.480723003006731098e-01
5.498536403287989094e-01
5.514825019777133130e-01
5.541408601523792887e-01
5.563651628231749413e-01
5.575276325053900583e-01
5.591182675517221146e-01
5.613507889936264483e-01
5.638276082279203294e-01
5.659730918124189492e-01
5.676427447844861751e-01
5.693083882776447391e-01
5.711264478395842170e-01
5.731885510799469285e-01
5.752955594656629090e-01
5.773049261537260834e-01
5.792759497995686457e-01
5.809983420806391630e-01
5.826798433498689977e-01
5.848007713606060420e-01
5.863446146358214373e-01
5.879581520634187264e-01
5.898817144189165695e-01
5.918434224271958977e-01
5.939147669618154435e-01
5.958993256656275328e-01
5.976048633210642169e-01
5.993122269613316844e-01
6.012328689987401775e-01
6.030932893607430234e-01
6.045800155739816661e-01
6.062877915540272333e-01
6.082534395176496522e-01
6.102483249034694746e-01
6.121649828340387511e-01
6.141096699831523065e-01
6.160049068154100915e-01
6.176540494986425545e-01
6.191501467175407614e-01
6.208797283631756203e-01
6.227501992617485715e-01
6.248856042780877029e-01
6.263870117097525281e-01
6.280312167239463506e-01
6.294121954642719619e-01
6.305441885772776756e-01
6.328103272787183320e-01
6.352699342323476772e-01
6.369246855543004848e-01
6.379535546887959985e-01
6.396262241595948028e-01
6.419298385846677890e-01
6.439626884966376252e-01
6.446544160450802252e-01
6.458848887530244109e-01
6.481998205964243365e-01
6.501344320105555408e-01
6.515718885065784338e-01
6.530605917298683005e-01
6.546465567780618278e-01
6.564413851640426012e-01
6.579221999318687342e-01
6.597863033574191682e-01
6.620641555494142239e-01
6.628575508649529047e-01
6.640579518109995805e-01
6.660930559011014607e-01
6.679511085979928930e-01
6.694740539217562958e-01
6.710646117370984154e-01
6.727770958114622779e-01
6.744443699254961677e-01
6.759761255001552893e-01
6.776199764680982396e-01
6.791283617162953146e-01
6.805617723747140468e-01
6.818946235997866978e-01
6.832209729924866304e-01
6.848035557246728855e-01
6.863605511466284170e-01
6.877949245440615478e-01
6.894880209849046926e-01
6.911718063604593842e-01
6.925469804022413856e-01
6.939316564168762635e-01
6.958261290390239662e-01
6.978829555600699619e-01
6.994985221616245585e-01
7.006815038189614375e-01
7.017464854032143817e-01
7.030459582659418505e-01
7.047728558669883459e-01
7.065223698243727757e-01
7.080364545501087736e-01
7.092934993803819976e-01
7.108243211581654064e-01
7.124839900618644695e-01
7.139811007842432611e-01
7.151039687236779852e-01
7.163238728444821790e-01
7.179862861448240707e-01
7.194553175594244898e-01
7.207903744864128104e-01
7.220344308567938629e-01
7.235827912375165649e-01
7.250781139766506733e-01
7.264354838797170144e-01
7.277034103441599733e-01
7.290272966754508532e-01
7.304343673250144331e-01
7.319815291805678026e-01
7.333730954162244187e-01
7.348863411985181449e-01
7.362295288986180353e-01
7.374094198656926391e-01
7.387958839902797337e-01
7.400765791028155460e-01
7.415175826671807080e-01
7.428111071897205431e-01
7.443864323389395299e-01
7.457075173250188316e-01
7.470841134649025550e-01
7.485750635925058072e-01
7.497930308575179170e-01
7.511566346318926390e-01
7.523105310524700329e-01
7.534923666549770971e-01
7.547664280721317898e-01
7.559728801506361284e-01
7.574555787300358833e-01
7.588681538353049261e-01
7.602817843286454602e-01
7.613330404876692548e-01
7.627286975296241334e-01
7.641779537033449587e-01
7.657669100653731187e-01
7.665604099247891323e-01
7.675884901405778393e-01
7.689093222048026810e-01
7.702488004225439555e-01
7.715634864387942438e-01
7.727995012762700622e-01
7.741273294770979474e-01
7.755104273252373392e-01
7.769291696214535303e-01
7.779901912678335307e-01
7.792461337358029816e-01
7.803386155709985950e-01
7.814927658334021032e-01
7.828197851534463014e-01
7.841523918920818570e-01
7.854132078956856944e-01
7.865961593883405989e-01
7.878403304186630818e-01
7.889836528258316051e-01
7.902295918461972324e-01
7.914201324242868818e-01
7.926399017239798006e-01
7.939436690978169953e-01
7.950037595948288294e-01
7.960147096701351010e-01
7.970424411873964221e-01
7.984602254761754558e-01
7.999662986381955720e-01
8.010286593198882032e-01
8.019634737625195298e-01
8.032742995140934594e-01
8.042658319780192633e-01
8.052913262298798669e-01
8.064224646598919799e-01
8.078202377289472880e-01
8.089005141936916887e-01
8.099611329291573902e-01
8.110307900730675534e-01
8.122549921985241506e-01
8.133580065135989079e-01
8.142458342607380439e-01
8.154363370173611791e-01
8.168159594218155073e-01
8.181669053662393720e-01
8.192967791446176262e-01
8.202402435536042535e-01
8.213889411282031539e-01
8.224652733311516029e-01
8.235131025187634179e-01
8.244880950693501687e-01
8.257405174363320333e-01
8.268386471233744039e-01
8.277537950969530156e-01
8.285802937846656890e-01
8.299301417185827034e-01
8.312786531501697995e-01
8.324514485319555179e-01
8.334161969195966746e-01
8.343583657426820732e-01
8.353756236411347125e-01
8.363911214235938418e-01
8.374694957608345147e-01
8.387598645243842244e-01
8.398039936663950211e-01
8.408096558701417811e-01
8.417947814298388787e-01
8.429460868791576189e-01
8.440030487972706164e-01
8.450368848077611794e-01
8.458640378510537960e-01
8.469910012810036859e-01
8.481593695197506833e-01
8.491577718939776753e-01
8.500892293456736581e-01
8.508862076291945353e-01
8.519118910271159528e-01
8.529857085717734710e-01
8.540147090399808905e-01
8.551258321457989586e-01
8.559329504239682196e-01
8.568474005976228769e-01
8.578213128174121405e-01
8.589558149763633077e-01
8.599965436412497777e-01
8.610652649890321308e-01
8.620309841979033605e-01
8.631018669883659955e-01
8.640833424991825051e-01
8.650152827932897637e-01
8.658794954515538489e-01
8.668657297324779964e-01
8.678246810791815369e-01
8.687879652020452648e-01
8.697590363388321144e-01
8.707172856720764020e-01
8.717965044374454964e-01
8.727020679712533813e-01
8.735484024989670360e-01
8.745129924943071398e-01
8.754356013872149900e-01
8.763516329294568363e-01
8.773420938066706087e-01
8.783326575594672114e-01
8.792530239293747663e-01
8.801301828901264557e-01
8.810523480945536834e-01
8.821822521043751753e-01
8.830168456317251113e-01
8.838645183535844829e-01
8.844984910683545420e-01
8.854846543987466845e-01
8.866583448845678506e-01
8.876528949677255920e-01
8.885528351795397572e-01
8.893692728091648902e-01
8.901959972812725219e-01
8.910261848558863607e-01
8.920217761308352200e-01
8.929600098943437647e-01
8.937919022463388652e-01
8.946798155744134506e-01
8.954829897009360939e-01
8.964044246083070488e-01
8.972394146637561185e-01
8.982865584413908255e-01
8.992664850145751787e-01
9.002069432992235720e-01
9.009502868041397994e-01
9.016644499465942264e-01
9.024854291392531147e-01
9.033427183531869131e-01
9.043121421600169851e-01
9.053147445569917906e-01
9.061307476469419031e-01
9.069335586604975186e-01
9.076303011155895106e-01
9.084831505162465071e-01
9.094991943304809867e-01
9.104055333822643759e-01
9.113694819372720746e-01
9.121541016218824849e-01
9.129020293182150692e-01
9.137612784045966441e-01
9.145780512676473517e-01
9.154312773673960457e-01
9.162265518610951398e-01
