-6.669843436171705477e-03
-7.856932468302112865e-03
-1.082650249492450416e-02
-1.501900929554058142e-02
-1.244489117997852126e-02
-1.617326381627593249e-02
-3.431450803372460088e-03
5.248381604639165005e-03
4.833203785048314875e-03
1.493201204537959216e-02
2.895462880054976151e-02
5.574404421595741815e-02
5.853863311874432651e-02
7.941405276981154671e-02
1.012337694649739217e-01
1.123487878115357747e-01
1.272546190584996628e-01
1.687405819213912139e-01
1.991695447312390732e-01
2.051375993915050266e-01
2.327393708857529442e-01
2.544881127978812496e-01
2.796077901998166304e-01
3.037433772968503587e-01
3.362189346221760022e-01
3.527095584604644785e-01
3.682297087772009592e-01
4.064023280303248886e-01
4.358609853911254994e-01
4.539063056117184081e-01
4.751125119841110855e-01
5.011542014711253268e-01
5.311435437693490247e-01
5.496458371715343683e-01
5.718278205811500037e-01
6.016494696594574254e-01
6.149992790303840939e-01
6.461534343488498644e-01
6.677719477406942605e-01
6.865566905070504822e-01
7.149548207906822883e-01
7.430329666173540737e-01
7.655464886853496909e-01
7.876008542354384634e-01
8.073213128155876106e-01
8.338318789350845917e-01
8.517501375721667767e-01
8.721089432547575182e-01
8.967274856088834900e-01
9.203129574693745818e-01
9.425357442877985159e-01
9.662803207876246026e-01
9.787792879463809159e-01
1.007522559902542580e+00
1.031984052558558185e+00
1.043328167396256889e+00
1.067039845794111486e+00
1.086274514179604189e+00
1.108973636125792028e+00
1.124827632988413262e+00
1.143606908371911590e+00
1.161445300738066067e+00
1.182571825964437773e+00
1.200047772272219593e+00
1.219178049471449476e+00
1.242588661936694150e+00
1.259912830288146823e+00
1.276690323802999405e+00
1.294617155680028553e+00
1.313487705604937439e+00
1.328586493085458731e+00
1.349317724716954325e+00
1.366589498475017539e+00
1.377334547234541517e+00
1.395175133822959879e+00
1.413001922692060264e+00
1.432761329542280970e+00
1.446084816982101451e+00
1.462743524096086656e+00
1.479523887996594178e+00
1.495347519398742442e+00
1.507181027800331474e+00
1.525111753354476019e+00
1.543134511847942703e+00
1.556204971461773390e+00
1.568951892417759897e+00
1.586442032933476520e+00
1.597903733693230466e+00
1.612611303400523832e+00
1.628793609605413417e+00
1.639113123910955316e+00
1.658319207357990210e+00
1.669821357499732484e+00
1.681925209718457159e+00
1.692384058786870815e+00
1.711399712217877234e+00
1.723644850053218436e+00
1.734429075245915053e+00
1.748776139985764422e+00
1.760023256237565947e+00
1.773882519761247334e+00
1.785234623949349952e+00
1.798581702094569135e+00
1.817257530547361277e+00
1.822400894729619081e+00
1.832684469125338778e+00
1.845284923987283943e+00
1.857663017320830168e+00
1.869435731155209446e+00
1.882574640978670111e+00
1.892987360447014655e+00
1.900108860391215737e+00
1.914231243971121099e+00
1.923774779107468857e+00
1.937017575879940168e+00
1.947368999249754262e+00
1.958579181505870181e+00
1.966754794298013920e+00
1.978310601085532916e+00
1.991077345209710581e+00
1.998725939831175857e+00
2.009371533209173499e+00
2.018598865407329246e+00
2.026778108633352726e+00
2.039059643494752549e+00
2.049353835390787637e+00
2.058355425940763705e+00
2.066821840310816949e+00
2.076113570112918527e+00
2.086619769030630955e+00
2.094504951279947846e+00
2.106667566852400864e+00
2.112192829539779826e+00
2.122125738054267963e+00
2.131761695172640358e+00
2.141194972259156781e+00
2.149954512398107198e+00
2.157662815035750636e+00
2.170021399275147367e+00
2.173933339175428969e+00
2.184035167355110829e+00
2.191026546848522827e+00
2.196508106119229975e+00
2.206119628133640376e+00
2.214399816302170532e+00
2.222721264337057523e+00
2.232327404980149144e+00
2.239181763944059878e+00
2.247537504557673316e+00
2.255465864201753323e+00
2.260568251756271518e+00
2.266741788934420576e+00
2.277162873705856683e+00
2.285593977846415825e+00
2.291076008847965806e+00
2.301260444013411011e+00
2.304178253659840525e+00
2.309282269153257072e+00
2.318987087616607656e+00
2.326828207680927019e+00
2.334049188445840084e+00
2.340142748905517323e+00
2.346976485943344404e+00
2.354511639217276908e+00
2.357009758330128157e+00
2.365816148111646200e+00
2.373743884337772947e+00
2.380520298271909585e+00
2.386978261683635694e+00
2.391966699907685179e+00
2.398573353367696726e+00
2.402988169547400688e+00
2.411094010947039568e+00
2.417761299749795700e+00
2.423268470220346416e+00
2.432144224682185385e+00
2.434248360353242102e+00
2.442834461859962669e+00
2.447411305146461213e+00
2.452312272662872328e+00
2.459369184844789835e+00
2.464324645933734015e+00
2.472357737885221507e+00
2.474004836275381258e+00
2.481636653246482638e+00
2.486606264142932954e+00
2.493672949453299648e+00
2.498127547560990980e+00
2.504371872507801022e+00
2.508617270875693528e+00
2.514630556232006597e+00
2.517804829210334105e+00
2.525685305202734821e+00
2.532093542632490646e+00
2.536607745982684126e+00
2.539561121277850830e+00
2.546682066219954521e+00
2.551088244710053132e+00
2.555389545728565803e+00
2.561580138417657082e+00
2.563705124929201773e+00
2.571781578977058391e+00
2.573869292426516520e+00
2.580787914416088569e+00
2.586360135931039750e+00
2.588359034644956314e+00
2.592948742450730037e+00
2.599513922684855149e+00
2.602784937546249289e+00
2.609317744516296944e+00
2.613679271202289378e+00
2.615299218954269644e+00
2.623829602881710521e+00
2.627593407829901917e+00
2.633301296629184662e+00
2.636364884751333904e+00
2.639323399721750452e+00
2.645324866182152679e+00
2.650216314972798415e+00
2.653558271955046788e+00
2.657971015667419223e+00
2.661654924539059053e+00
2.664163633567278922e+00
2.672182863466502578e+00
2.674106709918110614e+00
2.678261831299822315e+00
2.683328435098959464e+00
2.690340133608933648e+00
2.691239036272078167e+00
2.693886350579061340e+00
2.699260236047939632e+00
2.703074752512459877e+00
2.707199469996791841e+00
2.709781431249818962e+00
2.715487437632841505e+00
2.719242113269356054e+00
2.723081760206528479e+00
2.725633252294219488e+00
2.729626359329221152e+00
2.733744346047120466e+00
2.735510840642193298e+00
2.741477910529263706e+00
2.744505485097780806e+00
2.747958854456466149e+00
2.751136381413265219e+00
2.754799458042662685e+00
2.758134282265872983e+00
2.764094651377267287e+00
2.765577171117374000e+00
2.770181180314818192e+00
2.773676604463273687e+00
2.775891062349463922e+00
2.781688730402849696e+00
2.782213575180207510e+00
2.787130657595970007e+00
2.790084210056928082e+00
2.792609250751972194e+00
2.796213799771266384e+00
2.800930161638971683e+00
2.802622389660118785e+00
2.806457940338408896e+00
2.809197243935279253e+00
2.811320239088365813e+00
2.816996978515608152e+00
2.819408396007600626e+00
2.822391587097573762e+00
2.826317341552302853e+00
2.828207294594538901e+00
2.832564283683188577e+00
2.835560983210714703e+00
2.838011797241980716e+00
2.842008547585312961e+00
2.844484944842509577e+00
2.847165933668102333e+00
2.852036512796093604e+00
2.854701584588298591e+00
2.857665904306057936e+00
2.860140649022028914e+00
2.863508626420598002e+00
2.866834953837372524e+00
2.869293472568849701e+00
2.871985419989050659e+00
2.875445792449777827e+00
2.878083788735226189e+00
2.881492905225828682e+00
2.885166503318290054e+00
2.887529108906956576e+00
2.890888671938595778e+00
2.892978626133110964e+00
2.894565251730717659e+00
2.898390171353129929e+00
2.901509687151744732e+00
2.902958334963569698e+00
2.906702089383661480e+00
2.909773755637528048e+00
2.912920891080672536e+00
2.916185836536525855e+00
2.919529059182897512e+00
2.920589646590059818e+00
2.922914248339646193e+00
2.926289229343858711e+00
2.929853965806097804e+00
2.930912132342466947e+00
2.932584785877663247e+00
2.935747294830879373e+00
2.938791360525540686e+00
2.941739118290077393e+00
2.943117346581056282e+00
2.945620550386649938e+00
2.948739417700886545e+00
2.952151540134765995e+00
2.954934881027172278e+00
2.956281838550481655e+00
2.959698308064780736e+00
2.962796376490230532e+00
2.965039821287378086e+00
2.967332803089919313e+00
2.969138157960423463e+00
2.971078304895296895e+00
2.974487214983688510e+00
2.977430770464023269e+00
2.978573607105522214e+00
2.981172382935712406e+00
2.984195362412333630e+00
2.987321511678243890e+00
2.988216173262525199e+00
2.992453448254146497e+00
2.994800610119905837e+00
2.995032182175956237e+00
2.999733742295751515e+00
3.001315634641613439e+00
3.003663255037230417e+00
3.004796906890470076e+00
3.005845977448359907e+00
3.009598638243689450e+00
3.011498212416968911e+00
3.014604798702058996e+00
3.017139251040189762e+00
3.018590940859606331e+00
3.022238206398913718e+00
3.023808679023756607e+00
3.025194759922213095e+00
3.029565740862727452e+00
3.031747144857790843e+00
3.032079613189897493e+00
3.034715630664762021e+00
3.036658201715003891e+00
3.039388517275952495e+00
3.041460034351056940e+00
3.044088200377247588e+00
3.044651903671300897e+00
3.047341459261559304e+00
3.049636947223301586e+00
3.049924930553509217e+00
3.054270945295578965e+00
3.057003967421090262e+00
3.057948611656127635e+00
3.060272307979236217e+00
3.063540282951421556e+00
3.064811708595259088e+00
3.066353947570440663e+00
3.067589107523262637e+00
3.070959127149323731e+00
3.071972376144210592e+00
3.073754056132365964e+00
3.078107858119869977e+00
3.078081591388686977e+00
3.079186710480133371e+00
3.081637905012307055e+00
3.083585918500382217e+00
3.086032025272678059e+00
3.087936073083877186e+00
3.090197196858052830e+00
3.092580364105884883e+00
3.094959158882955030e+00
3.095240631230380401e+00
3.098258119571395852e+00
3.100047813138977482e+00
3.101496274290294064e+00
3.103966200330742886e+00
3.104512200890073181e+00
3.107160878589701358e+00
3.108286331604980912e+00
3.111371400106557772e+00
3.114456558348293935e+00
3.115394150700332876e+00
3.116437995445853648e+00
3.118187447873560281e+00
3.120753775677787889e+00
3.121873791598661185e+00
3.123931541495673869e+00
3.126240912941886663e+00
3.125663089546443896e+00
3.128830954356842664e+00
3.132280709294301246e+00
3.133845605554682834e+00
3.134758653797244499e+00
3.135227077230930526e+00
3.138908174300094611e+00
3.141259298117534904e+00
3.141162956975682707e+00
3.143918386119452624e+00
3.145666012300320169e+00
3.147888723709735714e+00
3.149397057389391463e+00
3.150721033607400745e+00
3.152541542515796102e+00
3.152823143350149682e+00
3.156800860236907535e+00
3.157057758518307722e+00
3.159003915239501747e+00
3.160646229363854420e+00
3.162181288831748649e+00
3.164319776658024885e+00
3.166832423805634011e+00
3.167853915817033794e+00
3.170191833625021882e+00
3.171204391230880937e+00
3.172722437732255152e+00
3.174784698466429411e+00
3.176701445070631458e+00
3.177208562874329623e+00
3.180077845522119251e+00
3.181555980919327897e+00
3.182252585719784754e+00
3.185188407871911931e+00
3.186292981441417815e+00
3.188469325671637211e+00
3.189079211569078254e+00
3.191640054094290857e+00
3.192725970585804429e+00
3.193290456975765412e+00
3.196177199276904357e+00
3.197114605741086191e+00
3.198833671485276309e+00
3.200990841906214968e+00
3.201696561922672490e+00
3.203001694276817357e+00
3.205615171818708919e+00
3.207733846254474219e+00
3.208445054943674712e+00
3.210210458233079489e+00
3.211660580069187088e+00
3.212806739399137523e+00
3.214481025567177852e+00
3.216575939647678961e+00
3.217687166855077496e+00
3.218824522288978862e+00
3.221174155228515801e+00
3.220726883456642931e+00
3.223548258181552217e+00
3.224277964616315550e+00
3.226135362891812353e+00
3.227809471637862249e+00
3.227992552177281205e+00
3.229944561473276909e+00
3.232711351369646824e+00
3.233650241495547917e+00
3.235855022973582518e+00
3.236920595561899372e+00
3.238352625774157278e+00
3.239348775153570781e+00
3.241609893614914473e+00
3.242087912811875139e+00
3.243614647860525668e+00
3.245291799764120633e+00
3.246215696053078137e+00
3.247985957664324186e+00
3.250535247986503951e+00
3.251168660063623150e+00
3.252346759364631357e+00
3.253942763863565624e+00
3.254626719179541272e+00
3.256169579674905279e+00
3.258453628250219225e+00
3.258712111768584663e+00
3.260278037097908754e+00
3.262417200577652387e+00
3.264700110080306583e+00
3.264191056035905536e+00
3.265861805212983526e+00
3.267146193141588828e+00
3.269376500749237024e+00
3.270144097973078701e+00
3.270215643840279185e+00
3.272886935468402925e+00
3.273678641915493071e+00
3.275344230448841376e+00
3.276990984027755793e+00
