-6.248259778092429828e-03
-6.591026695714026148e-03
-8.710057871326708917e-03
-1.197902801270242339e-02
-1.012867676773349969e-02
-1.316799739102253453e-02
-2.329253972812040004e-03
5.253055472819801938e-03
4.487775227357932231e-03
1.305201887880254666e-02
2.517828516753322157e-02
4.878210328227747944e-02
5.059566930635053805e-02
6.819980085676900783e-02
8.793224358841619792e-02
9.579829743866211111e-02
1.095458894587856974e-01
1.470684194582810578e-01
1.737005821005993544e-01
1.778588676315708828e-01
2.029794645393521446e-01
2.217275027765564788e-01
2.425959379188470377e-01
2.642889730809337423e-01
2.937284945682966386e-01
3.091599055782747185e-01
3.221658839512413497e-01
3.571573948963231437e-01
3.844108783368133664e-01
3.990048308660412157e-01
4.170476595060935709e-01
4.411438995981006306e-01
4.704195000423314621e-01
4.834234037720052668e-01
5.050699666060026738e-01
5.324800961014555245e-01
5.443828257202282250e-01
5.735309965768927709e-01
5.930667079822977694e-01
6.100615876370577562e-01
6.361614348968890331e-01
6.633897990042240123e-01
6.823242545807214343e-01
7.026999348560295511e-01
7.215906516838872520e-01
7.468648508653731311e-01
7.626467976164671425e-01
7.841614038502149331e-01
8.072937689554186003e-01
8.286218416191957203e-01
8.487345185782294577e-01
8.713636865738938475e-01
8.822239761191947860e-01
9.095920823871808114e-01
9.294861329622429169e-01
9.428284370278389170e-01
9.629942608765386103e-01
9.828181689472479388e-01
1.004547622906701410e+00
1.019971771291493079e+00
1.037537299213698638e+00
1.054589961838250378e+00
1.076541877261778746e+00
1.090686464365372421e+00
1.112858249382765896e+00
1.133764400261160654e+00
1.148474267989449293e+00
1.165222613873202917e+00
1.182977692612771747e+00
1.201301469105876318e+00
1.214316337806184309e+00
1.233710216752352595e+00
1.250764419578987319e+00
1.265127375709938384e+00
1.281712418546182342e+00
1.296656703466832816e+00
1.316307230551801988e+00
1.329059416940553184e+00
1.342179339849802533e+00
1.361908257987306525e+00
1.377186547518900905e+00
1.389045591468167862e+00
1.406852452641190965e+00
1.420467470029352697e+00
1.434822924259153254e+00
1.448329062033919756e+00
1.467390658343950882e+00
1.477507496974439283e+00
1.494011559694979452e+00
1.509512207782944593e+00
1.520389850199626469e+00
1.534325489175912161e+00
1.548098971244133981e+00
1.560429812109053627e+00
1.572595208496008201e+00
1.590852432960672802e+00
1.604251320262461311e+00
1.614463745889018975e+00
1.628093318616183671e+00
1.638960615203612470e+00
1.654231428179269603e+00
1.664440665108502859e+00
1.677711208925916520e+00
1.696608649656183632e+00
1.701488431763732212e+00
1.712875288860694178e+00
1.726448350342183469e+00
1.738575362951288783e+00
1.750425379735042641e+00
1.760678101349241631e+00
1.774657744620048438e+00
1.782665513975268512e+00
1.793769686365776606e+00
1.806517826335817478e+00
1.818564573641422211e+00
1.828957646150841221e+00
1.837295039482313763e+00
1.848058362327393178e+00
1.861425807328522808e+00
1.871929930633731365e+00
1.882033821315582722e+00
1.890274243713328195e+00
1.901601336167972001e+00
1.911180615464859844e+00
1.919727165381148071e+00
1.931018135749109854e+00
1.941879580688977480e+00
1.948930472033221450e+00
1.960644034694638549e+00
1.969446604035568704e+00
1.979368841983944138e+00
1.988955641795183471e+00
1.996880323558360759e+00
2.007286643727388409e+00
2.014917250192006737e+00
2.024868086117121990e+00
2.032112190677203944e+00
2.041054481651775721e+00
2.051112551975451392e+00
2.061251479939258058e+00
2.067460797829928865e+00
2.075265525037326864e+00
2.084044768860442431e+00
2.094159495657947900e+00
2.099359785216258434e+00
2.108614277998859698e+00
2.116519844454125554e+00
2.123294178919381547e+00
2.133620768270688917e+00
2.140029999270000260e+00
2.149589487753953421e+00
2.157987246510318702e+00
2.163210976720079781e+00
2.172303878134266508e+00
2.177359710608527177e+00
2.189711763025670610e+00
2.194975972395737607e+00
2.201077625314134867e+00
2.210765578855224067e+00
2.215901766838833886e+00
2.222834946506158538e+00
2.230045309132728804e+00
2.238757181430872656e+00
2.243753965443440634e+00
2.252452025910751221e+00
2.256638127046693310e+00
2.263747684437978247e+00
2.271798225387925196e+00
2.278356287635136646e+00
2.284619310540795922e+00
2.291575858621347273e+00
2.295980326684306849e+00
2.303910581022151405e+00
2.311043322570457637e+00
2.317494530939076647e+00
2.323001458258824314e+00
2.331005073662653526e+00
2.334847614454076847e+00
2.340864223465677352e+00
2.347207524344943508e+00
2.353053684355113973e+00
2.360146274480184658e+00
2.365547651454556810e+00
2.370336089855381800e+00
2.378313072609156364e+00
2.384858843069828094e+00
2.388330343247825560e+00
2.393337430228847484e+00
2.399586884396500253e+00
2.406113356236874612e+00
2.410616801598515213e+00
2.417489699681073745e+00
2.422398069658914910e+00
2.429420413508685428e+00
2.432182372815947069e+00
2.436438559855697239e+00
2.443849856367305673e+00
2.447729040541282153e+00
2.453318423084800859e+00
2.457282240944194118e+00
2.464741913320438460e+00
2.467643839096020919e+00
2.475245764634582457e+00
2.479088938672495690e+00
2.484317144973781755e+00
2.488277994264886939e+00
2.494647197812786654e+00
2.498899936014117973e+00
2.504320848233402508e+00
2.509379002126713498e+00
2.512265886689350580e+00
2.516635875990804294e+00
2.523504864683119298e+00
2.527839448510572407e+00
2.531833219163512450e+00
2.535749523657376159e+00
2.540749004646768672e+00
2.546575847418561800e+00
2.548043127053599477e+00
2.553557834086476408e+00
2.560663701074917586e+00
2.563652585406257955e+00
2.566530029981188843e+00
2.572703878633910701e+00
2.575565836204662507e+00
2.580971205743767261e+00
2.584668855875746019e+00
2.588238042585490284e+00
2.593644561306844398e+00
2.596543173825625050e+00
2.599471497700625022e+00
2.605079940242819081e+00
2.608601860932052041e+00
2.613210010871656497e+00
2.618214478799408163e+00
2.620732917122464478e+00
2.624864082000663679e+00
2.630374659505799073e+00
2.631642984287655640e+00
2.635973789641488541e+00
2.642269110547196487e+00
2.643948444157310895e+00
2.649875297841717270e+00
2.653498034200191036e+00
2.656024179728148749e+00
2.658688480653302655e+00
2.661849968129683219e+00
2.666658665035301023e+00
2.670543310197225129e+00
2.675194897243692971e+00
2.678032888373353071e+00
2.682185467029364112e+00
2.685833085249726082e+00
2.690360431454897228e+00
2.693081046732756167e+00
2.697538413824525527e+00
2.699797224144434349e+00
2.701175905233776042e+00
2.707251700126007687e+00
2.710476907562689330e+00
2.713931773299647521e+00
2.717446246063996096e+00
2.721060279020103945e+00
2.724126254445144557e+00
2.728589018725873672e+00
2.730951151686426215e+00
2.734255586001329341e+00
2.737601144162344013e+00
2.739627408423956911e+00
2.743390424345616196e+00
2.746666090053955678e+00
2.749919988836418305e+00
2.752912608716902021e+00
2.756847581438554684e+00
2.760749569420727134e+00
2.763668845702309973e+00
2.765722171318204747e+00
2.769506781167645038e+00
2.772219042906633124e+00
2.775706259067680648e+00
2.778441377245894017e+00
2.781423168247059596e+00
2.784622090667179251e+00
2.787258949223206717e+00
2.791433646390798717e+00
2.794272066994976100e+00
2.794884340670284573e+00
2.798818456315308900e+00
2.802199466624000657e+00
2.805332418733759159e+00
2.808163893399760802e+00
2.812209132162400316e+00
2.813041953283009988e+00
2.814719899619360532e+00
2.818977179415297574e+00
2.820447905774711828e+00
2.824185114416482012e+00
2.827280939029604756e+00
2.829543211596845964e+00
2.833939811678408915e+00
2.835320836292905877e+00
2.838035427823114798e+00
2.841321321898852670e+00
2.844198158966796619e+00
2.845738327408001922e+00
2.848828327255714665e+00
2.852074387896229357e+00
2.854295910304400774e+00
2.857122521704544837e+00
2.861393862393156962e+00
2.862879093777949802e+00
2.865665905591832985e+00
2.868269456455665889e+00
2.868987969942094374e+00
2.873596694692057696e+00
2.877119640407511447e+00
2.877661983502381560e+00
2.881972560427363383e+00
2.883668657206677644e+00
2.886219404401357380e+00
2.887012108539265487e+00
2.890588631738068681e+00
2.893322156893938679e+00
2.895716443575520493e+00
2.896894802076661612e+00
2.898836234012443391e+00
2.901363002074623942e+00
2.903409389811575370e+00
2.906233867830660955e+00
2.909932573230253006e+00
2.911590620878533819e+00
2.915079907693090000e+00
2.915376310363479995e+00
2.917692738709053657e+00
2.921900712044256387e+00
2.923080996428010447e+00
2.925298579381229835e+00
2.928033108426161490e+00
2.930566080881837898e+00
2.932282661413108116e+00
2.935895614872767290e+00
2.937252465562630199e+00
2.939516162634221441e+00
2.941882498282733849e+00
2.945114154206162294e+00
2.946222089284537660e+00
2.948165123640495544e+00
2.951223104871826486e+00
2.953064781381216974e+00
2.955452923904623663e+00
2.957526712743805852e+00
2.960103099263915905e+00
2.959415844625960190e+00
2.964938170014774332e+00
2.964833609225569155e+00
2.967534724431503790e+00
2.970291585982575810e+00
2.971575084243901266e+00
2.973509029076674803e+00
2.976255547846828886e+00
2.979650310009628100e+00
2.980811253161537167e+00
2.983125421418924894e+00
2.985147210111810612e+00
2.987482823047213909e+00
2.990463171784124352e+00
2.990949444837170734e+00
2.993446563983324982e+00
2.994683334865152258e+00
2.998143641318186337e+00
2.997974186596906065e+00
3.002141380160091799e+00
3.003867369887598393e+00
3.004718089279746263e+00
3.006461927190811068e+00
3.008159477519565250e+00
3.011625963861159327e+00
3.013887401925166909e+00
3.015619278109890722e+00
3.017799375165020948e+00
3.018444037857762385e+00
3.021846192575558199e+00
3.023335047953115140e+00
3.024311639672580654e+00
3.025520548557119938e+00
3.027795803941438546e+00
3.031293154395140022e+00
3.032819400436633117e+00
3.034065806303809509e+00
3.036306690443936418e+00
3.037578615052294317e+00
3.039970953006988275e+00
3.040802832517432996e+00
3.043977382064450232e+00
3.044799799349389158e+00
3.048081165438528473e+00
3.050238463240595443e+00
3.051073730561211228e+00
3.051724416809268980e+00
3.054545108915008189e+00
3.055149711198298146e+00
3.057803732866856361e+00
3.058977353462219106e+00
3.060829515494416952e+00
3.063268581910725263e+00
3.064849118780876847e+00
3.066041537529638372e+00
3.068658165742780941e+00
3.070452534478949946e+00
3.072492881734541381e+00
3.073248125783363704e+00
3.075027996907533812e+00
3.076627095749921992e+00
3.079152230724389039e+00
3.080087749573273914e+00
3.081590334799284570e+00
3.084207111007308377e+00
3.084574829240827043e+00
3.087018011194905043e+00
3.088655747041461730e+00
3.091151802672332582e+00
3.092456444184279007e+00
3.094285683862535663e+00
3.095946720064501001e+00
3.097083518835394234e+00
3.098709158054206991e+00
3.101043389922724547e+00
3.102578833810820225e+00
3.104272479793451112e+00
3.105289195005317637e+00
3.105988906786556480e+00
3.109076519965058072e+00
3.109592952828967416e+00
3.111629248043330076e+00
3.112203545582347797e+00
3.114702354822179942e+00
3.115990462640391812e+00
3.117558207753453381e+00
3.119022606220875460e+00
3.121799629705813484e+00
3.122965069581220554e+00
3.123890182426148243e+00
3.126279669767657587e+00
3.127275459914183209e+00
3.129435608282536752e+00
3.129835607623241867e+00
3.132157442973812156e+00
3.133720255472476790e+00
3.136503138111255584e+00
3.135955502850063858e+00
3.137645861155778704e+00
3.139695553247118021e+00
3.141119481769334865e+00
3.143193289194989415e+00
3.144420125338642347e+00
3.145122401632642450e+00
3.147718432523642917e+00
3.148473194876603376e+00
3.150002265949654934e+00
3.151015435612201987e+00
3.152585886287769590e+00
3.155053885164995187e+00
3.156371244173463264e+00
3.157135612364933230e+00
3.159136169250822412e+00
3.160458433394374378e+00
3.161401840785055040e+00
3.163921510278589366e+00
3.165342204328597475e+00
3.166046426839991934e+00
3.168075824048547151e+00
3.170100324129137892e+00
3.170148633336006494e+00
3.171785083522407955e+00
3.172965075859805584e+00
3.173905530493341676e+00
3.175595711283408118e+00
3.177031137500207603e+00
3.179178887057318548e+00
3.181286664401828723e+00
3.181690498772757003e+00
3.182840012712267797e+00
3.185790775864272284e+00
3.186556548653304510e+00
3.186597461394312436e+00
3.189659420070506179e+00
3.189575166083243207e+00
3.190863246418853105e+00
3.193581806328413819e+00
