-5.927818767136191873e-03
-5.605128861405479085e-03
-7.069781923534088422e-03
-9.616431058824068817e-03
-8.326330331901769799e-03
-1.082949892220531896e-02
-1.510179274055533857e-03
5.179669494922038708e-03
4.244469497894336717e-03
1.155847399293315203e-02
2.210193800939851128e-02
4.290766052208449394e-02
4.409047766314757449e-02
5.902440506377774898e-02
7.686314073162527072e-02
8.239910889498465452e-02
9.514663463066083682e-02
1.287909398717036469e-01
1.520579457296996340e-01
1.549653779720188973e-01
1.778093326088217574e-01
1.938729132105018738e-01
2.115399209495338884e-01
2.310493949244507017e-01
2.576737810765285519e-01
2.719222483579879501e-01
2.834627073056694146e-01
3.146947006491319088e-01
3.399063057695967949e-01
3.516559506091909704e-01
3.676029796138137740e-01
3.900806977303678535e-01
4.170288668215331174e-01
4.266449893664476800e-01
4.474262113521053630e-01
4.729413298051984293e-01
4.833501574326194983e-01
5.102797228767830262e-01
5.281865987402853957e-01
5.436724093852094430e-01
5.676965027059965863e-01
5.939389828948739014e-01
6.093766789466884548e-01
6.283767492695180312e-01
6.458449755987569763e-01
6.701088503233468829e-01
6.839562826328043910e-01
7.065605882572650875e-01
7.278893424580039628e-01
7.462281694618462247e-01
7.649881598618730738e-01
7.855799750836125472e-01
7.949571387870471018e-01
8.194822411056857936e-01
8.364883365145128202e-01
8.517431070143672844e-01
8.696528897496362820e-01
8.882135828711625880e-01
9.103843222236078780e-01
9.243168485128837597e-01
9.404606517471769678e-01
9.562830190538087471e-01
9.789909550876726430e-01
9.903070081583222883e-01
1.012745986024632616e+00
1.029147175458704933e+00
1.044023426236650787e+00
1.060259438340651394e+00
1.077567503562218532e+00
1.093477652953608770e+00
1.107374380673925796e+00
1.125838601656019566e+00
1.142485870342895504e+00
1.157464527241353736e+00
1.173673788171401444e+00
1.185143643154414006e+00
1.202619269040351435e+00
1.217443687842787670e+00
1.227814350693699819e+00
1.248625907131367008e+00
1.262476522708793958e+00
1.275334682234677830e+00
1.292264835014182545e+00
1.304899695422078398e+00
1.319508516790661723e+00
1.335024413718532310e+00
1.351680724719510396e+00
1.362807494996586932e+00
1.377721279744070548e+00
1.392812105031085546e+00
1.404236301207590465e+00
1.417000876979496171e+00
1.430108119719809556e+00
1.442801863321309330e+00
1.456360003930634583e+00
1.472432080314269198e+00
1.483994007081384625e+00
1.496915587179402873e+00
1.507501689514919807e+00
1.521114361668718162e+00
1.533370022773024255e+00
1.545778203772927961e+00
1.557286611797347620e+00
1.572611145149647394e+00
1.580816233977321961e+00
1.592266100092494918e+00
1.605926721653987865e+00
1.618059557369935453e+00
1.631047895929127467e+00
1.639342104402173206e+00
1.652028553690788826e+00
1.661882946743183487e+00
1.672393561574740506e+00
1.685679014963402889e+00
1.699294762518352098e+00
1.705988371209127497e+00
1.715908537197076589e+00
1.726842051422829316e+00
1.740840083957715834e+00
1.751445397595131181e+00
1.759482648993125009e+00
1.770941385744489782e+00
1.779913004339614968e+00
1.791078707434097250e+00
1.800659281693537173e+00
1.808120606518528684e+00
1.820456928862721258e+00
1.832138709533522869e+00
1.842392300418990159e+00
1.849134075191018356e+00
1.858381866591292342e+00
1.869932537887851520e+00
1.876374188503248774e+00
1.887503312497991637e+00
1.896083156110645707e+00
1.906696405456440813e+00
1.914501969007904369e+00
1.923681508959296904e+00
1.933259469072408754e+00
1.942427483743822236e+00
1.951409014420595778e+00
1.959743063118236428e+00
1.969796780077451404e+00
1.976831351740719001e+00
1.984823908505673584e+00
1.993889537986845317e+00
2.002225386356662806e+00
2.009909368271591834e+00
2.019510555920146722e+00
2.024003716040581047e+00
2.035786215171721647e+00
2.043249546446572751e+00
2.048354950952294029e+00
2.058472833366496779e+00
2.065898720124219157e+00
2.075329380564917781e+00
2.082616875224511332e+00
2.088397880984371291e+00
2.097886771111170834e+00
2.103559087870179312e+00
2.113288187420451880e+00
2.117809442167572165e+00
2.125088876661410442e+00
2.134129819989221133e+00
2.142060815873415791e+00
2.149233072564326719e+00
2.155516961783980889e+00
2.161011234885245269e+00
2.168991030692517530e+00
2.175855797135016090e+00
2.184404737054411072e+00
2.189310694091368692e+00
2.195669336549242789e+00
2.205655504254195431e+00
2.209286445757094430e+00
2.216364550940255196e+00
2.224901377920255552e+00
2.229277525120089809e+00
2.234381901090928935e+00
2.243218265885352558e+00
2.249227864626538675e+00
2.254501533894520460e+00
2.260314835463315575e+00
2.264779284896104805e+00
2.273144926020460144e+00
2.278378791513948620e+00
2.283364187801200096e+00
2.291620454656468464e+00
2.296348286181009613e+00
2.302198323595461282e+00
2.308672074072837699e+00
2.313770448699480564e+00
2.319198849895983461e+00
2.325042398724491921e+00
2.332102410780894530e+00
2.337550764040507545e+00
2.341932883778525376e+00
2.348362381169371904e+00
2.357332163003067471e+00
2.359701704832967373e+00
2.364930753216929471e+00
2.370421582366142754e+00
2.375107655177044474e+00
2.381708603747457520e+00
2.385813252250662320e+00
2.389260148644699377e+00
2.394934785335025129e+00
2.402247320350185511e+00
2.407330286133957831e+00
2.412033695869805427e+00
2.418001989261320706e+00
2.421712513288721169e+00
2.426171449083995402e+00
2.430450066808067966e+00
2.436715778036603108e+00
2.441416454181403850e+00
2.447386094512165045e+00
2.451447598280092510e+00
2.456894097034025393e+00
2.460655069394873440e+00
2.464922398401787174e+00
2.470826026178010171e+00
2.473506185114374034e+00
2.478471310310754738e+00
2.481109048153864904e+00
2.488176881044236399e+00
2.492185752107893393e+00
2.495403091145376173e+00
2.502673306152139343e+00
2.506508570283568993e+00
2.509151472650228420e+00
2.514523577186730474e+00
2.519531557013090062e+00
2.524053723649505532e+00
2.527605160746769553e+00
2.531047817741923112e+00
2.535986983938013140e+00
2.538958962877946313e+00
2.544037089241323990e+00
2.548441167845897581e+00
2.551072205133371185e+00
2.556157884356876409e+00
2.560512269470061497e+00
2.564121606025190125e+00
2.569530631130889642e+00
2.572879885841228287e+00
2.577734889151864550e+00
2.581780024111979710e+00
2.582972754344802890e+00
2.587039970440895953e+00
2.590296143981068333e+00
2.595973683253615327e+00
2.599627690034498784e+00
2.603311408582288156e+00
2.606353034853534645e+00
2.609533556838732338e+00
2.612857286362286757e+00
2.618158427196674243e+00
2.621702882459538753e+00
2.627020882103636712e+00
2.628336008860560291e+00
2.632849632437955112e+00
2.635259168590445622e+00
2.639103906364957730e+00
2.644397349415109399e+00
2.646881772180320613e+00
2.650058515060166542e+00
2.654401215480771015e+00
2.657414616002585994e+00
2.660635306162639768e+00
2.663890524255664527e+00
2.666422883195170179e+00
2.670502553537732027e+00
2.673318258972513295e+00
2.676917106534020263e+00
2.681008371467196838e+00
2.683450365091242240e+00
2.687101399677904290e+00
2.689605113629843558e+00
2.693867324117360518e+00
2.696235213344529758e+00
2.699539010286696517e+00
2.703166166700897932e+00
2.707247236938172374e+00
2.709355186616442257e+00
2.714220863642923920e+00
2.715607760794238601e+00
2.718526744649040428e+00
2.720689308815932961e+00
2.724596019493672028e+00
2.729027989214492855e+00
2.731093695558433954e+00
2.733001787910477542e+00
2.737716975369088868e+00
2.741036564737648451e+00
2.742782683650632602e+00
2.747800094382512270e+00
2.749465475949057325e+00
2.751542497417075239e+00
2.753570092012348702e+00
2.758441113732430949e+00
2.761166807336112416e+00
2.764089258791120773e+00
2.766318349821954126e+00
2.768383070393399592e+00
2.772661607983800458e+00
2.775217462583908112e+00
2.777734220288940126e+00
2.780148957874740034e+00
2.784379803430167666e+00
2.785462627893287468e+00
2.787427365217376440e+00
2.791503837741735161e+00
2.794359043805207055e+00
2.795460212245820308e+00
2.797607655476022526e+00
2.801626528568335939e+00
2.803031547976792659e+00
2.807495211169968474e+00
2.808153065031098183e+00
2.813270032346698812e+00
2.814759990037452031e+00
2.816343648302611857e+00
2.818866550541867078e+00
2.823184466703890561e+00
2.825713640367228940e+00
2.828402272139988405e+00
2.830590208098333171e+00
2.831929056432590741e+00
2.834470759081674007e+00
2.836361727984953340e+00
2.838773592556782077e+00
2.842315568449810037e+00
2.845175350804261871e+00
2.848694294127148030e+00
2.849107409033263316e+00
2.851968652107573998e+00
2.855316926992089943e+00
2.856332928569439211e+00
2.859599956320594050e+00
2.860105177842476643e+00
2.863842079715754885e+00
2.865411321177550263e+00
2.867498896598112967e+00
2.870117613271519819e+00
2.873276812845190431e+00
2.876727762929680132e+00
2.877988839692958045e+00
2.880169872967891287e+00
2.882808658357804976e+00
2.883902808258872241e+00
2.885737280714508302e+00
2.888779628881119166e+00
2.891293343692439510e+00
2.892990227039662354e+00
2.895059458224188198e+00
2.897668574219756543e+00
2.900428986521173869e+00
2.902178203807381340e+00
2.904127554140507605e+00
2.906887157982095182e+00
2.907368165804265825e+00
2.911927951233227674e+00
2.913730570730283631e+00
2.915733717262322777e+00
2.917274663400925228e+00
2.917753354963600110e+00
2.921344983781381188e+00
2.922127340758605030e+00
2.924432806286299424e+00
2.926899161769152879e+00
2.929352096794616944e+00
2.931740089719554465e+00
2.932984338391889878e+00
2.935755217138344086e+00
2.937772432053658900e+00
2.939774064914016272e+00
2.941528944821592439e+00
2.944270047933666312e+00
2.944967545152372690e+00
2.946317861119341686e+00
2.950021144420591490e+00
2.951149013825062895e+00
2.953331945780484080e+00
2.955397968688028953e+00
2.956930001269516328e+00
2.957608500219202963e+00
2.962561567435816556e+00
2.962865266441058409e+00
2.966158857821673323e+00
2.967129408892607234e+00
2.968710145957832225e+00
2.971656450174787523e+00
2.972334124085415308e+00
2.975430893719567038e+00
2.977137122479936782e+00
2.978307576140350132e+00
2.981091271679628285e+00
2.982255404772814256e+00
2.983125077415163418e+00
2.986204000364588662e+00
2.987989146461571099e+00
2.990318725518000598e+00
2.991464544378363843e+00
2.993672699401303650e+00
2.996244680633108004e+00
2.997109666789956606e+00
2.999567016633209793e+00
3.000223901372069513e+00
3.003102347942597117e+00
3.004798570015491332e+00
3.006196940936841422e+00
3.007388793803471128e+00
3.009836479769607998e+00
3.012056259003291991e+00
3.013130881414086915e+00
3.014226926775387394e+00
3.016666383015718100e+00
3.018424724773693502e+00
3.019510616206161568e+00
3.022702095115981091e+00
3.022555475199672159e+00
3.023920715461705822e+00
3.025476575558827985e+00
3.028497956828236859e+00
3.028595313344822682e+00
3.031416210480532669e+00
3.033886816079768955e+00
3.034607458296932680e+00
3.035736595409036731e+00
3.037473210431007153e+00
3.040552335239618209e+00
3.042116547328534093e+00
3.044217399602968666e+00
3.044891504426018525e+00
3.046222608754737493e+00
3.048928691937223157e+00
3.050940623357512926e+00
3.051151598495669859e+00
3.051802116636376461e+00
3.055243144996702576e+00
3.056430071729812070e+00
3.057799522586545748e+00
3.059857666622383121e+00
3.061437724459020515e+00
3.063617846778088349e+00
3.064600814391076344e+00
3.066071222822685627e+00
3.067210410564227718e+00
3.068453255873910379e+00
3.070421634593030635e+00
3.072035422257984649e+00
3.074218806231431955e+00
3.075859493539661482e+00
3.077143177852130318e+00
3.079322985928941048e+00
3.080404573767875576e+00
3.081253144948397527e+00
3.082878160526878020e+00
3.084647486728351318e+00
3.085223651917397003e+00
3.087998944560969239e+00
3.089015814848824704e+00
3.091357219048241678e+00
3.092406819514656124e+00
3.094086153396033989e+00
3.095908554902766951e+00
3.096898488563655238e+00
3.097677259352736190e+00
3.099647373493020108e+00
3.101361211937730733e+00
3.102343104567282239e+00
3.103394350346311725e+00
3.105101857749496208e+00
3.106842352488282000e+00
3.107359343901296089e+00
3.109481599642287097e+00
3.111991307661559070e+00
3.111845367477437119e+00
3.114168575106424530e+00
3.114423378273118548e+00
3.117101742905834527e+00
3.118461039116356304e+00
3.119896923790459020e+00
3.121335449404497808e+00
3.122082178443366551e+00
3.123640495846044640e+00
3.125465730003353038e+00
3.126404315845807691e+00
