-5.769335931467397573e-03
-5.127478792593451358e-03
-6.260660927121459822e-03
-8.453395243261515798e-03
-7.442484438929819653e-03
-9.687879022833396567e-03
-1.122794283505453797e-03
5.111730001590692948e-03
4.114356490267296815e-03
1.077984874034380522e-02
2.048862069869404959e-02
3.979531715592933561e-02
4.073100919438706752e-02
5.428743605216328205e-02
7.106628337859553779e-02
7.552534651448966629e-02
8.769341215526207933e-02
1.191676526510536821e-01
1.406295017714336293e-01
1.429717498544188781e-01
1.645091432161603640e-01
1.791288636825500991e-01
1.952702050448625881e-01
2.135668131266673375e-01
2.386063139510391784e-01
2.521543206228461509e-01
2.630716929758113443e-01
2.919562109760487356e-01
3.160413202825715362e-01
3.263340237507968422e-01
3.412876287178401302e-01
3.629074965615264325e-01
3.879589831826683044e-01
3.963318802856797274e-01
4.165081661038529948e-01
4.410425969034134641e-01
4.504496597674780278e-01
4.759479760247586899e-01
4.930052316454888728e-01
5.078173998754658136e-01
5.305429236131582460e-01
5.563396549258452506e-01
5.693743454869019116e-01
5.878911544386161703e-01
6.043482389692794721e-01
6.277000222676409891e-01
6.406359774690529862e-01
6.634998050058981134e-01
6.835151643323983395e-01
7.003055544156887580e-01
7.181972295930297845e-01
7.377451580189611224e-01
7.461018219021723352e-01
7.687001756787132933e-01
7.848619168091035547e-01
8.004117081330075489e-01
8.178459202366262781e-01
8.346560260186595137e-01
8.572745146093209145e-01
8.700826953240459183e-01
8.855788358731505605e-01
9.001257289478588053e-01
9.234624111131765067e-01
9.335102197606355290e-01
9.552439174685735113e-01
9.692942722554289681e-01
9.845600023278027191e-01
1.000624773629738451e+00
1.017378348230112639e+00
1.031964488034623262e+00
1.046213353798097989e+00
1.064511663991020152e+00
1.080163952708361741e+00
1.094942560231851214e+00
1.110716304704983060e+00
1.121244431649603968e+00
1.137299024222165666e+00
1.153332658702581170e+00
1.162766881629207161e+00
1.183340292180772524e+00
1.196406706155169752e+00
1.210094163487107632e+00
1.226322814467402544e+00
1.238868045239754911e+00
1.252897293218652841e+00
1.270238174292695366e+00
1.284079062062114307e+00
1.296111656892576347e+00
1.309419120609834231e+00
1.324084228160000043e+00
1.335258104927552258e+00
1.348743428088806429e+00
1.360738137189339003e+00
1.373574591556305791e+00
1.387283652840086257e+00
1.401055299657894659e+00
1.412823205162617946e+00
1.427138980916339728e+00
1.436390729785565812e+00
1.451179602000316260e+00
1.462056770218315371e+00
1.475035211912003819e+00
1.486201388895596276e+00
1.498784169044337311e+00
1.509039478893944963e+00
1.520387812053890064e+00
1.534202700700056932e+00
1.546151134568170660e+00
1.558323630848514885e+00
1.567694444295387957e+00
1.578784761614580923e+00
1.589459752728934250e+00
1.600730606246611121e+00
1.612875918995819724e+00
1.626894598374472922e+00
1.632195843290068060e+00
1.644226576751625313e+00
1.654354104354420762e+00
1.667097827889868711e+00
1.678949724819246425e+00
1.686233167674209943e+00
1.698472017474673246e+00
1.706700892733961528e+00
1.718523860150836580e+00
1.729207565544685687e+00
1.735685913340625719e+00
1.747692535967236172e+00
1.760208826642227331e+00
1.769310224624387695e+00
1.776251856259213779e+00
1.786167210174914199e+00
1.798595975629306842e+00
1.803548502184075586e+00
1.816027480052505361e+00
1.824570440095986568e+00
1.835752858998646042e+00
1.842544341623524540e+00
1.852339102284679129e+00
1.862076608166558733e+00
1.870427760609963519e+00
1.879614367241511097e+00
1.889027825582954234e+00
1.899077955854638677e+00
1.905782354421858615e+00
1.914605975007983796e+00
1.923804333751407913e+00
1.932054852010396839e+00
1.939137744832267529e+00
1.949335597738194314e+00
1.953111525602382770e+00
1.963864035714163681e+00
1.973141689882811800e+00
1.979603061859650959e+00
1.987393491833203463e+00
1.994975041736856802e+00
2.005476162047340694e+00
2.012091942697854297e+00
2.019206795739541871e+00
2.028356164048035648e+00
2.035390729361540085e+00
2.044137772041769718e+00
2.049338979239786696e+00
2.056785113023035017e+00
2.066222013183267592e+00
2.072750894601450344e+00
2.082024521574881160e+00
2.087255304722252180e+00
2.095263088699623300e+00
2.101090091779114655e+00
2.108542707941076344e+00
2.115337692731783292e+00
2.121562412806285547e+00
2.129130516866321710e+00
2.138383874847033184e+00
2.141497865093046293e+00
2.150528278814609173e+00
2.156252186221249811e+00
2.163182919422441230e+00
2.168801242265299134e+00
2.176247051883062777e+00
2.181354921514497391e+00
2.187997289883608865e+00
2.194551164138633048e+00
2.199095415349135774e+00
2.209920726001315838e+00
2.215231517785803295e+00
2.219374168504258282e+00
2.225645144077649018e+00
2.232745509268815542e+00
2.237855060824244013e+00
2.244787928203644256e+00
2.249965894032133207e+00
2.256322849639024852e+00
2.261858674784836154e+00
2.269120029467024846e+00
2.273860244869200908e+00
2.279291194350703709e+00
2.285548361407868878e+00
2.293218614390863941e+00
2.296641310042679240e+00
2.302405345814062532e+00
2.308036370985902863e+00
2.312706795456469067e+00
2.316738773536252349e+00
2.324582361876078807e+00
2.329532998910040842e+00
2.333785878619520027e+00
2.340178420276163962e+00
2.345932257881877536e+00
2.350809694348966250e+00
2.358144749761291958e+00
2.359909402944076362e+00
2.365463653792861720e+00
2.369513904200692966e+00
2.376768289279756807e+00
2.381247290848632403e+00
2.385674073184953503e+00
2.391524691168672501e+00
2.395659024686861205e+00
2.398717428484308023e+00
2.405936473041435431e+00
2.410037133375589224e+00
2.412607544195017439e+00
2.418057672950395087e+00
2.424713228947688926e+00
2.429248123546072780e+00
2.435505404203772706e+00
2.437817950395656297e+00
2.442790364206472109e+00
2.448111850040008974e+00
2.453003540722565656e+00
2.456007079155805961e+00
2.461253926475988507e+00
2.465910740813670898e+00
2.468821450532709960e+00
2.473287616983192994e+00
2.479498810655395236e+00
2.482067418394979796e+00
2.488180952995684869e+00
2.491924385293277755e+00
2.496167581494390664e+00
2.500358345643990177e+00
2.503655687911425787e+00
2.508331109114805724e+00
2.512293500240700084e+00
2.518013420224868515e+00
2.520969791250023739e+00
2.526437268222438970e+00
2.528922624821710041e+00
2.532650937410065417e+00
2.536109507282930053e+00
2.540010594902626817e+00
2.542887738357679783e+00
2.547832142151878365e+00
2.552472650082585393e+00
2.556518709151434532e+00
2.559201795519213452e+00
2.563336957796396920e+00
2.567540738302527714e+00
2.571671645330910305e+00
2.574646966874867271e+00
2.578966240429148904e+00
2.581265621096247909e+00
2.585535787069113134e+00
2.590381375197176261e+00
2.593361369452190424e+00
2.597973996874584746e+00
2.600718406987885700e+00
2.604262196987067401e+00
2.606515813007882709e+00
2.611274404224574130e+00
2.614341451354385892e+00
2.619423817113357700e+00
2.622668110498543648e+00
2.625694387097654570e+00
2.628093274173235017e+00
2.632460780604870543e+00
2.635633756542684836e+00
2.638838594478390309e+00
2.642112870117626411e+00
2.645248637251848223e+00
2.649333852586298832e+00
2.652165751385192394e+00
2.657128410300114929e+00
2.658274291839693326e+00
2.661900210291640256e+00
2.665203631290175235e+00
2.668399501147999509e+00
2.671311142800213201e+00
2.674408062092347826e+00
2.678472074941373737e+00
2.681049106714552099e+00
2.685376526990109092e+00
2.687601442882262770e+00
2.690604404588790466e+00
2.693284782746657502e+00
2.696877028292527179e+00
2.699481707275881437e+00
2.703291232184629855e+00
2.705752959885565634e+00
2.709807074390783832e+00
2.710774402447091447e+00
2.714637961809415856e+00
2.717750295632521684e+00
2.719646474232470190e+00
2.722345925755241591e+00
2.726132331030295397e+00
2.729116863145687244e+00
2.731635693554395061e+00
2.735196187787471533e+00
2.736798034820760783e+00
2.739588931565265284e+00
2.743792918175003148e+00
2.745042714726146027e+00
2.747643402522815137e+00
2.751409295852592418e+00
2.753962710812825065e+00
2.755914880516196597e+00
2.760088877059702295e+00
2.761130346644908418e+00
2.764818512764161795e+00
2.767714259530118959e+00
2.768566476727447156e+00
2.772786091009996401e+00
2.775983916370881488e+00
2.777263788293255597e+00
2.780465577520074394e+00
2.783896679021523379e+00
2.786692196250054376e+00
2.787774746246753477e+00
2.791092511331719983e+00
2.791637356089803568e+00
2.795596038760165047e+00
2.798539328221054223e+00
2.802682599002373376e+00
2.803619929181464965e+00
2.806675925067767086e+00
2.810063801123137139e+00
2.810975223915472831e+00
2.813521071875448420e+00
2.815006104585040525e+00
2.818096006009176424e+00
2.820963047681084745e+00
2.823323259399280083e+00
2.824279335928575829e+00
2.829374490997397018e+00
2.831958090818421869e+00
2.830790158324516970e+00
2.834630735852355254e+00
2.838175084258956371e+00
2.839303323222204689e+00
2.841776312415189132e+00
2.845450563131084465e+00
2.846872563550365332e+00
2.849537756816437728e+00
2.851570349995785847e+00
2.853509647363540402e+00
2.856094824620539541e+00
2.858522996825090701e+00
2.860473523335723911e+00
2.862420246069586227e+00
2.863937914633272186e+00
2.867671000776572221e+00
2.868059984926193184e+00
2.871803248044304979e+00
2.873384356208463775e+00
2.875242225247126360e+00
2.877942007538462299e+00
2.879575544054069347e+00
2.881243499463623792e+00
2.882835598723131554e+00
2.884911173252098227e+00
2.888731103224927210e+00
2.890421105380772904e+00
2.892483540585051749e+00
2.894206027037534046e+00
2.896195105051814433e+00
2.898340078639287665e+00
2.901507387021524220e+00
2.902757075310057111e+00
2.904920302984731251e+00
2.907581676874856580e+00
2.908958695632593905e+00
2.911003054352329311e+00
2.913593916162562802e+00
2.914771233596360478e+00
2.917116425136211610e+00
2.920102505555007166e+00
2.920875204507762390e+00
2.923750043894398853e+00
2.926174122868039351e+00
2.926968185645112630e+00
2.929471322923482557e+00
2.931223474455221023e+00
2.933191773582856765e+00
2.936839342223352300e+00
2.935914422266165946e+00
2.939180863340640215e+00
2.940843764766017276e+00
2.940757026585169243e+00
2.945144363294717405e+00
2.946487129418610351e+00
2.948468863265965023e+00
2.950242131698410208e+00
2.951664453899179641e+00
2.954338348408991344e+00
2.956254623596030751e+00
2.957876408860426132e+00
2.958898009136616380e+00
2.961254525025202700e+00
2.962122413067685311e+00
2.965386055199019655e+00
2.966011939232179095e+00
2.968584831523200407e+00
2.969708806991720795e+00
2.972392556819818399e+00
2.972247908948492778e+00
2.975242996255269556e+00
2.978667435034708877e+00
2.978307323311482069e+00
2.981343877902503436e+00
2.982226015101039795e+00
2.984594807322300092e+00
2.986831484496073941e+00
2.988254769606974115e+00
2.989551453956645233e+00
2.989923743261444944e+00
2.992515024560095327e+00
2.994318313428367517e+00
2.997549121191790178e+00
2.998337507813071845e+00
2.999591813088079650e+00
3.001333183490628276e+00
3.002919032909547425e+00
3.006016438996315543e+00
3.005725947344299875e+00
3.008734928717711199e+00
3.011216001629172911e+00
3.011716804549029014e+00
3.014065405189448210e+00
3.014579855904852224e+00
3.017220134902398598e+00
3.018398925924880682e+00
3.018411373284206611e+00
3.021132830872133468e+00
3.022714144329063934e+00
3.024622704075087043e+00
3.027229014473210800e+00
3.027563425191580837e+00
3.029297326509665655e+00
3.031911824491162921e+00
3.032925899482248777e+00
3.034368088714350264e+00
3.035707687500967644e+00
3.037464603255819906e+00
3.040056045684850883e+00
3.039856061655170194e+00
3.042406071632675513e+00
3.044673368227561294e+00
3.045933957401619097e+00
3.046485058965004100e+00
3.047157836066610948e+00
3.049592264932165175e+00
3.051170029997267719e+00
3.053045871513333509e+00
3.054162665504941643e+00
3.056570396044204330e+00
3.057734276286126818e+00
3.058837591150088908e+00
3.060406463225951779e+00
3.062063137127950085e+00
3.063366134937926866e+00
3.064658400972092522e+00
3.066450148738795622e+00
3.068055092671838402e+00
3.068973398727141699e+00
3.071776308431546365e+00
3.073112146759892749e+00
3.074286995973622094e+00
3.076040123716729191e+00
3.076932246288871298e+00
3.077910199448345541e+00
3.080427328707042278e+00
3.080421273115276914e+00
3.083605107663926148e+00
3.083986216912275591e+00
3.084826813608257723e+00
3.087582190981724040e+00
3.088186567259179505e+00
