-5.035408702532597966e-03
-2.773163644626885221e-03
-2.267450769172878015e-03
-2.742760778638772719e-03
-3.163019601278753770e-03
-4.260252112878911909e-03
4.073452500187935209e-04
3.970398377691183867e-03
3.029643016977594510e-03
5.955808076056585444e-03
1.092864246103289645e-02
2.128632472413238483e-02
2.146329955703195000e-02
2.776410840358874837e-02
3.726780363983099587e-02
3.780357564271759341e-02
4.558337613259734467e-02
6.272740561639167378e-02
7.346799474807101660e-02
7.415620757714086464e-02
8.655402067304261704e-02
9.302640583462701285e-02
1.019127044469679971e-01
1.122028317553797894e-01
1.262552003929259536e-01
1.348842332137168420e-01
1.419286623915994860e-01
1.544290134079426002e-01
1.724083106908396446e-01
1.735092093121801682e-01
1.835596050582944949e-01
1.976660949591100558e-01
2.074346874081011149e-01
2.145034140665517397e-01
2.271776537476031810e-01
2.453510515642248480e-01
2.482006061379919137e-01
2.619918348456336532e-01
2.742434825706106527e-01
2.868757426126701815e-01
2.970407571940079650e-01
3.186154549083491938e-01
3.158080838432998916e-01
3.305550848090831328e-01
3.394799781145307893e-01
3.552270611547772017e-01
3.647432241805118602e-01
3.810326299634451130e-01
3.923080574708672219e-01
3.998856891878375119e-01
4.147551106703620261e-01
4.237554590691091638e-01
4.308992667927650788e-01
4.415936939777351244e-01
4.530113130348690231e-01
4.629465662094155998e-01
4.792450506718263781e-01
4.829980973176234427e-01
5.023056127418200623e-01
5.086801151162937407e-01
5.192598811614995702e-01
5.314479699969111293e-01
5.458738623855964311e-01
5.539424770589664870e-01
5.684985257487327193e-01
5.774964140863034778e-01
5.850022264662871896e-01
6.002480636816104331e-01
6.095595517234984051e-01
6.195946729314598667e-01
6.329329346220826658e-01
6.448773506629511543e-01
6.519818883275279031e-01
6.651664067971387873e-01
6.749805753729237745e-01
6.852950342057346766e-01
6.936124676912295284e-01
7.058981651101157162e-01
7.153285402107780744e-01
7.270974616033185622e-01
7.375558577480478828e-01
7.478742017174418999e-01
7.585291345400846375e-01
7.670294239233093059e-01
7.751976148594864613e-01
7.920361337981178806e-01
7.974652996330974242e-01
8.075062579973293353e-01
8.196901497363362488e-01
8.262309531332842072e-01
8.368129835722524223e-01
8.474286376365059992e-01
8.573418011895698188e-01
8.666254254567620219e-01
8.770303593739822157e-01
8.839996066299193878e-01
8.968648884088895601e-01
9.060139209099810076e-01
9.168766766797668000e-01
9.252147635812698612e-01
9.321039677464963980e-01
9.439741872984604987e-01
9.513953588947353657e-01
9.607290030383272006e-01
9.716500525958644552e-01
9.822377733505415209e-01
9.900851307517533062e-01
1.000107948865566199e+00
1.008495916776750434e+00
1.019169342762001884e+00
1.027486382133139253e+00
1.035285890343653925e+00
1.045927107032909253e+00
1.054847200888074932e+00
1.063241379543019338e+00
1.072025568721583166e+00
1.082096423686123687e+00
1.090605772434025234e+00
1.096998025548710176e+00
1.108929392041406281e+00
1.114468634501916355e+00
1.124590921849635938e+00
1.134435714148713581e+00
1.140958711764884059e+00
1.151048287419188965e+00
1.157167466425374824e+00
1.166452773052637504e+00
1.175572138675774925e+00
1.183772788880523397e+00
1.192928212068927962e+00
1.200587128531021452e+00
1.210006893697825436e+00
1.219527398806088403e+00
1.227487583906307300e+00
1.234278993176714412e+00
1.242956679586115998e+00
1.250011422349716517e+00
1.255293246817778208e+00
1.267869015327617754e+00
1.274809308923512186e+00
1.283513601395281922e+00
1.290213118360886035e+00
1.296989393208951125e+00
1.305390293521239364e+00
1.313056576410460474e+00
1.321464778783071559e+00
1.329605853551729888e+00
1.337970226689559228e+00
1.345631252712716552e+00
1.353800888075104680e+00
1.360808172531836613e+00
1.367754928489403055e+00
1.375248273727815995e+00
1.382645937117784829e+00
1.388654056463583419e+00
1.397888140941888624e+00
1.404523422251123366e+00
1.413064144342403683e+00
1.419924496700309291e+00
1.426538222272204504e+00
1.433387468609217619e+00
1.439294521131608384e+00
1.447588464338652736e+00
1.455460789084681572e+00
1.461837755621126833e+00
1.470190339121508538e+00
1.477232248982103258e+00
1.483774354045888533e+00
1.491104695679712488e+00
1.498334768431079711e+00
1.504206775251804018e+00
1.511891430602571473e+00
1.516617286275524723e+00
1.524262660986784201e+00
1.530994905635693515e+00
1.539397674556496787e+00
1.543361773427466277e+00
1.552348969468324569e+00
1.559146961610194282e+00
1.565581010909472992e+00
1.571770571379746295e+00
1.578466974190167571e+00
1.585798791493622240e+00
1.590361047277059958e+00
1.597176609926993285e+00
1.604214400994527168e+00
1.611135360368163294e+00
1.619403975432514908e+00
1.624952742778090986e+00
1.630897377513653712e+00
1.636095978582869481e+00
1.643902783767692499e+00
1.648348246505206394e+00
1.655797372669362444e+00
1.660557531415158161e+00
1.667020886781149125e+00
1.674449843426317308e+00
1.681767940100356684e+00
1.684483151737139028e+00
1.692244915721079712e+00
1.698303293669445990e+00
1.703141708430554235e+00
1.708746013043309420e+00
1.716645468576181388e+00
1.722346701376947564e+00
1.728608986431700245e+00
1.733100340300069986e+00
1.740050833649099404e+00
1.745333362361954022e+00
1.751163915327842435e+00
1.757073621964014176e+00
1.763163313849049230e+00
1.767791234293643932e+00
1.773946400266984913e+00
1.780858438972561464e+00
1.785648494523126795e+00
1.789864356843503757e+00
1.796521459876238014e+00
1.802912824766671029e+00
1.806494058998065588e+00
1.812850646230415919e+00
1.817469981191031758e+00
1.823493505357449695e+00
1.829240860724591800e+00
1.833561708697313275e+00
1.839512679488121361e+00
1.846305767992811875e+00
1.850417445362118052e+00
1.855970476171462824e+00
1.860737227840838059e+00
1.864959190313540516e+00
1.871554153754799499e+00
1.877688395732179716e+00
1.881895114050501805e+00
1.885232910074466917e+00
1.891784528446554203e+00
1.897604434238099991e+00
1.902231971066663530e+00
1.908265731725006686e+00
1.910786830147639614e+00
1.917345502919529210e+00
1.923291914676346748e+00
1.925932772941096216e+00
1.931399770622194589e+00
1.936834599584797756e+00
1.941737661560157369e+00
1.947169311880073250e+00
1.951233485878571594e+00
1.956449487664503994e+00
1.961831317886785664e+00
1.965481219168722093e+00
1.971108887790330444e+00
1.975427803630966928e+00
1.980928227441514977e+00
1.984839143138292794e+00
1.989910456916924142e+00
1.994387292029355718e+00
1.999330268606009930e+00
2.004734450819672276e+00
2.010211372806527841e+00
2.012488063161937735e+00
2.017450700980422340e+00
2.021153706845494114e+00
2.026367692646605434e+00
2.028846102053754930e+00
2.036593093166073842e+00
2.040137493663254808e+00
2.044712130677255324e+00
2.049824224708765463e+00
2.053701090486836023e+00
2.056970159114905439e+00
2.061778872739408186e+00
2.066398596726690240e+00
2.071354942681567834e+00
2.075230612318529566e+00
2.079857584810363758e+00
2.084791603667671467e+00
2.087366016654542467e+00
2.092041186906581807e+00
2.096654290838911638e+00
2.100512998916860941e+00
2.103824779757529573e+00
2.108878760394278906e+00
2.113096696227808380e+00
2.118381168825960614e+00
2.120901378334347331e+00
2.125399937333397826e+00
2.128577052033619577e+00
2.133439749058508639e+00
2.137792459562878555e+00
2.140411006046567977e+00
2.145398320858078467e+00
2.149999174977788474e+00
2.153758032486029705e+00
2.157126359125117077e+00
2.160877315729225145e+00
2.164814006884958175e+00
2.167895928735800837e+00
2.172642232653253291e+00
2.176210428680736442e+00
2.179695037021275983e+00
2.185058926981098271e+00
2.187104628666540762e+00
2.193366512476071950e+00
2.196140361258451357e+00
2.199414999447070418e+00
2.202389011203014224e+00
2.206041690748865136e+00
2.210597369688466873e+00
2.214851844951516213e+00
2.217123140094853007e+00
2.220520648351097748e+00
2.224926642134950949e+00
2.229434950679451966e+00
2.233039303841375389e+00
2.235726486383921685e+00
2.239298439851267641e+00
2.242784011003036593e+00
2.246594783146444563e+00
2.251134622320861478e+00
2.253864208322860829e+00
2.257735541055746253e+00
2.262334402117609944e+00
2.264368361471624791e+00
2.267802400228407400e+00
2.270772143445316082e+00
2.274656264491286883e+00
2.279133414193228013e+00
2.281887908401160736e+00
2.283827974950285000e+00
2.289253732259521446e+00
2.290773639189710664e+00
2.296230159885062960e+00
2.298276713830938345e+00
2.300891567993856857e+00
2.305153982069014340e+00
2.309686130201781040e+00
2.313580466554465254e+00
2.316169672484595043e+00
2.318335779710742894e+00
2.321915626492751628e+00
2.326464876965861794e+00
2.328059362499068641e+00
2.330810425524300733e+00
2.334961915162889312e+00
2.338348296012372263e+00
2.339859155076419839e+00
2.345071321376443141e+00
2.348216325591530040e+00
2.351163929908215433e+00
2.351749423246781490e+00
2.356608435814483649e+00
2.360588039030032448e+00
2.364350247571005870e+00
2.367113117467923633e+00
2.368891616914296616e+00
2.372364544393514407e+00
2.375669672671817612e+00
2.378238856718806193e+00
2.381899397970360432e+00
2.384174717799719012e+00
2.387526050679022571e+00
2.390241258095683108e+00
2.394108575711230813e+00
2.396481889988335556e+00
2.399007263872262818e+00
2.401921263528705719e+00
2.405883620045428106e+00
2.409160162397607330e+00
2.411615413385161499e+00
2.413829860285967133e+00
2.416083109391550909e+00
2.418994282124506956e+00
2.422722000866836645e+00
2.426718166659935783e+00
2.426788279387360081e+00
2.431458362921246064e+00
2.434604758256525781e+00
2.436580671780155694e+00
2.440179700025074894e+00
2.443179971572791764e+00
2.445020053498734747e+00
2.447730843385568456e+00
2.451017643733958806e+00
2.453312433000558901e+00
2.455508052047023160e+00
2.459580572918387276e+00
2.461877137940462923e+00
2.465248503316908479e+00
2.467599460401620259e+00
2.469514191190782970e+00
2.473079093756299862e+00
2.474460245616997067e+00
2.477567342057329647e+00
2.479962897559598645e+00
2.482659775349005837e+00
2.484405630525336139e+00
2.487431160652023632e+00
2.490869570186607262e+00
2.493379381201364264e+00
2.496199030644447703e+00
2.497607296521128006e+00
2.499988017912372573e+00
2.502489669252769833e+00
2.505444450864394490e+00
2.509345907431135725e+00
2.511195972658139652e+00
2.512820649566908759e+00
2.516182968933859954e+00
2.517735618257362251e+00
2.519424696153479193e+00
2.524105610048823056e+00
2.525172118162666735e+00
2.526358213085869053e+00
2.530373523442997818e+00
2.531597499647376459e+00
2.534962830162166281e+00
2.536412807907346245e+00
2.540755601654345330e+00
2.542402469278683075e+00
2.545833668260498062e+00
2.547488469892209562e+00
2.550712838121657278e+00
2.551681043784225444e+00
2.554393068745329121e+00
2.556824813962803589e+00
2.559052100721217915e+00
2.561373128753605233e+00
2.563938503346518960e+00
2.565211864355401161e+00
2.568628647894607209e+00
2.570170179409734246e+00
2.573315085814906311e+00
2.574142091198146964e+00
2.578030122713796057e+00
2.578535178113416038e+00
2.581119728706074312e+00
2.583550455282554115e+00
2.586326002372655530e+00
2.588094774692720978e+00
2.590589091423826318e+00
2.593356114184697248e+00
2.594811696103275889e+00
2.597164965370653888e+00
2.599859172674886310e+00
2.600812733951254785e+00
2.603761703735780753e+00
2.605159462351522848e+00
2.607465203269141885e+00
2.610044594273934315e+00
2.612387078097671012e+00
2.614245729918093453e+00
2.616900415019106863e+00
2.618871562613559245e+00
2.620408350277456222e+00
2.623030470685537185e+00
2.624737748970781492e+00
2.625959237740250529e+00
2.630532351538531710e+00
2.631716326371682513e+00
2.632810985912767077e+00
2.635832300728413902e+00
2.638125859394045314e+00
2.640125865115376058e+00
2.641133551968000148e+00
2.643064755681565625e+00
2.645122785811197641e+00
2.648790601638496778e+00
2.649626628251902538e+00
2.651656404275718248e+00
2.652887447491165229e+00
2.655343117046637058e+00
2.658698321298750944e+00
2.660423629222671948e+00
2.662034080905113953e+00
2.664093859818753351e+00
2.665076094486334313e+00
2.668121055733118308e+00
2.669428491413680327e+00
2.671912071991194626e+00
2.673309256527506950e+00
2.675608828289887331e+00
2.677490448105197984e+00
2.679523356986916127e+00
2.681868122853719782e+00
2.683166532107895907e+00
2.684797338330667582e+00
2.687160860573307719e+00
2.689370925714793081e+00
