-1.027382644248038199e-02
-8.626530030841204899e-03
-6.550046982931672160e-03
-8.721218582391991603e-03
-9.512018988666692473e-03
-7.744251031739379960e-03
-1.034664367042910718e-02
-9.473061156768880497e-03
-1.726595469860504189e-02
-1.730483213360888353e-02
-2.422984688526279295e-02
-1.983937643044848820e-02
-2.187777972402639784e-02
-1.523922216156262284e-02
-3.424708047533731991e-04
6.587754804366122673e-03
1.564885954584913433e-02
1.709043661005139533e-02
2.151285591628736282e-02
1.623003371149779259e-02
4.628449119505587475e-03
1.960599523092035334e-02
2.685129076885298463e-02
3.523060756359966406e-02
4.396261684386166407e-02
7.315497510992559349e-02
7.822650861455483773e-02
9.470921798892062426e-02
1.003566790762385336e-01
8.357333796251234515e-02
8.684361483143089588e-02
1.066286964678832550e-01
1.068246607515207086e-01
1.301015850192646928e-01
1.436425097219451996e-01
1.565523356059194127e-01
1.757890902872717154e-01
1.851402654647797963e-01
2.148342767472589954e-01
1.966553731197031862e-01
2.138580299556323561e-01
2.266616747301663792e-01
2.262147774393510335e-01
2.358921578169123623e-01
2.545457576858644044e-01
2.707819897992930769e-01
2.999610307035036616e-01
2.914920835218888784e-01
3.170081584152420473e-01
3.227576891049803720e-01
3.277842070147896636e-01
3.448996611420255265e-01
3.577604831979738220e-01
3.692645827572524353e-01
3.798107022550564760e-01
3.894155710491283284e-01
3.972479351049638119e-01
4.197162368614658079e-01
4.301628620470432929e-01
4.466881780633765731e-01
4.508176876684095724e-01
4.621945068484257235e-01
4.762786004058534028e-01
4.925874379621340005e-01
4.978209461704378724e-01
5.104979896144447027e-01
5.320008623943938142e-01
5.473538173973112597e-01
5.534362440113064219e-01
5.611119431722023654e-01
5.723753261934011460e-01
5.880540493494459398e-01
5.971099903282749422e-01
6.093851372847168824e-01
6.203517641108631242e-01
6.325147135012120225e-01
6.449996491967838752e-01
6.599764449273931577e-01
6.643234417502863476e-01
6.810376518299219306e-01
6.878304115526090445e-01
7.066738637700145098e-01
7.171740862552560269e-01
7.283091754785082639e-01
7.359565623213211172e-01
7.440955053273676789e-01
7.618475824370476435e-01
7.731320786978480575e-01
7.849568185402893139e-01
7.972141115890000185e-01
8.102136490077970210e-01
8.225786279899732767e-01
8.301917840535775195e-01
8.339783085843519572e-01
8.518800789277055641e-01
8.615411944566888636e-01
8.755032142818146568e-01
8.828206452297454598e-01
8.880374104839959815e-01
9.064084945621173617e-01
9.139730611585069608e-01
9.247256544522806099e-01
9.334197603710273627e-01
9.480363341487461071e-01
9.543823447762785905e-01
9.656594786819934217e-01
9.775222654197590622e-01
9.919181263672927074e-01
9.948637827952461210e-01
1.007708781390873831e+00
1.017055215883607033e+00
1.028702155908024274e+00
1.033565669831105982e+00
1.045792558396062999e+00
1.056390172969995600e+00
1.067085144915097761e+00
1.077448671555607751e+00
1.085543592301221549e+00
1.099764109742024321e+00
1.105395034051413594e+00
1.115637293804168539e+00
1.124495901950553156e+00
1.135580888357781149e+00
1.142801987848860890e+00
1.154754075744945263e+00
1.163115655507223289e+00
1.167278066475820664e+00
1.180207565676702819e+00
1.188450378358390847e+00
1.192533066959543975e+00
1.208676506663024064e+00
1.216159563984951175e+00
1.225503618834523190e+00
1.232466397432889993e+00
1.243566085154393708e+00
1.250495941599008676e+00
1.260562069957922304e+00
1.265633325828978695e+00
1.277992559792697325e+00
1.285559236097735702e+00
1.294472848748233318e+00
1.300399047623094217e+00
1.309477039711865132e+00
1.320633412225806769e+00
1.326891508036584844e+00
1.332751616383115456e+00
1.342105684088264805e+00
1.350241553057378585e+00
1.357330162176984434e+00
1.366788777406642064e+00
1.372366673343521803e+00
1.385801751446609886e+00
1.389423807364761121e+00
1.399802292557252859e+00
1.405846219774490979e+00
1.412243427028052389e+00
1.419788543866502772e+00
1.425565155374519000e+00
1.432349755162874994e+00
1.443967281490131205e+00
1.450561306087897240e+00
1.455310533515571381e+00
1.465075526635577940e+00
1.472493186269326459e+00
1.479215514157646405e+00
1.487156496949537887e+00
1.491461113649218850e+00
1.498511214738626363e+00
1.507240900506528369e+00
1.514345134130716142e+00
1.521575505033863074e+00
1.529740853179313520e+00
1.534011039151473854e+00
1.542415169845066991e+00
1.549219516026048016e+00
1.555094671076694857e+00
1.563351964733868726e+00
1.569268117291717557e+00
1.575748541450842977e+00
1.580569800654755497e+00
1.585994430321409521e+00
1.594491769778273449e+00
1.600146467548584139e+00
1.606338218244722116e+00
1.613197020837223716e+00
1.619836112328152611e+00
1.626087169558579237e+00
1.630633988876264429e+00
1.638773938524061835e+00
1.643575053324890067e+00
1.651348925496740838e+00
1.655158206216632344e+00
1.661733833297108776e+00
1.669618318627466902e+00
1.673368849620499255e+00
1.680385491617890414e+00
1.685152170563043228e+00
1.692200101754159469e+00
1.698072962091053517e+00
1.701658516026757217e+00
1.708914349339681005e+00
1.714550175970596335e+00
1.719948493712091908e+00
1.725412049351136901e+00
1.729863815171724939e+00
1.736012508459943815e+00
1.741477285956698928e+00
1.746602291835526399e+00
1.754053892901450418e+00
1.758269975321086420e+00
1.762049077406774966e+00
1.768595093487150161e+00
1.772165370180099675e+00
1.777896476375734558e+00
1.782582940409622729e+00
1.789516363713029357e+00
1.793002904088942806e+00
1.797627764372113912e+00
1.804316736672125554e+00
1.809368572564820532e+00
1.815654735893036165e+00
1.819304750105857904e+00
1.822769658140180438e+00
1.829283933297063180e+00
1.832286530783257872e+00
1.837408432806366232e+00
1.842751903644534117e+00
1.848200565118810257e+00
1.852104828245629831e+00
1.856297607429355789e+00
1.861080440253361168e+00
1.866724303039770883e+00
1.870382067419964711e+00
1.874798658417560659e+00
1.878452299633734945e+00
1.883694696892673992e+00
1.889152978663973359e+00
1.892694684476837530e+00
1.896142437622632793e+00
1.900715521617846404e+00
1.905363118650958754e+00
1.907972480228433465e+00
1.912585226341332767e+00
1.916493979470512921e+00
1.921351048817087515e+00
1.926243259621204018e+00
1.929695616263341851e+00
1.933400329391711026e+00
1.937805147364924707e+00
1.942410026175598770e+00
1.945527704699882676e+00
1.949955195273156416e+00
1.953946504953378183e+00
1.957534481188270670e+00
1.960985909408521133e+00
1.964434059524751586e+00
1.969968138160476112e+00
1.972836101388748764e+00
1.977531299218733496e+00
1.981319683153568878e+00
1.984498917333684442e+00
1.987802257679422091e+00
1.992019554686089267e+00
1.995186599652033710e+00
1.998852515936671015e+00
2.003335876648523417e+00
2.005725278798078826e+00
2.009313418428372522e+00
2.013057633271196689e+00
2.016192556052771145e+00
2.020752028444657178e+00
2.023092216040132563e+00
2.026318323404443955e+00
2.030235456313906894e+00
2.032447222287665944e+00
2.036662310970819956e+00
2.039661843969001964e+00
2.043973569749412800e+00
2.046560136922405349e+00
2.049264827824891722e+00
2.052779291260134364e+00
2.056618309492928454e+00
2.059074559303522012e+00
2.062237044774247963e+00
2.065737497403617784e+00
2.068630122207241406e+00
2.071664420096107406e+00
2.073903917272758246e+00
2.077887190094458880e+00
2.079931362441715947e+00
2.084423982102217465e+00
2.086115803092663867e+00
2.088453957297508712e+00
2.092632266088013004e+00
2.094726527582140729e+00
2.097873499066944980e+00
2.101023862596576475e+00
2.104213349304295821e+00
2.105602467758589391e+00
2.109671553216658779e+00
2.112517254389568500e+00
2.115354940601809730e+00
2.117997246331825512e+00
2.119645375844758206e+00
2.122077463650760887e+00
2.124789343115385254e+00
2.127045673700674655e+00
2.129443446435473231e+00
2.133636202165141160e+00
2.135743795432574199e+00
2.137550610249299154e+00
2.140251329377408140e+00
2.142731604148483626e+00
2.145624482256204058e+00
2.147897514355151305e+00
2.150186839096686953e+00
2.153253079708549400e+00
2.155531685583789159e+00
2.158551930882274039e+00
2.160510779668677106e+00
2.162121615355246274e+00
2.164290383041022281e+00
2.167538859402958540e+00
2.168679884671254943e+00
2.171817359944029580e+00
2.173764026523487214e+00
2.176453506079248701e+00
2.178000839690314550e+00
2.181102879696047658e+00
2.183298153095853067e+00
2.185103965876015852e+00
2.186857084087788117e+00
2.189952849014448422e+00
2.191420681667325177e+00
2.193893144348255664e+00
2.195689498809695550e+00
2.197514083491553194e+00
2.199513271104561518e+00
2.201903003404315662e+00
2.203900547324335601e+00
2.205761811407700890e+00
2.207858796626500197e+00
2.210173269653291417e+00
2.212248125062328707e+00
2.214466219665158775e+00
2.215452362064523673e+00
2.217490271127272372e+00
2.219405735980953587e+00
2.220539800246799977e+00
2.223411836018677867e+00
2.225046130636158193e+00
2.226976884447015248e+00
2.228593196733293258e+00
2.230626792214305709e+00
2.231779462201970876e+00
2.233529259206045836e+00
2.236358443879972402e+00
2.237486793346163960e+00
2.240073540191051205e+00
2.241248230702363564e+00
2.242566801109090679e+00
2.244201956907739604e+00
2.246300841140442373e+00
2.248135809088806170e+00
2.249624804543500556e+00
2.251012759034076272e+00
2.252781242594146693e+00
2.254303737565704679e+00
2.255351720531699744e+00
2.257235728454270784e+00
2.258979816229353510e+00
2.260602159444664139e+00
2.262067131535552278e+00
2.264127196132508679e+00
2.264437755363181370e+00
2.267281155359604838e+00
2.268395315441358751e+00
2.269422921375725544e+00
2.270938151318543596e+00
2.272383365786759146e+00
2.273849015485212011e+00
2.275473104866707175e+00
2.276236257279585562e+00
2.277854517360139663e+00
2.279665459159241347e+00
2.280833002429884182e+00
2.282071286586875747e+00
2.284058390268312255e+00
2.284938406022019031e+00
2.286413468633322843e+00
2.287728986076796645e+00
2.289995511560846797e+00
2.290935435594445568e+00
2.291539546387582060e+00
2.293672769425324276e+00
2.294055394555791771e+00
2.295882210778973587e+00
2.296705144444228353e+00
2.298490864768200304e+00
2.298950305996762644e+00
2.299696741167291059e+00
2.301106835755824864e+00
2.302229850285131718e+00
2.304289250727601157e+00
2.304930035887735595e+00
2.306273727011952435e+00
2.307250287914626607e+00
2.308054282470755059e+00
2.309589841680283140e+00
2.311068224555115069e+00
2.311166525469497302e+00
2.313277428364539645e+00
2.314059481383729189e+00
2.315218734885398977e+00
2.316180342951989157e+00
2.317318254574866287e+00
2.318241178935290581e+00
2.319585689585537569e+00
2.319589695065280566e+00
2.320487077802556808e+00
2.321621366378229911e+00
2.322982413853269534e+00
2.323978886256102605e+00
2.325341646259825090e+00
2.326085165356894358e+00
2.326863509334607727e+00
2.327858680600451535e+00
2.328999574687163676e+00
2.329561509091015115e+00
2.330314099143129258e+00
2.331954245968645534e+00
2.332466827995483882e+00
2.333160662867785451e+00
2.334167008187463921e+00
2.335530964563178991e+00
2.335783038500001574e+00
2.336550572957758476e+00
2.338058533452379351e+00
2.338736449874058820e+00
2.339227819586335855e+00
2.340279656198948732e+00
2.341518279019248805e+00
2.341692814788055799e+00
2.343256529598789495e+00
2.343468161072473688e+00
2.344241579979568613e+00
2.345006444381636967e+00
2.345781789476603318e+00
2.346068316616339633e+00
2.347727622739927078e+00
2.347959003128153643e+00
2.348527610196590398e+00
2.349869729863596657e+00
2.350519094871128978e+00
2.350852585939415373e+00
2.351646200907428597e+00
2.352255323614467208e+00
2.352857712432465664e+00
2.353852687629154339e+00
2.354283606439936616e+00
2.355538485502626678e+00
2.355551310978026169e+00
2.355958549465845042e+00
2.356798982485024396e+00
2.357398100300242216e+00
2.358224734846419146e+00
2.358944550530040818e+00
2.359525332477773407e+00
2.360049181019053144e+00
2.360466140645264499e+00
2.361259069353713880e+00
2.361492545170371660e+00
2.362284902824149935e+00
2.363184447645926056e+00
2.363259314473859174e+00
2.363932340254151665e+00
2.364556026224823970e+00
2.364675105777390929e+00
2.365691870247441209e+00
2.366337207688220978e+00
2.366719345507230177e+00
2.366932047070484213e+00
2.368283719563491374e+00
2.368410264060996973e+00
2.369121263797394406e+00
2.369601416235595170e+00
2.369822006185264396e+00
2.370210504519706607e+00
2.370755909841992803e+00
2.371147650583924182e+00
2.371844471979077884e+00
2.372496225144523851e+00
2.372699365539925775e+00
2.373187808588574033e+00
2.373635490159474948e+00
2.373898079302060982e+00
2.374448817205545126e+00
2.375305599506139842e+00
2.375121092269148360e+00
2.375269391253143958e+00
2.375552257204369244e+00
2.376206282827201921e+00
2.376610047976280615e+00
2.377237064118362664e+00
2.377418790439227436e+00
2.378010417763730011e+00
2.378088815636749676e+00
2.378691243991098325e+00
2.379068660982148753e+00
2.379144499913323774e+00
2.379596336057728134e+00
2.379912179383996573e+00
