-1.054646379857250224e-02
-8.580333858485797091e-03
-6.207889924440169668e-03
-8.072929581886361533e-03
-8.502884270434132169e-03
-6.814591369696245890e-03
-9.081609251292151186e-03
-8.339447168927149878e-03
-1.532190118428880185e-02
-1.545381722567634036e-02
-2.168470961807449429e-02
-1.778536372072550553e-02
-1.953139817132694411e-02
-1.351736048510649400e-02
-1.442978645864731624e-05
6.188824370803609060e-03
1.445410001249371190e-02
1.569409374607933297e-02
1.972736552874535670e-02
1.468613300845900659e-02
4.196673916467471947e-03
1.808358012007338714e-02
2.471629228322429206e-02
3.180441341783796227e-02
3.979396172610445703e-02
6.704884889139783866e-02
7.092890964485229488e-02
8.681321105165212826e-02
9.185378451077869100e-02
7.647235604531864295e-02
7.807973296316246536e-02
9.736391153256135356e-02
9.714388500851244002e-02
1.193117469173958223e-01
1.315284954026381126e-01
1.427411839061201448e-01
1.610182638496905905e-01
1.701164938946465588e-01
1.979545503522072147e-01
1.790856536258920717e-01
1.955400005777839789e-01
2.090746024577374573e-01
2.075234676235215292e-01
2.160127500312960525e-01
2.342286716210837116e-01
2.493741085373106514e-01
2.774078453424855262e-01
2.684640223662743685e-01
2.926626092937117951e-01
2.984070428515207540e-01
3.027208203459895719e-01
3.177602882059407663e-01
3.303159272849743866e-01
3.409148193353717660e-01
3.514665626685642419e-01
3.593310626291860710e-01
3.665645283531152043e-01
3.886403901107511327e-01
3.980312931392925302e-01
4.143564883553239597e-01
4.176912310146604912e-01
4.275394381772424923e-01
4.412360350395791442e-01
4.571950905126982989e-01
4.620598371329253107e-01
4.739383370113202654e-01
4.944714510113531469e-01
5.090843822760193760e-01
5.151873120912673354e-01
5.221572681053849863e-01
5.322654938666515623e-01
5.481147592435622329e-01
5.560748773455143068e-01
5.658526937810542945e-01
5.777610575172364982e-01
5.898477886562506489e-01
6.010467358868872845e-01
6.154723823149750306e-01
6.195886090818760739e-01
6.354120268589844578e-01
6.431094213224954892e-01
6.598868598993398171e-01
6.696442733729217611e-01
6.807465652508173370e-01
6.873465486785790279e-01
6.966757439251520800e-01
7.142603720182925109e-01
7.240212526424089079e-01
7.353173758055726594e-01
7.469459321484194225e-01
7.592326806629769997e-01
7.711759378357322392e-01
7.774174937778219885e-01
7.828584798094661013e-01
7.985026780223900555e-01
8.081316723871424523e-01
8.219797538575522866e-01
8.295296438974258946e-01
8.337406777540448122e-01
8.512506775898797118e-01
8.584041705246308052e-01
8.696451620892915457e-01
8.768963729113571359e-01
8.917037871356834344e-01
8.986280545893534644e-01
9.083748447877000309e-01
9.202931459259329205e-01
9.340561557452761177e-01
9.364709763163276968e-01
9.493225456910857618e-01
9.594087448632868664e-01
9.692743431983471547e-01
9.744727983145143879e-01
9.864822712018367357e-01
9.972873537952438028e-01
1.006086759745630665e+00
1.016966800767964196e+00
1.024309978308916680e+00
1.038696060877242422e+00
1.044177632257292654e+00
1.053910772317834921e+00
1.061885583077061268e+00
1.074879566591388169e+00
1.081004774724870998e+00
1.091791709388336251e+00
1.099992968674763816e+00
1.103388064762946597e+00
1.116704878953636682e+00
1.124891956618205402e+00
1.128171001993208966e+00
1.144820235557802768e+00
1.152120082158043957e+00
1.160879885349510587e+00
1.167542002517752531e+00
1.178938152328002698e+00
1.186693468928611050e+00
1.195556752018600566e+00
1.200358523201048078e+00
1.212048287315967698e+00
1.219126474232959279e+00
1.228718287730544034e+00
1.234471277249059584e+00
1.242366104736062571e+00
1.254563724752890908e+00
1.260799348410723830e+00
1.266360019058592190e+00
1.275230606179058812e+00
1.283573181123025542e+00
1.290622375300498170e+00
1.300544295731123956e+00
1.305726305565990897e+00
1.318828192718310754e+00
1.322695345758577057e+00
1.331426306214665845e+00
1.338197394877604918e+00
1.344871494383502508e+00
1.351618321358786901e+00
1.358247704175060466e+00
1.364875323420288833e+00
1.375921468712819840e+00
1.382049434060068860e+00
1.388055673854157179e+00
1.397623761659160468e+00
1.404231963668100880e+00
1.411417737384871973e+00
1.418535612050331185e+00
1.423849927771470680e+00
1.429996618095545902e+00
1.438353760759265132e+00
1.445800494395747871e+00
1.453186156107769245e+00
1.460668930687973877e+00
1.465888113794797887e+00
1.474376979469539828e+00
1.481371809501406789e+00
1.486802654659698630e+00
1.494291865205816139e+00
1.501250075162015030e+00
1.507086345125119742e+00
1.512221274522396186e+00
1.517861993533000220e+00
1.526598609674672646e+00
1.531096146333673857e+00
1.537875502227808333e+00
1.545470456214037558e+00
1.551552387508006836e+00
1.557959438984834133e+00
1.562176316728091763e+00
1.570886890484846976e+00
1.575380750089378834e+00
1.582797450999906985e+00
1.587367924298778821e+00
1.593610785959181708e+00
1.601459116697775409e+00
1.605953546279732302e+00
1.611992922476836343e+00
1.616891096398479055e+00
1.624160380387224434e+00
1.630376899018488590e+00
1.633762897151549875e+00
1.641277086667336294e+00
1.646745004413955105e+00
1.651908548900404394e+00
1.657261357761626863e+00
1.662591120605360961e+00
1.668786839919835341e+00
1.673966229940667239e+00
1.678946298506403423e+00
1.686558849529845361e+00
1.691071425217480773e+00
1.694774715095375361e+00
1.700842560983158780e+00
1.705487025196970041e+00
1.711396299056576087e+00
1.715458941742384225e+00
1.722406483672830335e+00
1.726401831837412360e+00
1.731062507946207640e+00
1.737539400103922826e+00
1.743368172298458418e+00
1.748723239330486123e+00
1.753170302314992268e+00
1.756500255460787141e+00
1.762641738406692360e+00
1.766705834460488456e+00
1.771212634217337545e+00
1.776724964776196236e+00
1.782257833329117025e+00
1.786417942474311404e+00
1.790473228196371558e+00
1.795948037883387860e+00
1.801246854773717931e+00
1.805232355212840867e+00
1.809417408562774776e+00
1.813149929579922937e+00
1.818002556561489680e+00
1.823960476342705306e+00
1.827835173601813468e+00
1.831350810492785586e+00
1.836164986235409913e+00
1.841003232956958113e+00
1.843901066695886160e+00
1.848109515083687260e+00
1.852341222116467456e+00
1.857734969693454197e+00
1.862361706005232431e+00
1.866402739481042961e+00
1.869701850834417867e+00
1.874843448898074527e+00
1.878780181459267951e+00
1.882507807131815092e+00
1.886615614675916985e+00
1.890823143379774640e+00
1.894663846231993354e+00
1.897714797052361568e+00
1.901927884338764807e+00
1.907462359321495216e+00
1.910098977802913156e+00
1.915759151986359043e+00
1.920061549732583250e+00
1.922500165925886684e+00
1.926122853549016911e+00
1.930532394444534505e+00
1.933522438558022971e+00
1.937677411105700243e+00
1.942321832932277559e+00
1.944528928743938456e+00
1.948660848830210401e+00
1.952230947462727295e+00
1.955542496817743725e+00
1.959991598543803892e+00
1.962510797674830165e+00
1.965828676910677419e+00
1.970153448621420944e+00
1.972479375373235699e+00
1.976498310011302495e+00
1.980005570068685161e+00
1.984551799098011271e+00
1.987404052457568460e+00
1.989741781334514403e+00
1.993781935576458331e+00
1.997578820945960620e+00
1.999941741222441172e+00
2.003343863049650952e+00
2.007253015178553479e+00
2.009759494939861391e+00
2.013536718263231773e+00
2.015547346534789064e+00
2.019724204781433219e+00
2.022193262949382841e+00
2.026640911223358543e+00
2.028494148318335633e+00
2.031121150402695363e+00
2.035618719799976883e+00
2.037631090551672131e+00
2.040722727311683915e+00
2.044156516797153600e+00
2.047363820687443603e+00
2.049061345400930101e+00
2.052919261737041090e+00
2.056323812406603668e+00
2.058913511967020327e+00
2.061479420912884386e+00
2.063914058885429892e+00
2.066288189178466350e+00
2.069204019785088278e+00
2.071842615127337695e+00
2.074297227239847885e+00
2.078318541510170370e+00
2.080532151204235625e+00
2.083026424682671962e+00
2.085631340828951963e+00
2.088170055658079782e+00
2.091284102499746389e+00
2.093608779198223857e+00
2.096122720747626289e+00
2.098955325873804068e+00
2.101577216045331209e+00
2.104835041968637910e+00
2.106818234624416419e+00
2.108929779458276421e+00
2.111161999825826641e+00
2.114067009165219613e+00
2.115713662476631285e+00
2.118853902806070444e+00
2.120901428080144147e+00
2.123833821004045497e+00
2.125442801711995955e+00
2.129107584116735730e+00
2.131148717134507375e+00
2.133345663486340804e+00
2.135229343572594196e+00
2.138268981425567095e+00
2.139316065834600433e+00
2.142297190148827468e+00
2.144456502303116352e+00
2.146271367855669521e+00
2.148507434555562590e+00
2.151027767271080915e+00
2.153220809829351712e+00
2.155252093473480013e+00
2.157292728040474561e+00
2.159683613137172387e+00
2.162048065549696307e+00
2.164176313469742485e+00
2.165509392410092104e+00
2.167654690951419383e+00
2.169621163919237983e+00
2.170875823079667644e+00
2.174399065500840056e+00
2.175893658187054935e+00
2.177629940251881724e+00
2.179652703553998094e+00
2.182089558376794969e+00
2.183183277885623497e+00
2.184795884636978158e+00
2.188033662061403373e+00
2.189200604783518411e+00
2.191736466773216208e+00
2.193207226586979086e+00
2.194738394370026047e+00
2.196542255484180917e+00
2.198526317672623076e+00
2.200754153750856368e+00
2.202202699290577215e+00
2.203544544992122489e+00
2.205466952525655611e+00
2.207356860071089777e+00
2.208374340311058504e+00
2.210627789514916675e+00
2.212543099885300624e+00
2.213940306290956173e+00
2.215724763627064053e+00
2.218058123324628372e+00
2.218539455569013441e+00
2.221381417015868553e+00
2.222734439105622961e+00
2.223751975263142278e+00
2.225532410504166947e+00
2.226744194252576303e+00
2.228295711310057214e+00
2.230065637906168963e+00
2.231180849914392361e+00
2.233012483587320851e+00
2.234907370337429811e+00
2.236256323090354492e+00
2.237241067922418392e+00
2.239781592931482379e+00
2.240871458297814200e+00
2.242446416024104217e+00
2.243757073595594065e+00
2.245740659557671215e+00
2.247265884963098426e+00
2.248194206857878630e+00
2.250393072312446563e+00
2.250565355326321626e+00
2.252503843246731030e+00
2.253272587977909414e+00
2.255325842973060269e+00
2.256074232675752356e+00
2.256607174321580089e+00
2.258493473774433991e+00
2.259653586337480036e+00
2.261799168173609598e+00
2.262551112768659944e+00
2.264023059233819968e+00
2.265170007180251410e+00
2.265874017643842553e+00
2.267589952348366467e+00
2.269203861347286910e+00
2.269412682403348036e+00
2.271743115341452679e+00
2.272668179830669377e+00
2.274077198927043852e+00
2.274930883388899261e+00
2.276296061129385429e+00
2.277462890360752112e+00
2.278563147437618674e+00
2.278874058561964233e+00
2.280007197430621080e+00
2.281420677700121580e+00
2.282656864263617358e+00
2.283739138655376255e+00
2.285298475126321005e+00
2.286079985040258666e+00
2.286889387254389838e+00
2.288050920519455911e+00
2.289210039834134847e+00
2.290045612595177360e+00
2.290927191846547473e+00
2.292569721201740851e+00
2.293208621685982607e+00
2.293951172539649530e+00
2.295192879274909448e+00
2.296528050558768186e+00
2.297083589515133362e+00
2.298008005001659360e+00
2.299789359470234551e+00
2.300101883715086171e+00
2.300912096358748382e+00
2.302146718242458867e+00
2.303270412349709417e+00
2.303493226685358941e+00
2.305351590096530234e+00
2.305711482908724186e+00
2.306453646662895984e+00
2.307164674666629445e+00
2.308099273677703511e+00
2.308614918019877837e+00
2.310324225735461923e+00
2.310885488097827345e+00
2.311332483393770065e+00
2.312660436826248223e+00
2.313723147686858717e+00
2.314223102325538850e+00
2.314896922787309741e+00
2.315546846975933715e+00
2.316416801858840913e+00
2.317331417940164506e+00
2.318149744234945686e+00
2.319004620666357486e+00
2.319304350843852891e+00
2.319901371981684335e+00
2.321083158780405498e+00
2.321722103025665618e+00
2.322510409850721658e+00
2.323458624710901255e+00
2.323787745570394137e+00
2.324628241444144372e+00
2.325177943554349813e+00
2.326084622751748654e+00
2.326540013075785396e+00
2.327130860077192942e+00
2.328198355136051223e+00
2.328548811746854685e+00
2.329351469667615859e+00
2.329926486422402743e+00
2.330388431336412935e+00
2.331433261439258775e+00
2.332059154962013992e+00
2.332367667491903163e+00
2.332726590796457167e+00
2.334263971921827885e+00
2.334493032562499959e+00
2.335218845534416054e+00
2.335760828390082366e+00
2.336153486515664124e+00
2.336710971152292426e+00
2.337278802675844869e+00
2.337646119369807707e+00
2.338550385360557815e+00
2.339460504926138551e+00
2.339628631339550235e+00
2.340191222626432754e+00
2.340637580291596187e+00
2.340801723964999415e+00
2.341590613960348843e+00
2.342637195896964286e+00
2.342483114059261240e+00
2.342876361277155262e+00
2.343159431997618114e+00
2.343870375209139212e+00
2.344443564733514673e+00
2.345100611150522596e+00
2.345227098967238355e+00
2.345954649026775751e+00
2.346290434622467114e+00
2.346616269488031925e+00
2.347145029364969382e+00
2.347499499341306528e+00
2.348065514815377952e+00
2.348324396554591686e+00
