-4.869815776997494551e-03
-6.629802913971344532e-03
-8.410522638245774077e-03
-9.543350801484506291e-03
-1.211385207155375905e-02
-1.446664627389306762e-02
-1.907383653507426294e-02
-2.057037786512332447e-02
-1.882778156420519128e-02
-1.565203784988190502e-02
-1.064575319148573611e-02
-1.780891334159465794e-02
-1.433080555082437771e-02
-4.920718565129084295e-03
-8.110798599875053069e-03
2.255002866701431418e-03
1.236036042197967248e-02
3.205849327975260430e-03
5.583273912538587805e-03
1.720082740495625442e-02
2.747794533228454031e-02
3.616456963103518302e-02
5.298091489547296362e-02
6.714024847571686827e-02
5.326734425130688622e-02
6.511235270990185786e-02
8.909587790171848154e-02
9.187897778041938246e-02
1.171089379226011862e-01
1.209388564003118782e-01
1.318710056036103417e-01
1.388575253493675166e-01
1.561741949828976961e-01
1.543918617126905923e-01
1.804093710935471273e-01
1.976476096262961002e-01
2.127908640915736893e-01
2.322106900476088032e-01
2.403257891214595487e-01
2.428620487200440770e-01
2.655554448260420419e-01
2.754867614052118885e-01
2.878076983310503545e-01
2.999960565909400856e-01
3.094188368841098713e-01
3.302371161570201163e-01
3.465233616419203799e-01
3.580372161819027621e-01
3.687900951213710088e-01
3.950016903920994804e-01
4.015829237032170207e-01
4.115161499362478548e-01
4.321312463565591400e-01
4.318992713100014424e-01
4.497654458212892448e-01
4.718738555115759570e-01
4.890140700563108123e-01
5.045734784228463887e-01
5.188368270011309846e-01
5.275089760587444720e-01
5.420052178846943569e-01
5.540983998417402523e-01
5.747424788775653548e-01
5.829923117210420447e-01
5.990640944042623373e-01
6.129772131334609853e-01
6.224969629301855267e-01
6.380764718043211436e-01
6.510052784547852855e-01
6.627184508708969801e-01
6.698832060604771321e-01
6.949344203053304803e-01
7.104217526058235199e-01
7.099242368017967264e-01
7.366392164575432666e-01
7.455125319740463219e-01
7.583239465403767143e-01
7.684018737913342889e-01
7.827114004869951680e-01
7.906255233277854622e-01
8.072093335742417386e-01
8.204399895868015324e-01
8.298075485831464260e-01
8.479790186023693499e-01
8.611572087533063691e-01
8.781510276645974056e-01
8.903254797349140492e-01
9.006547136699134537e-01
9.127393078091854406e-01
9.221120274977083753e-01
9.373987386761009066e-01
9.520631116311966124e-01
9.614437459036695444e-01
9.723138365944141714e-01
9.856329467828534030e-01
9.935329676009770905e-01
1.005468909624947615e+00
1.019063828049092901e+00
1.027046433098822931e+00
1.043941747253407826e+00
1.062702436175748666e+00
1.069760654078693474e+00
1.082863966851437487e+00
1.090673741897338900e+00
1.103492883965621729e+00
1.108396389700371465e+00
1.122750476059714009e+00
1.137039398499593235e+00
1.151016830274692815e+00
1.162294192138748405e+00
1.168749272332826994e+00
1.178299765640268726e+00
1.189109516055595783e+00
1.201590475460363683e+00
1.208998404509547875e+00
1.219042778161237850e+00
1.237044953207732112e+00
1.243621565179594546e+00
1.253404903292487882e+00
1.264189851007633036e+00
1.274334295394487393e+00
1.282552022482040366e+00
1.303458770481989770e+00
1.308037160115375075e+00
1.313297614170980676e+00
1.325144124209050922e+00
1.333863957277358514e+00
1.345927563317581344e+00
1.358015720154142736e+00
1.364846243780136970e+00
1.377265128192064259e+00
1.386831516089978233e+00
1.391451814431011069e+00
1.403843440962730504e+00
1.412037756618503836e+00
1.426657199704981505e+00
1.433566580576645322e+00
1.442204484488431193e+00
1.451438823876704198e+00
1.459307104617701523e+00
1.468703186304042951e+00
1.479334368658979937e+00
1.487026605354682340e+00
1.500345209632306220e+00
1.505836859433101749e+00
1.515054143291426625e+00
1.523097658708544966e+00
1.530586077190043914e+00
1.537001505356615505e+00
1.549732756259204480e+00
1.558233512273091259e+00
1.564217007281406779e+00
1.577094524723290814e+00
1.582766305439425869e+00
1.591646013892090261e+00
1.600239380207893580e+00
1.608358498993686769e+00
1.616741659273160492e+00
1.624325282894230282e+00
1.633532547871182850e+00
1.641639251719334780e+00
1.651031009678469275e+00
1.658052385574767973e+00
1.663563926190216868e+00
1.670968323481007989e+00
1.678261125390433151e+00
1.688735895856662284e+00
1.696605442749393067e+00
1.706281729035497685e+00
1.711514474368946770e+00
1.718002033971897546e+00
1.724638706529040721e+00
1.735444296219492033e+00
1.741754027986360809e+00
1.749008451255161800e+00
1.756279399289351506e+00
1.762402281023010220e+00
1.771189162378365989e+00
1.778919952742060495e+00
1.786555561849321627e+00
1.791835128788314302e+00
1.799084854082818818e+00
1.805617666520686893e+00
1.813502054028400812e+00
1.820127463696844083e+00
1.827840900207583941e+00
1.833105116229074794e+00
1.841931166141674181e+00
1.849040045083250927e+00
1.856106220990973332e+00
1.862987352887032211e+00
1.869761850505624379e+00
1.875744490902049311e+00
1.884417022948255749e+00
1.889515858383858271e+00
1.895046370724226437e+00
1.902846697766638950e+00
1.908023968749909427e+00
1.913694564283777488e+00
1.921243790222523451e+00
1.927626499788684278e+00
1.935088574479540080e+00
1.939221272110760008e+00
1.946085203945943753e+00
1.951987283758190861e+00
1.959978342841002918e+00
1.965080040753437007e+00
1.973559121964054919e+00
1.980336248007741995e+00
1.984053528533367139e+00
1.987851778267545999e+00
1.993780385445635295e+00
2.001651433411538950e+00
2.007075828127406592e+00
2.012764433806332409e+00
2.017446413905127134e+00
2.024304614378162448e+00
2.031732151143861742e+00
2.035692106121382405e+00
2.041796777986035316e+00
2.044962972486600972e+00
2.054320273779957962e+00
2.059620713713734563e+00
2.061936196207577954e+00
2.070827070581108487e+00
2.076810380602308825e+00
2.078276002480344165e+00
2.085770218248774732e+00
2.091115249998298786e+00
2.095888654677031226e+00
2.102059567587425626e+00
2.107001304384951368e+00
2.112210736310817349e+00
2.118367123758462256e+00
2.122840041347808349e+00
2.127747336449983706e+00
2.130583962411056298e+00
2.136420713635583724e+00
2.143567214465493365e+00
2.147277082745209675e+00
2.151107916924051899e+00
2.156168967349609389e+00
2.163986344627951475e+00
2.168915869144658615e+00
2.171526647495438223e+00
2.178023711310483002e+00
2.183300197790187802e+00
2.186574897347868696e+00
2.193451743164418488e+00
2.196269806530728896e+00
2.201842197618950614e+00
2.207538483798413331e+00
2.212360832504680630e+00
2.216018501155776477e+00
2.219720067133946984e+00
2.225338899730566311e+00
2.229239971895200512e+00
2.233695312996826665e+00
2.238714094354903317e+00
2.245020469187359868e+00
2.249521766300745185e+00
2.254100794164313193e+00
2.257270441908239444e+00
2.261897577408740201e+00
2.265180012108737539e+00
2.270371084959708075e+00
2.275380047978136311e+00
2.279327352091792491e+00
2.284718831417388074e+00
2.288896831513228758e+00
2.293609201735523850e+00
2.296676018795768215e+00
2.299920393956405018e+00
2.305919079250133841e+00
2.309708162594587222e+00
2.314649116375507631e+00
2.320040133516998004e+00
2.322111969051541713e+00
2.327334786442232684e+00
2.329703824227563835e+00
2.333974290582282674e+00
2.339188431112823263e+00
2.343465085876870635e+00
2.346153119233391315e+00
2.350519253571704770e+00
2.354150524000940159e+00
2.360291677612697203e+00
2.362583731567825751e+00
2.367541182903930341e+00
2.370168780213365078e+00
2.374859395498404080e+00
2.377399507013329139e+00
2.382158815944589669e+00
2.385717707146881139e+00
2.388910510513142516e+00
2.394274586361174073e+00
2.397018507047902425e+00
2.400409124334212052e+00
2.404478744155797987e+00
2.407575007039950865e+00
2.413642073920322151e+00
2.415661075555100457e+00
2.418367275829010232e+00
2.423029749269158817e+00
2.429235339237159064e+00
2.431983723263074548e+00
2.434750240925245723e+00
2.438253827798356532e+00
2.441997323770360495e+00
2.445905629882160870e+00
2.449632198371245018e+00
2.451896654270243836e+00
2.455346241557418097e+00
2.459051525850456610e+00
2.463914490742241448e+00
2.464353872444436711e+00
2.469519286580306616e+00
2.472111779531443787e+00
2.475269679562374758e+00
2.479368893411079799e+00
2.483266172312255549e+00
2.486212453584308424e+00
2.490124443660843401e+00
2.493361560561026646e+00
2.497493365917714314e+00
2.500038104074157275e+00
2.503725211991610689e+00
2.507300832905981380e+00
2.510108605534310922e+00
2.511651034406692240e+00
2.516481169963416420e+00
2.518801659754580591e+00
2.523819936706233946e+00
2.525729483990179602e+00
2.528457161709932954e+00
2.531467867241024461e+00
2.535939880549621606e+00
2.538382631236570930e+00
2.541559356887475474e+00
2.545227306797130939e+00
2.548120658682869522e+00
2.551104439307862570e+00
2.552740348173679230e+00
2.555863573337080030e+00
2.559861426589294719e+00
2.562567354007430964e+00
2.565257037379668592e+00
2.569271558913255760e+00
2.571111306882652769e+00
2.575099927689482815e+00
2.577183150155747615e+00
2.579904695905539835e+00
2.584004981008180213e+00
2.585889467235984895e+00
2.589181740758867978e+00
2.593813918098437199e+00
2.595496027708029452e+00
2.598670614365024001e+00
2.600859536405445205e+00
2.602425892762604054e+00
2.607565457053392599e+00
2.610404536308999823e+00
2.611352177339103520e+00
2.613941824984958640e+00
2.617459571905696336e+00
2.621614295853420984e+00
2.623238069577782383e+00
2.626543786901265332e+00
2.628240449776714449e+00
2.631865351112385287e+00
2.634559385840899104e+00
2.636846212636005493e+00
2.638989352489027773e+00
2.642797226876112848e+00
2.645550664857360790e+00
2.648456609296551356e+00
2.650206949130870182e+00
2.651957594453187017e+00
2.654890216012684601e+00
2.658044635509433373e+00
2.660682428791612875e+00
2.663917504730637820e+00
2.666563286279453049e+00
2.668618001066925594e+00
2.671690422067645176e+00
2.675231789565151175e+00
2.675712259540712346e+00
2.679499748849044849e+00
2.681620182844200784e+00
2.684392322232686201e+00
2.687413406454354448e+00
2.688492044003883752e+00
2.692076510397616307e+00
2.694874956676893696e+00
2.697151258439773880e+00
2.700269721723338456e+00
2.702769604107155388e+00
2.702918837481686154e+00
2.706578422621156665e+00
2.709149856353068930e+00
2.712287495413536753e+00
2.714117633681862429e+00
2.716164304798781348e+00
2.718454165206104722e+00
2.720223891773805303e+00
2.723182336217799815e+00
2.726022291765316297e+00
2.727501930021362764e+00
2.731347729358400755e+00
2.734001403296721922e+00
2.735318131249972140e+00
2.737144361247974889e+00
2.740127242499457161e+00
2.742156387010030727e+00
2.745508406464578499e+00
2.746993689996480192e+00
2.749802446078850160e+00
2.751156611760470660e+00
2.755029855210834544e+00
2.756110881280854574e+00
2.759012577392039756e+00
2.761280701030892182e+00
2.763267905055778684e+00
2.764597006189277284e+00
2.767605779052136672e+00
2.770399648919066760e+00
2.772231364743729554e+00
2.773688365004956413e+00
2.775217684879609514e+00
2.778037250938270475e+00
2.780537057883872620e+00
2.782529861518495906e+00
2.785637871733140258e+00
2.786983476256189807e+00
2.789209770031240598e+00
2.790997967482019337e+00
2.794074066463545503e+00
2.795766264161617443e+00
2.797515851181897606e+00
2.799112911156141692e+00
2.802261418624050204e+00
2.804249242568021216e+00
2.805973132313498652e+00
2.808348414363290413e+00
2.811476972010130027e+00
2.812144322092280380e+00
2.814892857786419622e+00
2.816436289872092935e+00
2.818767407852285523e+00
2.821368075034279777e+00
2.823312043528774407e+00
2.825127294780730214e+00
2.826845841074278276e+00
2.829241989163430837e+00
2.831425402384728507e+00
2.833567538460047164e+00
2.835600802616236038e+00
2.837105060014208036e+00
2.839397295448155223e+00
2.840444442766234978e+00
2.842973488043887276e+00
2.844628252018209569e+00
2.848076457023556607e+00
2.848164323396595865e+00
2.850272907132768374e+00
2.852633403622195196e+00
2.855233307845480351e+00
2.856938843460590682e+00
2.859324956057171185e+00
2.860811272020002516e+00
2.862575550549232073e+00
2.864508336900713825e+00
2.865033125084374799e+00
2.867077812927442348e+00
2.869562320011678658e+00
2.871831795301178492e+00
2.874260247834961479e+00
2.875746069013638717e+00
2.878017072190232728e+00
2.878961275996002378e+00
2.880363494913374733e+00
2.882514327505684371e+00
2.885241317066275624e+00
2.886704750777091544e+00
2.887821213770820350e+00
2.890098834097810876e+00
2.892179954248345730e+00
2.894150145032004851e+00
2.894817821823960635e+00
2.897225456576214331e+00
2.898577099107529254e+00
2.901518161698612541e+00
2.903000935401486071e+00
2.905701447493536094e+00
2.906199716405345690e+00
2.909842354216900517e+00
2.909105671697344686e+00
2.912712845343083501e+00
2.912857060186307745e+00
2.915799557479894943e+00
2.918420920856974465e+00
2.919410446282459048e+00
2.920569486427124772e+00
2.922905996712872767e+00
2.924521818331935030e+00
2.926499374054324143e+00
2.927795298865043527e+00
2.929486212236457110e+00
2.930258978404320924e+00
2.933034579305894951e+00
2.934755874252700014e+00
2.936156932039835965e+00
