-4.761377491239546234e-03
-5.574985173912797541e-03
-6.773392103685776586e-03
-6.524712312310177072e-03
-6.798811375923768767e-03
-7.907238839895813082e-03
-1.021562186219593382e-02
-1.090974871060249388e-02
-1.022688892592768170e-02
-8.515230163836696314e-03
-5.773903759839113005e-03
-9.851355410164268009e-03
-7.673570692564092230e-03
-1.747396594045018490e-03
-3.421728498192869086e-03
3.391903864300977074e-03
9.774356018871643501e-03
3.097818634084328459e-03
4.349440345293349025e-03
1.194895764504747167e-02
1.783471184166092460e-02
2.427550522404234648e-02
3.448533039724235166e-02
4.582025496505515855e-02
3.505854044889449017e-02
4.284084385899333824e-02
6.047253890839036916e-02
5.953873597019646025e-02
7.761717901245053508e-02
8.126089002256829674e-02
8.792246229384984013e-02
8.861607537538435109e-02
1.012872335255497053e-01
1.009024797392898409e-01
1.233832495079159319e-01
1.344599055493117534e-01
1.412717787999809294e-01
1.575089964523139485e-01
1.642327113880108491e-01
1.626214681495355974e-01
1.814812547761348593e-01
1.873540212084724432e-01
1.946273619566745994e-01
2.038508919414248888e-01
2.091803366765769556e-01
2.215139587049745340e-01
2.296667973066657820e-01
2.418998389044867414e-01
2.531753242702178275e-01
2.698801026422399385e-01
2.733200123847178142e-01
2.834707078203790309e-01
2.988902601772912559e-01
2.970121276144916944e-01
3.073626195303537090e-01
3.284505193556592761e-01
3.411919823465247026e-01
3.543648598623983514e-01
3.632763118552033710e-01
3.651992513184177946e-01
3.771279601315603580e-01
3.852227282738274194e-01
4.028334887617960880e-01
4.066704241818690502e-01
4.195965920037330044e-01
4.358570401982531650e-01
4.382037751079262966e-01
4.446094740049383875e-01
4.575295666158451513e-01
4.668614898043930705e-01
4.742345419541414975e-01
4.933935525116417420e-01
5.029256216289644810e-01
5.037709050041082603e-01
5.255442321223673385e-01
5.321085334539776834e-01
5.439238940366513120e-01
5.502761421338011605e-01
5.548805044735523051e-01
5.671910114532815461e-01
5.814608977360612441e-01
5.906108587332844495e-01
6.030150474375174374e-01
6.182087712338180108e-01
6.233710943600953014e-01
6.349173579894734631e-01
6.456539940325163318e-01
6.535993081922240044e-01
6.660445870141253888e-01
6.717370121635534153e-01
6.824946473802629976e-01
6.970024051814359689e-01
7.084138113933015068e-01
7.120290981730186264e-01
7.234637725707538936e-01
7.347337905270672209e-01
7.387045596491759181e-01
7.540636536436587933e-01
7.616870622132446700e-01
7.747026186772499878e-01
7.851457261272364319e-01
7.935297677251821336e-01
7.999349898333022457e-01
8.149262685740744638e-01
8.234727786851679943e-01
8.259553615354893186e-01
8.382886579809913918e-01
8.490893678928344013e-01
8.591632690470372147e-01
8.677316909218099061e-01
8.749712586161467742e-01
8.836324083461940537e-01
8.924944135799331990e-01
9.030144420880659162e-01
9.158228815688704838e-01
9.217346854957539914e-01
9.313098007661352318e-01
9.440977056511431487e-01
9.518034045155029377e-01
9.585083875367759187e-01
9.671694025797851202e-01
9.745617857557762331e-01
9.853657905911653581e-01
9.908446264132202419e-01
1.002561108174351512e+00
1.013428896048947259e+00
1.020681009731139177e+00
1.026701720945347951e+00
1.037837571952563431e+00
1.049008954593630083e+00
1.054756711810371339e+00
1.063431419007636158e+00
1.072780608588434381e+00
1.080199287732195979e+00
1.085946794851968100e+00
1.095802222870283948e+00
1.105829215235812679e+00
1.114349176915969686e+00
1.121435998503474751e+00
1.130552530496823138e+00
1.138368088111262555e+00
1.145440703588845643e+00
1.155057296274279999e+00
1.164522350453102595e+00
1.171437326026496528e+00
1.182120443206097882e+00
1.187651614523902222e+00
1.194129730026931124e+00
1.203206199752500760e+00
1.211611562116562180e+00
1.216233637354612762e+00
1.224391885970372851e+00
1.233817584612827423e+00
1.242737633860696134e+00
1.248779524643604866e+00
1.256722141195717901e+00
1.261867404181047814e+00
1.269714772655573976e+00
1.284263103073494783e+00
1.289274072549559058e+00
1.296856600037866736e+00
1.303319120231629658e+00
1.308625194896450017e+00
1.316138083668665804e+00
1.321261533915241371e+00
1.332161265572262332e+00
1.342550470639023885e+00
1.348212240986504495e+00
1.354352098916049796e+00
1.361915695720879338e+00
1.370191495258142433e+00
1.377589533240923148e+00
1.385918793661875092e+00
1.392194715408265893e+00
1.399357189104858401e+00
1.406306567969920707e+00
1.413347874439485841e+00
1.420763849544628199e+00
1.427058095732433918e+00
1.434531999505333388e+00
1.438332698909896123e+00
1.445835324772166697e+00
1.454725468320559933e+00
1.460738346244094377e+00
1.467554844980720308e+00
1.473357896318719940e+00
1.480579285014481217e+00
1.486683906278754463e+00
1.495875984341543674e+00
1.499054219524376785e+00
1.507602237242257726e+00
1.515172110577962306e+00
1.519294087968899198e+00
1.527229200960614763e+00
1.533314178340178247e+00
1.539311827799071164e+00
1.546735247285480952e+00
1.551719408517742815e+00
1.561003854107190891e+00
1.564728864918257578e+00
1.572888691221337787e+00
1.577527246970855668e+00
1.582657521841134729e+00
1.590288207453425251e+00
1.596703345036344812e+00
1.602047977024625203e+00
1.611797784303754755e+00
1.618686029753329203e+00
1.620618126270773507e+00
1.626330063546574278e+00
1.634091737993651039e+00
1.637675431676859805e+00
1.645342979403266570e+00
1.651434923265063137e+00
1.657141671642077707e+00
1.663925400366241369e+00
1.667899079312875843e+00
1.675322058812867665e+00
1.681484594171746005e+00
1.685067027742182422e+00
1.691312185332488616e+00
1.697440669667731550e+00
1.701553058978766408e+00
1.707283208284193554e+00
1.713562173953262491e+00
1.718080632480725178e+00
1.725142647414089403e+00
1.731154645779201973e+00
1.737920696317184488e+00
1.744219474189576458e+00
1.747451281609079476e+00
1.752072356425280475e+00
1.758465130383366715e+00
1.763772800676939534e+00
1.769746859708372089e+00
1.774180353321669346e+00
1.779064421087027226e+00
1.785275293858441081e+00
1.792241818423215394e+00
1.797428951645474449e+00
1.798721734748392809e+00
1.806829560255259315e+00
1.812824994353758878e+00
1.815023567784660008e+00
1.820481600677993805e+00
1.825359096983021123e+00
1.830927639398015394e+00
1.837419340160339809e+00
1.841813256942441468e+00
1.847746940995196541e+00
1.852143889733987470e+00
1.857043414599446107e+00
1.861372746720410198e+00
1.866056285685692151e+00
1.871388785966775492e+00
1.877964060202588215e+00
1.881856191513447740e+00
1.887973634239159315e+00
1.890861645967591986e+00
1.895373605166508657e+00
1.900293480411559877e+00
1.905324413671228179e+00
1.912439976499545891e+00
1.916963978882318953e+00
1.918018266391585680e+00
1.922619195667019776e+00
1.930449513313784227e+00
1.933884384758077113e+00
1.937166504180329651e+00
1.942339619507982063e+00
1.949474605969724994e+00
1.952786635741360577e+00
1.957988832307136162e+00
1.960606361132250619e+00
1.964198803834076523e+00
1.971077256848540848e+00
1.976551105653169937e+00
1.979490284211907758e+00
1.983321681111255508e+00
1.989187854060547878e+00
1.992893925009375344e+00
1.996630106018121964e+00
2.000942167291828611e+00
2.005545794211547772e+00
2.010336249239080164e+00
2.014331642294695524e+00
2.018666013323112907e+00
2.022097039929464657e+00
2.026656796654321635e+00
2.031461273288745595e+00
2.033734024469294965e+00
2.038531343470967094e+00
2.043398579186405772e+00
2.047735974448267715e+00
2.050380364049043891e+00
2.054959653165338462e+00
2.059693920992213823e+00
2.066029289511766009e+00
2.067877246450352757e+00
2.070765962332673737e+00
2.077401293777243918e+00
2.081155836068502296e+00
2.083880589363444447e+00
2.088292382599648889e+00
2.091845065519802649e+00
2.095258985334597313e+00
2.099560807176450439e+00
2.102846345149274487e+00
2.106617185103142109e+00
2.111461434740655729e+00
2.114991468935687013e+00
2.119932659821933907e+00
2.123026961097242538e+00
2.126708354440060234e+00
2.129838371418636189e+00
2.134450584711591326e+00
2.138801472227557454e+00
2.142597705077067261e+00
2.145031150612587201e+00
2.149301290235494655e+00
2.152429088396846435e+00
2.157318141899966069e+00
2.161036623781163346e+00
2.163373025319591747e+00
2.166769044402581557e+00
2.170705397291126104e+00
2.174939291956943244e+00
2.179070151439256087e+00
2.181405112809596147e+00
2.185132036675430101e+00
2.188919376822719975e+00
2.191677996251539806e+00
2.195728974527154431e+00
2.200323461502617040e+00
2.202469543955821951e+00
2.204851271537406898e+00
2.208423629466998772e+00
2.213718930454326550e+00
2.216538142208012374e+00
2.219248775531271090e+00
2.223409508520981959e+00
2.227106851309573976e+00
2.230364294604777253e+00
2.233344769862358525e+00
2.236558525684564369e+00
2.239365321106420836e+00
2.243554114173365477e+00
2.247501794123162533e+00
2.250898361392918545e+00
2.252702437227842580e+00
2.256006019482150737e+00
2.259912177413243572e+00
2.264150237900895313e+00
2.268107759178537908e+00
2.268960572615260851e+00
2.272552454625140328e+00
2.275691667693939380e+00
2.278617771694491090e+00
2.281804857756472238e+00
2.284532551631838881e+00
2.288208582029533922e+00
2.290971472814427923e+00
2.294258365864964677e+00
2.297676540254490973e+00
2.302118570446500811e+00
2.304346086412389027e+00
2.307378381579304527e+00
2.308921456930444371e+00
2.312239937058952144e+00
2.315288890157104706e+00
2.318557136516760764e+00
2.323007585694719879e+00
2.325433060381332240e+00
2.328607093863208188e+00
2.331008209716793900e+00
2.334330901102433131e+00
2.337561956045633327e+00
2.340848093825897092e+00
2.342957310026956730e+00
2.345015555691656761e+00
2.348876189908435830e+00
2.351788258027734280e+00
2.355421797968744624e+00
2.357849679247013608e+00
2.360172175067842382e+00
2.362736651156451817e+00
2.367042957844942119e+00
2.369382509630596712e+00
2.371470838252820901e+00
2.375163926134888914e+00
2.377309813669777672e+00
2.379115443862581447e+00
2.381724219651466523e+00
2.384278553204678186e+00
2.387344881823825649e+00
2.390031209284511071e+00
2.393580880653506604e+00
2.396433414272800544e+00
2.399782939079388999e+00
2.401231080216052138e+00
2.404847048414683108e+00
2.406979030143296949e+00
2.409967404986856021e+00
2.412894731191346231e+00
2.414012178328808211e+00
2.418450646208582189e+00
2.420993356854181044e+00
2.423661740689178501e+00
2.426422150598793515e+00
2.429131984381976750e+00
2.431625073081932431e+00
2.433865594611470229e+00
2.435527433239406569e+00
2.438593978998496947e+00
2.441499737241012546e+00
2.444249652321976995e+00
2.445563629254366322e+00
2.449288411385990294e+00
2.452605498520896710e+00
2.453914361888203999e+00
2.456124325512923701e+00
2.459266715087896849e+00
2.460954982493778864e+00
2.463782786233095212e+00
2.465545865990416807e+00
2.469752056601968615e+00
2.471779198635428720e+00
2.474085758912672794e+00
2.476908944838080107e+00
2.478383862558058759e+00
2.480408263681119774e+00
2.483646959277429289e+00
2.487064598222620049e+00
2.488348075626609202e+00
2.490190826066791541e+00
2.493184636318217517e+00
2.495826401646244364e+00
2.497028293300110668e+00
2.500535855602397994e+00
2.502220333869856095e+00
2.505457424145501655e+00
2.507962596706279523e+00
2.510397182326492782e+00
2.511374941455918108e+00
2.513227477420394429e+00
2.515661851044585617e+00
2.519182295948720451e+00
2.521383709273916640e+00
2.522678997171405868e+00
2.525308099518031923e+00
2.527087756483196390e+00
2.529547551852243004e+00
2.533157198381129405e+00
2.534053520518551483e+00
2.537330931981857773e+00
2.538247884675660870e+00
2.541131471089636218e+00
2.543363465060163975e+00
2.546179969990134406e+00
2.548705590459155790e+00
2.550274832749899190e+00
2.550753256544847858e+00
2.554260223879875724e+00
2.555867926354881803e+00
2.557351929436289417e+00
2.560387846333018746e+00
2.561853787754142076e+00
2.564956188554838423e+00
2.567020633408027219e+00
2.568579064493631492e+00
2.569949103519494571e+00
2.572027424185960864e+00
2.575451635375232584e+00
2.576675387511861537e+00
2.578840247893150472e+00
2.582261329949703477e+00
2.583511268065217248e+00
2.585469224970681434e+00
2.586961317005073369e+00
2.589517133806678029e+00
2.591239931939445018e+00
2.594028908763409635e+00
2.595285761787175183e+00
2.597684129942456455e+00
2.599038114707003633e+00
2.601702486159000571e+00
2.604556662297956127e+00
2.606096648231129631e+00
2.607691906039495411e+00
2.609875837693705236e+00
2.611480368658785522e+00
2.614256859705168967e+00
2.615499230528886887e+00
2.616298618077321336e+00
2.618970500731230278e+00
2.621048021735107980e+00
2.624053038764509349e+00
2.624270299019362263e+00
2.627345323929461518e+00
2.628479664242596048e+00
2.629972583129090768e+00
2.633412024855823930e+00
2.634964491374189421e+00
2.635919068823886935e+00
2.638719509544714459e+00
2.641036195048897195e+00
2.642020309629048658e+00
2.645823940567520349e+00
2.646148329671098587e+00
2.648777818238861936e+00
2.649796594206212497e+00
2.651908627281278186e+00
