-4.843625646312460856e-03
-4.728773235679017452e-03
-5.437345199972912040e-03
-3.961598404005014541e-03
-2.241502044692382425e-03
-2.231253355330479766e-03
-2.492696475788225632e-03
-2.564692964570710557e-03
-2.846776462758444492e-03
-2.455713446261217209e-03
-1.889913946909191258e-03
-3.309521392341168832e-03
-2.241713668487032435e-03
2.847653513706021309e-04
2.221573181008359358e-04
3.103584419704220106e-03
5.645922322461150063e-03
2.839288627060992248e-03
2.984101905159278114e-03
5.801068772549357322e-03
7.741203519401634869e-03
1.061182351897108425e-02
1.445866320823834504e-02
1.999767846259694129e-02
1.546107635589250538e-02
1.878926672234806222e-02
2.671274722168622689e-02
2.513653925284195165e-02
3.272128007704923347e-02
3.504399143624294111e-02
3.721910877982605170e-02
3.569660422965349744e-02
4.120924232831604112e-02
4.274197052026647292e-02
5.387946218914292651e-02
5.829609497804485313e-02
5.941273412400234488e-02
6.747757127282889844e-02
7.184858219732462303e-02
6.906962406720135172e-02
7.848512562287604521e-02
8.085098261441517331e-02
8.329999522128259115e-02
8.687184512835849359e-02
8.790528098732912354e-02
9.483647308593294578e-02
9.801380517109103963e-02
1.037722873605037843e-01
1.114007717914144990e-01
1.168269452727128815e-01
1.177227363234233659e-01
1.249585552273576039e-01
1.331968339915251265e-01
1.323378235166992600e-01
1.347222475070004033e-01
1.430283045945243414e-01
1.504495682855711280e-01
1.604279612817419154e-01
1.623498942616493912e-01
1.600474469118258747e-01
1.680024352723895609e-01
1.706380807012246870e-01
1.772893121270353867e-01
1.840348876344919948e-01
1.858646626768570009e-01
1.920779554806099076e-01
2.012482135886385914e-01
1.997027005759056395e-01
2.069442783967522514e-01
2.108899215190534748e-01
2.171491234134596549e-01
2.284210196552638183e-01
2.296438426638893193e-01
2.312408381651775702e-01
2.425597099636491449e-01
2.438038483938501644e-01
2.515335941765093897e-01
2.560472210716067121e-01
2.563274956022942863e-01
2.678208055180341107e-01
2.759879793748667987e-01
2.771276610430013498e-01
2.854233070804275685e-01
2.970372316502191135e-01
2.935885290971025907e-01
2.937562081421905003e-01
3.012911687601085853e-01
3.078566850955599676e-01
3.172865749084895493e-01
3.163453539447600438e-01
3.201429856470660029e-01
3.310932997453343019e-01
3.365349971062228662e-01
3.406990696070185121e-01
3.461959838905597220e-01
3.555583101327569051e-01
3.574264761608808016e-01
3.667385074123504229e-01
3.656422835080372913e-01
3.728340826484681791e-01
3.778721273873671960e-01
3.876896993793115254e-01
3.887873160158309971e-01
3.955537031815859472e-01
3.978445167506374225e-01
4.033742114728500749e-01
4.115263080258647066e-01
4.130224093818637421e-01
4.221999727490276522e-01
4.235229748404643058e-01
4.289330822906011753e-01
4.335449511876338091e-01
4.371924607429437670e-01
4.481236269237532377e-01
4.537922449066792430e-01
4.522248430175345169e-01
4.617798974043607618e-01
4.694527813958642715e-01
4.724764365690555801e-01
4.761179752694332801e-01
4.838239125984045153e-01
4.862982810776015907e-01
4.925737248611919417e-01
4.983019559539145771e-01
5.063740126430196220e-01
5.110957504353713654e-01
5.173892885513924345e-01
5.199375648283787177e-01
5.250720196774256721e-01
5.322402596054272017e-01
5.345930789413260165e-01
5.414597834245031827e-01
5.465430170940528409e-01
5.489388507435956077e-01
5.523102962894137491e-01
5.636242842168336376e-01
5.657618381051938705e-01
5.717724347039276900e-01
5.819055571847817632e-01
5.813872842228827720e-01
5.868096341868479504e-01
5.942608740994395067e-01
5.989029561520259337e-01
6.056180874798294811e-01
6.078051963816863967e-01
6.117109181087899694e-01
6.186228956954491487e-01
6.256844867312707503e-01
6.330348821641076373e-01
6.346100377291120642e-01
6.383241369702200574e-01
6.430524025698997059e-01
6.478489137755377714e-01
6.527519676991053732e-01
6.567391324403152320e-01
6.639931723383891704e-01
6.671548850300922373e-01
6.719321097708994550e-01
6.782351104095692973e-01
6.845701657018742337e-01
6.870826573764916567e-01
6.930933476070652022e-01
6.972645826916307188e-01
7.039251068886613893e-01
7.104577206929796329e-01
7.147057731711228268e-01
7.174689580681570256e-01
7.223675385321399744e-01
7.275062507602199080e-01
7.303123417152731500e-01
7.381789006672544451e-01
7.459004753120782594e-01
7.458433189683355558e-01
7.506099677467673592e-01
7.575311645974216468e-01
7.605820676249844814e-01
7.664042413423379774e-01
7.728018275449121122e-01
7.765309769505810422e-01
7.794893340134030346e-01
7.863041448928693722e-01
7.890439472978616475e-01
7.947461762017420384e-01
8.007366087253526832e-01
8.029697267674928973e-01
8.081509651217290147e-01
8.131758928661715347e-01
8.175298452726673659e-01
8.228977409719369085e-01
8.289141149258889563e-01
8.345567723138617167e-01
8.341039334131025162e-01
8.417834143081748266e-01
8.478703908239950682e-01
8.500344321492299127e-01
8.551571915193111328e-01
8.618250768787063532e-01
8.663609627362900412e-01
8.692470549979218752e-01
8.736532711262158246e-01
8.802102960646226437e-01
8.830346759852821803e-01
8.875858222941893638e-01
8.924511978140909907e-01
8.966018657256200619e-01
8.996091384395561441e-01
9.054853424954208974e-01
9.090364423708772179e-01
9.160800694199328076e-01
9.187274452728536600e-01
9.232872441977346689e-01
9.308275609349511148e-01
9.331909001706248930e-01
9.366238664829080740e-01
9.434538710109795501e-01
9.484378926165450974e-01
9.520911084062919638e-01
9.554457453889015905e-01
9.603524306214237249e-01
9.658624818031915638e-01
9.687531453334479181e-01
9.732360992744940598e-01
9.796600111601621030e-01
9.814370476989914271e-01
9.845535615319613854e-01
9.916978710156233445e-01
9.952801540370710409e-01
9.993903912813972834e-01
1.003927502981070141e+00
1.008964470225328869e+00
1.013581320256902618e+00
1.015786189623885560e+00
1.020798248326446389e+00
1.026684585552198659e+00
1.030517456170707113e+00
1.035550137803646020e+00
1.038305435738281046e+00
1.041830549977850406e+00
1.047025787274447284e+00
1.052661937185966234e+00
1.057138266028906148e+00
1.058442449235099003e+00
1.063476782179309854e+00
1.069299463378679871e+00
1.072858580409513429e+00
1.077130537586377557e+00
1.082353411395403642e+00
1.084668285822809830e+00
1.088355970678435591e+00
1.092928476769121193e+00
1.095930711979798966e+00
1.099513006094598122e+00
1.104920233897633386e+00
1.109521476511629690e+00
1.113529787505906032e+00
1.117953346854909658e+00
1.122087165325813540e+00
1.126119927130704745e+00
1.131821191569024165e+00
1.135162398397102868e+00
1.138802430786296505e+00
1.142252125071812729e+00
1.145501533913863890e+00
1.151624227958935265e+00
1.155997119189089206e+00
1.159805475920529183e+00
1.163886010480229327e+00
1.168938438568403404e+00
1.170710060775864925e+00
1.175104263931147530e+00
1.181093011143631522e+00
1.182257836223732594e+00
1.186214039842052426e+00
1.190325310982109919e+00
1.194071783647713936e+00
1.198539386847529142e+00
1.202754971431621467e+00
1.207151265715625588e+00
1.211278402836401868e+00
1.214644756918824786e+00
1.219997614285109666e+00
1.223603586303893431e+00
1.226070619190340327e+00
1.230680084621784021e+00
1.233955923203613247e+00
1.236565354798472294e+00
1.240783477927633438e+00
1.245721408783526885e+00
1.249720745352362439e+00
1.252093550100869424e+00
1.257079461787333985e+00
1.260387841297748723e+00
1.263546876314765255e+00
1.268665448289760134e+00
1.272245690885142722e+00
1.276750863254738855e+00
1.281447184053232879e+00
1.284524985215459214e+00
1.288035820893014050e+00
1.292610333789001142e+00
1.294447018452340448e+00
1.298128268351268488e+00
1.303211868939597506e+00
1.306499871401819890e+00
1.309615882056187175e+00
1.313579854218960286e+00
1.318811990513630628e+00
1.321697316362845820e+00
1.323618427637303752e+00
1.327433292765939798e+00
1.332919382765900052e+00
1.337037242158129136e+00
1.338763055974476313e+00
1.342421683798638687e+00
1.347191125516606913e+00
1.351618391934451990e+00
1.353694879441299070e+00
1.356700884995584611e+00
1.361058431427831339e+00
1.365447597694433801e+00
1.367848842314499880e+00
1.370703782806099058e+00
1.374444388112266546e+00
1.376889586060616510e+00
1.381475246123519351e+00
1.386153952704987757e+00
1.390604993230438735e+00
1.393754957865243060e+00
1.396549756208686377e+00
1.400287600209731309e+00
1.402434111919628412e+00
1.406403229105341435e+00
1.410975275397218009e+00
1.414375760726587661e+00
1.417179314289459757e+00
1.421396648255774942e+00
1.425594651354408215e+00
1.428054005842102736e+00
1.431684161802828870e+00
1.435454744092395707e+00
1.438613385439484249e+00
1.441650678567821142e+00
1.446511175597993581e+00
1.450505632736866612e+00
1.451543276039716446e+00
1.454903567017310273e+00
1.459116131090037571e+00
1.462945395085952560e+00
1.466117933836055265e+00
1.469117380429737718e+00
1.472759621129658303e+00
1.476242573441693962e+00
1.478699881535949334e+00
1.481097680058357291e+00
1.485117251730305510e+00
1.489098976132931629e+00
1.492866254249297420e+00
1.495562041549661103e+00
1.498394369811676841e+00
1.502449344210802229e+00
1.505791141100188302e+00
1.508743784647623265e+00
1.510980655710139509e+00
1.514822404162610159e+00
1.517537100341227685e+00
1.520852041711514557e+00
1.524168070402057928e+00
1.527951780809065019e+00
1.531221491162748194e+00
1.534413686724795722e+00
1.537506698781161196e+00
1.540621192553387919e+00
1.544773490969360896e+00
1.548097390586292255e+00
1.550665985092861465e+00
1.555124616292869799e+00
1.558988688287478830e+00
1.561366989297022778e+00
1.563693835974981683e+00
1.567236552005393246e+00
1.570264250672132489e+00
1.572964820398643937e+00
1.575900152978542801e+00
1.579768978424547443e+00
1.582982643298343817e+00
1.585598447402019051e+00
1.589016977057785329e+00
1.592141862406285968e+00
1.594568238506119284e+00
1.597455714744923760e+00
1.600085806582463688e+00
1.602947488874108650e+00
1.607569230589430909e+00
1.611091862121136309e+00
1.613967640707370199e+00
1.617024590417051488e+00
1.620039577329163372e+00
1.622526394169826247e+00
1.625151979164477956e+00
1.628440178087239953e+00
1.631971753338077535e+00
1.634632959419550780e+00
1.637133135127347927e+00
1.640572809504310170e+00
1.643282923613452295e+00
1.646193912773541657e+00
1.650373937984889183e+00
1.653532848869453398e+00
1.656106886459521643e+00
1.659027444801828954e+00
1.661836755383308217e+00
1.665052674504205132e+00
1.667575741579806925e+00
1.671140753298001824e+00
1.674005848107962047e+00
1.677562596606633205e+00
1.679101169644024560e+00
1.681851789149205745e+00
1.684559887337800932e+00
1.687968116196592039e+00
1.690775265640687808e+00
1.694075925271171679e+00
1.696663596010857589e+00
1.699421225633128918e+00
1.702762828944135221e+00
1.705513373745376482e+00
1.708454134099691046e+00
1.712305857278011656e+00
1.714171175147416681e+00
1.716459559437919946e+00
1.719697051744624616e+00
1.721804678208181061e+00
1.724681457588777889e+00
1.727385031143255034e+00
1.730540755607139491e+00
1.733259270055909074e+00
1.736546448242956231e+00
1.739878569986619272e+00
1.741737761087383873e+00
1.744247519453170803e+00
1.747338536609363002e+00
1.749660001226482686e+00
1.753073138618629789e+00
1.755740506040919469e+00
1.758548156775125992e+00
1.760404109528691974e+00
1.763048028648955601e+00
1.767128908762817696e+00
1.770439306766184107e+00
1.773080884869842944e+00
1.775465248194921575e+00
1.777703498821897377e+00
1.779977746118338811e+00
1.783154548623790081e+00
1.785492551196824040e+00
1.789331335558794756e+00
1.791881031487820852e+00
1.794833575823842287e+00
1.797114710890523659e+00
1.799939287749543926e+00
1.802484162290137526e+00
1.804567586385360967e+00
1.807757574992780114e+00
1.810215147749799414e+00
1.812857750907745258e+00
1.815440018302309388e+00
1.818147082504030454e+00
1.820595405837341030e+00
1.822645532136540014e+00
1.825560388305025317e+00
1.829164765654150759e+00
1.831800986474599657e+00
1.833301482679468020e+00
1.835987628227081725e+00
1.838305257631471124e+00
1.840931228123326324e+00
1.844018967357121452e+00
1.846463929085102817e+00
1.848768364564134625e+00
1.851166513050459317e+00
1.853471150923853950e+00
1.856829830968276474e+00
1.858955790249228857e+00
1.861379666690648582e+00
1.864391631650454961e+00
1.866684652805379319e+00
1.868602332617169237e+00
1.871811093914246493e+00
1.874224178108229610e+00
1.876630547676470639e+00
1.879556434889293248e+00
1.881290424987253074e+00
1.883556085405220681e+00
1.886143010493182226e+00
1.889541082222690127e+00
1.892207767170475341e+00
1.893903397814964640e+00
1.896002304847539399e+00
1.898729370897116908e+00
1.901719327935193826e+00
1.903557270636218934e+00
1.906127395956003667e+00
1.909443308992628374e+00
1.910585177013023106e+00
1.913376834969213292e+00
1.916889917171079150e+00
1.918751210257974460e+00
1.921722058435783476e+00
1.924705972363419226e+00
1.925818798606645954e+00
1.927975957402800367e+00
1.930101594291397493e+00
