-4.877145873333751068e-03
-4.701143648568132001e-03
-5.382172911443252640e-03
-3.859249643874289749e-03
-2.046796871333391322e-03
-1.984209536957890277e-03
-2.152881367856631159e-03
-2.201627168817426889e-03
-2.543467101304874856e-03
-2.228765256968438888e-03
-1.778386365769986420e-03
-3.098611533371181670e-03
-2.096062371436327107e-03
2.472580320397589041e-04
2.504865961752845548e-04
2.917854817676968776e-03
5.250346451805448442e-03
2.667806782852489428e-03
2.727720190232272093e-03
5.250223516672100979e-03
6.960981733883818932e-03
9.572404949591679230e-03
1.307687823388696199e-02
1.819309328295298095e-02
1.406430845593775736e-02
1.714501101114340384e-02
2.443587543002728041e-02
2.293019266375952159e-02
2.985042808274667239e-02
3.197976332112599518e-02
3.389355639260425296e-02
3.237571594687761040e-02
3.740029585077146029e-02
3.891044941069267404e-02
4.919335966326328358e-02
5.324134723607799186e-02
5.418521679962072513e-02
6.163490593240008447e-02
6.573044423286565630e-02
6.303052796338821928e-02
7.169959792339268556e-02
7.382253436584608475e-02
7.596467026049234794e-02
7.916010543555151990e-02
8.003374577744289120e-02
8.659293923897641576e-02
8.955145684575402387e-02
9.476384361764175757e-02
1.018491186048632174e-01
1.067117917250446635e-01
1.074825051349826421e-01
1.142698314792152947e-01
1.218932035674886588e-01
1.210633037674359591e-01
1.231280964249245602e-01
1.304686592025117997e-01
1.374311189500776464e-01
1.471031297198429622e-01
1.485685307596101845e-01
1.460751995276262094e-01
1.536928611088125562e-01
1.559159513572776212e-01
1.620715418808978125e-01
1.683863376575292503e-01
1.700052648757747475e-01
1.751126164362140358e-01
1.844482277265095393e-01
1.827991909832159811e-01
1.896093584471331139e-01
1.928708835029683821e-01
1.988882948691312880e-01
2.094560501104094363e-01
2.102431419543857039e-01
2.118061313614461871e-01
2.222931415383531395e-01
2.231281039081504103e-01
2.304609087240765686e-01
2.344658300230611780e-01
2.348419753370579732e-01
2.459690801454585685e-01
2.535564076308479131e-01
2.538378161827796742e-01
2.617357982946335593e-01
2.728483601706599981e-01
2.689990939833524219e-01
2.689232064478482287e-01
2.758366383041679359e-01
2.817972009118728249e-01
2.907933048265631815e-01
2.894689451869246755e-01
2.929992390942308678e-01
3.036055191544989040e-01
3.085693110888930724e-01
3.124347445650039190e-01
3.177086973718153962e-01
3.264632880449716001e-01
3.273395287063362025e-01
3.365605847387574401e-01
3.353754351467669870e-01
3.417383829124792660e-01
3.469013539442443173e-01
3.557703101303980597e-01
3.565462751221311621e-01
3.624766033449876024e-01
3.646380330438989126e-01
3.706737028080609453e-01
3.776638245955057926e-01
3.789367462304701339e-01
3.878944434867964697e-01
3.885019587004069352e-01
3.936126222082554360e-01
3.975016839872352326e-01
4.009305185362673773e-01
4.108727271176844664e-01
4.165133594737623346e-01
4.149537118297892957e-01
4.234917514082153778e-01
4.305508045233736869e-01
4.330943712321728145e-01
4.366495927229196439e-01
4.444962655146085240e-01
4.461970770393612895e-01
4.519691794802839779e-01
4.576620894420823094e-01
4.647393696019606057e-01
4.688622400855665395e-01
4.750636383032187937e-01
4.773834830108923954e-01
4.822728022010528415e-01
4.884315070756544697e-01
4.905112915761095094e-01
4.973707059725548940e-01
5.014809128087920342e-01
5.037233982252209419e-01
5.071531400871939210e-01
5.174572632365463942e-01
5.190208541089440519e-01
5.247925496674336054e-01
5.349388664792887882e-01
5.339506256839209319e-01
5.387579659791138509e-01
5.460766022153742405e-01
5.500446876159889031e-01
5.560354054527865131e-01
5.581731987846015874e-01
5.615624814030977241e-01
5.682332494961752634e-01
5.745812349908350214e-01
5.817816314072014050e-01
5.827394641838459233e-01
5.862455300981314066e-01
5.896510793733493738e-01
5.947764818008632881e-01
5.995793725811300323e-01
6.019927770552863100e-01
6.099093355779151571e-01
6.125968732820084028e-01
6.171691989458427674e-01
6.222681024725669197e-01
6.284804528413980851e-01
6.304489467315713691e-01
6.361365058088692681e-01
6.402804234367995839e-01
6.463364713103443293e-01
6.530147710096327884e-01
6.562213853712431932e-01
6.581125661978336483e-01
6.631122761555345857e-01
6.680620109652178895e-01
6.706223415939368548e-01
6.778397425663460485e-01
6.847903982855271243e-01
6.847494734019293761e-01
6.890873855369501477e-01
6.956117868029513263e-01
6.985119834747415268e-01
7.036023785571851041e-01
7.094330982052500234e-01
7.124239486028450807e-01
7.154394184563848125e-01
7.217156629071180829e-01
7.239462310682306390e-01
7.297084323519469340e-01
7.355842301016783935e-01
7.375786307105198780e-01
7.419076249774237963e-01
7.460918305700754427e-01
7.503148705146850395e-01
7.548815541038365051e-01
7.611851779969388554e-01
7.665132862673492697e-01
7.656804882892878084e-01
7.727092897954291884e-01
7.778655758084611627e-01
7.801516266112029641e-01
7.847144388613993549e-01
7.915128394776225207e-01
7.948681281373818353e-01
7.980192345369768736e-01
8.013971702750805060e-01
8.078908201343505402e-01
8.105887147928908520e-01
8.143063508779111448e-01
8.189610933620042887e-01
8.225603527176933438e-01
8.251945933958927393e-01
8.304887947426036199e-01
8.341050196821536700e-01
8.404792963208167489e-01
8.429056107321142299e-01
8.471612010970690498e-01
8.545252571118404639e-01
8.562474336151928433e-01
8.591789653508289382e-01
8.658846944747956575e-01
8.703639743310085386e-01
8.732497238893601743e-01
8.761768493990429452e-01
8.808499713566413369e-01
8.859735771906812607e-01
8.883596498580834666e-01
8.922842973782247888e-01
8.988554050179199395e-01
9.002088256607385652e-01
9.025679148908616334e-01
9.095344972232968228e-01
9.129596877455459225e-01
9.162930305226366645e-01
9.208211947916198348e-01
9.253119590316447596e-01
9.293039901578659112e-01
9.314031668574662692e-01
9.360218361454718528e-01
9.415237035680729116e-01
9.446122539820385189e-01
9.493258136716474782e-01
9.521295787471427685e-01
9.553321087799951927e-01
9.598635403682814760e-01
9.650110651804573170e-01
9.688623721711452363e-01
9.700736129203566538e-01
9.752040438948729184e-01
9.801065216605777675e-01
9.831758581031264654e-01
9.872123588180669040e-01
9.918561394832197120e-01
9.939755161955069473e-01
9.972858717187945699e-01
1.001441465636581762e+00
1.004156069472970092e+00
1.007519454889513000e+00
1.012397791551195247e+00
1.016321423484626285e+00
1.020259421801465116e+00
1.024203240253093172e+00
