-7.589054485294747555e-03
-1.053085303220324502e-02
-1.526519640718204500e-02
-2.137305381158068757e-02
-1.727234968985863831e-02
-2.244183330861807338e-02
-5.729449343524588290e-03
5.228329446031097782e-03
6.122756500135817341e-03
1.917965915705676858e-02
3.674520659117450766e-02
6.931255825442131369e-02
7.467777507271483595e-02
1.022544784820281910e-01
1.275371609246152838e-01
1.455205448138934821e-01
1.631694542128223901e-01
2.105453215496962405e-01
2.473753746158081079e-01
2.577695291784993792e-01
2.896220997542687248e-01
3.163499798500177262e-01
3.504193742799053268e-01
3.790196880057402629e-01
4.160869608217217519e-01
4.346175830808938212e-01
4.560422370784805723e-01
4.975375886362722877e-01
5.305347064174069649e-01
5.555057059636624439e-01
5.833909749582798510e-01
6.142589968373326492e-01
6.408249693288277093e-01
6.719857754304257025e-01
6.944309080139394741e-01
7.289709357027254200e-01
7.462701166619044590e-01
7.797255740378423727e-01
8.052565231506142451e-01
8.257566676337028122e-01
8.585771636816289520e-01
8.887987830600774242e-01
9.171044446784203386e-01
9.418147517001230762e-01
9.627669400283997980e-01
9.936088132049708532e-01
1.014445350483414110e+00
1.035711853886258416e+00
1.061224682319768187e+00
1.087009294655841618e+00
1.113864229609880407e+00
1.135403179527464612e+00
1.154369830691237775e+00
1.181019977422965939e+00
1.207516265393003385e+00
1.226255514615113285e+00
1.249217391647708064e+00
1.268599679915231038e+00
1.294589549886630886e+00
1.312936331555185410e+00
1.333271860387289287e+00
1.358144187605113906e+00
1.376670696196633736e+00
1.396269040674494644e+00
1.415904298419223162e+00
1.436628320807531667e+00
1.456343079223549664e+00
1.478210572069105444e+00
1.493204577432760027e+00
1.509890601389969556e+00
1.527808944605040908e+00
1.552494686415572200e+00
1.567228003228027244e+00
1.582421781084845991e+00
1.605117231313607506e+00
1.617319620961853666e+00
1.635807900443053686e+00
1.655135702012910270e+00
1.668599885851244302e+00
1.684765977833007522e+00
1.702600533790624038e+00
1.716710529230461857e+00
1.733553388503102699e+00
1.750447967958201012e+00
1.766268161049029395e+00
1.784424771869510984e+00
1.795851082351188177e+00
1.811763409784054257e+00
1.826107720461018769e+00
1.842321463306137774e+00
1.854854640618106343e+00
1.871411774786541526e+00
1.882803277441150058e+00
1.896582898106932147e+00
1.911175269919642705e+00
1.920939099093281088e+00
1.936893382482992143e+00
1.949264509364335929e+00
1.961576080890263585e+00
1.974762881485455868e+00
1.988585911646983062e+00
2.001961873305593720e+00
2.015575106488098900e+00
2.027680826058678942e+00
2.040737406729708603e+00
2.049797786137596667e+00
2.062777799951097890e+00
2.072920453724322432e+00
2.087994412936970079e+00
2.095031237332790841e+00
2.109207937855325010e+00
2.117678049577331301e+00
2.129352075037695524e+00
2.139392540444079671e+00
2.148046697333139132e+00
2.162678181123343979e+00
2.171566240175395013e+00
2.184019214734969072e+00
2.191224651550053082e+00
2.200358632437643180e+00
2.208724406134348506e+00
2.222037656168803998e+00
2.226919015603182395e+00
2.242069034893948043e+00
2.250004437097087973e+00
2.260869910578086728e+00
2.268346576895265088e+00
2.277324317868993919e+00
2.285893651691194517e+00
2.294502788308195651e+00
2.306186386408322075e+00
2.314238031035632748e+00
2.322468981177628677e+00
2.330885607631330014e+00
2.339953138002542232e+00
2.347101445212418369e+00
2.354429275951277045e+00
2.366040209930486693e+00
2.374024528788752253e+00
2.380503035749137020e+00
2.388587339587863845e+00
2.395521246650894387e+00
2.408831980050502253e+00
2.413606527037189142e+00
2.422254030694611426e+00
2.426601093517732899e+00
2.437239844446598802e+00
2.444066581230640800e+00
2.451898156905033765e+00
2.459760918859114742e+00
2.468607281177960910e+00
2.476047497013166954e+00
2.481538972294695000e+00
2.489424537105413560e+00
2.495980498371652700e+00
2.502841634585810660e+00
2.511110957695284363e+00
2.515630974902842265e+00
2.523799018234476055e+00
2.528454722849490022e+00
2.534579394307641120e+00
2.544628893971209838e+00
2.548878081467214063e+00
2.556857029070716880e+00
2.562589565089143484e+00
2.568887340838823530e+00
2.575541582813439589e+00
2.582467322790997777e+00
2.588285396857492593e+00
2.593433008424816055e+00
2.600287763465102930e+00
2.607213811135839610e+00
2.614903829092818821e+00
2.617841763719246817e+00
2.626431013196740327e+00
2.626714721999606539e+00
2.636911262273921253e+00
2.641955241330349313e+00
2.644696412618285031e+00
2.651039623228639286e+00
2.658762370311510637e+00
2.664756523946452571e+00
2.669160514240414450e+00
2.675806497400162520e+00
2.679940896767712299e+00
2.687050327612226841e+00
2.692630030654517004e+00
2.697894498224813642e+00
2.700184203086293255e+00
2.706437621217430589e+00
2.712040896215327734e+00
2.716634309937907332e+00
2.722152720184495056e+00
2.726207205327345839e+00
2.728545456693492355e+00
2.738754479232039962e+00
2.740882450752383903e+00
2.744377315269217465e+00
2.748451691248704254e+00
2.755923647901505014e+00
2.760523541890071986e+00
2.765496457050762746e+00
2.768335960369156634e+00
2.775224452973946931e+00
2.781182183420713550e+00
2.784771565175421237e+00
2.790455471600101767e+00
2.793662995953487993e+00
2.797244376726134796e+00
2.802871567719971591e+00
2.807340428265785448e+00
2.813183369394671285e+00
2.815854092883186777e+00
2.820777514178979040e+00
2.823980607249106711e+00
2.828615537791584256e+00
2.832980244358663136e+00
2.839921180143266888e+00
2.840798874770440019e+00
2.846025249810956392e+00
2.851349633402250561e+00
2.855455961423848610e+00
2.858707741698401250e+00
2.862598035533117091e+00
2.867353043024253978e+00
2.870402584996279316e+00
2.876888388235332883e+00
2.877648753454815633e+00
2.882832337268350642e+00
2.887172583552451766e+00
2.890279294049993286e+00
2.896942691675712389e+00
2.897197661364403043e+00
2.901779167449718866e+00
2.904165921594985100e+00
2.908465762237203212e+00
2.912846037183111747e+00
2.918497567460389686e+00
2.920676552378429491e+00
2.923402487054211019e+00
2.926801094433534089e+00
2.933350821314705481e+00
2.934329865740922028e+00
2.938129597068532828e+00
2.942434843680664436e+00
2.947055974360582198e+00
2.949847478195948280e+00
2.952841248233714300e+00
2.957502858711854365e+00
2.959767935254964843e+00
2.964878065531562967e+00
2.968456849132797615e+00
2.970746972071167225e+00
2.973307800168722537e+00
2.976947015984299227e+00
2.980332671807139899e+00
