-7.370660995866428616e-03
-9.918660050934367117e-03
-1.424996149395788177e-02
-1.993593199360563228e-02
-1.618279066515311906e-02
-2.104450507421661357e-02
-5.224741602052741622e-03
5.240805995920769754e-03
5.775093230185168042e-03
1.817592046051565158e-02
3.496886648139178877e-02
6.631398966987718524e-02
7.108040365539518290e-02
9.717680126726660483e-02
1.217263474959878328e-01
1.381770649243225790e-01
1.551432452018701169e-01
2.014566232761234588e-01
2.370200915762393501e-01
2.463580837248074695e-01
2.773240341814697807e-01
3.030493157729578502e-01
3.351806748259215096e-01
3.628982790358887822e-01
3.990366682318226554e-01
4.170854036292797051e-01
4.372367301081987456e-01
4.781408063228898553e-01
5.104491973527149895e-01
5.340358424805687898e-01
5.605039368039141934e-01
5.903161258099962616e-01
6.178978244909428819e-01
6.464093701071799147e-01
6.687152637778998043e-01
7.025059511670252999e-01
7.186673296329729732e-01
7.519233387255204182e-01
7.764552178425684348e-01
7.969246926332641534e-01
8.288366697324681676e-01
8.587699516853223303e-01
8.860581436992049920e-01
9.101636165402426926e-01
9.304802535358419613e-01
9.607139028389624080e-01
9.809634674889783357e-01
1.001746427736984968e+00
1.027244633358374459e+00
1.052916137488201009e+00
1.078946158681086009e+00
1.101106694828599686e+00
1.118233784844232748e+00
1.145466649698201556e+00
1.172322727161319245e+00
1.188978119022317870e+00
1.212906390544622681e+00
1.232234363027562285e+00
1.257654885410973700e+00
1.275520134379650283e+00
1.295478909309272009e+00
1.318621796565301540e+00
1.338051401315040634e+00
1.357352130782798927e+00
1.375486014345358443e+00
1.397088451855058588e+00
1.417356726394610078e+00
1.437179398255140184e+00
1.452807204666658469e+00
1.469765699772597412e+00
1.488165166215404511e+00
1.512042482781578823e+00
1.528264209936911255e+00
1.540940984120870771e+00
1.563194897506746450e+00
1.577154916483513691e+00
1.594663750370303834e+00
1.613461763637617397e+00
1.627696395446016853e+00
1.643460361506830392e+00
1.661585917404262869e+00
1.675643138634642426e+00
1.692021546843804236e+00
1.710244509163733495e+00
1.725902065969896482e+00
1.742558448221534162e+00
1.755180809228021444e+00
1.770015757018939206e+00
1.784584690717980315e+00
1.800281648943018009e+00
1.811775726687045784e+00
1.830529131620299399e+00
1.841942963027655367e+00
1.855402901864131371e+00
1.868330769182939832e+00
1.880722068246734935e+00
1.895529557564325174e+00
1.908665801250262195e+00
1.921958050355876857e+00
1.933316009082176601e+00
1.947381491520744357e+00
1.960668233300050467e+00
1.973863857996919435e+00
1.987101479365337209e+00
2.000601834023391312e+00
2.008953191738310995e+00
2.021021388928285312e+00
2.031131585871735812e+00
2.044608721380917427e+00
2.054786488666231037e+00
2.068023012683939399e+00
2.075323638332222664e+00
2.087702120857398480e+00
2.098094125233385121e+00
2.107062212546429336e+00
2.122098478534185872e+00
2.129954769097499145e+00
2.141345600344376265e+00
2.149645551928147658e+00
2.158533260281534805e+00
2.167903328006756780e+00
2.180512831782425387e+00
2.186088038521264210e+00
2.200560619593850742e+00
2.208618676058309749e+00
2.219969445530107777e+00
2.228478103026107160e+00
2.237001278739205290e+00
2.245834821527923353e+00
2.254351996637426137e+00
2.265359774610501642e+00
2.273772879235111510e+00
2.281073338538563977e+00
2.289804934062163788e+00
2.300192211919576124e+00
2.306468971447392935e+00
2.313701059890684864e+00
2.325133159601401545e+00
2.333857392249118146e+00
2.340928654307722123e+00
2.348340657109813545e+00
2.354866169561082412e+00
2.367689296460833592e+00
2.373320932919527060e+00
2.382089516491107339e+00
2.387823158349132058e+00
2.397845347385230141e+00
2.404748354160915369e+00
2.411681552569034270e+00
2.418692679653452249e+00
2.428577870871678979e+00
2.434918753429315519e+00
2.440342820943658175e+00
2.450338569596397953e+00
2.454940864258443600e+00
2.460155768545511545e+00
2.469769217345172407e+00
2.474785592419396885e+00
2.483853240872333945e+00
2.489013348225900479e+00
2.495141560559823724e+00
2.503671232187274054e+00
2.508112867593771611e+00
2.515245151841662974e+00
2.522988168961271427e+00
2.528298822100950805e+00
2.534756072250208270e+00
2.542127823688809851e+00
2.548616782761604416e+00
2.553700007841631869e+00
2.560167921825147186e+00
2.566997989882409570e+00
2.571813271906985499e+00
2.575992684210551165e+00
2.585240750583543523e+00
2.583474008727620674e+00
2.596459828092180455e+00
2.599551827836108497e+00
2.605161404071983711e+00
2.610221344967570190e+00
2.617456392788361619e+00
2.623296524985633038e+00
2.627290731259522172e+00
2.633618180441890111e+00
2.638246886723709217e+00
2.645781315412114587e+00
2.649353434939363705e+00
2.656181534521368626e+00
2.658164124486825042e+00
2.664713172930423646e+00
2.670359564107484207e+00
2.675858054199600655e+00
2.680599494997283561e+00
2.684187800148721603e+00
2.688127866586065284e+00
2.695500072767165634e+00
2.699578166577549787e+00
2.703172408778157010e+00
2.707494160724781995e+00
2.714286573695031901e+00
2.720073423836277371e+00
2.723119738988804883e+00
2.728369225685618904e+00
2.733938034674783246e+00
2.739795293894855543e+00
2.744321504897599961e+00
2.747441736888217356e+00
2.752690798294942898e+00
2.754919299026382884e+00
2.763433461219616305e+00
2.765761715340812721e+00
2.771337491920875085e+00
2.774304653860123704e+00
2.778307838994218848e+00
2.782560867646032499e+00
2.786133365697509134e+00
2.792447752985724119e+00
2.796585806887547765e+00
2.799341094633878146e+00
2.803960893894899442e+00
2.808782789532193735e+00
2.813248760422090378e+00
2.815218116180776775e+00
2.821008671316290073e+00
2.824871121874086288e+00
2.827701774926757672e+00
2.832867729528983247e+00
2.833611885068065828e+00
2.840992942016782319e+00
2.843882289327934743e+00
2.846206704366428752e+00
2.853286012016695405e+00
2.853097510334700715e+00
2.857477884345391406e+00
2.862312988437069716e+00
2.867035806871764958e+00
2.869289697979945597e+00
2.874556492970365085e+00
2.878008801363269420e+00
2.881752437869858241e+00
2.885582324802781873e+00
2.889845703176923131e+00
2.891714989406019676e+00
2.896011515430913619e+00
2.899257623094133596e+00
2.903676064975257987e+00
2.906589651568366239e+00
2.910493282902149481e+00
2.914565749030860964e+00
2.916797813288759311e+00
2.920621312717027962e+00
2.925332810814791795e+00
2.926993712977574713e+00
2.931922398413112418e+00
2.933340345938553195e+00
2.936971015432284116e+00
