-7.502649052521384934e-03
-1.031995176838253550e-02
-1.492009590402506441e-02
-2.088426471586329186e-02
-1.690318227077836424e-02
-2.196944610444698937e-02
-5.552434040250722215e-03
5.238774522962755427e-03
6.007524870843009880e-03
1.885216952990055594e-02
3.616882919737132718e-02
6.833420726523829758e-02
7.349455063272722355e-02
1.005769784018225727e-01
1.256289212523784837e-01
1.431070586318731741e-01
1.605304110626188940e-01
2.075557266065698736e-01
2.439773812969417699e-01
2.540237690916888891e-01
2.855917178068326234e-01
3.119901984213753199e-01
3.454278464423760076e-01
3.737434834067708822e-01
4.105072839014289321e-01
4.288740171072151774e-01
4.498921709525013912e-01
4.911883283052309035e-01
5.239625939316296943e-01
5.484903914230189192e-01
5.759117332183516513e-01
6.064383188743470710e-01
6.333403931304610879e-01
6.636507941369527153e-01
6.860423918431507451e-01
7.203510594032711545e-01
7.372637593090903829e-01
7.706695680933921544e-01
7.958525227515503842e-01
8.163516537700762354e-01
8.488926352468872949e-01
8.790456294106128166e-01
9.070286138571540535e-01
9.315321761557753266e-01
9.522497512862807545e-01
9.829283762990707052e-01
1.003567957453659565e+00
1.024660251227589747e+00
1.050172246576873691e+00
1.075946407653677106e+00
1.102553037798111202e+00
1.124280402851554950e+00
1.142630213396924166e+00
1.169447323977658604e+00
1.196082532790556652e+00
1.214191943584533639e+00
1.237485123891332472e+00
1.256836293624893131e+00
1.282643024096641327e+00
1.300852052503806311e+00
1.321073204925532929e+00
1.345428460142209959e+00
1.364282840671545705e+00
1.383759569225667896e+00
1.402845535627021745e+00
1.423859234547035335e+00
1.443812737747929953e+00
1.465003869214328125e+00
1.480148450989982711e+00
1.496877463361042437e+00
1.515010677083991730e+00
1.539472075870163881e+00
1.554681165610545479e+00
1.569049081134701540e+00
1.591685234732581167e+00
1.604420855810316793e+00
1.622481852754263043e+00
1.641737682623134242e+00
1.655362430225832515e+00
1.671393045214295547e+00
1.689352507994871688e+00
1.703471699852436849e+00
1.720131825561203920e+00
1.737423945766996658e+00
1.753246570972678775e+00
1.771038174570305657e+00
1.782764309115909107e+00
1.798312999181654881e+00
1.812776426161893717e+00
1.828785633806596422e+00
1.840946152930307278e+00
1.858281544006498143e+00
1.869613267307199678e+00
1.883383759963079829e+00
1.897429610640880560e+00
1.907921298205405902e+00
1.923555451181806042e+00
1.936236426084080087e+00
1.948871669258495087e+00
1.961457598075661446e+00
1.975439651533557495e+00
1.988759351582732871e+00
2.002275112029605175e+00
2.014713932139978958e+00
2.028003290168793438e+00
2.036777989149368473e+00
2.049507812231189607e+00
2.059600190941201170e+00
2.074134082526336798e+00
2.082056457736800148e+00
2.096011142519495607e+00
2.104117331863517570e+00
2.115957268144435854e+00
2.126181195922041134e+00
2.134893023536473144e+00
2.149874955943595900e+00
2.158325980963025081e+00
2.170552812692777334e+00
2.177942697543671091e+00
2.186827529876490761e+00
2.195611091001054671e+00
2.208760616736792137e+00
2.213834178091986793e+00
2.228778008675071920e+00
2.236625342922183179e+00
2.247786424803264627e+00
2.255594901158954890e+00
2.264511816910101061e+00
2.273031392488363167e+00
2.281723320634906127e+00
2.293292463004493076e+00
2.301376945100771287e+00
2.309379501089062092e+00
2.317705651504253339e+00
2.327400980219615167e+00
2.334089411752862997e+00
2.341267767462470673e+00
2.353015672322238405e+00
2.361233209162524993e+00
2.367936367793876951e+00
2.375709224158365274e+00
2.382564563763103660e+00
2.395826353041400569e+00
2.400864297871634800e+00
2.409342579791160954e+00
2.414162905041717710e+00
2.424762250090174209e+00
2.431652317211114855e+00
2.439052356829671808e+00
2.446692344053927659e+00
2.455827014511246631e+00
2.463044751061959303e+00
2.468362354091523159e+00
2.477128984359592057e+00
2.482907457633590553e+00
2.489178440609149057e+00
2.497915926315278590e+00
2.502538959832223409e+00
2.511119515843497574e+00
2.515772613629039700e+00
2.521809399876399738e+00
2.531635582122144790e+00
2.535784952226405764e+00
2.543602234612583501e+00
2.550055602960503709e+00
2.555904774045530292e+00
2.562387679833063370e+00
2.569621512813973663e+00
2.575542894184478016e+00
2.580688798013152319e+00
2.587508901999937549e+00
2.594598595815863717e+00
2.601320978969220654e+00
2.604538412167676231e+00
2.613211197655068041e+00
2.612674831857794366e+00
2.624123261566340570e+00
2.628272654347216353e+00
2.631837649367945620e+00
2.637939705157670733e+00
2.645700917657960449e+00
2.651586736628924079e+00
2.655760466624573546e+00
2.662233321818899157e+00
2.666621518189984830e+00
2.673895323304631866e+00
2.678598664703570886e+00
2.684529265282328048e+00
2.686485305351132613e+00
2.693018010054726297e+00
2.698532519407261798e+00
2.703468732651129969e+00
2.708897208522857980e+00
2.712584727303860355e+00
2.715139439340119143e+00
2.724836283650688529e+00
2.727587949030268355e+00
2.731015966533013817e+00
2.735085643652800602e+00
2.742445880731490426e+00
2.747180088182181734e+00
2.751885291190951044e+00
2.755135994379352748e+00
2.761759934186181376e+00
2.768029942275191946e+00
2.771713714767638503e+00
2.776626666977100921e+00
2.780232298260492119e+00
2.783259318816418304e+00
2.790170556887971998e+00
2.794084387911356160e+00
2.799765260422617530e+00
2.802389959761732552e+00
2.806762200462094903e+00
2.810518588871858014e+00
2.814792104508780923e+00
2.819843570840205871e+00
2.825918254076376090e+00
2.827360849848721713e+00
2.832353784968059340e+00
2.837605281402854285e+00
2.841847372548067963e+00
2.844404876348823663e+00
2.849306925400528989e+00
2.853933116583949658e+00
2.856655169479981105e+00
2.862722284768234982e+00
2.863156336722675110e+00
2.869501062725988039e+00
2.873136116985804733e+00
2.875913222473398534e+00
2.882774963521727685e+00
2.882732841665582413e+00
2.887104137483086586e+00
2.890598651601068436e+00
2.894751421917415968e+00
2.898737816906566511e+00
2.904056558524325649e+00
2.906624133658041398e+00
2.909717168313471269e+00
2.913181733383489291e+00
2.919041612422416332e+00
2.920443580692270391e+00
2.924292595064891476e+00
2.928377019108065582e+00
2.932944636051493248e+00
2.935750484043208708e+00
2.938953462957804685e+00
2.943432568349604761e+00
2.945618170688331539e+00
2.950628183650914504e+00
2.954388157998689035e+00
2.956506662951342790e+00
2.959685913411879810e+00
2.962705577229004295e+00
2.966334754149096309e+00
