-5.928792504581820340e-03
-5.606057822283194020e-03
-7.065420048256593373e-03
-9.607865275133815192e-03
-8.328620089128097384e-03
-1.084703206851936677e-02
-1.520491620116734338e-03
5.196413662716705718e-03
4.271467913534918864e-03
1.155523237334695787e-02
2.207103239986106524e-02
4.288735733107341963e-02
4.410783627336017226e-02
5.905524138581006582e-02
7.686990022248731125e-02
8.237713138621850784e-02
9.512591640675967242e-02
1.287951196529856512e-01
1.520767328229203907e-01
1.549758355608983340e-01
1.778026143278504390e-01
1.938610645509668273e-01
2.115363679792379159e-01
2.310547012890671048e-01
2.576795683640906165e-01
2.719227756375199867e-01
2.834597236605174708e-01
3.146924100167799998e-01
3.399064292854853120e-01
3.516572223910419681e-01
3.676036990464334187e-01
3.900805140407704874e-01
4.170284384997339222e-01
4.266448426901006119e-01
4.474263282471179770e-01
4.729414618058161990e-01
4.833501389847474905e-01
5.102796107393318126e-01
5.281865550589349700e-01
5.436724568100026467e-01
5.676965571347123429e-01
5.939390344802139010e-01
6.093767084424884795e-01
6.283766793613366763e-01
6.458448692947251768e-01
6.701088511928317004e-01
6.839563511271411489e-01
7.065606207836242492e-01
7.278893705514731804e-01
7.462281937766238604e-01
7.649880968340526666e-01
7.855798925854797776e-01
7.949571641193489135e-01
8.194823007896981926e-01
8.364883367417781379e-01
8.517431162420627810e-01
8.696529181397978370e-01
8.882135364529899491e-01
9.103842603127665356e-01
9.243168827482773908e-01
9.404607005113012619e-01
9.562829995837185404e-01
9.789909523483695253e-01
9.903070382625146495e-01
1.012745953905093144e+00
1.029147128134836997e+00
1.044023463366828164e+00
1.060259481066509357e+00
1.077567475049824974e+00
1.093477639867448170e+00
1.107374408554250067e+00
1.125838582912371599e+00
1.142485833293694908e+00
1.157464560732051728e+00
1.173673827759661004e+00
1.185143614891988051e+00
1.202619246614637927e+00
1.217443709205113800e+00
1.227814343616699055e+00
1.248625879658681548e+00
1.262476548266688869e+00
1.275334719175282849e+00
1.292264814106242943e+00
1.304899666870206865e+00
1.319508526760965861e+00
1.335024415041583534e+00
1.351680708614047655e+00
1.362807511853751041e+00
1.377721311895533374e+00
1.392812095705199038e+00
1.404236271138386671e+00
1.417000872254430943e+00
1.430108126019394188e+00
1.442801860429449912e+00
1.456360012776564128e+00
1.472432104718371937e+00
1.483994010732880620e+00
1.496915559685250141e+00
1.507501669434246905e+00
1.521114369161210567e+00
1.533370033477757577e+00
1.545778206886075923e+00
1.557286626789516681e+00
1.572611159322316876e+00
1.580816212249642971e+00
1.592266067402651197e+00
1.605926727588244729e+00
1.618059579190457065e+00
1.631047895446086970e+00
1.639342110656965668e+00
1.652028575051647241e+00
1.661882931649954598e+00
1.672393521337359079e+00
1.685679018269961027e+00
1.699294790412051004e+00
1.705988369017536810e+00
1.715908537640461029e+00
1.726842076169976314e+00
1.740840074102032675e+00
1.751445355795242964e+00
1.759482649808250310e+00
1.770941413803158504e+00
1.779913001300742703e+00
1.791078706259008113e+00
1.800659306516897873e+00
1.808120598985778482e+00
1.820456890665471894e+00
1.832138709112859365e+00
1.842392323617066285e+00
1.849134071669007229e+00
1.858381867481954774e+00
1.869932560535701782e+00
1.876374181534434582e+00
1.887503281252857823e+00
1.896083156099099831e+00
1.906696420853375873e+00
1.914501964924392396e+00
1.923681513929244247e+00
1.933259488528989323e+00
1.942427476302959199e+00
1.951408991361399892e+00
1.959743064049684236e+00
1.969796787040242858e+00
1.976831346892303998e+00
1.984823917085182687e+00
1.993889554241801143e+00
2.002225378452021864e+00
2.009909352939254656e+00
2.019510557550467045e+00
2.024003715863210484e+00
2.035786209647801215e+00
2.043249557367322389e+00
2.048354964434438319e+00
2.058472826212096152e+00
2.065898710901866941e+00
2.075329382026640967e+00
2.082616870420526123e+00
2.088397875273008797e+00
2.097886782200960809e+00
2.103559099089599815e+00
2.113288182283163508e+00
2.117809437159645647e+00
2.125088877164510670e+00
2.134129813061906411e+00
2.142060810732850040e+00
2.149233082134511807e+00
2.155516970726261139e+00
2.161011232297245677e+00
2.168991028373164820e+00
2.175855796403880493e+00
2.184404730047203813e+00
2.189310690122745040e+00
2.195669343529347728e+00
2.205655510627481330e+00
2.209286445403372490e+00
2.216364550548798107e+00
2.224901376461394520e+00
2.229277519266478436e+00
2.234381898478395190e+00
2.243218269988277225e+00
2.249227868149118681e+00
2.254501534867447532e+00
2.260314836781127212e+00
2.264779283709933200e+00
2.273144921692890730e+00
2.278378789935574744e+00
2.283364189403836342e+00
2.291620455267397549e+00
2.296348287326429372e+00
2.302198326560114694e+00
2.308672074294911614e+00
2.313770445764196104e+00
2.319198848711378158e+00
2.325042398602208404e+00
2.332102408917347880e+00
2.337550764284335614e+00
2.341932888049589323e+00
2.348362383469806414e+00
2.357332161199459541e+00
2.359701703593962474e+00
2.364930752323352703e+00
2.370421578830324449e+00
2.375107653750923919e+00
2.381708608431631458e+00
2.385813256558070528e+00
2.389260147951708380e+00
2.394934784277182427e+00
2.402247319652335733e+00
2.407330281699096908e+00
2.412033692372442584e+00
2.418001992937160782e+00
2.421712518369572464e+00
2.426171449972767125e+00
2.430450067622993870e+00
2.436715778392196441e+00
2.441416448913614978e+00
2.447386088808225946e+00
2.451447599032426705e+00
2.456894100239030987e+00
2.460655073233440682e+00
2.464922405155656193e+00
2.470826028100662430e+00
2.473506177285431207e+00
2.478471302398600251e+00
2.481109043712257378e+00
2.488176878179115814e+00
2.492185762173804608e+00
2.495403111599804102e+00
2.502673309043591754e+00
2.506508554781585296e+00
2.509151462370896368e+00
2.514523564854188376e+00
2.519531542383154132e+00
2.524053747496405542e+00
2.527605208357808220e+00
2.531047817815730738e+00
2.535986949214182662e+00
2.538958949892529127e+00
2.544037065755117233e+00
2.548441133694530958e+00
2.551072258992662878e+00
2.556157984027024543e+00
2.560512254079895467e+00
2.564121525591096518e+00
2.569530616047088767e+00
2.572879845742033211e+00
2.577734821095562623e+00
2.581780153651057397e+00
2.582972970084487230e+00
2.587039895943490375e+00
2.590295930882256847e+00
2.595973675899803101e+00
2.599627626417737147e+00
2.603311226630289799e+00
2.606353433893962901e+00
2.609534326199562937e+00
