-5.170131266365095464e-03
-3.196753290391175610e-03
-2.995799588753043658e-03
-3.779517096863584894e-03
-3.929574345789051820e-03
-5.229134831113889381e-03
1.947514888122121759e-04
4.329186446463359830e-03
3.344785594105075324e-03
7.027436693414387293e-03
1.296288415985940613e-02
2.521377664474143063e-02
2.547516899475868457e-02
3.322352896239532533e-02
4.437492769555836936e-02
4.538536232369028839e-02
5.425106197049694989e-02
7.462836380535688152e-02
8.758141488695457555e-02
8.846109615953770544e-02
1.029394355316264331e-01
1.110215653233261324e-01
1.213207237955675200e-01
1.334282071496512567e-01
1.500636555779867320e-01
1.598305223704760969e-01
1.677999244607805696e-01
1.837667858554208333e-01
2.032314224932860180e-01
2.062422417746288539e-01
2.173990563258885733e-01
2.334804740042458471e-01
2.465951754169406485e-01
2.534057834789331665e-01
2.683643586028111594e-01
2.881232824486122390e-01
2.922296291536294888e-01
3.088996730122849366e-01
3.224867756530143681e-01
3.352718566446174497e-01
3.488136450185744808e-01
3.719716736690887315e-01
3.716902781588135030e-01
3.880216850655540117e-01
3.986432182170958627e-01
4.160330148134446793e-01
4.265343085884588104e-01
4.446243655685633289e-01
4.582082358789728582e-01
4.677640586503811204e-01
4.833096650281906714e-01
4.951682091061861413e-01
5.013407582458120348e-01
5.148450068541182700e-01
5.280610804438222727e-01
5.395542667618008492e-01
5.574590913510986123e-01
5.622659906324445345e-01
5.840972324642828006e-01
5.916671142967245833e-01
6.035337992931153472e-01
6.152536020578657228e-01
6.339300334581320362e-01
6.417152928955475177e-01
6.584399032905103866e-01
6.675115773466897551e-01
6.775828241352950254e-01
6.938533270406576081e-01
7.050029762091216678e-01
7.155196508301843172e-01
7.300128809841862632e-01
7.443092918934780533e-01
7.529277943485255253e-01
7.668824218828599326e-01
7.778553114028590176e-01
7.905291577970701145e-01
7.981611560502895886e-01
8.130382981220977134e-01
8.231451188905538618e-01
8.361497519156690927e-01
8.484029025550782199e-01
8.595551723073430184e-01
8.717897308078085272e-01
8.809666894060206310e-01
8.899696912811942973e-01
9.086889115710492515e-01
9.163295023595948718e-01
9.262037393964994703e-01
9.390643525327945218e-01
9.470557989059988913e-01
9.591817033243529300e-01
9.704114473514647843e-01
9.813662844654387207e-01
9.918803784320531225e-01
1.001848234973496066e+00
1.010467123824015268e+00
1.025101389876876601e+00
1.035445162537518726e+00
1.046547340729149900e+00
1.056752340798275291e+00
1.062924455649116640e+00
1.076418400594079783e+00
1.085018475565958873e+00
1.096387091195960783e+00
1.106221832658051962e+00
1.117072758612703609e+00
1.127176580037470233e+00
1.137092148022552651e+00
1.146805816248939847e+00
1.157358384093660986e+00
1.168591832205339243e+00
1.176199729328998744e+00
1.187300246598240516e+00
1.198023603393710834e+00
1.205306736932614697e+00
1.214923774560904279e+00
1.226366976596805269e+00
1.234395479192005318e+00
1.242393975819264584e+00
1.254737502509897684e+00
1.262412556871354674e+00
1.271373691208010692e+00
1.283714980358506175e+00
1.289592782874540600e+00
1.300242505965199857e+00
1.308582539524241417e+00
1.317991817770558738e+00
1.326191112262189664e+00
1.334902702663427698e+00
1.345600445952052082e+00
1.352597614959739847e+00
1.363114010990467140e+00
1.373759287510937677e+00
1.381595649934623360e+00
1.389242504835615843e+00
1.399814149026569199e+00
1.407362784315566495e+00
1.412315803229093003e+00
1.423732328340336251e+00
1.432636069189839212e+00
1.441729126510115755e+00
1.448431940098239501e+00
1.457163001199097696e+00
1.464641408741051753e+00
1.472783521414078534e+00
1.481397998536297056e+00
1.491190330579083012e+00
1.499105047784183631e+00
1.506828929704213893e+00
1.517823577568679250e+00
1.523971371343438186e+00
1.531449800970407393e+00
1.539784608361352669e+00
1.547446819222484837e+00
1.553663811720961352e+00
1.562102430255205565e+00
1.570332179851547494e+00
1.578348365663968300e+00
1.587312516223249981e+00
1.594344041848556603e+00
1.600189095192094735e+00
1.608528081481779282e+00
1.616164561866975546e+00
1.624117579543674861e+00
1.629069361450376840e+00
1.638915956911963345e+00
1.646410989040334893e+00
1.651854660055037671e+00
1.662029490016215139e+00
1.667116463987178943e+00
1.675977411786791826e+00
1.682640996012296775e+00
1.687923529954460378e+00
1.694705723832282240e+00
1.701867448655812298e+00
1.710254543443853414e+00
1.715926164000251442e+00
1.722741714677718194e+00
1.730330052656831485e+00
1.738612482041023588e+00
1.744588653062411288e+00
1.749289080781045946e+00
1.758883195154270718e+00
1.763284603205838241e+00
1.772591196118421308e+00
1.777133570847138300e+00
1.782909026543732400e+00
1.791943184935269384e+00
1.798737943705414510e+00
1.804165814490038988e+00
1.810387806041160896e+00
1.816397658090736833e+00
1.823237849543365652e+00
1.830815955490308289e+00
1.836069848836386686e+00
1.841567455190981084e+00
1.849172784812899151e+00
1.855112744854983120e+00
1.861359938624441712e+00
1.867790786908204215e+00
1.873189109317696444e+00
1.877498047141093585e+00
1.883427123589563656e+00
1.891052399359380187e+00
1.897904831232338330e+00
1.903957801187345922e+00
1.908293970351395252e+00
1.915561609105141949e+00
1.918870614113758366e+00
1.927005782874976481e+00
1.933130714924148119e+00
1.939906450892902923e+00
1.944668277870831963e+00
1.951936423809390586e+00
1.956416934834830146e+00
1.961149055403590191e+00
1.965803906910938981e+00
1.972739732305307747e+00
1.978962387861355587e+00
1.982935758415508953e+00
1.988911889438676805e+00
1.995613427634888026e+00
1.999156134288876174e+00
2.005180679470095928e+00
2.011945535628959725e+00
2.016845021104808566e+00
2.022178287235591565e+00
2.027598579022300562e+00
2.032219555072113160e+00
2.037872890794575564e+00
2.042828517247596842e+00
2.047973395070416203e+00
2.054600146871704780e+00
2.059649724289761785e+00
2.063642439783475613e+00
2.069566111740576364e+00
2.072543576303691903e+00
2.077648843045833082e+00
2.082511355499326644e+00
2.089661552795101684e+00
2.093495654973602793e+00
2.099021848098006071e+00
2.102679226404255974e+00
2.109746369037162506e+00
2.113877750883820905e+00
2.119078756742637903e+00
2.123356608433681902e+00
2.127726754611234394e+00
2.132950286143210139e+00
2.137704259082745306e+00
2.141380909523555420e+00
2.147622411360035510e+00
2.152663957264197236e+00
2.156239632790692529e+00
2.161504788477075056e+00
2.165152440936541467e+00
