-4.603318346707260464e-03
-5.727890067242489593e-03
-6.944915040253357361e-03
-6.890954315408738540e-03
-7.657066445203503102e-03
-8.965748112570287240e-03
-1.190848924258273121e-02
-1.299178162262984958e-02
-1.239381783470603314e-02
-1.048362468895785125e-02
-7.210427360968178247e-03
-1.122875332695525211e-02
-8.784048510331744775e-03
-1.915803602838596310e-03
-3.437690151213161974e-03
3.666727043222676573e-03
1.065231053795041849e-02
3.099640539811562932e-03
4.248735381228500169e-03
1.254788842966463557e-02
1.889321461260045146e-02
2.624942640561036405e-02
3.836015819262807158e-02
5.064200641421713611e-02
3.956639190386952720e-02
4.877846159022548866e-02
6.722829270363452070e-02
6.691677249403761574e-02
8.598379445630813245e-02
8.868994158472860712e-02
9.638260855958331874e-02
9.815184593634473931e-02
1.119336097493809357e-01
1.123313727450931526e-01
1.364494844274102281e-01
1.490291100939457325e-01
1.577099949667088441e-01
1.744761647991096010e-01
1.811398432287277538e-01
1.795508057225192189e-01
1.989982851938884023e-01
2.054261428994715866e-01
2.140926881835776008e-01
2.242407039253043466e-01
2.312049225399940289e-01
2.455412698570457186e-01
2.553859970809332358e-01
2.677246207043925685e-01
2.791146753464958108e-01
2.972718083988919457e-01
3.008132404790426206e-01
3.108095968311467283e-01
3.272962905350881857e-01
3.259374207848605431e-01
3.380814224280332958e-01
3.604118797988562495e-01
3.743929057375053326e-01
3.886240341793406605e-01
3.983465491835654348e-01
4.013777562544350030e-01
4.137446967205664072e-01
4.224339531785356039e-01
4.407996146222614708e-01
4.445529851310680569e-01
4.590845053669665998e-01
4.755371346546401479e-01
4.792605866364822997e-01
4.877533945874189536e-01
5.014950134138084215e-01
5.109352761362012663e-01
5.186457454131208067e-01
5.385897217887039012e-01
5.487650153087161309e-01
5.500973175689752859e-01
5.724826703790628635e-01
5.795500979430328048e-01
5.923310751626609250e-01
5.994714688270578185e-01
6.055349969615606565e-01
6.176956305105116840e-01
6.323438684033532153e-01
6.425502777152183320e-01
6.550704373425578764e-01
6.707509474709953956e-01
6.769919216837716469e-01
6.897543198635284201e-01
7.006242459989696636e-01
7.092156071579028831e-01
7.215259836285656814e-01
7.287385135432959959e-01
7.408181775840961825e-01
7.558730405733203872e-01
7.674122856189352637e-01
7.715687202022158964e-01
7.833005766140158643e-01
7.937946702737395110e-01
7.997282798498502876e-01
8.146496693774480935e-01
8.230545399358719649e-01
8.368917078677894361e-01
8.501392863432950531e-01
8.574835069463964121e-01
8.648302042794265843e-01
8.790535966888859409e-01
8.888515405030937844e-01
8.915047756336899054e-01
9.036920467926198297e-01
9.170211765073378318e-01
9.271443178315778022e-01
9.365909938099609144e-01
9.426754620360062731e-01
9.524474942096974317e-01
9.615073439055507043e-01
9.731247743768419722e-01
9.843633286900305146e-01
9.923678354864289286e-01
1.003629750455999670e+00
1.015062103905773894e+00
1.023221199658615355e+00
1.030623066210109684e+00
1.039234894533252351e+00
1.047379335021745739e+00
1.060840783944555943e+00
1.065719055491561873e+00
1.077013425801266244e+00
1.087603325056989645e+00
1.094789976361527639e+00
1.102794027110441055e+00
1.113657230951411448e+00
1.123989189946717815e+00
1.131930344859957138e+00
1.140949216309037118e+00
1.148653612149360015e+00
1.158119165247516236e+00
1.164357620217645994e+00
1.174830571240044641e+00
1.183855958805153152e+00
1.193154165772155384e+00
1.200880232260138847e+00
1.209888560122831747e+00
1.217639535960203467e+00
1.225681277794960167e+00
1.235714727830911519e+00
1.245824970055660064e+00
1.252127054887001378e+00
1.262477464168029639e+00
1.268650053209862572e+00
1.275159313747287415e+00
1.284777792059899726e+00
1.292520714687737549e+00
1.298351811024874181e+00
1.306988153725670454e+00
1.317084481958013198e+00
1.325996716206613302e+00
1.332438238930466756e+00
1.339910812666385898e+00
1.345576945157876958e+00
1.354136435125788074e+00
1.367040247502170347e+00
1.373019263919871280e+00
1.380859424293308324e+00
1.388180994216740460e+00
1.393677732670615121e+00
1.400169517745821102e+00
1.406094978440476151e+00
1.416951444245104330e+00
1.427017519635891407e+00
1.433401099196025763e+00
1.440797538935297162e+00
1.447345177897137791e+00
1.455120454205889091e+00
1.462428151235116935e+00
1.470538160251306792e+00
1.478056866664633429e+00
1.484645732224224357e+00
1.492027042809227266e+00
1.499461662949292506e+00
1.507131333633827230e+00
1.513999686113573606e+00
1.521446491368092735e+00
1.526215909648544811e+00
1.532961769213250669e+00
1.541113611278947193e+00
1.547911506266159698e+00
1.554713062309981852e+00
1.560557846812695937e+00
1.568408590978572104e+00
1.574401531498367923e+00
1.582208678792784706e+00
1.585953256192933036e+00
1.594925737305718405e+00
1.602613037253415529e+00
1.607049248236715133e+00
1.615416140275611090e+00
1.621864278606738985e+00
1.627354284871125101e+00
1.635081076214719653e+00
1.639540868042590693e+00
1.648555738568509454e+00
1.652103827390441815e+00
1.660817439492898950e+00
1.666046512543105873e+00
1.670601719763645354e+00
1.678794435048031719e+00
1.684778641915465336e+00
1.690113834369094459e+00
1.699593953386019152e+00
1.707495623666280160e+00
1.709700132119859939e+00
1.715196829368113463e+00
1.722338089525610183e+00
1.727150932947171480e+00
1.734215474857571992e+00
1.739116106104567905e+00
1.745252088126683310e+00
1.752672795060018496e+00
1.757203927171272273e+00
1.763775730640059658e+00
1.769674300135732459e+00
1.773849448648526783e+00
1.779619292490542071e+00
1.785937313394079462e+00
1.790833002926713879e+00
1.796199127345466273e+00
1.801935341243047883e+00
1.806916837478906412e+00
1.812093056854904516e+00
1.818985067864200778e+00
1.825723054378503685e+00
1.831874254732585694e+00
1.836819943591971871e+00
1.841602170527613769e+00
1.847268758673879185e+00
1.852055492581747842e+00
1.857936853041779468e+00
1.863110522249788792e+00
1.867580721691511680e+00
1.873422906360954432e+00
1.880129377991947903e+00
1.885434090348301561e+00
1.888081003226075527e+00
1.894714347248345199e+00
1.901926315543346568e+00
1.903718120245575296e+00
1.908541706420183504e+00
1.914379599672930032e+00
1.919853738380630226e+00
1.925257158062976259e+00
1.929756160643035789e+00
1.935317515343458084e+00
1.940292155931167661e+00
1.945256309921717275e+00
1.950140831860411206e+00
1.954380472416757941e+00
1.958852311946886582e+00
1.965423607713554288e+00
1.969638251598257117e+00
1.974559868937407980e+00
1.977923535681139322e+00
1.983377572645079079e+00
1.988069639301269786e+00
1.992818750935697159e+00
1.999072422485761225e+00
2.004051055906217460e+00
2.005794969871999012e+00
2.010378165155510821e+00
2.017526603296009746e+00
2.020820753395802249e+00
2.024708447111430498e+00
2.029744598916197074e+00
2.034979061948636314e+00
2.039621664070583762e+00
2.043853053709332901e+00
2.047710864869453307e+00
2.052068050631079998e+00
2.057721554469351677e+00
2.061857194790640779e+00
2.065547031995642602e+00
2.069783338792290817e+00
2.074962722575972585e+00
2.079199414157406167e+00
2.082795723359863960e+00
2.086882131420304543e+00
2.091475455679625561e+00
2.096092082105518450e+00
2.099864614405806851e+00
2.103697549420441515e+00
2.108209208626146136e+00
2.112298311628096226e+00
2.116684853700755209e+00
2.119942327862823550e+00
2.124337657811699032e+00
2.129349137356983057e+00
2.133182836411416705e+00
2.136140420269161844e+00
2.140216731919484250e+00
2.144574601650084844e+00
2.149494423021525158e+00
2.152822376482651734e+00
2.155841080864511650e+00
2.161999044736436115e+00
2.165733988230500007e+00
2.168041107316548644e+00
2.172597843710547760e+00
2.175645738660003659e+00
2.179033531153137027e+00
2.183888462684127507e+00
2.187810147240261571e+00
2.190771697830416365e+00
2.195133527557223463e+00
2.199162852943348234e+00
2.202763798395333872e+00
2.206448330231097099e+00
2.210587572765497555e+00
2.213950814506198128e+00
2.217081854262849649e+00
2.221376167233711563e+00
2.225700839542084530e+00
2.227918522646298971e+00
2.231616623847175074e+00
2.235773904332253093e+00
2.239744644675051077e+00
2.243426328289417793e+00
2.246316670187105569e+00
2.249775257781283955e+00
2.253474648014248682e+00
2.256361135751705493e+00
2.260358226725060149e+00
2.264145895213738324e+00
2.267803516409342635e+00
2.270455923519582697e+00
2.273481470245585445e+00
2.277511461876508658e+00
2.281471241877363276e+00
2.283727972763260450e+00
2.287495047368827361e+00
2.291503034541511941e+00
2.294954375391256907e+00
2.297903646118185872e+00
2.300339067853179653e+00
2.304172806851927824e+00
2.307956696066708169e+00
2.310455362822239067e+00
2.313643391461890797e+00
2.317270085062339557e+00
2.320302688785540468e+00
2.323211073442943864e+00
2.326861521315069847e+00
2.330763753562225649e+00
2.333024835648778161e+00
2.336188629794617277e+00
2.339572038480187910e+00
2.342804264224935817e+00
2.346512655541341807e+00
2.349213604459056803e+00
2.352444324786044483e+00
2.355038886839768697e+00
2.357658749172801826e+00
2.360566717377164281e+00
2.363999147716870031e+00
2.367548384659338367e+00
2.369607700264303674e+00
2.372631264839121457e+00
2.376444329406575129e+00
2.379921623029324529e+00
2.382660799147367836e+00
2.385131154660241837e+00
2.387542709517929573e+00
2.390806950518002072e+00
2.393472023188774944e+00
2.396078202739757135e+00
2.399766556631076853e+00
2.402654226285813266e+00
2.405682213129355151e+00
2.408491930128208836e+00
2.411051864174678538e+00
2.414182564454832036e+00
2.417209111763215290e+00
2.420145389360031984e+00
2.422552794880358462e+00
2.425137649082454327e+00
2.428090995704260013e+00
2.431030524729639986e+00
2.433813602453049452e+00
2.436304573217063840e+00
2.439054408111877237e+00
2.442079710107009305e+00
2.444696257922003735e+00
2.447512271155045216e+00
2.450319335046517555e+00
2.452479626598977003e+00
2.454788469093818648e+00
2.457297789170006741e+00
2.460068874632370228e+00
2.462813648053056692e+00
2.465628769934927966e+00
2.468263194192477528e+00
2.471025809723372380e+00
2.473757050563258453e+00
2.476153808890045216e+00
2.478924144927092232e+00
2.481137014252873474e+00
2.483789820412374727e+00
2.486468546277410319e+00
2.488788814325309406e+00
2.491471224098045223e+00
2.494313636123902000e+00
2.496985383852844631e+00
2.499455664470387806e+00
2.502071911721516884e+00
2.504561832721728720e+00
2.506609672022699353e+00
2.508935870402292601e+00
2.511299216381921440e+00
2.514332106394258748e+00
2.516429664872721350e+00
2.518843000672374988e+00
2.521584483002195398e+00
2.524366099833957655e+00
2.526810248368999368e+00
2.529049635873155566e+00
2.531442537985535424e+00
2.533545704253755471e+00
2.535471823642890143e+00
2.538142113424921575e+00
2.541269216027597366e+00
2.543079393289584544e+00
2.545237792206222149e+00
2.547925706473587404e+00
2.550086639872420680e+00
2.552151186317696663e+00
2.554397576620633714e+00
2.557087355345000645e+00
2.559258177351714458e+00
2.561434714601857454e+00
2.563655940219805807e+00
2.566173401012950439e+00
2.567875368822670978e+00
2.570637487757738260e+00
2.572710692817715916e+00
2.575030878166991943e+00
2.577277465013867008e+00
2.579769165096685857e+00
2.581426972834410805e+00
2.583525958473140260e+00
2.585786492045146101e+00
2.588426413458914332e+00
2.590420084446029669e+00
2.592411634614900873e+00
2.594536418090668928e+00
2.596805787128228626e+00
2.598947851894862549e+00
2.601328274525408712e+00
2.603113203275362331e+00
2.605390523941648606e+00
2.607355117995203475e+00
2.610007971948329342e+00
2.611886778252066499e+00
2.613913308653727174e+00
2.615847195002894310e+00
2.617929695696189274e+00
2.619901164225431067e+00
2.622294865745989245e+00
2.624120048322987842e+00
2.626293115812397438e+00
2.628678000286772232e+00
2.630419046691504725e+00
2.632736421438775842e+00
2.634327666943632185e+00
2.636334277810794546e+00
2.638123324675586190e+00
2.640183098149303298e+00
2.642520070672636834e+00
2.644213521294498825e+00
2.646539266403235224e+00
2.648543186098679669e+00
2.650484918786702337e+00
2.652389882566898116e+00
2.654118843982790743e+00
2.656099039953121910e+00
2.658517881447695075e+00
2.660647348699346271e+00
2.662142341308807669e+00
2.664670067079141003e+00
2.666381094041299082e+00
2.668178786110307676e+00
2.670067615315132148e+00
2.671980368667251415e+00
2.673573695452767129e+00
2.675801497327064293e+00
2.677630913552841108e+00
2.679157619722657646e+00
2.681150354750085896e+00
2.682705406944040583e+00
2.685155997463699595e+00
2.687120106687599375e+00
2.688893255705524954e+00
2.690645438540501200e+00
2.692479354928126956e+00
2.694389605086746187e+00
2.695980816694392601e+00
2.698390566176569916e+00
2.699953257332114109e+00
2.701543982483150863e+00
2.703719321692099165e+00
2.705520324760328332e+00
2.707138367965843617e+00
2.709108047172199996e+00
2.710678074984532948e+00
2.712934257142183725e+00
2.714391889557244752e+00
2.716082413645504623e+00
