-4.586543522655795596e-03
-5.524688726785492721e-03
-6.643378884656653618e-03
-6.330543250789947077e-03
-6.654349674525692621e-03
-7.731838237363889386e-03
-1.020819120545969801e-02
-1.111438858689405527e-02
-1.068821061175910525e-02
-9.042464576251832767e-03
-6.229819850019282547e-03
-9.725770280096196138e-03
-7.517655109202426439e-03
-1.372569491817853286e-03
-2.620002537438142348e-03
3.791494158210332709e-03
1.004379409950246528e-02
3.151182286307914211e-03
4.140309868247270958e-03
1.158040255259010914e-02
1.712564329668622015e-02
2.391337623404703877e-02
3.464373551229255055e-02
4.610562820569851644e-02
3.585211625628849375e-02
4.420285635044690631e-02
6.116747381185697052e-02
6.037001884851918299e-02
7.778532475379446032e-02
8.056529624110581045e-02
8.727845285602546521e-02
8.808310117880316370e-02
1.007288495137452777e-01
1.014944890340756523e-01
1.242998612112252294e-01
1.355559556448617531e-01
1.426942016028905913e-01
1.585277730507304306e-01
1.650444641702603910e-01
1.627218343211305762e-01
1.810656080152933944e-01
1.867957314098284693e-01
1.944696250656839653e-01
2.037170634868139540e-01
2.096898393126743476e-01
2.226375771272938175e-01
2.310518257818670596e-01
2.430465463823271444e-01
2.546087860158366412e-01
2.705787223301438504e-01
2.734463477562631972e-01
2.834314028251007644e-01
2.989252204191975570e-01
2.974086376715561197e-01
3.078431310114163599e-01
3.291158068871888331e-01
3.422464737930671630e-01
3.558867959874812970e-01
3.644585149913043276e-01
3.665490338945993631e-01
3.781019358864626256e-01
3.860683291883034718e-01
4.028580610020832675e-01
4.070891282654114929e-01
4.196792826238525120e-01
4.361235536341270258e-01
4.394276737173328784e-01
4.459099673539597686e-01
4.589268119236419863e-01
4.682955276315066695e-01
4.759364592237478320e-01
4.947959759559869553e-01
5.037797249136325428e-01
5.051167798848081869e-01
5.261616368623858175e-01
5.327464137586080950e-01
5.446133157150797599e-01
5.517069405362153844e-01
5.558837668179293923e-01
5.687090913547151461e-01
5.827015175881986586e-01
5.923178841086270685e-01
6.047971569039187756e-01
6.198116571570647659e-01
6.243866394485342308e-01
6.355199797165762554e-01
6.464670374827788946e-01
6.549054942259335821e-01
6.673627864252043018e-01
6.732387628311873318e-01
6.842173705794973859e-01
6.988621518800506305e-01
7.098300257843778160e-01
7.134065345590998586e-01
7.245216322338090542e-01
7.359228987969445024e-01
7.403703060678992198e-01
7.559540429623219371e-01
7.632343879459412284e-01
7.759525041983819094e-01
7.867979963763395146e-01
7.954602145936068291e-01
8.016191139681061451e-01
8.165926577452140567e-01
8.250646391015359349e-01
8.274060908794114155e-01
8.397778851512249787e-01
8.510909423285438757e-01
8.607590276062414558e-01
8.690750191185486750e-01
8.766908536226659665e-01
8.855277942784689493e-01
8.938949498109006742e-01
9.050406217612265714e-01
9.173812877947824518e-01
9.232065794412426252e-01
9.333487147889105717e-01
9.457962127530005203e-01
9.540515252109997846e-01
9.603269702784740236e-01
9.691586698504413011e-01
9.764813762288384602e-01
9.875111247105415879e-01
9.927054741164325069e-01
1.004649316974584039e+00
1.015554693262355368e+00
1.022429785941406433e+00
1.028907684753213703e+00
1.039821984316886327e+00
1.050553677538132336e+00
1.056589316767972964e+00
1.065483024057571892e+00
1.074460500977814981e+00
1.082404684460233746e+00
1.087757123524496494e+00
1.098398795055650190e+00
1.108545344249958431e+00
1.116107882351179192e+00
1.123822681735103357e+00
1.132349839625290899e+00
1.140527157794311686e+00
1.147570269768609652e+00
1.157292671778573645e+00
1.167035619450242256e+00
1.173718194722177310e+00
1.183982908728970163e+00
1.189256971492685278e+00
1.196180155628010500e+00
1.205529565282906779e+00
1.213615747071269402e+00
1.218462779774963645e+00
1.226703562801950920e+00
1.236132979919270847e+00
1.244840772641238491e+00
1.251228120865121030e+00
1.258968705982129510e+00
1.263748062980806885e+00
1.272171054818300506e+00
1.286335821789404310e+00
1.291228123327307742e+00
1.299260737810574495e+00
1.305631931245222033e+00
1.311301743368660011e+00
1.318136350984969507e+00
1.323812019460900657e+00
1.334808114652394462e+00
1.344535631318855229e+00
1.350178320625242456e+00
1.356489746645577643e+00
1.364009067671607678e+00
1.372330838017450372e+00
1.380067106796273535e+00
1.387753723573660558e+00
1.394790217484892514e+00
1.401593101228183924e+00
1.408266193239017250e+00
1.415837062544429426e+00
1.422822217970004521e+00
1.429170531480823403e+00
1.436428570288967643e+00
1.440429180362288841e+00
1.448053562332812794e+00
1.456903645614961773e+00
1.462723702788927715e+00
1.469455903922571416e+00
1.475341024206206830e+00
1.482979380629740440e+00
1.488927263207509011e+00
1.497656844891632977e+00
1.500939290442326213e+00
1.509407108435263156e+00
1.516889541825440002e+00
1.522048845974627973e+00
1.529474431981013183e+00
1.535511571437239375e+00
1.541672247416952635e+00
1.548816944357973791e+00
1.553542982138363282e+00
1.562731103999543070e+00
1.566772788866912736e+00
1.574898387556279422e+00
1.579323993197494280e+00
1.584808118553816980e+00
1.592557829098617983e+00
1.598274992769010749e+00
1.603927773821624436e+00
1.613774405645996612e+00
1.620529749236364614e+00
1.622582840201433285e+00
1.628327950624284259e+00
1.636007913553626736e+00
1.640033886079566905e+00
1.646961430805706561e+00
1.652977414133052658e+00
1.658597645501517004e+00
1.665299035876998124e+00
1.670263634230468863e+00
1.677018529185949403e+00
1.682823799357566097e+00
1.687368928348867314e+00
1.693145826683253752e+00
1.699297651300649026e+00
1.703945592106076212e+00
1.709574198135314305e+00
1.715982155369750517e+00
1.720205918347178065e+00
1.726920709720025204e+00
1.733042050432693770e+00
1.739407637174868793e+00
1.745715837995925890e+00
1.749704772023398469e+00
1.754241271421087101e+00
1.760284919468980691e+00
1.765850780444782053e+00
1.771593972597435229e+00
1.775926915109498960e+00
1.781130445057557576e+00
1.787189244277645139e+00
1.793691767250485958e+00
1.798870742864125960e+00
1.801304836096933260e+00
1.808465038719717422e+00
1.814597482576941978e+00
1.817414035477321166e+00
1.822668923412951170e+00
1.827871916852084055e+00
1.833381197383143091e+00
1.839248266570573165e+00
1.843879100016481587e+00
1.849218658548080096e+00
1.853866227094258079e+00
1.858915001724879446e+00
1.863963529642722383e+00
1.868078425633528994e+00
1.873163111551753079e+00
1.879282158139702341e+00
1.883960616108262487e+00
1.889195390996722290e+00
1.892632827547944263e+00
1.897486173364587803e+00
1.901994372902531927e+00
1.907269766596901395e+00
1.914183555674694892e+00
1.918252199991964169e+00
1.920494566253075241e+00
1.924959985952249264e+00
1.931846720913695137e+00
1.935895980488649748e+00
1.939155935371529971e+00
1.944414327989847147e+00
1.950574681929692522e+00
1.954548932215303125e+00
1.959291476447534208e+00
1.962849514001091533e+00
1.966265526279745268e+00
1.972664867825286938e+00
1.977406031529398867e+00
1.981196371121560773e+00
1.985310655119002288e+00
1.991031377621616416e+00
1.994596554734775484e+00
1.998647942668102306e+00
2.003475505616505448e+00
2.007604751389659548e+00
2.011898378116404817e+00
2.015939020983385621e+00
2.020317652722065205e+00
2.023847408975417039e+00
2.028702818596841428e+00
2.033131171332986931e+00
2.035987572336797058e+00
2.040249093957275051e+00
2.045401143755813500e+00
2.049863775563567803e+00
2.053028355057254561e+00
2.057107062946216480e+00
2.061415677783766665e+00
2.067189009781466247e+00
2.070087529074703170e+00
2.072935956411993352e+00
2.079338600187072839e+00
2.083369692446791710e+00
2.085921638524218746e+00
2.090313005459374374e+00
2.093775310914802290e+00
2.096783895516831642e+00
2.101337102193764572e+00
2.104765000515716356e+00
2.108628790012727183e+00
2.113051198237501094e+00
2.116941810338401453e+00
2.121218415602543761e+00
2.124761512788353901e+00
2.128575772186967363e+00
2.132089246724146125e+00
2.135669097280957107e+00
2.140359059895930116e+00
2.144454660339810470e+00
2.147172744867688277e+00
2.150874420293051870e+00
2.154864211175911759e+00
2.159211505183920465e+00
2.162970752597205948e+00
2.165626916749387565e+00
2.169267616702455381e+00
2.172766153559040792e+00
2.176640889215334607e+00
2.180601403882053813e+00
2.184017796193347571e+00
2.187679605924802040e+00
2.190968295261007892e+00
2.193904438652169109e+00
2.197736155895405830e+00
2.201951294559032490e+00
2.204365979812826115e+00
2.207427512820232085e+00
2.211687447466266665e+00
2.215545862085243289e+00
2.218479898705302489e+00
2.221461422946922060e+00
2.225434275790563188e+00
2.229269576428636324e+00
2.232027278590842378e+00
2.235168625617076632e+00
2.238646921632312825e+00
2.242132228503980862e+00
2.245209228573077809e+00
2.249117475492586671e+00
2.252660488541324391e+00
2.255285112561665528e+00
2.258265743114348467e+00
2.261663084413287450e+00
2.265517768847340463e+00
2.269412943702184382e+00
2.271640821961267154e+00
2.274460952387211243e+00
2.277847499436120859e+00
2.280595485897049191e+00
2.283831601772420505e+00
2.286722468464706726e+00
2.290218032292274053e+00
2.292940945318355794e+00
2.296655961374973742e+00
2.300095552432162016e+00
2.303564673680413399e+00
2.306164597632390567e+00
2.308859585828523464e+00
2.311250917209701328e+00
2.314701894232114032e+00
2.317604378010147848e+00
2.320583872165152162e+00
2.324302069186015451e+00
2.327072463540154512e+00
2.330114853116257656e+00
2.332847308767785677e+00
2.335676519032701126e+00
2.338842587994589994e+00
2.341852895369390009e+00
2.344655744266333830e+00
2.347238764401344824e+00
2.350171458726447504e+00
2.353152831642546072e+00
2.356104099531853624e+00
2.359169338710591646e+00
2.361640708748578454e+00
2.364307645014050774e+00
2.367561180666945653e+00
2.370735361180998257e+00
2.373318655345728612e+00
2.376077096370963204e+00
2.378400917901341227e+00
2.380865295718054941e+00
2.383473983390655970e+00
2.386237624580807015e+00
2.389304003465510196e+00
2.391936877815871831e+00
2.394833734611490961e+00
2.397643054220970793e+00
2.400818027586072656e+00
2.403044816847941245e+00
2.405790004520507175e+00
2.408271694282619890e+00
2.411058949873460922e+00
2.413859635498815770e+00
2.415814599050917888e+00
2.418973056760844287e+00
2.421925274706923759e+00
2.424864145145273930e+00
2.427265549771143061e+00
2.429865192216626113e+00
2.432473362479090628e+00
2.434697539382453257e+00
2.437094906236137337e+00
2.439651572334694318e+00
2.442470711515187354e+00
2.444647598766901631e+00
2.447270056144947414e+00
2.450188408712205224e+00
2.452837529081782098e+00
2.454992318334674017e+00
2.457692298510343321e+00
2.460387063111867612e+00
2.462295147756515590e+00
2.464563777819043455e+00
2.467084451936657263e+00
2.470087204082837662e+00
2.472570171999810107e+00
2.474715052064459186e+00
2.477249213331626176e+00
2.479565779674206993e+00
2.481730085140395836e+00
2.484170481715363366e+00
2.487008489238464293e+00
2.489214203679748216e+00
2.491464215342864552e+00
2.493934605348861577e+00
2.496417519861476642e+00
2.498558991808957686e+00
2.501075216195680184e+00
2.502925088754649696e+00
2.505771097843238593e+00
2.508140446944591151e+00
2.510519283314438521e+00
2.512048392340741731e+00
2.514434061450860014e+00
2.516777363355876318e+00
2.519605980562089620e+00
2.521552424827800287e+00
2.523415723236795305e+00
2.525790084727168594e+00
2.527880952871643494e+00
2.530465724167059172e+00
2.533178492722373498e+00
2.534951887328129594e+00
2.537427923627005200e+00
2.539460595319827707e+00
2.541712128361074186e+00
2.543771329912034140e+00
2.546327633290079717e+00
2.548411779018196821e+00
2.550537487914245283e+00
2.552319256492886268e+00
2.554390317781480846e+00
2.556418325712839223e+00
2.558702653836538943e+00
2.561272379491448259e+00
2.563113236889628777e+00
2.565321387861029034e+00
2.567066945242381770e+00
2.568960458176935635e+00
2.571402839400092954e+00
2.573555246287078102e+00
2.575571200572357888e+00
2.577640337099424084e+00
2.579666441787099362e+00
2.582155128590678750e+00
2.584311831804203763e+00
2.586238640022342494e+00
2.588296022753231007e+00
2.590238845500469012e+00
2.592426557462898629e+00
2.594493304815763235e+00
2.596153367888771157e+00
2.598373981718247627e+00
2.600431445463754709e+00
2.602564359083670453e+00
2.604783668928301488e+00
2.606700993622764972e+00
2.608111555650728164e+00
2.610124724863674750e+00
2.612051456333696287e+00
2.614032649712440648e+00
2.615867795819011299e+00
2.617767396022427473e+00
2.619848164044676686e+00
2.621969221696962116e+00
2.623959412611180930e+00
2.625523701292157064e+00
2.627801858753835429e+00
2.629051984945084630e+00
2.631367600474313395e+00
2.633363744614023449e+00
2.635423152328792096e+00
2.637183677930659442e+00
2.639572508879072021e+00
2.641351247570912442e+00
2.642962076692337625e+00
2.645117451186441038e+00
2.646846370816713812e+00
2.648905241824607515e+00
2.650395171765892233e+00
2.652175836334516923e+00
