-4.602004875231746270e-03
-4.820446240458957365e-03
-5.575569204725140324e-03
-4.307489292922696798e-03
-3.004382457131464946e-03
-3.224455171414750219e-03
-3.975092054213810906e-03
-4.273764755989540275e-03
-4.485818000606260625e-03
-3.842258014164439024e-03
-2.799632424196693645e-03
-4.433336660551348389e-03
-3.115073399296988156e-03
2.175783747852134259e-04
3.902270403246131718e-05
3.559559429197185071e-03
6.842916673223155277e-03
3.037660491207275128e-03
3.334409190277162933e-03
7.116426234110248029e-03
9.690808564553309024e-03
1.362963519700165736e-02
1.903520328965293412e-02
2.605363300790720579e-02
2.023782139588675352e-02
2.488651607825198564e-02
3.469632215297085986e-02
3.314071286922895543e-02
4.279966250520015475e-02
4.517511726507154879e-02
4.816881472604995357e-02
4.686541609754783788e-02
5.401764868536928360e-02
5.600196792233751164e-02
7.037819711136979184e-02
7.618943564805015500e-02
7.844841827538076573e-02
8.854077228147298750e-02
9.368777686385740266e-02
9.011615770329822750e-02
1.016966847131287321e-01
1.049359041832087919e-01
1.084920459571240420e-01
1.132702965910887954e-01
1.154632775773610093e-01
1.240214463104869630e-01
1.282975135034178649e-01
1.358325110962501636e-01
1.452509412128636379e-01
1.524865009546941264e-01
1.532698159646137537e-01
1.615743556117909541e-01
1.718350372193144793e-01
1.707135568213358490e-01
1.746266426419345319e-01
1.864959115132341083e-01
1.956636721691787650e-01
2.069492080879590246e-01
2.103937564956488426e-01
2.088881887670135662e-01
2.175003266994806339e-01
2.213793471348797226e-01
2.295622092352266053e-01
2.368655336838660364e-01
2.400534328183499544e-01
2.500889410028480642e-01
2.582028552106062635e-01
2.577195800154147842e-01
2.663700950492344233e-01
2.726491575850145677e-01
2.795346519136845953e-01
2.929131236081348733e-01
2.954260352055648742e-01
2.965665201037672727e-01
3.105721944402060064e-01
3.133908755211295416e-01
3.219844724174242279e-01
3.280423329619605033e-01
3.283277607840950352e-01
3.407710827395121767e-01
3.508925330482328686e-01
3.549403073052850299e-01
3.641596621072268891e-01
3.768611087884118915e-01
3.748453844539518798e-01
3.765431603449027054e-01
3.860319803206539446e-01
3.937582342744015973e-01
4.046068621445350066e-01
4.048843395285625646e-01
4.100309589165692659e-01
4.220643814118711923e-01
4.284986461520909895e-01
4.332930952647487399e-01
4.394122834646267406e-01
4.504666520308409638e-01
4.544591210302204032e-01
4.649157441794435908e-01
4.642699410025808437e-01
4.740240365376585663e-01
4.786268718554180235e-01
4.902350540213344376e-01
4.926711534809508075e-01
5.024458958468077663e-01
5.053142617577229823e-01
5.085742362005296613e-01
5.202327648670348470e-01
5.224830063037699812e-01
5.319612417559252959e-01
5.355335262404669061e-01
5.419271245208368004e-01
5.480042971987046929e-01
5.525296436775283260e-01
5.651967357359204414e-01
5.725308222377902823e-01
5.707359557450910614e-01
5.818199012425866457e-01
5.919009599756883677e-01
5.963244042725968086e-01
5.998497796620320122e-01
6.074636810765910999e-01
6.120380691419962105e-01
6.188583072716647981e-01
6.243123262852051658e-01
6.352123352366755293e-01
6.422287987475953086e-01
6.482574844297203098e-01
6.512887253449993752e-01
6.575304560138435228e-01
6.663155669606402043e-01
6.696021337335578139e-01
6.767820589128402675e-01
6.845536043351667654e-01
6.873348343904688296e-01
6.906773004638340208e-01
7.037050345947883923e-01
7.084919931132297455e-01
7.144295836933448607e-01
7.231478659601322523e-01
7.249329345460006069e-01
7.323193986403028211e-01
7.391043536861868768e-01
7.454172574642917715e-01
7.537151243187615313e-01
7.569281873286090034e-01
7.625256917349575447e-01
7.690906702908286707e-01
7.768898205871508367e-01
7.850450372391801768e-01
7.883105046483565026e-01
7.923774808841318462e-01
8.001308311489474523e-01
8.038242722857050770e-01
8.092860796347945973e-01
8.178261525399861398e-01
8.232102465067550057e-01
8.268926651842453124e-01
8.326830055421958754e-01
8.423899779379848685e-01
8.473487087969006071e-01
8.527698304083104475e-01
8.586771514416596807e-01
8.638078198475530600e-01
8.703537331721838965e-01
8.763553357715021530e-01
8.826888058704279727e-01
8.883144466563013264e-01
8.929253429783480245e-01
8.981203926174106122e-01
9.016763760714076037e-01
9.104911413340271986e-01
9.198283073422485190e-01
9.208274591365835926e-01
9.268564215431722708e-01
9.336307939864443295e-01
9.371160499904692687e-01
9.435998436585031346e-01
9.506207877935587414e-01
9.557566806890097633e-01
9.594420590697904094e-01
9.662061538816206774e-01
9.708653346121256522e-01
9.764707979877573774e-01
9.825406838779298102e-01
9.859869259750330128e-01
9.927916980177647899e-01
9.986938533434730481e-01
1.004278186979085996e+00
1.010440844520654524e+00
1.014784987962062512e+00
1.020950138793199846e+00
1.022467621830088769e+00
1.029878740883188870e+00
1.038284305323218248e+00
1.040204377993929175e+00
1.047197596675127018e+00
1.052376193432010831e+00
1.059829063163732821e+00
1.062201542308889080e+00
1.068827384276128889e+00
1.074448514761811913e+00
1.077230146171073377e+00
1.083577784790797471e+00
1.089371644741585987e+00
1.093582534366591030e+00
1.097965884588745888e+00
1.104486439241977314e+00
1.108343995475177035e+00
1.116574907379512149e+00
1.119568980856897822e+00
1.124729770128610529e+00
1.130216065882026832e+00
1.133785448957226105e+00
1.140053732636415074e+00
1.145434310899317021e+00
1.151014499102137822e+00
1.156225181945129021e+00
1.160697395486936401e+00
1.165422900182144339e+00
1.171691016187585976e+00
1.176465448335751285e+00
1.181880487140022584e+00
1.187185569020189568e+00
1.189749248837086881e+00
1.195173339882042551e+00
1.201567143593512910e+00
1.205952001282336372e+00
1.211181416749271378e+00
1.215311643711575851e+00
1.219614108555385101e+00
1.225757216308006381e+00
1.228951616700582283e+00
1.233771956314439810e+00
1.240299820324720637e+00
1.244838477715515701e+00
1.249563002281463220e+00
1.252371735044324419e+00
1.256979882070076160e+00
1.263318331439115427e+00
1.269093474419891621e+00
1.274155298866061159e+00
1.276890087895439452e+00
1.281571259662134699e+00
1.287084587031539051e+00
1.292266188193095022e+00
1.297337738299265242e+00
1.302183181842648807e+00
1.305534934048037332e+00
1.309652019096392728e+00
1.314773091327257282e+00
1.318478456643874308e+00
1.322169703650065919e+00
1.327413763697797178e+00
1.332793683638957782e+00
1.337138011194687115e+00
1.342475883038027895e+00
1.346234577822351675e+00
1.350381800962531464e+00
1.356684818953203031e+00
1.360970646014227459e+00
1.364453259038891142e+00
1.367733076082588761e+00
1.371964754248184981e+00
1.378144894536699860e+00
1.384128697441495026e+00
1.388693064932647658e+00
1.392497530567819330e+00
1.397159632351186564e+00
1.400233816579561141e+00
1.404532643296630079e+00
1.409771997292707857e+00
1.413663860184782184e+00
1.416977804809246511e+00
1.421800953054727756e+00
1.426213303680031297e+00
1.427630428511629690e+00
1.433841331897392823e+00
1.439962945318732812e+00
1.444252139326226203e+00
1.447449871891607787e+00
1.451896327017243582e+00
1.456765043102333346e+00
1.460833344872765061e+00
1.463482469665350783e+00
1.467870891354380314e+00
1.472384244429429501e+00
1.476593358513767384e+00
1.480586743845942133e+00
1.483731367433748005e+00
1.487847664582475860e+00
1.493591162799396521e+00
1.497312004906092175e+00
1.501000627422738765e+00
1.506773595281676981e+00
1.509333090719143566e+00
1.513108187876392785e+00
1.518309479734287315e+00
1.522124012739705767e+00
1.525952784095994108e+00
1.530338513984020210e+00
1.533556792733444141e+00
1.537682152173834416e+00
1.541999185975391873e+00
1.546238562844586717e+00
1.549877180771524587e+00
1.553684191564361772e+00
1.558005671238862355e+00
1.561501051296581677e+00
1.564567450132728910e+00
1.568883130930575298e+00
1.572574574680536630e+00
1.577118816952436831e+00
1.581047622284947440e+00
1.584289034239112937e+00
1.587594187759905795e+00
1.593200387341153323e+00
1.598182592756272946e+00
1.602405385394404469e+00
1.605490249461039021e+00
1.607780082353370998e+00
1.609415626114856002e+00
1.613936152557658321e+00
1.619176920828058197e+00
1.623123368156917712e+00
1.626353049462334832e+00
1.630137362825545999e+00
1.634720341793466813e+00
1.638821277726802972e+00
1.641670793423448238e+00
1.644896425742774504e+00
1.647960975461694177e+00
1.652069378357826412e+00
1.655817742392842629e+00
1.659172740567226745e+00
1.662057037248722002e+00
1.666282125051857355e+00
1.670966758506734262e+00
1.673925221326143742e+00
1.677500000041178163e+00
1.681411469403681247e+00
1.685285159163232960e+00
1.688537332835987614e+00
1.692701023298948781e+00
1.696160726213883363e+00
1.698650857048390250e+00
1.702257009568865609e+00
1.705791005898516843e+00
1.709118891277547014e+00
1.712987200220537742e+00
1.716889463706108954e+00
1.720707956695546770e+00
1.724466756985159721e+00
1.727313326659576154e+00
1.729690711672605019e+00
1.733867198420281808e+00
1.737618671593488484e+00
1.740534658834749893e+00
1.743612811300521814e+00
1.747026758239129007e+00
1.751617529384027705e+00
1.754768316084571511e+00
1.757865609203398405e+00
1.760310441220381605e+00
1.763521271387339384e+00
1.767686393829670743e+00
1.771966531053149163e+00
1.774232215774506516e+00
1.776777863067696694e+00
1.780050646208129583e+00
1.783385925368953018e+00
1.786778329542868748e+00
1.790025695674665629e+00
1.793311135517667854e+00
1.796936256650550900e+00
1.801148680317521178e+00
1.804663879767872459e+00
1.807538990733499329e+00
1.810569205640307100e+00
1.813385278684993995e+00
1.817080004141686578e+00
1.820179685216218424e+00
1.823213149191915905e+00
1.826310373547603616e+00
1.829702840568367961e+00
1.833043876342842493e+00
1.835881268431200031e+00
1.838701870591039178e+00
1.841886731532297539e+00
1.844737296210791078e+00
1.847715313389414638e+00
1.850332445883161370e+00
1.853114470281466808e+00
1.857227405688015809e+00
1.860999506856158225e+00
1.864164408461758793e+00
1.866565732854506887e+00
1.869591473479365495e+00
1.872649706512574452e+00
1.874971764301203159e+00
1.878254183011226486e+00
1.881816258750848014e+00
1.884906819616913864e+00
1.887239992687915979e+00
1.889977655277191859e+00
1.892766616273561020e+00
1.895847517157811524e+00
1.899075677308873278e+00
1.902021350479918826e+00
1.905376317575665501e+00
1.908589909636321913e+00
1.912074519635032388e+00
1.914515395669988296e+00
1.917901114326297618e+00
1.920477370905113279e+00
1.923130158850264060e+00
1.926184967752487598e+00
1.928810763295986330e+00
1.931514345568555724e+00
1.934183522606002681e+00
1.937008441232340950e+00
1.940206519475320635e+00
1.943651275832085634e+00
1.946428538438190303e+00
1.949021979823067241e+00
1.951748915273149754e+00
1.954746647620598354e+00
1.957670141920635931e+00
1.960148600854884293e+00
1.963824841021302170e+00
1.966308807991384855e+00
1.968684150584502968e+00
1.970935603241168899e+00
1.973752217368895057e+00
1.976441040487543654e+00
1.979403551177267184e+00
1.981957477744457519e+00
1.985445072845759551e+00
1.988521471583139855e+00
1.990852494942354944e+00
1.992749411534733506e+00
1.995159388550756807e+00
1.997867937477623368e+00
2.001018061020917393e+00
2.003607166364087977e+00
2.006144162363593164e+00
2.008488421231065413e+00
2.010924024535828192e+00
2.013491044714927902e+00
2.017112876515140929e+00
2.020059714334011769e+00
2.022433003454681799e+00
2.024885271788917418e+00
2.027905098152354313e+00
2.030212493980479760e+00
2.032784376085508438e+00
2.034997712715908236e+00
2.037990245668951150e+00
2.040785722179152550e+00
2.043143572022939836e+00
2.045636226480505471e+00
2.048030368053177064e+00
2.050595170451898319e+00
2.053123131704280180e+00
2.055837242557657429e+00
2.058839752288166736e+00
2.061621061400745525e+00
2.063674458380401866e+00
2.065536434943010757e+00
2.067821989341166677e+00
2.070806265088038334e+00
2.073941189136040641e+00
2.076574750659966551e+00
2.078697404944573890e+00
2.080715055726124696e+00
2.082881857361060796e+00
2.085469113009954079e+00
2.087768699667226002e+00
2.091128502672391587e+00
2.093672731109527341e+00
2.095594051105656330e+00
2.097708287062021171e+00
2.100065061374169595e+00
2.102871988143224957e+00
2.105097213889780328e+00
2.107197925933651739e+00
2.109670279882410959e+00
2.111847342766102198e+00
2.114490811037911921e+00
2.117072417074523649e+00
2.119390929361305798e+00
2.121901289908111110e+00
2.124356762488675887e+00
2.126778612703341231e+00
2.129075219786310758e+00
2.130786987457705450e+00
2.133322531549624923e+00
2.135773083971788555e+00
2.138309811721772924e+00
2.140531723780114692e+00
2.143082128530491737e+00
2.145361618387828795e+00
2.147535184744881587e+00
2.149570448797986533e+00
2.151979830018164730e+00
2.154206022699731715e+00
2.156917762672097005e+00
2.159373753957494646e+00
2.161623608145742725e+00
2.163440009150618959e+00
2.165995265331022157e+00
2.168186686853463385e+00
2.170526200977449527e+00
