-4.616422637807413021e-03
-4.763914592920550500e-03
-5.487664875367519526e-03
-4.141898864156002592e-03
-2.702861213392433477e-03
-2.849007195579299906e-03
-3.454349615311202385e-03
-3.706003853762040480e-03
-3.972763371091925233e-03
-3.421955490331007529e-03
-2.536258620268645909e-03
-4.019511574778669022e-03
-2.781778374377664228e-03
2.979608945524444348e-04
2.063464048114392179e-04
3.452202749471499754e-03
6.456177558407945327e-03
2.959641282981376881e-03
3.181990651943483565e-03
6.607107027592743279e-03
8.923143697970569929e-03
1.255158570159121099e-02
1.748511253978262195e-02
2.399265956830770943e-02
1.867359846633150078e-02
2.295630117500730913e-02
3.199360817164698806e-02
3.047531515852193104e-02
3.932721611048242000e-02
4.157812176253537773e-02
4.426064257180867961e-02
4.292427649108783438e-02
4.948852935698663802e-02
5.150201104684862252e-02
6.483209714975400606e-02
7.013455558127427991e-02
7.206824228347438743e-02
8.144368030039750295e-02
8.633763630770907582e-02
8.285358394324124354e-02
9.360549217116842513e-02
9.661081466104247395e-02
9.977335280412243101e-02
1.040970456745373696e-01
1.060188590601505443e-01
1.141388534544373751e-01
1.181241157130945157e-01
1.250280515396948733e-01
1.338953114222822816e-01
1.403927030082908756e-01
1.410568443329011101e-01
1.489812731950380664e-01
1.585800942685910431e-01
1.575507853578882456e-01
1.609776783929895427e-01
1.716391260603367941e-01
1.802993897451308225e-01
1.913254212931832510e-01
1.942241655175454829e-01
1.923866611706269159e-01
2.007508064784721824e-01
2.041405101408162170e-01
2.116092315396572998e-01
2.187778084139855028e-01
2.214326271562520876e-01
2.302314811839425435e-01
2.389436000072672206e-01
2.380891668278944107e-01
2.463103207243788895e-01
2.518270413960588261e-01
2.585535745370527994e-01
2.712313958132122615e-01
2.731006210605665951e-01
2.742809833843842804e-01
2.873952519332302336e-01
2.897593151050878446e-01
2.980896086196375694e-01
3.036771477362503746e-01
3.039922042159323712e-01
3.161859047706049863e-01
3.257251137646260952e-01
3.287691493202239412e-01
3.376338284641335896e-01
3.499694338881922384e-01
3.473513693206943809e-01
3.483784467653803785e-01
3.573379261191570455e-01
3.646876115782272665e-01
3.751578231387249773e-01
3.750489422352482061e-01
3.797069594400090398e-01
3.913634383486781498e-01
3.974111131845172173e-01
4.021703258721966989e-01
4.079350438050773908e-01
4.184272156469460713e-01
4.219165379991629550e-01
4.317921909478089071e-01
4.308128901765263530e-01
4.398936958409864761e-01
4.445380711386834327e-01
4.557524549121536039e-01
4.576708940203083609e-01
4.664357715623962952e-01
4.690612835979786621e-01
4.730802660230606915e-01
4.836790418052442919e-01
4.855219031127571694e-01
4.948850871598153844e-01
4.978379465431057582e-01
5.037659017930324890e-01
5.093871699875364145e-01
5.136667886359617130e-01
5.259015867712902859e-01
5.326009396770616799e-01
5.306978716876591395e-01
5.415415674017433068e-01
5.507715712591831903e-01
5.546454065625895380e-01
5.582281031770881530e-01
5.657706681382034253e-01
5.696772836338989121e-01
5.764791604593244578e-01
5.820785130136446606e-01
5.919799679337017784e-01
5.981058560880591068e-01
6.042877183377811656e-01
6.072066764770648328e-01
6.129860109454331463e-01
6.212620903870871292e-01
6.243900730039207980e-01
6.313124140604225998e-01
6.382115086240784940e-01
6.407532869082757099e-01
6.441814817680981964e-01
6.568242578376981555e-01
6.605213889776776481e-01
6.665518644727096431e-01
6.758167496633303850e-01
6.768365531207598540e-01
6.834196889211195947e-01
6.905452793251752874e-01
6.962207294570774696e-01
7.041380537490452562e-01
7.068473279107517770e-01
7.118844182689082478e-01
7.186513717066463913e-01
7.262410483883700030e-01
7.341423995759704946e-01
7.368444757154685165e-01
7.407409182492969979e-01
7.477136510746233977e-01
7.515603354133684189e-01
7.567315820087130440e-01
7.640933372409146607e-01
7.696857625102266898e-01
7.735011451950601913e-01
7.788332067030054873e-01
7.874111372184624535e-01
7.928413937630716113e-01
7.971816954754850082e-01
8.032193246271406295e-01
8.080109899262392092e-01
8.146435701449135092e-01
8.207854823865666782e-01
8.264437174948582321e-01
8.312391859331378363e-01
8.358689829640194580e-01
8.409870227979202584e-01
8.441864732449252395e-01
8.527141222098052475e-01
8.616150709060360624e-01
8.620857178260386000e-01
8.676124407997286569e-01
8.746369200455893500e-01
8.778548108067120159e-01
8.841126372263552469e-01
8.912566861352755332e-01
8.958719499575364953e-01
8.991640008164094588e-01
9.061378305082327111e-01
9.102055573884710871e-01
9.154806595344068265e-01
9.214436466528684866e-01
9.244690551577882109e-01
9.308641430250824689e-01
9.366591413474474326e-01
9.416708607279212773e-01
9.478240491825108416e-01
9.525629002811697443e-01
9.583850140670407969e-01
9.592335725954673764e-01
9.667900800735780287e-01
9.746590485573810581e-01
9.764500302049364810e-01
9.828889261261803956e-01
9.883662916012777577e-01
9.952204641049843259e-01
9.974985216204977911e-01
1.003482660758776790e+00
1.009467826978402316e+00
1.012114747431379636e+00
1.017938236333816304e+00
1.023442895271938546e+00
1.027665089254525155e+00
1.031576003935487096e+00
1.037886937184420155e+00
1.041496260188481404e+00
1.049623403014817935e+00
1.052284320836457177e+00
1.057135775248045917e+00
1.063527658391242081e+00
1.066603503697848510e+00
1.071848837419154377e+00
1.077762236475685809e+00
1.083211821716820733e+00
1.087912037690673683e+00
1.092156079466659602e+00
1.096926958260275642e+00
1.102821300015807138e+00
1.106815866083318944e+00
1.112119876289102471e+00
1.117697418700586587e+00
1.119911078684959316e+00
1.124459411189955738e+00
1.131179695007882513e+00
1.135206395967375492e+00
1.140198460572508399e+00
1.144438681685271852e+00
1.149006737631197206e+00
1.154633238875529821e+00
1.157358881142752427e+00
1.162410754505269539e+00
1.168747959449406792e+00
1.173017557963453417e+00
1.177950683577382973e+00
1.180635514999524460e+00
1.184762290113255956e+00
1.190795071954491746e+00
1.196604738820379987e+00
1.201542847734286878e+00
1.203673871364953962e+00
1.208446105062780385e+00
1.214175604953439569e+00
1.218885980877891795e+00
1.223654298737301360e+00
1.228576324106295914e+00
1.231480538635199018e+00
1.235559973643708176e+00
1.240265851721385149e+00
1.243699297008486138e+00
1.247343304788046003e+00
1.252775107089805218e+00
1.257838522280760207e+00
1.261994708399512000e+00
1.267195958429592650e+00
1.271053190340002415e+00
1.275207019392522234e+00
1.281288664324824245e+00
1.285277475934158531e+00
1.288771679182235452e+00
1.291964233723690070e+00
1.295652000616634325e+00
1.302003316462760241e+00
1.307804022798669807e+00
1.311954914934488237e+00
1.315703280007120890e+00
1.320564333053002803e+00
1.323088782339255198e+00
1.327500747721990448e+00
1.332882942279477678e+00
1.335858484845307892e+00
1.339256727766333199e+00
1.343861788761125053e+00
1.348181933757977902e+00
1.350173872441960521e+00
1.356107476743817486e+00
1.361728814971824519e+00
1.365934565915232213e+00
1.369223153938318838e+00
1.373888703161615599e+00
1.378340561484359350e+00
1.381843619012296021e+00
1.384879308093134753e+00
1.389251493230485135e+00
1.392974889190686794e+00
1.397019274515294285e+00
1.401362042557779741e+00
1.404531152443119657e+00
1.408230824686142357e+00
1.414105190723727423e+00
1.417679018180518780e+00
1.420987236334801507e+00
1.426482155458751899e+00
1.429425607988145774e+00
1.433576001398668254e+00
1.438736564683919639e+00
1.441916952299100663e+00
1.445474525241162489e+00
1.449814643567076011e+00
1.452828849768296182e+00
1.456685253639668831e+00
1.461157893725203216e+00
1.465272895104650086e+00
1.468765924477178020e+00
1.472754598003473081e+00
1.477333183035232755e+00
1.480691755356245087e+00
1.483078531523284171e+00
1.487261726698443143e+00
1.491546445753133998e+00
1.496071760468637102e+00
1.499260844034562945e+00
1.502520102650883205e+00
1.506371388251220633e+00
1.511589149240807339e+00
1.515677385284677658e+00
1.519445382533979982e+00
1.523063052890683222e+00
1.525659717638823132e+00
1.527215156217689218e+00
1.531366715388940980e+00
1.536241221641002186e+00
1.539606827214772933e+00
1.543326165575680697e+00
1.547278675156012806e+00
1.551774388585255071e+00
1.555639580710047376e+00
1.558523907500236616e+00
1.561907148966946490e+00
1.564716934269619886e+00
1.568587774542381519e+00
1.572545987434155856e+00
1.575848096648525987e+00
1.578705602222715276e+00
1.583012475202523417e+00
1.587656477805653221e+00
1.590393675829337106e+00
1.594055856260770510e+00
1.598014862525799717e+00
1.601643031005082207e+00
1.604670247591367893e+00
1.609051545295113295e+00
1.612478325854470818e+00
1.614531044012235794e+00
1.617985837449831488e+00
1.621801809057633381e+00
1.625191541443840260e+00
1.628833317951695170e+00
1.632491500726217737e+00
1.636187107073934000e+00
1.639893717701929265e+00
1.642436837634386304e+00
1.644632743599518498e+00
1.648957467061628712e+00
1.652906315189957454e+00
1.655921093526460108e+00
1.658976949167127568e+00
1.662331646746220137e+00
1.666493757776845053e+00
1.669583649582739637e+00
1.672667433707948126e+00
1.675141207867462567e+00
1.678319280624886334e+00
1.682158464017496691e+00
1.686190001814393380e+00
1.688743873734360745e+00
1.691485489501419082e+00
1.694641053343910020e+00
1.697923962190061697e+00
1.701366092593951773e+00
1.704347291071824255e+00
1.707704488733630566e+00
1.711163579171956606e+00
1.715062154400169625e+00
1.718951743295046741e+00
1.721902445469434051e+00
1.724782055187259244e+00
1.727514758568772235e+00
1.731170971674563352e+00
1.734240886134245763e+00
1.736824486027551240e+00
1.739933271235890366e+00
1.743497582472667284e+00
1.746971198509039924e+00
1.749513481379777913e+00
1.752492457974142548e+00
1.755721992974818901e+00
1.758433737832349575e+00
1.761126751591640449e+00
1.763624900941529239e+00
1.766488051083888955e+00
1.770749187737849617e+00
1.774504853095781653e+00
1.777565807134584563e+00
1.780101237181040741e+00
1.783028216695362600e+00
1.785976954379593806e+00
1.788520603074879034e+00
1.791743840086474693e+00
1.795015859620301857e+00
1.798090725786425370e+00
1.800313491453058523e+00
1.803111356352291139e+00
1.805755581484027372e+00
1.808685204846887773e+00
1.812332273606067412e+00
1.815499457679620177e+00
1.818535335633295391e+00
1.821642754076007398e+00
1.824946444631252218e+00
1.827482165370891032e+00
1.830565396428286196e+00
1.833608853508816861e+00
1.836219964008409811e+00
1.839129101338242922e+00
1.841396223218634498e+00
1.844216846162846979e+00
1.846964930458170784e+00
1.850086635086213960e+00
1.852969804042882140e+00
1.856158894930807435e+00
1.858719456044541030e+00
1.861397550068278228e+00
1.864425087595500630e+00
1.867240278001882192e+00
1.870277692366880240e+00
1.872672770320439994e+00
1.875910477536138821e+00
1.878477620582323482e+00
1.880855772045057384e+00
1.883077291353085103e+00
1.886010107367295241e+00
1.888534511431261054e+00
1.891395427900672166e+00
1.894229899893240754e+00
1.897425618085399002e+00
1.900552936208730781e+00
1.902758850661021794e+00
1.904754210988716556e+00
1.907336845013761106e+00
1.910047173772485118e+00
1.913129751953409619e+00
1.915484785457541639e+00
1.918023892332070934e+00
1.920337506427902463e+00
1.923136872940742093e+00
1.925839649211551707e+00
1.929319784954240058e+00
1.932204938316785192e+00
1.934318068830362725e+00
1.936740260289257609e+00
1.939490755263457711e+00
1.941987237670657951e+00
1.944508526858756081e+00
1.946915076249039478e+00
1.949852584430949554e+00
1.952792169455984439e+00
1.955156133055327761e+00
1.957397296091586636e+00
1.959827743753960849e+00
1.962410767354159535e+00
1.964931855372058500e+00
1.967818266011821082e+00
1.970577168315951422e+00
1.973114531933958027e+00
1.975236305125416258e+00
1.977087491853876777e+00
1.979353292261533781e+00
1.982501745324021014e+00
1.985693498091445797e+00
1.988453782354021149e+00
1.990204378572804078e+00
1.992142529418919228e+00
1.994572575296929218e+00
1.997071503909889190e+00
1.999322847687833971e+00
2.002683735900669504e+00
2.005140341521438163e+00
2.006929019912456980e+00
2.008984577508185598e+00
2.011555348490476458e+00
2.014368693835740132e+00
2.016728474436004781e+00
2.018602842144423537e+00
2.021002759166748763e+00
2.023251340529276465e+00
2.025853108752422749e+00
2.028499341403107170e+00
2.030835261306748851e+00
2.033338412032590803e+00
2.035357497698649709e+00
2.037841242022816690e+00
2.040166352863000299e+00
2.042292711087507318e+00
2.044851444332617785e+00
2.046858947364736725e+00
2.049430242430618776e+00
2.051694153238680762e+00
2.054495032711806335e+00
2.056621441847377607e+00
2.058910562743414996e+00
2.060955777268917988e+00
2.063266611471273659e+00
2.065123590091584749e+00
2.068028147225911439e+00
2.070536775398859941e+00
2.072847712076555382e+00
2.074838185217643183e+00
2.076988693645097417e+00
2.079158816178841018e+00
2.081385718888791647e+00
