-4.676564784451465832e-03
-4.621053122664201679e-03
-5.260348792380249716e-03
-3.726199099417232610e-03
-1.941112815399238843e-03
-1.886577380973344844e-03
-2.120313222684551326e-03
-2.258516990520330163e-03
-2.678216537278835761e-03
-2.377105862287837070e-03
-1.907256023919081311e-03
-3.023521069252707236e-03
-1.997088308425214349e-03
4.196178426181232835e-04
5.509039762009279757e-04
3.078385075417929169e-03
5.347640887480828269e-03
2.684601733920417063e-03
2.679478653807261263e-03
5.132063537612652389e-03
6.746075622407461322e-03
9.500526754450499059e-03
1.319593018886112447e-02
1.827833636884406907e-02
1.435389070719927419e-02
1.766712952176844459e-02
2.457423356397391012e-02
2.324359300044987961e-02
2.988183662933160956e-02
3.169415490331957408e-02
3.355677144207376561e-02
3.225910275775423913e-02
3.721299525528984353e-02
3.915233081644615976e-02
4.951569178744705257e-02
5.350038649059532525e-02
5.469800238938864190e-02
6.201427606676971488e-02
6.607815915482745384e-02
6.301002221032248052e-02
7.136522958171660769e-02
7.369224911215624396e-02
7.584242800890930725e-02
7.895159297686886457e-02
8.024291378715481260e-02
8.705065755099393454e-02
9.026391928934078546e-02
9.537813625946357787e-02
1.024719298733877126e-01
1.071021917044707589e-01
1.075035485657030443e-01
1.141485013231332835e-01
1.217747501650110753e-01
1.209824610693317620e-01
1.232657497510616929e-01
1.306536865834742878e-01
1.377750670892972373e-01
1.478415253913483718e-01
1.492854014333257762e-01
1.467370325574728906e-01
1.542504677438668592e-01
1.563198868518510531e-01
1.621157268970306042e-01
1.682488887069639172e-01
1.700039792510985859e-01
1.752041065586419366e-01
1.848782948334287690e-01
1.834862250569946063e-01
1.904027109640936688e-01
1.937101377009914638e-01
1.998243451426485739e-01
2.103186196503067928e-01
2.107217100108289554e-01
2.120207352423282565e-01
2.224724579740049168e-01
2.235522404494657833e-01
2.308520370788474940e-01
2.348986761277623292e-01
2.355935957340914710e-01
2.468125499686833202e-01
2.545162161793217415e-01
2.547454570269152563e-01
2.625131659400136708e-01
2.734735148611261435e-01
2.695034673611191312e-01
2.694714945856959143e-01
2.765795076352533521e-01
2.823413458784707064e-01
2.915344213532030659e-01
2.903577612584996581e-01
2.940528665091332039e-01
3.046478715223496780e-01
3.094443037346336078e-01
3.135794140767461657e-01
3.186957020727311241e-01
3.273492987911655883e-01
3.282102253119011936e-01
3.374705470688765252e-01
3.362302852757644289e-01
3.428035396774199439e-01
3.479952928417590630e-01
3.567854157454107833e-01
3.576173295291573684e-01
3.636067831581574206e-01
3.658413725841483943e-01
3.720424227437870157e-01
3.789714000784460413e-01
3.801983614662333144e-01
3.890673191132323350e-01
3.898710974328516432e-01
3.948506890223315025e-01
3.985931647432511826e-01
4.023945045675496046e-01
4.120443024134051724e-01
4.181929762840509435e-01
4.164899709813020823e-01
4.249410061392885907e-01
4.320737153531482022e-01
4.345532204937538889e-01
4.381555877665106458e-01
4.460986174318493647e-01
4.478500668220125047e-01
4.536118405364873984e-01
4.594179384684236589e-01
4.663884545263655146e-01
4.704584193247333679e-01
4.766970596622865930e-01
4.792802522386516717e-01
4.842345570777069064e-01
4.899521257337112745e-01
4.923580975363311962e-01
4.993063614534454242e-01
5.032480655682960435e-01
5.055384008764667314e-01
5.093355811706368197e-01
5.195434372028095993e-01
5.210765956822499545e-01
5.268615065785280382e-01
5.369731991062860477e-01
5.363277674568014408e-01
5.409309510156939949e-01
5.482825659702315058e-01
5.520871015789799996e-01
5.582008373514869559e-01
5.604548270624678530e-01
5.639835010812073168e-01
5.706282505561049989e-01
5.767618291128813190e-01
5.843326980112253377e-01
5.851515310690603711e-01
5.886795790042907983e-01
5.921011871155983375e-01
5.972175532164109013e-01
6.020984031853504614e-01
6.046873652489446194e-01
6.124313150325805255e-01
6.153157336373213937e-01
6.200739015290149814e-01
6.251237717823727724e-01
6.311697017597113213e-01
6.333379739495794691e-01
6.388765182682454302e-01
6.434673720594186186e-01
6.492343501609676437e-01
6.561319688768660896e-01
6.590825634246690878e-01
6.613289209627957188e-01
6.664100050642562945e-01
6.712803391422478283e-01
6.738316566339768166e-01
6.809553326306568843e-01
6.878651000471843746e-01
6.881484616255627573e-01
6.923198811038752121e-01
6.989957306801052317e-01
7.021091512564119341e-01
7.068668745303220424e-01
7.128383513787477366e-01
7.155672827402690395e-01
7.190118707917334540e-01
7.252177362417943085e-01
7.276354759739901423e-01
7.332626532698356403e-01
7.390706536126715465e-01
7.412936685669941905e-01
7.457148089939498181e-01
7.500205638954190457e-01
7.542844145312893600e-01
7.589279006305638120e-01
7.651201152148411344e-01
7.703449375460930115e-01
7.698737455519019113e-01
7.766206951692313787e-01
7.818081516947646969e-01
7.841184094288916606e-01
7.889355900445668146e-01
7.953906879352508064e-01
7.991826780972247635e-01
8.024443054901844175e-01
8.056834249166012762e-01
8.122661765313783366e-01
8.149733614855999564e-01
8.185112208534871536e-01
8.236420168437820211e-01
8.270935032361002026e-01
8.299145684843807214e-01
8.351538801442274229e-01
8.387494821076770801e-01
8.454495180491951034e-01
8.476352107770562805e-01
8.519133029593115580e-01
8.592687111997033833e-01
8.607848153842232453e-01
8.641697834059469674e-01
8.708387702244444473e-01
8.753677336381123775e-01
8.781809293541413819e-01
8.814109833438239505e-01
8.860878928388339348e-01
8.909608017198554775e-01
8.934077502253809921e-01
8.974658733006678490e-01
9.041877285637112127e-01
9.057275233165037465e-01
9.079785578628337683e-01
9.147973582348778443e-01
9.182784907702727928e-01
9.220714321448997275e-01
9.264824454566021883e-01
9.307712331654098836e-01
9.348860620484227280e-01
9.371737637028612067e-01
9.420694304581178624e-01
9.474551023785575676e-01
9.505003947494120586e-01
9.551326101247645806e-01
9.582405635166647562e-01
9.612773740712698967e-01
9.659001270365276115e-01
9.710785232995682303e-01
9.749003862606777648e-01
9.764309529682430044e-01
9.816071336720928464e-01
9.862629457902695185e-01
9.897405223633866100e-01
9.939495748193546421e-01
9.982425172956961301e-01
1.000618374651809361e+00
1.004010661599653798e+00
1.007991501952111513e+00
1.010569352278256172e+00
1.014069708710916506e+00
1.019298591910460683e+00
1.022897219035290073e+00
1.026907846946222724e+00
1.031431772165647631e+00
