-4.759974653737924187e-03
-4.472412269829752554e-03
-5.023690239513016985e-03
-3.319322529501290888e-03
-1.212668483149351335e-03
-9.607436509496785054e-04
-8.483557482365975365e-04
-8.903202888529722489e-04
-1.460789717486641812e-03
-1.416872691004694880e-03
-1.350609939650589120e-03
-2.118624201644324443e-03
-1.315828876379469868e-03
4.236589802788681583e-04
7.333842083178624283e-04
2.504833426007459056e-03
3.998060610889260513e-03
2.187311001280221098e-03
1.942109584934054774e-03
3.402767381678737778e-03
4.333405149887970334e-03
6.140825701967992344e-03
8.591194010184349805e-03
1.209084360547141475e-02
9.629481606029109339e-03
1.188978228481770219e-02
1.647579534121662581e-02
1.544911595886628436e-02
1.975452053713716571e-02
2.098335725932857013e-02
2.208261234563686434e-02
2.103135045685400328e-02
2.428217077255155273e-02
2.586151522289437121e-02
3.288026121489278503e-02
3.551627347490121656e-02
3.610847334512658213e-02
4.107212546278228571e-02
4.400929680415534284e-02
4.165231999654378514e-02
4.729940303925782991e-02
4.887416467680846810e-02
5.007563604725182721e-02
5.197639665751580679e-02
5.273022063008189764e-02
5.778725301128170150e-02
6.010585661645509448e-02
6.328558961571439934e-02
6.814191149078480114e-02
7.102167853476110126e-02
7.122528327770591416e-02
7.607847162291070386e-02
8.133487653687261620e-02
8.073956069781225431e-02
8.207576738087053736e-02
8.623850320108573941e-02
9.142375561183845034e-02
9.968443691111170124e-02
9.979256160621051419e-02
9.702796088105174188e-02
1.030893601814605598e-01
1.038833610170159516e-01
1.081441566830670664e-01
1.122967402829301714e-01
1.137297716031647338e-01
1.153543283271220021e-01
1.243131056210581564e-01
1.231144541877771253e-01
1.281448159156043376e-01
1.293900988098016791e-01
1.343259514506642271e-01
1.419830580752752258e-01
1.414671005048264429e-01
1.427333750759747222e-01
1.500146413276400859e-01
1.497963513233165900e-01
1.552180124280976570e-01
1.574818077664855986e-01
1.587137038324010485e-01
1.680976744679180124e-01
1.734889245244852773e-01
1.712205744827190734e-01
1.772245096318658397e-01
1.858736302301937371e-01
1.812867547405249136e-01
1.812940449101771712e-01
1.859863717334792887e-01
1.893779386478523785e-01
1.965306764612803070e-01
1.941939628322037481e-01
1.973537957578669899e-01
2.066233848110903826e-01
2.094504512822861764e-01
2.121173727884784199e-01
2.165810656214875729e-01
2.231005314383514571e-01
2.200603016835713799e-01
2.295374690354838043e-01
2.286184205494471711e-01
2.320582853414176472e-01
2.377333439234476098e-01
2.419261682643209788e-01
2.423655144538724993e-01
2.458267408237271856e-01
2.473973020724547223e-01
2.547807836349498256e-01
2.578538007258351916e-01
2.587898947405324335e-01
2.663678334560082850e-01
2.651788297355716639e-01
2.688928632551210174e-01
2.697955404434882465e-01
2.727545903886049450e-01
2.784665751781176257e-01
2.856613409415403870e-01
2.843610341044293111e-01
2.879063397695990623e-01
2.935301082355156188e-01
2.943881192529458901e-01
2.970897012920158398e-01
3.057357082877737997e-01
3.058251783090291109e-01
3.084640048772689380e-01
3.134043212486260499e-01
3.183066155890619808e-01
3.213377446364865109e-01
3.259869000302627051e-01
3.275158561227562437e-01
3.315504292603694836e-01
3.332666389034425469e-01
3.353074668972112482e-01
3.429759925895337624e-01
3.432883528893693748e-01
3.454130669681122479e-01
3.491267191947848847e-01
3.548929065323493393e-01
3.557353456485063403e-01
3.606230754323387910e-01
3.685335881586164208e-01
3.682364694116962989e-01
3.710295708934971404e-01
3.769418568326697305e-01
3.782917316250268280e-01
3.824622208315564542e-01
3.851653989789383115e-01
3.868257380758201580e-01
3.922079265435919337e-01
3.952998699422322071e-01
4.021811874314241142e-01
4.007580146667527043e-01
4.048963903664860586e-01
4.031625792462718016e-01
4.101257818084505513e-01
4.136875367365270284e-01
4.130614976521745363e-01
4.220466920865881266e-01
4.224847932888780577e-01
4.269365147634853752e-01
4.277878017833063318e-01
4.322380221410096479e-01
4.350866412888836909e-01
4.389296438106126685e-01
4.438814278299531568e-01
4.462814515333758947e-01
4.529093660199471350e-01
4.528360534512513857e-01
4.523957496450798921e-01
4.572877359751699178e-01
4.620142389722565746e-01
4.634580626070828879e-01
4.683259591125317201e-01
4.727433632491002680e-01
4.741641761128150834e-01
4.777662201182173440e-01
4.815539343128247829e-01
4.838339360743624251e-01
4.863615503690145725e-01
4.897734234464219405e-01
4.905479678997825554e-01
4.945697410651491155e-01
4.983471659066311954e-01
5.007756912465540777e-01
5.051800024048582749e-01
5.106395603759943391e-01
5.125326610790712500e-01
5.136421285209715748e-01
5.148528912087716458e-01
5.194864241211293310e-01
5.219130802203769681e-01
5.282064281490772562e-01
5.302850962935753421e-01
5.307846392264976565e-01
5.346581259950248244e-01
5.374278931881331101e-01
5.408269191875803017e-01
5.424157135196575608e-01
5.483689405450570264e-01
5.504150543847344812e-01
5.535388329233946747e-01
5.537631926191231013e-01
5.588161250600927055e-01
5.626348116910256936e-01
5.641043277387873811e-01
5.670673535685563094e-01
5.693643152937830632e-01
5.706837678440180861e-01
5.750991765425336188e-01
5.786274034879281825e-01
5.820162835151596603e-01
5.837035588033383515e-01
5.870470492469226365e-01
5.922092369953347868e-01
5.922455837069486861e-01
5.957261425179450898e-01
6.007593501096213373e-01
6.034590271615309920e-01
6.052104976325252128e-01
6.065708599308158311e-01
6.109312947580572972e-01
6.136814376717351083e-01
6.140633832510428158e-01
6.170642725317767585e-01
6.236708745252677044e-01
6.244646147627926913e-01
6.255284502213246389e-01
6.296008678469688924e-01
6.334102383337735231e-01
6.357695837316146292e-01
6.381120334456683585e-01
6.408117665256355400e-01
6.434876664616089315e-01
6.452208446416785037e-01
6.490250515453998004e-01
6.531072593879519994e-01
6.531341686699003724e-01
6.574951642850954681e-01
6.595876647111563740e-01
6.619606497934753531e-01
6.655818377754038062e-01
6.683090320499894821e-01
6.697594561284314629e-01
6.725636510980785854e-01
6.752209221075635703e-01
6.777449582563890296e-01
6.806228050854673528e-01
6.834733476239202021e-01
6.861467334199231605e-01
6.885093653110351264e-01
6.884947887094818864e-01
6.916555886938223763e-01
6.946031573681274995e-01
6.970793623026970698e-01
6.998333353841408311e-01
7.002558872886072150e-01
7.050289357154357894e-01
7.082047548262470071e-01
