1.395762353462027932e+02 3.386224812966623365e-01 1.291605300240953547e+00 4.704419276790479998e+00 6.266710385042630449e+00 1.736282669621222130e+00 3.652204999682893583e+00
1.782132208316975763e+01 3.332581622636288272e-03 1.104778708596787729e+00 3.946454907164422821e+00 1.929617940070205151e+01 2.293167637466464015e+00 2.553751617798276197e+00
2.481095392770832075e-01 2.178244433904263835e-03 7.395405769353046166e-01 2.039449650192737717e+00 1.681072363898211819e+01 1.094298430567006486e+00 1.569404655264252657e+00
3.714736597498958376e-02 1.285640418457727457e-03 8.421123157145061766e-01 2.048332514323422782e+00 6.083381729050281628e+00 8.418954817870859531e-01 1.352837046700609669e+00
3.750814850337290374e-04 5.949147921395356877e-06 7.397328685616171295e-01 1.414244445154707375e+00 2.066391412626981339e+00 6.626019739147918919e-02 1.455651496019123359e+00
2.376819360556312033e-04 2.343223637185583171e-06 4.498595106135651056e-01 9.540915688471274247e-01 1.953901037844496313e+00 1.299940370109936294e-01 6.568613069530927495e-01
1.196146875120420719e-04 2.424265964097258114e-05 5.160201712632748183e-01 1.030220188201783849e+00 1.595236396528753486e+00 6.133233416494924262e-01 9.194883191963736380e-01
2.563738835860447307e-05 6.006711105462656771e-07 2.389411441788966139e-01 5.196990335058395694e-01 1.206270718715964030e+00 4.775533467248841563e-02 3.604586146121263046e-01
3.138386032917475041e-05 8.665368653658273747e-07 2.573952433003458551e-01 6.479378205268144786e-01 1.204397443870865780e+00 9.531966183120145486e-02 5.162362818328047886e-01
2.859721182719068003e-05 1.425054734483526467e-06 2.941933041018668926e-01 1.438371550836562873e+00 1.495109978286356167e+00 5.244473969979111805e-02 7.399818186535963571e-01
