1.378096505026275906e+02 3.431816602028235907e-01 1.287956074412805796e+00 4.638052657709387461e+00 6.263139820226061971e+00 1.726161403875136280e+00 3.610457270586119982e+00
1.652322102454623476e+01 4.084717557621043819e-03 1.120313404266562562e+00 3.881721547004071571e+00 2.041760691543758099e+01 2.280650808569144594e+00 2.486894947394611588e+00
2.528956822974437468e-01 2.266798097176293044e-03 7.525329674384125811e-01 2.034109698455072834e+00 1.600429568019345794e+01 1.109267589335994231e+00 1.580764227824429380e+00
3.594338308575623780e-02 1.242823875911714358e-03 8.348028035840505678e-01 2.012748957228332802e+00 6.247051113315268189e+00 8.293143683448204184e-01 1.337232524489739172e+00
4.078902301949711030e-04 5.171199048909458082e-06 8.408479828997470484e-01 1.560040761450916413e+00 2.116754071802733339e+00 6.682455632813313895e-02 1.771354034550522538e+00
2.172377366674270449e-04 2.472568895141187455e-06 4.408281587461073681e-01 8.894451421062876673e-01 2.036958396102304114e+00 1.191406064701613920e-01 6.480321251150067408e-01
1.196281803391112392e-04 4.394289139119585061e-06 4.653140141014243669e-01 1.089326464935483685e+00 1.285503839518264080e+00 1.113325088033968041e-01 8.152511040503186424e-01
3.174390926821667994e-05 1.317002000664577924e-06 2.422374736532435513e-01 7.294327596613660036e-01 1.095644144035171408e+00 5.672486263552371788e-02 5.562893344202709534e-01
2.260738727307033810e-05 9.917281736906249159e-07 3.250405770401701977e-01 5.133884452603304505e-01 1.629253192282511753e+00 6.530007870393003677e-02 3.477484272151520894e-01
2.537222913076741645e-05 4.918188697251194987e-06 2.893622866476278643e-01 1.060458272869845064e+00 1.358234651622161504e+00 2.150876421586772058e-01 6.912570603834030658e-01
