1.091864161422956698e+02 8.611276219667261117e-03 7.363178561072544204e-01 3.428778510534404411e+00 7.715205524285657646e+00 2.360337718588317646e+00 3.030590498923945830e+00
2.768721703676254586e-01 4.967766790412730255e-03 6.025402779827365718e-01 1.766859183987784965e+00 3.426228330156052770e+00 8.683331183536995290e-01 1.564170708950649802e+00
5.603462077577731071e-02 1.554012346393116137e-04 4.275484899767448832e-01 1.474784430495519105e+00 2.281247736685733329e+00 1.046328178766751105e+00 1.355739012905404994e+00
1.996714345251547694e-04 3.190444018444936784e-05 3.235914835985352900e-01 5.258662334663750659e-01 1.026602809980478259e+00 5.179449537132829740e-01 5.803219503177798888e-01
3.169694597330851177e-05 1.302726757777322144e-06 9.846681121430446160e-01 1.111352650484545901e+00 2.210415588829717226e+00 7.631163706193025420e-02 9.885407907311338782e-01
2.262411960535220881e-05 2.463145595153168212e-06 2.610013412616273287e-01 7.845297594937321595e-01 1.304500440401666017e+00 4.179762374154266102e-01 7.190267449162630609e-01
1.667786828578787030e-05 1.836902321601345528e-06 3.604141451984330669e-01 7.035545478975898659e-01 2.112840679574488512e+00 4.843935949979250033e-01 1.048321939258266555e+00
1.039324339042819372e-05 7.297361421463175328e-07 2.796356820085884598e-01 8.172307332380394085e-01 3.014606513540189603e+00 1.874265463748241878e+00 1.021776978926325352e+00
3.983793749239024188e-06 1.072049791769252801e-07 3.460298775496752355e-01 7.732792902399311386e-01 1.420584936306057422e+00 5.384200785219507568e-02 8.651475196539546442e-01
1.790067403617762136e-06 2.326053253500143939e-07 1.947623459240721555e+00 1.051725199902790342e+00 1.752061332581898778e+00 4.567734973224227973e-02 2.800113778235091999e+00
