2.685331875812640305e+02 3.857970565119702155e-01 1.282818619661707293e+00 4.081284923540017040e+00 8.932635081746848726e+00 1.945875416254374102e+00 3.613440562624885111e+00
2.512254798967378022e+00 2.703935881146750375e-02 7.284523854020099609e-01 1.681751099801211735e+00 4.671611744412556888e+00 1.072169198413428504e+00 1.278153808187955320e+00
5.762630632248127993e-01 7.415716113630602254e-04 9.051846092421775847e-01 2.664404269561615024e+00 9.720008829123885974e+00 1.506081432847514723e+00 1.992348217313075542e+00
6.263845709360369579e-04 2.121210700270816310e-05 4.236635739827233071e-01 5.905223855185877113e-01 1.646728855847665152e+00 7.973320442518190554e-02 4.951163609023222500e-01
4.433134030912641728e-04 1.389469607455993799e-05 7.902011445071294160e-01 1.532883519359151236e+00 3.604827826246317812e+00 8.702453582938322052e-01 1.237426827426043596e+00
1.090948170365629947e-04 2.766133530799620057e-05 3.723494336050176545e-01 1.116527292009611649e+00 1.438847011955518340e+00 3.800545834351610197e-01 8.715444273024529620e-01
3.807125232540986293e-05 7.329946915283636123e-07 3.067268991132416911e-01 5.620702042518805897e-01 1.792471836733820156e+00 9.848658115526509604e-02 4.773924796327964071e-01
2.584820727034437186e-05 6.640113724248290326e-07 3.124974578287002536e-01 7.552210024802300525e-01 2.060976010462796104e+00 6.063791949798289643e-02 7.013192320641348232e-01
1.384346288683737163e-05 4.314059457877523712e-07 3.767727526061154242e-01 5.706093183884843878e-01 1.630847455770034315e+00 5.089725909019760658e-02 3.864551219207874588e-01
1.487276050542288747e-05 2.476281830470989769e-07 2.560829817680840836e-01 4.764721590716018973e-01 1.850079763710061442e+00 1.656073149927371757e-01 3.710557747151586039e-01
