2.150932603872778941e+02 4.101997289202259367e-01 1.300031614455709583e+00 4.120421660710865019e+00 8.432983495917136807e+00 1.808288455009091411e+00 3.535255495091693678e+00
2.153392124977009825e+00 4.471760039736416559e-02 7.937579310945067634e-01 1.774958986363886604e+00 4.139386836633499378e+00 9.670439024731372069e-01 1.345161564572624702e+00
3.633723131863132449e-01 2.327890812150651845e-03 8.390967948877569027e-01 2.149907767109868306e+00 9.214297422332494492e+00 1.186300867919644286e+00 1.646485729046954560e+00
1.120409744616948340e-03 3.722455150620158221e-05 5.124516869979970357e-01 7.947280247759259675e-01 2.892138355670390570e+00 7.918282766955646312e-02 6.182410014025463418e-01
2.887533588227375191e-04 1.768324592034616296e-05 9.119264620622641315e-01 1.358022734343467430e+00 3.596619575210016517e+00 8.488111971311078641e-01 1.199885537054099727e+00
1.526237051737264650e-04 4.905384363283405154e-06 5.811679856835877400e-01 1.189675113463724232e+00 1.732026792185066943e+00 1.086185647072278465e-01 1.072627760928474450e+00
2.835700105960471150e-05 2.733406315609803255e-06 3.122217410485740308e-01 6.811969632347253389e-01 1.857286412573802226e+00 1.267905557866265687e-01 5.157656315565058991e-01
1.699033809514589592e-05 6.072812673200334121e-07 2.472556525073031086e-01 5.097765799664750741e-01 3.119150945189654855e+00 7.466503953826247875e-02 3.635874893658742613e-01
2.101886238213178113e-05 4.169859279303673564e-07 3.610100268396177481e-01 6.511463877589025451e-01 1.656028300736406056e+00 1.161861810915999216e-01 4.457882970870546968e-01
3.717741414824002127e-05 8.735684191960695873e-07 2.993028779528048577e-01 6.597797700236592844e-01 1.373255961178210027e+00 2.211167861032897197e-01 4.739524669827402947e-01
