1.356422860978744893e+02 3.476430682527520410e-01 1.283014257940788827e+00 4.566599130660798700e+00 6.251431339223505468e+00 1.716550797535096873e+00 3.562949537072130468e+00
1.494324098821520508e+01 5.071378832584362215e-03 1.125834848285465650e+00 3.827154454524019478e+00 2.208212872484500267e+01 2.216832206441570641e+00 2.416584371672676923e+00
2.558233735462093206e-01 2.356712747467676252e-03 7.640988734714442288e-01 2.031246123027960593e+00 1.530741676470572088e+01 1.115502146375526582e+00 1.583597186735447471e+00
3.524991141440751707e-02 1.203131047331343134e-03 8.276368117714867356e-01 1.979526173561964253e+00 6.473600023705028406e+00 8.258506823643814165e-01 1.316569643068402629e+00
4.248267603592785794e-04 4.251149038462439389e-06 1.016418084826124613e+00 1.781914420445717129e+00 2.042352283348473296e+00 6.588255807016943355e-02 2.258840980541575227e+00
1.763831429065668241e-04 3.064058393037079896e-06 4.292205745632881597e-01 8.600515873716481074e-01 2.393392517149028453e+00 1.117810528206596155e-01 6.279749184227193526e-01
1.278228096314520338e-04 2.252344221977142609e-05 4.042509305981640821e-01 9.879764298758573204e-01 1.429040775449906153e+00 7.283455967767702433e-01 8.673830483544757719e-01
3.220420462759988385e-05 1.338734989154680885e-06 2.424538126250672387e-01 7.042863290654752806e-01 1.052775313080504205e+00 5.593621002508001455e-02 5.386502602590858002e-01
1.981587015872129159e-05 8.538897032784268365e-07 3.299882296520646463e-01 4.880783026365004273e-01 1.604847362700512869e+00 7.047981484664196661e-02 3.366173416434828924e-01
2.471630128464880860e-05 4.412487071148791399e-06 2.867258557068980140e-01 9.137805080190550822e-01 1.406080193660548261e+00 2.246219891174382755e-01 6.550368553531670246e-01
