1.347134273905816144e+02 3.692616896624201783e-01 1.258178167383726898e+00 4.251579459392599070e+00 6.356320667723561080e+00 1.695894450212665827e+00 3.420310041920850086e+00
8.439029568233795686e+00 1.664037638455010543e-02 1.159919252355036789e+00 3.855792441052356523e+00 3.962166902457865802e+01 1.676592605230052158e+00 2.329840298148810440e+00
2.181529510599994059e-01 3.091988154823176790e-03 7.763155263396470662e-01 1.922406857313450512e+00 1.369462425423188101e+01 1.017221497323989476e+00 1.510999683226485812e+00
3.420903951900457207e-02 9.360648077526759593e-04 8.438399331674751869e-01 1.886066177695375101e+00 9.069359267767616473e+00 8.746936606359998478e-01 1.269979321997564581e+00
3.015648500631028500e-04 1.020214386953045852e-05 8.738928866915546267e-01 1.409025755126358970e+00 2.268584537505474508e+00 1.926151175185586151e-01 1.270336592540342924e+00
1.472785123886857425e-04 6.206361445070041363e-06 6.671318637182503952e-01 1.375162659604457494e+00 1.729316265025802046e+00 1.011282457609188196e-01 9.944672709304001046e-01
9.057167393206234799e-05 1.216730723985134780e-06 3.172732596291312213e-01 8.945233549533995188e-01 1.405006138793831516e+00 1.773634459175936484e-01 5.527389828361655155e-01
2.646311070698918332e-05 4.812895768450244610e-07 2.365764381596105193e-01 5.540967941666948837e-01 1.361242798794062736e+00 5.386988128015737787e-02 4.069004196767751491e-01
4.465724717734235154e-05 1.092501163120779704e-06 3.894103459246713861e-01 3.077096436552293923e+00 2.125771421001005912e+00 6.225017915335094576e-02 9.717538958642606417e-01
1.629249711688376579e-05 6.534256758686169644e-07 3.288858151979797695e-01 4.855022542323884638e-01 1.383419531958151705e+00 6.904760602127300861e-02 3.219659337137924515e-01
