1.508663879459262205e+02 3.256061085374405417e-01 1.315126427871395443e+00 5.086118802044334863e+00 6.383388717596847783e+00 1.819115993317005131e+00 3.893620598798164689e+00
1.982761474127812917e+01 9.086304769925464871e-04 9.777043447811324395e-01 4.008879887667291086e+00 1.651063875176510720e+01 1.965529148096605505e+00 2.825416739379055020e+00
1.748623324360717435e-01 2.171235777215476098e-03 6.148996091952185772e-01 1.869843973213652033e+00 4.543178458657224894e+01 1.001783324047780699e+00 1.407776033528801873e+00
3.226758840886242985e-02 1.278126235829651468e-03 8.080225280657300502e-01 2.096244481433589435e+00 4.724509065416961917e+00 8.233025424571112083e-01 1.354180751768454538e+00
4.442216112643378807e-04 7.064516456181541456e-06 8.142101702900002014e-01 1.595564172307117001e+00 1.984367393836411253e+00 6.514656192622711450e-02 1.875481348904128431e+00
3.083970029771739224e-04 4.340482481696610556e-06 4.255997879393238481e-01 1.182937357601435480e+00 2.148817946318011707e+00 2.042554690627324532e-01 7.221946557483129858e-01
1.546267073825774744e-04 6.611551706537366471e-06 9.584140276795707347e-01 1.735618319210566085e+00 1.995488876448207938e+00 9.824144460737326001e-02 1.023673259810864877e+00
3.618915117669137266e-05 1.184268900449559226e-06 2.728188555080466315e-01 6.136267125710794801e-01 1.703273409400856142e+00 1.586993274857342318e-01 4.243281718423960736e-01
3.305747783746067903e-05 2.090984822675344293e-05 2.435054768435905015e-01 6.613569780556526334e-01 1.626566007667527014e+00 8.081348877404750510e+02 1.102022026506685348e+00
2.615758513125498617e-05 1.545976187227776916e-06 2.780845817997519287e-01 9.617824171330766614e-01 1.408909043223713686e+00 5.954097350116150517e-02 5.154281260039170753e-01
