1.427710182936361889e+02 3.262261220205475709e-01 1.296749409379711171e+00 4.858384086702842275e+00 6.268498280155434976e+00 1.765998850754289862e+00 3.757013762851064254e+00
1.706076126745927368e+01 1.675638776192764703e-03 9.920504795711805324e-01 3.913782461017434766e+00 1.697218396123111717e+01 1.935954150346687275e+00 2.642351681731502033e+00
2.227226471927093998e-01 2.061787450136023329e-03 6.921021076444276998e-01 2.002858516394648625e+00 2.003944372186894896e+01 1.057563547117636116e+00 1.496672351141107304e+00
3.618318343410943660e-02 1.332227543537724658e-03 8.403063085423768674e-01 2.093033815604561809e+00 5.425821612161566776e+00 8.435983493063967664e-01 1.370494607700903478e+00
3.233897758917591973e-04 7.937165534010932357e-06 5.860311828375089904e-01 1.222169740739875943e+00 2.060614495853847483e+00 6.386704304590229420e-02 1.092189782678762100e+00
2.266588556084195608e-04 2.361624048065856772e-06 4.484854171270060141e-01 1.094238682914059346e+00 1.805936480107484643e+00 1.566530351106774355e-01 6.425459761745475618e-01
1.547705979987505447e-04 6.269778067776553711e-06 1.104484271700262976e+00 1.570837917997844668e+00 1.753931233352848729e+00 1.040337791052620697e-01 9.841177805693805958e-01
2.499250271050781476e-05 4.066191693489756532e-06 2.708549128255941518e-01 4.904235314316302552e-01 2.264566272588272255e+00 1.535051653607693578e-01 2.982193546983994970e-01
2.762311897655564098e-05 1.020917621531765920e-06 2.260335873193185796e-01 6.415653608621142423e-01 9.987446504214435583e-01 6.245540317424800453e-02 4.644375426940579032e-01
2.706745536033075821e-05 1.445588628127922107e-06 2.793818344006930854e-01 1.205381985813411383e+00 1.352323657661514522e+00 4.953127387791318031e-02 6.191200531133298490e-01
