1.438520249638901873e+02 3.692554247763880082e-01 1.254414355398212333e+00 4.162598470483720448e+00 6.678840620859126886e+00 1.715303002928529441e+00 3.405301391739880668e+00
6.825088346775056714e+00 3.246380878171135215e-02 1.407837809897382053e+00 4.869311678318813286e+00 9.987946274349704723e+00 1.389841167938492994e+00 2.437310343204450724e+00
1.906279763176133013e-01 3.587362871330183542e-03 7.666128830958295337e-01 1.865244848560027924e+00 1.608985165374014770e+01 9.380477896651855385e-01 1.501199633132569211e+00
2.775969086945872730e-02 6.964056908305726358e-04 8.445847366808996171e-01 1.758921176784919327e+00 1.057088274445113463e+01 8.659529868126700780e-01 1.214786765303585980e+00
2.532331883778943444e-04 9.245614337092968496e-06 8.160067027566895170e-01 1.374208402747513214e+00 2.300451091020177419e+00 1.928050357228867084e-01 1.184608961443523345e+00
1.569153549429051298e-04 6.293426232953316138e-06 6.454479196178418698e-01 1.309739909010821268e+00 1.826278816190519017e+00 1.029768195176710421e-01 9.782635737981243418e-01
5.804130123835889876e-05 1.233226209946167141e-06 3.562537026758706982e-01 7.627422386710099866e-01 1.178805565041064707e+00 1.567167950144115196e-01 4.707771639347915760e-01
2.362306196689024806e-05 3.688881551704686569e-07 2.408555863556984811e-01 5.280452705016456250e-01 1.589613496386553582e+00 4.961688918717088725e-02 3.925673858094283486e-01
5.264753155701893409e-05 8.723975186844055856e-07 3.618301586238071299e-01 3.116151787306150389e+00 1.897692500551457329e+00 6.278125760812161560e-02 1.375085547950781528e+00
1.499815480676796453e-05 3.925701421603237092e-07 3.006447346299550571e-01 5.023633188812953732e-01 1.547862089078830827e+00 7.557449761584812686e-02 3.586742660782702430e-01
