1.403391329831323162e+02 3.687228497513237446e-01 1.253661017954690093e+00 4.184658693928299478e+00 6.550124790722511747e+00 1.713261542514535662e+00 3.407675192668285113e+00
7.264911004337858635e+00 2.657763389431501075e-02 1.298511862458090249e+00 4.454673325273489581e+00 1.356575553377332710e+01 1.483165714898400545e+00 2.448792081859290981e+00
2.000433868525708925e-01 3.388315001015630105e-03 7.733604121085718708e-01 1.888318236663141025e+00 1.412099210831093288e+01 9.681510698463839937e-01 1.501103943305089228e+00
3.205748975619136798e-02 7.963179493474204992e-04 8.647911363894019710e-01 1.826977952182103682e+00 1.072387646239628012e+01 8.858720271722981821e-01 1.253560034270932988e+00
2.642599898624188441e-04 4.366959042522112957e-06 9.335854736908850704e-01 1.455390911554725220e+00 2.046997085879763034e+00 6.763898585184849321e-02 1.529260515785963781e+00
1.543036085176564603e-04 6.171587827497705034e-06 6.499840613625058605e-01 1.322826652662479008e+00 1.858990617572290338e+00 1.026299951157889911e-01 9.831128712339441966e-01
6.224391418015756574e-05 9.884157641964588553e-07 3.360272585396132383e-01 7.850079196287220729e-01 1.171725590148360308e+00 1.599112760431992686e-01 4.769207945012978733e-01
2.411144875382968593e-05 4.210582434945286641e-07 2.513168780763587185e-01 5.244719862381206354e-01 1.551705686454420086e+00 5.027653093235943949e-02 3.958206467299051901e-01
5.508061545111163154e-05 9.375123511088591263e-07 3.722545000804526882e-01 3.103317909043357137e+00 2.164205359554098873e+00 6.315718267286604681e-02 1.470628455306244531e+00
1.535322373890371655e-05 4.119954390157264987e-07 2.884707763504231748e-01 4.833856184810777501e-01 1.527966626621661606e+00 7.658082913370771461e-02 3.491503741302400821e-01
