9.965802744528095213e-05
-5.724917127929596977e-03
-7.202081987436222132e-03
-7.028654853359088753e-03
-8.084032924873463949e-03
-9.255433468861337318e-03
-1.267887083138127639e-02
-1.342960415565923500e-02
-1.302037111065839671e-02
-1.073927278426977695e-02
-7.419529675475097091e-03
-1.197939349536079022e-02
-9.316629020812355194e-03
-2.431909149022859918e-03
-4.546827554814040009e-03
3.008773925736396137e-03
1.038176415119913300e-02
2.683971985123244971e-03
3.782222490771632115e-03
1.239320716320986907e-02
1.910742348109478739e-02
2.601807408121483908e-02
3.814296151993585432e-02
5.041359982310805038e-02
3.875723264584983452e-02
4.803357614283437771e-02
6.747619438681297377e-02
6.722012032353309741e-02
8.748243042390702051e-02
9.045466226873143112e-02
9.813531467937537667e-02
9.955923451257868428e-02
1.134031314716265892e-01
1.122662371287862226e-01
1.367881799714573687e-01
1.496181628470459324e-01
1.589938863298532290e-01
1.766191941092649931e-01
1.831667907461500266e-01
1.823803130615747614e-01
2.021238355461978109e-01
2.081607674604506741e-01
2.168013547599369484e-01
2.266079872691024177e-01
2.333680953446155559e-01
2.477199423411159673e-01
2.584322167621250221e-01
2.711349339308386508e-01
2.823397505267971619e-01
3.016596876977058472e-01
3.054102493811067243e-01
3.149017468758167348e-01
3.309116020991401119e-01
3.293794475742313765e-01
3.419651619177985769e-01
3.641774196539085962e-01
3.786358337954522368e-01
3.926827377915091954e-01
4.030589293259407291e-01
4.063371685447512149e-01
4.189898159986538140e-01
4.274871644557717842e-01
4.464378626546879891e-01
4.496676272294203303e-01
4.646485597531841427e-01
4.809430221959463680e-01
4.843015053446722007e-01
4.935318675505069863e-01
5.074938103877320028e-01
5.170667518350410274e-01
5.242923012083373635e-01
5.445377437331098136e-01
5.552016117786219285e-01
5.555027813629218603e-01
5.787234517493872188e-01
5.861530512659249847e-01
5.988478119482610884e-01
6.055444777772358567e-01
6.129977894811343697e-01
6.242216181156836630e-01
6.395285063037735585e-01
6.492049043450367485e-01
6.609965301621119060e-01
6.770390116660860436e-01
6.841661959097851131e-01
6.974474228160228995e-01
7.083009663618394791e-01
7.163709894505496667e-01
7.286229685337118900e-01
7.361584653009910495e-01
7.479308885703042087e-01
7.629540095998739169e-01
7.748359212699259535e-01
7.793250260639364990e-01
7.910130481499103583e-01
8.013029222675875918e-01
8.072810764145369467e-01
8.217666792662537967e-01
8.302180980486267847e-01
8.449396752806660471e-01
8.583344016235566754e-01
8.651681424038274448e-01
8.729445504095858510e-01
8.864568538605833714e-01
8.970695497483124337e-01
8.993725007973871755e-01
9.120744348777348742e-01
9.245324282882682043e-01
9.354291675007326834e-01
9.456206027987411611e-01
9.508163113584801041e-01
9.602783277883417679e-01
9.700069077198757439e-01
9.812764627267019923e-01
9.924269699537039413e-01
1.000887588738439637e+00
1.012157022598825007e+00
1.023343342345753415e+00
1.030704727912963747e+00
1.038896687472322666e+00
1.047281481154520577e+00
1.055564696034094085e+00
1.069782519849476587e+00
1.074476680900022130e+00
1.085312615131405645e+00
1.095619854571816543e+00
1.103049640899988582e+00
1.111213688813728728e+00
1.122052454592049830e+00
1.132455162349540023e+00
1.140617344690394885e+00
1.149512431617146113e+00
1.157225620804950950e+00
1.166792447580269565e+00
1.173449401002562453e+00
1.183163321265156220e+00
1.191818404023023747e+00
1.202238901221111433e+00
1.209366026755944956e+00
1.218459737226447404e+00
1.225969204824573611e+00
1.234224988927630884e+00
1.244568027934068510e+00
1.254249159708293870e+00
1.260494167296844381e+00
1.271205455303684451e+00
1.277477755144440508e+00
1.283477925855497359e+00
1.293707271205314147e+00
1.301101148821678821e+00
1.306927536044040439e+00
1.315613528052337777e+00
1.325583843209300783e+00
1.334013755516583632e+00
1.340745420439050983e+00
1.348121767690462214e+00
1.354464621214489961e+00
1.362977830745266017e+00
1.375913592056321244e+00
1.381226743433553450e+00
1.389115437756555993e+00
1.396816893869299525e+00
1.401327758919268307e+00
1.408489153977764863e+00
1.414295406928649967e+00
1.424681449206756545e+00
1.435312993246957713e+00
1.442021476216690079e+00
1.449748724979998071e+00
1.455547751122761024e+00
1.463019124513915248e+00
1.470050155440158379e+00
1.478465040026007760e+00
1.485765895690646321e+00
1.492515359849807099e+00
1.500267050344157527e+00
1.507030129664654661e+00
1.515052627002711372e+00
1.521875728646473691e+00
1.529887436854727500e+00
1.534929070913976235e+00
1.541001451294249591e+00
1.548946225174345992e+00
1.555777652035850611e+00
1.563060322837750205e+00
1.568594438140564540e+00
1.576288250307217531e+00
1.582206467747010903e+00
1.589647409380171128e+00
1.593975480059745209e+00
1.603030768611973356e+00
1.610133240016382583e+00
1.614312523172664715e+00
1.623075313346643123e+00
1.629492515248989859e+00
1.635115209482193022e+00
1.642816178941193472e+00
1.647099938570135924e+00
1.656025224557237774e+00
1.659111351437608795e+00
1.668298799840271629e+00
1.673575991789458595e+00
1.678031326996600514e+00
1.685800073788926490e+00
1.692159096757956060e+00
1.697951738857630399e+00
1.706882152039036926e+00
1.714684798730860660e+00
1.717315603439024008e+00
1.722315982367678799e+00
1.729515855459920370e+00
1.734313082559602037e+00
1.741860570297377508e+00
1.746160131975269980e+00
1.752876365962719341e+00
1.760427489131662249e+00
1.764564490459900714e+00
1.771044593524580879e+00
1.776624816971782206e+00
1.780906810997043621e+00
1.786570286865160284e+00
1.792965072252292069e+00
1.798209582528150330e+00
1.803278271404819888e+00
1.808684806444497362e+00
1.813804177803180817e+00
1.818329481924472857e+00
1.825396439849668040e+00
1.832511555554789950e+00
1.838696520780402688e+00
1.843654836799651697e+00
1.848336728625650238e+00
1.854004238466399501e+00
1.858661423116455325e+00
1.864866762073844608e+00
1.870116937165418713e+00
1.873834876128907867e+00
1.880076908441453920e+00
1.886760860024929265e+00
1.892187777541244120e+00
1.894877998132723063e+00
1.901300281704181749e+00
1.908565210360198661e+00
1.910359251105326672e+00
1.914768332245565086e+00
1.920993785713116964e+00
1.926532013758405437e+00
1.931764938629339401e+00
1.936141983892267993e+00
1.941850801995986142e+00
1.947056839002356821e+00
1.951741147734170401e+00
1.956421310223144694e+00
1.961140831864867318e+00
1.964623411994529834e+00
1.972171767960569255e+00
1.975652292759669360e+00
1.980615980918995600e+00
1.983885197840223880e+00
1.989497626813231390e+00
1.994810432374194198e+00
1.999018505156100911e+00
2.004305166458759668e+00
2.009710717238872846e+00
2.011532903094646052e+00
2.016342481680993171e+00
2.023933184570843480e+00
2.026973818282664652e+00
2.030707659493243167e+00
2.035661589679377492e+00
2.040345445090404830e+00
2.045467322181510283e+00
2.049715009369475816e+00
2.053476075517059130e+00
2.058542462006216489e+00
2.063885392672373253e+00
2.067485763178653180e+00
2.071317603748081382e+00
2.075723913588661595e+00
2.080202467684978629e+00
2.085161337862778463e+00
2.088809052459265292e+00
2.092490572950618244e+00
2.097002787535946045e+00
2.102174032274539250e+00
2.105597113318925739e+00
2.109032200925473610e+00
2.114409433063148214e+00
2.118031510729964317e+00
2.122432927905253841e+00
2.125739274486676322e+00
2.130455056270050385e+00
2.135518786381340739e+00
2.138512472363062855e+00
2.141985897261881266e+00
2.145931095353769358e+00
2.150265442061528809e+00
2.154364647723445714e+00
2.158532841522774248e+00
2.161363231250743144e+00
2.167235894783617223e+00
2.170920299719897972e+00
2.172996350001666244e+00
2.177819866392166404e+00
2.181322861420754045e+00
2.184896719269042720e+00
2.189120169130232885e+00
2.193942715199706850e+00
2.196023790500102990e+00
2.200612753071636618e+00
2.205154301827972230e+00
2.208003159136019633e+00
2.211848762862969942e+00
2.216004492990699237e+00
2.219510339595276438e+00
2.222498287952285434e+00
2.226332553497312627e+00
2.231168586704072254e+00
2.233275463271206629e+00
2.236969776905664453e+00
2.241184877664307074e+00
2.244914634133139408e+00
2.248829461533151886e+00
2.252229908375316114e+00
2.254980790681762048e+00
2.258964382092278900e+00
2.261732261186558457e+00
2.265568725171284381e+00
2.269621989369764226e+00
2.273142175428335410e+00
2.275715185587293021e+00
2.279032608387432823e+00
2.282795762683419216e+00
2.286582918008506216e+00
2.289052138603831832e+00
2.293592588365817697e+00
2.297259924912659734e+00
2.300167363944120691e+00
2.303237212681702228e+00
2.305677656285584298e+00
2.309254869057942194e+00
2.313379406806502558e+00
2.315816553960028390e+00
2.319000133814022480e+00
2.322614244976664910e+00
2.325444080257919044e+00
2.328095048169997128e+00
2.332057008175401958e+00
2.336388100606471063e+00
2.338204085404895327e+00
2.341766017121211796e+00
2.344825879659797163e+00
2.347795665973181123e+00
2.351504807907826233e+00
2.354780732083495032e+00
2.358014311782572481e+00
2.360150626452944600e+00
2.362914248792430172e+00
2.365669366661665052e+00
2.369628759672043117e+00
2.373057630872321244e+00
2.374760587799563893e+00
2.377811261966465750e+00
2.381932024769354062e+00
2.384924122275532632e+00
2.388195385376764346e+00
2.390510276731699246e+00
2.392868238306944395e+00
2.396554450274714920e+00
2.398903024053255617e+00
2.401504639271079267e+00
2.404902776234192796e+00
2.408141560109047674e+00
2.411116843406646559e+00
2.413838491677554376e+00
2.416462176957482555e+00
2.419533332056372998e+00
2.422602362042362678e+00
2.425879020137966968e+00
2.428277219533467424e+00
2.430516377290953045e+00
2.433397903509766369e+00
2.436170381834522836e+00
2.439493834117165694e+00
2.441696458022903471e+00
2.444569756180488884e+00
2.447578985712214106e+00
2.450067406111233304e+00
2.453421586303565327e+00
2.455748723230374519e+00
2.457695831934676889e+00
2.460298940284003422e+00
2.462775352475547574e+00
2.465916075736614310e+00
2.468302321779518138e+00
2.471156070203055499e+00
2.473675815291799474e+00
2.476690386854862869e+00
2.478906066818975074e+00
2.482149848553743876e+00
2.484511681088942492e+00
2.486883651801758077e+00
2.489360459749356380e+00
2.491919273300737814e+00
2.494868482050427883e+00
2.496880508358455319e+00
2.499855272607924395e+00
2.502616628584161340e+00
2.505210606997011702e+00
2.507638142179120067e+00
2.510182933837810548e+00
2.512200524132445878e+00
2.514742694671285417e+00
2.516744201034875061e+00
2.520048524196947248e+00
2.521817847166736737e+00
2.524836824808978974e+00
2.527201086442292688e+00
2.529950629319178468e+00
2.533075287937358144e+00
2.534777885033046463e+00
2.537449897384699948e+00
2.539467394443689852e+00
2.541444944768615599e+00
2.544386007186065335e+00
2.547089325784430258e+00
2.548689382628229083e+00
2.551122776358497823e+00
2.553826121961037643e+00
2.556197275021389270e+00
2.558077121507607021e+00
2.560185486022732881e+00
2.562774828967644414e+00
2.565184062083061711e+00
2.567355963535782770e+00
2.569785543543094963e+00
2.572328036119796657e+00
2.573776506158719002e+00
2.576563606993239830e+00
2.578802761285763356e+00
2.580903468299772907e+00
2.582779168954900673e+00
2.585739144627403174e+00
2.587522853176470683e+00
2.589869865832191032e+00
2.592241839328840225e+00
2.594368714368647577e+00
2.596528783985699196e+00
2.598712983514699815e+00
2.600702775011812573e+00
2.603218002476720194e+00
2.605217603785522140e+00
2.607279017088260265e+00
2.609492993277968687e+00
2.611320409555773825e+00
2.613773646164792019e+00
2.616817207564883230e+00
2.618339415637234158e+00
2.619917260360782763e+00
2.621860766630146777e+00
2.624126367689695538e+00
2.626689124071696302e+00
2.628759397041850576e+00
2.630721576055286892e+00
2.633211320605164829e+00
2.635376673293719829e+00
2.637231275462926128e+00
2.639270907107168718e+00
2.641011039534166827e+00
2.643178925113878641e+00
2.644786673709445424e+00
2.646975357682084695e+00
2.648964395490797763e+00
2.650763892193013671e+00
2.653423707590118141e+00
2.655117665634788349e+00
2.657275627837575982e+00
2.659274839838968507e+00
2.661023674832231567e+00
2.662618449666151577e+00
2.665771415670350475e+00
2.667594719464749797e+00
2.669160118945669957e+00
2.672059640829282046e+00
2.673600725191270566e+00
2.675106055793790016e+00
2.676593618624289128e+00
2.678866846444020844e+00
2.680671499848835904e+00
2.682870362989609792e+00
2.684706969014501787e+00
2.686006088243898748e+00
2.688360759624999208e+00
2.689931043746832451e+00
2.692545415203698500e+00
2.694358421402289760e+00
2.696056675978237838e+00
2.698172702735655459e+00
2.699537106164612954e+00
2.701992168138859007e+00
2.703306666479512455e+00
2.705701674784159572e+00
2.707292964011010383e+00
2.709110223957910346e+00
2.711248282561539380e+00
2.712663728034546473e+00
2.714706353382339454e+00
2.716267406732109979e+00
2.717852603304796499e+00
2.720299682824231624e+00
2.721877055350151675e+00
2.723804796276259044e+00
