1.056393537255506638e-04
-6.458071246732320463e-03
-8.205839796321411084e-03
-8.862990117800735590e-03
-1.141448951805265274e-02
-1.324757131386434389e-02
-1.835999578058126677e-02
-1.950709273551926720e-02
-1.869835992143057540e-02
-1.536661308564446493e-02
-1.067709710212706720e-02
-1.700566832426965436e-02
-1.347409904123045635e-02
-4.398600170350428981e-03
-7.385359070525188314e-03
2.258061481062905666e-03
1.196207671596398806e-02
2.749347116966792230e-03
4.379086086063569382e-03
1.544277521659240260e-02
2.479412973278381088e-02
3.304553082245399731e-02
4.936837809678098349e-02
6.328442507313779275e-02
4.991333906638051321e-02
6.182998489397384390e-02
8.505738113770691666e-02
8.721037139387514958e-02
1.117239342588223910e-01
1.146793830327680203e-01
1.248789997481350722e-01
1.302548542136853227e-01
1.468229739288337554e-01
1.450348623066080589e-01
1.715211478288091174e-01
1.882234452623776366e-01
2.028769670783184820e-01
2.221987911765469226e-01
2.295847075953476868e-01
2.314540078148219493e-01
2.532102660150949980e-01
2.618715094481072758e-01
2.735937612356622584e-01
2.850333361629017181e-01
2.943120388459390391e-01
3.142506263319991833e-01
3.301428559134622631e-01
3.420433932586656178e-01
3.528618781647472336e-01
3.778215548273032298e-01
3.835102503748402114e-01
3.927927663411705517e-01
4.119563489810348367e-01
4.116008018961453963e-01
4.286828524161538922e-01
4.510970845773684679e-01
4.682678893335161519e-01
4.837921135873013978e-01
4.974573907039401832e-01
5.051460937473131185e-01
5.190107514932575938e-01
5.301168265060531848e-01
5.502846283932769644e-01
5.570852379256114872e-01
5.732222802547456419e-01
5.876551381022626641e-01
5.961756010591233723e-01
6.108440107961450316e-01
6.243579856439278597e-01
6.359026359149547725e-01
6.428349345497912370e-01
6.667960625045005196e-01
6.810053511163148832e-01
6.803980168748902102e-01
7.062927187035911158e-01
7.151862335640690738e-01
7.280240217211091380e-01
7.377167604345317153e-01
7.510560155269756510e-01
7.593301860980918860e-01
7.760378497325045588e-01
7.885731327947858027e-01
7.977694816476172956e-01
8.155367090148721854e-01
8.278566052375517792e-01
8.441407426676710291e-01
8.558694751956003044e-01
8.660020186463787129e-01
8.778171594407767619e-01
8.871468613651206647e-01
9.016528298180640499e-01
9.164658186891958547e-01
9.267345679492624555e-01
9.359793445752432328e-01
9.488328514416649595e-01
9.572328092643949127e-01
9.681113378889962817e-01
9.820843370976652942e-01
9.895234518154893966e-01
1.006753779299631280e+00
1.024348943504693521e+00
1.031235302537592879e+00
1.043367141584595537e+00
1.052241905524358589e+00
1.064926778957499875e+00
1.068960457679186682e+00
1.083078375500871049e+00
1.096715006105050128e+00
1.110426725920349966e+00
1.121815314216295656e+00
1.127332367972593286e+00
1.137145225304779128e+00
1.147566095663612673e+00
1.160086555573317524e+00
1.167656024059895659e+00
1.178401660891221336e+00
1.194862854828999454e+00
1.202202954789620248e+00
1.211414093338248898e+00
1.221746065822492122e+00
1.231268379223081189e+00
1.239550812477372421e+00
1.259505062577047863e+00
1.264003027455067985e+00
1.270761531798016764e+00
1.282121303360755693e+00
1.289980037513654088e+00
1.301411464941974572e+00
1.313178622626821390e+00
1.320398418309580491e+00
1.332739828967289819e+00
1.342421949186757946e+00
1.347041220139111983e+00
1.358917053759427729e+00
1.367601900768864676e+00
1.380948244070030251e+00
1.387338952591623320e+00
1.396803367441163735e+00
1.406083951209472049e+00
1.413812655478696056e+00
1.422744123193420585e+00
1.433227715391838464e+00
1.441234265520114910e+00
1.454129387447211430e+00
1.459447635811439881e+00
1.469111145385358252e+00
1.476994935241204843e+00
1.484094910432103953e+00
1.491475290771159257e+00
1.502958935010209052e+00
1.510848443522440743e+00
1.517397487649356558e+00
1.530232550319821527e+00
1.535872037615315211e+00
1.544268223783318295e+00
1.552924852506887277e+00
1.560366606480187990e+00
1.569166754498141358e+00
1.577634749686388504e+00
1.585985586350935339e+00
1.594213253911376027e+00
1.602778787855993148e+00
1.609077774609914524e+00
1.615275296731977450e+00
1.622312330273128378e+00
1.630191554666167386e+00
1.640716402768398252e+00
1.648766903270235229e+00
1.657809223633127660e+00
1.663539868180686554e+00
1.669982867650535052e+00
1.676810178263119067e+00
1.686026443953452914e+00
1.693296033850558713e+00
1.700708464022388844e+00
1.708221837528514753e+00
1.713667066060960753e+00
1.722239829390096011e+00
1.730189636889765348e+00
1.738019945239666075e+00
1.743264242237721806e+00
1.750831007925008453e+00
1.756777463015380736e+00
1.765085330076108905e+00
1.771557743585193245e+00
1.778496418694963888e+00
1.784643199293547422e+00
1.792759426717082771e+00
1.800165580818261502e+00
1.805990213220985297e+00
1.813219113414135553e+00
1.820549025626316819e+00
1.826279636408638885e+00
1.835090749200460225e+00
1.840715988012282311e+00
1.845789339860004930e+00
1.852790834807205522e+00
1.858610842878730685e+00
1.864729155873974920e+00
1.870896549367619954e+00
1.877912877972427452e+00
1.885019572941718735e+00
1.889091250019901524e+00
1.896629011416560262e+00
1.902114408242551624e+00
1.910208842439291121e+00
1.915481417500427774e+00
1.923720000177419731e+00
1.929738181253532359e+00
1.934900295546493121e+00
1.939228821454743956e+00
1.944318631034190448e+00
1.952426646479149319e+00
1.957419732664801293e+00
1.962968576949295052e+00
1.968371542214302439e+00
1.975259447507579980e+00
1.981677264500950830e+00
1.986991357046910212e+00
1.992109458681877943e+00
1.995530068964718184e+00
2.003943421763016985e+00
2.009699699901712933e+00
2.012384798292581767e+00
2.020487075815224465e+00
2.026044582093195157e+00
2.028612662196419780e+00
2.035640355815563129e+00
2.041727823864236679e+00
2.045963578554259588e+00
2.052792451817939234e+00
2.057173017545891547e+00
2.062782424139379067e+00
2.068289519651038244e+00
2.073499540570809430e+00
2.077968584938399310e+00
2.081343202548285642e+00
2.087669101129842719e+00
2.094719409701839119e+00
2.098951364079604698e+00
2.102655502645631280e+00
2.107489077001451161e+00
2.114274396565612779e+00
2.119022789161931986e+00
2.124025477522570871e+00
2.128994970464229031e+00
2.134224033474708015e+00
2.137354535714298454e+00
2.143891607976818214e+00
2.147607953920279478e+00
2.152858072927350097e+00
2.158421635838064567e+00
2.163569913971149283e+00
2.166723805325431407e+00
2.171461213838512538e+00
2.176304969760118002e+00
2.180927233863752868e+00
2.185470376385836744e+00
2.190417430213601691e+00
2.196239780901064531e+00
2.199857020164500021e+00
2.204522818585906929e+00
2.209354779863727636e+00
2.214021835363547019e+00
2.217353725625054839e+00
2.221582519068719286e+00
2.226776019811332219e+00
2.231043143799245954e+00
2.236386590824145149e+00
2.240270343856232138e+00
2.243749621550716444e+00
2.248700941178001678e+00
2.252624948066091815e+00
2.257346514228737444e+00
2.261750274962088358e+00
2.266311511263839229e+00
2.270657272660093096e+00
2.274478863519362903e+00
2.278847894493147841e+00
2.281837350551477517e+00
2.286442901410988604e+00
2.290824062409826389e+00
2.294520346893124341e+00
2.298338878861502899e+00
2.302382781618930174e+00
2.306462330006879391e+00
2.311712597721807150e+00
2.315054780754793207e+00
2.319392397334301581e+00
2.322284537355378653e+00
2.326417064543246482e+00
2.330436357900499633e+00
2.334391091377590488e+00
2.338773916112899531e+00
2.342098405647749626e+00
2.346718289087982967e+00
2.349806303596969848e+00
2.353680989654157063e+00
2.357612874239566558e+00
2.360173293821238527e+00
2.366813627475345072e+00
2.368897514354365352e+00
2.371407697856159569e+00
2.376770893243292715e+00
2.381978529335729178e+00
2.384573205038698074e+00
2.388107686231025539e+00
2.391247957615219910e+00
2.395111199184866813e+00
2.399120768940454784e+00
2.402370200175851789e+00
2.405576527617113047e+00
2.409243795100179053e+00
2.412379668366916530e+00
2.416228054163853223e+00
2.418862484795085699e+00
2.423057757697929304e+00
2.426358281803671524e+00
2.429511683294482527e+00
2.432997069730119311e+00
2.436727970040192037e+00
2.440104189109174371e+00
2.443910251993538285e+00
2.447013415007336601e+00
2.450749487083826228e+00
2.453978254077974430e+00
2.457262825739526590e+00
2.460906859631046828e+00
2.464132420560544379e+00
2.466255417525703653e+00
2.470114221193518311e+00
2.473671669230016690e+00
2.477467104473817017e+00
2.480154452520900055e+00
2.482600049841974243e+00
2.486013351917008674e+00
2.489841520320182688e+00
2.493293598397568811e+00
2.495535967589151749e+00
2.499534314584678008e+00
2.502526913600434000e+00
2.505500328920863939e+00
2.507320624999775482e+00
2.511040171399031795e+00
2.514474976633875869e+00
2.517764211912741690e+00
2.520411180479051882e+00
2.523431542568517649e+00
2.526074681208814177e+00
2.529925109649723503e+00
2.532175958822676431e+00
2.534850290009704743e+00
2.538491082631717966e+00
2.541543387427811940e+00
2.544518603322323269e+00
2.548269618750552912e+00
2.551622430916518525e+00
2.554151712077364245e+00
2.556005702602718532e+00
2.558390931062855866e+00
2.562554061554382479e+00
2.565139221529824543e+00
2.567409354430956636e+00
2.570384046322311100e+00
2.573416223836666461e+00
2.576072680871990705e+00
2.578830182461735010e+00
2.581428209136797935e+00
2.584181595039544366e+00
2.587619785226979996e+00
2.590314315375809251e+00
2.592916922158202020e+00
2.594566258331528541e+00
2.598582559491571242e+00
2.601760910493907009e+00
2.603778411470289544e+00
2.606362738414423674e+00
2.608558703911204812e+00
2.611332309855070921e+00
2.613463816364948400e+00
2.616826450799005332e+00
2.619974090635357467e+00
2.622721235792805139e+00
2.624951234168534153e+00
2.628261774515693094e+00
2.631257015373182018e+00
2.632613804904521349e+00
2.635378952876909597e+00
2.637723549583898652e+00
2.641115447137279748e+00
2.643490141956130302e+00
2.645107764974071518e+00
2.648803288441467174e+00
2.650916100288218225e+00
2.653808573727979070e+00
2.656594721359769817e+00
2.658368289319240407e+00
2.659684394000004115e+00
2.663160797865567364e+00
2.665711827023936831e+00
2.668461908167011121e+00
2.670782928514855659e+00
2.672994523225010077e+00
2.675178858519645431e+00
2.677537833362400033e+00
2.680058683757136517e+00
2.682837329589968789e+00
2.684796893319883804e+00
2.687929820257847435e+00
2.690341843344756345e+00
2.692697812573149108e+00
2.694674781401499963e+00
2.696646453231433149e+00
2.699398800845790536e+00
2.701946197702250529e+00
2.704537918715117950e+00
2.707081902430384268e+00
2.709168453953390010e+00
2.711539039336154922e+00
2.713881362655115037e+00
2.716324770211258066e+00
2.718594572964720069e+00
2.720575414652397495e+00
2.722928280166974968e+00
2.725183741811700422e+00
2.727624616504751742e+00
2.729608478397576921e+00
2.731725331317591099e+00
2.733311414518179383e+00
2.736307497422580504e+00
2.738478684634659377e+00
2.740736724861304374e+00
2.743017907816698298e+00
2.744871305073302459e+00
2.746777450807756704e+00
2.749314483521335450e+00
2.751783404168547609e+00
2.753663705488399227e+00
2.755251269154313398e+00
2.757678608520656827e+00
2.760246881742983049e+00
2.762525772177826688e+00
2.764621664566455639e+00
2.766729773237412093e+00
2.768843274137079646e+00
2.770618053600142350e+00
2.773127685551268762e+00
2.774202203476268114e+00
2.776969357367546465e+00
2.779603523203713955e+00
2.781500318646429992e+00
2.783546638551921415e+00
2.785288439882323441e+00
2.787420651307408903e+00
2.789965070107715661e+00
2.792276966293435247e+00
2.793798559436253104e+00
2.795799842370452648e+00
2.797887548685193515e+00
2.799336034278427920e+00
2.801423950713085809e+00
2.803427703328401410e+00
2.806108953993725841e+00
2.807600836880342232e+00
2.809074061210898865e+00
2.811686395043170972e+00
2.814004092183081784e+00
2.815652336897475738e+00
2.817886013516338828e+00
2.819447530002079816e+00
2.821574774425966492e+00
2.823462464968666374e+00
2.824567654891482427e+00
2.826860422173059550e+00
2.828846694482169966e+00
2.831150474581279664e+00
2.833456213752933550e+00
2.834845881627650499e+00
2.837243203791668833e+00
2.838974905984745778e+00
2.840163178639758979e+00
2.842190483874038609e+00
2.844082346458537636e+00
2.845983066650034754e+00
2.847872028065619787e+00
2.850041373368408681e+00
2.851627077791846432e+00
2.853193169006690955e+00
2.854543566092894391e+00
2.856917980713093996e+00
2.858842493023463938e+00
2.861044579781372832e+00
2.862814135738111609e+00
2.864533123376282742e+00
2.866266077395983380e+00
2.868396937829831739e+00
2.869889448613593519e+00
2.871964337371124554e+00
2.873375354406143778e+00
2.875091076245705146e+00
2.877097092043883197e+00
2.879160329755652281e+00
2.880771620501013430e+00
2.882626012436491081e+00
2.884135372106486184e+00
2.886406146395945616e+00
2.887845934195677255e+00
2.889257508225391291e+00
2.891157737384528748e+00
2.893257331801489585e+00
2.894617802698669529e+00
2.896218813602343012e+00
