9.947598300641402809e-17
2.136901766647269909e-15
7.222785737559522856e-16
-8.326117573176361783e-16
1.044997421928428628e-16
3.238492807255966056e-15
1.289829354433891144e-15
-1.239314206813446710e-15
-1.554159578809333258e-15
5.475064845938959227e-16
-3.012312621564205916e-16
2.446931546273845216e-16
-2.743361093848761906e-16
-2.199351811782435211e-16
-3.779754287336345533e-16
-1.543210004228967483e-16
1.245670233629425759e-16
1.065258992127837722e-16
-8.881784197001252816e-17
3.641531520770513605e-17
1.498690060941498875e-15
2.242650509742816231e-16
-4.212186155427843958e-16
1.838862395686646649e-15
-8.122391648157645068e-16
2.493560913308101586e-16
-2.962963208119617646e-15
1.040167951771309137e-15
2.427391621040442345e-15
1.198263710477931372e-15
4.674038933671908996e-16
3.464450948342800795e-15
1.093569679255779153e-15
-1.814770556052280890e-15
7.416289804496045374e-16
3.212985433265203170e-16
3.936850845320804891e-16
1.443511976617628608e-15
-1.432298724068914431e-15
2.392641640369674680e-15
-1.005195926495616762e-15
-2.224886941348813612e-15
4.168221323652687375e-15
4.941158593396721724e-15
-7.692069203812935244e-15
1.656674797345658656e-15
-2.567501766748137151e-15
-1.023869877769811800e-14
5.635936162207144984e-15
-9.960920976936903960e-16
3.125943948134590623e-15
9.776623954849128747e-15
-1.178790398626006230e-14
3.575140183897928890e-15
-8.736789069985207170e-15
-3.552269589590650718e-15
9.077183449335280048e-16
2.144950883575802369e-16
4.215960913711569074e-15
2.581823643765801424e-15
-1.247846270757690954e-14
4.548583731889266812e-16
-3.243405544139932166e-15
1.030475704766331469e-14
-1.413424932650286777e-15
1.772360036511599947e-15
-2.929878561985788173e-15
2.655653474903374634e-15
7.524425527094536038e-15
8.798517470154365386e-16
-1.991629083875068324e-15
-9.696354830168730043e-15
-5.982991879704968857e-16
8.158584918760425820e-15
-5.086264742715229924e-15
-7.564171511376117097e-15
-5.834666083615047910e-15
3.985700658404311822e-15
-2.571165502729399912e-15
7.947642544081645446e-15
-6.304845534543801641e-15
-1.825761763996069962e-15
-5.889733145636455131e-15
1.353261946945849618e-14
-6.920575224000913389e-15
-5.559552818112933949e-15
1.569744334517508681e-14
3.027134098942951627e-15
-4.275801934738865176e-15
-5.475397912846346786e-15
3.521405389506071512e-15
9.506506692957827391e-15
4.542033416043978074e-15
1.587308062767078902e-14
-2.125633002947324801e-15
-1.946409700082085773e-14
-8.488543201679021700e-15
1.928268655859710553e-14
-4.920619467441156076e-15
3.570477247194503055e-15
2.066125048827416308e-16
-8.516076732689726100e-15
4.296119016089505522e-15
6.146749775837179407e-15
7.246203637123471784e-15
7.850387007124481203e-15
1.038602537306587765e-14
-1.429967255717201711e-15
-1.852185071982148637e-15
-1.031208451962584100e-14
-6.285860720822711534e-15
-1.175182173795974440e-14
1.962430218327426521e-15
-2.595479386968690973e-15
7.839950910693005388e-15
7.964517934055947939e-15
1.260513915468664049e-14
1.882161093647027817e-15
4.858002888852297240e-15
5.014544335324444723e-15
-4.310996004619482854e-16
-8.807066187443979086e-15
2.167599433278155730e-15
7.129852264142754979e-16
-1.176214681208875874e-14
-5.732858632256920878e-15
1.538524863065049463e-14
-7.651546063414116020e-15
3.796851721915572638e-15
1.409194982926464968e-14
3.181455099365848450e-15
-4.913847106990943021e-16
3.552713678800501127e-16
9.737211037474935248e-15
-4.820588372922429888e-15
8.277378782395316812e-15
6.380118655613386952e-15
-1.628996937341753480e-14
-1.853295295006773968e-15
-1.197375532058231345e-15
4.033939848824274861e-15
3.359978961725573681e-15
8.158917985667813380e-15
1.134814464620603796e-14
-7.671752122462294109e-15
7.034373084024992171e-16
-1.376709857225932866e-14
4.012346010995315603e-16
-7.326472761803870488e-15
-6.459277557269160326e-16
-8.860578937230911556e-15
-1.712907593542922731e-15
8.146316954338317638e-15
-2.815747635054321832e-15
6.887046488657233706e-15
-1.147959505232165621e-14
7.893685705084862618e-17
-4.273803533294539818e-15
-9.764633546183176602e-15
-4.494238314833864851e-15
-1.172872909904754132e-14
7.244649324888997032e-15
6.569522703614438999e-15
1.988903486349613488e-14
-2.242650509742816355e-17
4.947153797729697994e-16
-3.848033003350792782e-16
-1.462219234582562482e-15
-4.479194792850194528e-16
-2.151390177118628357e-15
-1.176664321533849001e-14
1.014854866809855595e-15
1.386268877467955511e-14
1.346589506567852319e-15
-7.165934512443073079e-15
4.497513472756508924e-15
-1.062594456868737295e-15
1.392858051119105723e-14
-3.327060849045437989e-15
5.307199124615635507e-15
-8.080203173221888836e-16
7.912837052259646259e-15
-1.692679330034252348e-14
1.806255145453406064e-14
-5.188571794434437506e-15
4.474753900751693405e-16
1.549183004101451055e-14
-1.332117749441863526e-14
2.626454609355732831e-15
-5.048794715634130259e-15
7.860156969741183477e-15
-1.060534993158057696e-14
-7.208733610042372119e-15
-8.615219648788752655e-15
-1.208655397988422916e-14
1.801697679937319650e-14
-8.843481502651683957e-16
-1.502553637067194291e-14
-9.591216709736726627e-16
1.180666675537622710e-14
-9.792777699857424598e-15
-1.498939861122039348e-14
1.421313067240248511e-14
-5.387468249296035000e-15
-1.944222560723574184e-15
-4.517775042955918536e-15
9.163669822953579733e-15
2.364608508997889730e-15
-6.703193555779307915e-15
4.194422587033841437e-16
-4.290512389815148532e-15
-4.781675055909317728e-15
-5.093703236980218294e-16
-1.264122140298695682e-14
-4.087175042855051294e-15
-9.568568160034374942e-15
3.902600465011118862e-15
3.783678925728395209e-14
5.959954751943996314e-15
-1.176669872648972153e-14
1.137256955274779009e-15
1.292072004943633979e-14
-2.575167856733173779e-14
-8.270106821584022025e-15
1.098288127110436076e-14
-2.011091293496747320e-14
-7.119083100803891802e-15
5.131561842119935661e-15
1.725564136023649600e-15
-6.997402657304974241e-15
1.045991071535468120e-14
6.222133919209226974e-15
2.522870801158205745e-15
9.092726571680032697e-15
-1.815325667564593358e-14
1.135219696024591862e-14
2.910505170206078983e-15
-2.005007271321801442e-15
-2.962297074304842527e-15
-1.131494897776974504e-14
-7.428335724313229042e-15
-7.629896714433926225e-15
2.769950935288534361e-15
1.237454583247199568e-15
-1.594169241059262314e-14
-1.427596929559626925e-14
9.451883720146270775e-15
-1.471617272486014420e-14
-1.423194895266988144e-14
4.562850097755699759e-15
-5.239919609323351627e-15
-1.553551731703350922e-14
-1.429162344024348297e-14
1.450994879803601960e-14
1.102828939281153033e-14
1.917055403310996573e-14
1.219740974889305182e-14
-7.468470286653427606e-15
3.070499410284810150e-14
-2.312039448781888495e-14
6.578348976660208539e-15
-1.389816040031632784e-14
3.579359031391504907e-15
1.428801521541345252e-15
1.185718190299667154e-15
-3.341771304121721344e-15
1.058658716246441216e-14
-6.051215084568184485e-15
-2.032679580210583544e-14
2.115191355400725044e-14
5.488554055688155390e-15
-1.193978249602878316e-14
2.547573263456115493e-15
-2.241812291359224160e-14
1.973693430912248793e-14
2.060573933704290644e-16
2.388272912767774892e-14
6.292411036667999680e-15
8.987754984701723061e-15
9.174216941687518594e-15
-7.465139617579552799e-16
1.570271690454205782e-14
7.027545212423546806e-15
-8.372358362151999661e-15
3.020789174357219170e-14
-5.442979400527292827e-15
1.641642377592234124e-14
-7.098821530604482190e-15
-2.770950136010697040e-14
-4.999722857945698321e-15
8.994471834000705775e-15
4.051370350310890217e-15
-8.055722755528904587e-15
-1.073474642510063834e-14
3.477496068882146747e-15
7.898792730998138811e-15
-4.789613150535387635e-15
3.778372059670686864e-14
2.804978471715457964e-16
-1.161531981708208122e-14
-1.527494797315398404e-14
-2.654376718425055524e-15
2.307976032511760269e-14
-1.452910014521080507e-14
-1.252653536454317801e-14
-2.243438768090300050e-14
-1.671413007997557694e-14
-1.389527382045230284e-14
-9.847789250727600297e-15
-1.599487209347216647e-14
3.376798840548645046e-15
5.853539875033674971e-15
-1.649369529843625191e-14
-5.686340287525127160e-15
1.715105835131680624e-14
1.648919889518651907e-14
-1.311784014745853723e-14
-1.586342168735655019e-15
-1.713351682752772744e-15
-1.990962950060293363e-14
3.891997835125948478e-15
-2.175559732364717931e-14
-7.510325694681797067e-15
-5.282829729225113397e-14
3.502698131541137441e-15
-2.610150984239112263e-14
-6.702804977720688833e-15
-9.733880368401059653e-15
3.087280431302019527e-14
4.422462396291848917e-15
-2.703481882804226297e-14
1.259881088344627726e-15
-2.120770226099466431e-14
-2.080896566170053974e-14
1.508571045860662657e-14
-1.147526518252561833e-15
1.169808694356788741e-14
-6.443290345714558649e-15
1.685429573683450169e-14
-2.027988887931542106e-14
1.285749284818393736e-15
-1.421041062599215311e-14
3.141570337206189531e-14
-2.699118706317449188e-15
-7.271794277841082349e-15
1.654404391260300177e-14
-1.405475735793970605e-14
-2.529804143946989742e-14
2.244598951151033356e-14
-1.472139077307588210e-14
-9.405642931170633093e-15
-7.237543897531395235e-15
2.519351394170143996e-14
2.040839719441578281e-14
-2.122513276248128045e-14
-5.010991621645643824e-15
9.021672298104022615e-15
3.568773054851703980e-14
2.941091814534502469e-14
2.872357907079958684e-14
-2.708672175444348916e-14
1.750410927314760677e-14
-1.081162936955592992e-14
-1.831257367967964380e-14
1.107042235659605425e-14
6.714850897537871712e-15
1.022842921472033518e-14
5.102751554630913334e-15
1.431743612556601963e-15
-5.542233338928781639e-15
3.189726260899305916e-15
2.061539827735714556e-14
-3.714595298021095196e-14
7.638334409421076683e-15
1.475730648792250544e-14
-1.549871342376718428e-16
-2.260197584647016818e-14
2.175964963768706313e-14
5.273559366969493567e-15
1.128708237985165466e-14
-3.742006704499089930e-15
-1.121891468613966957e-14
1.673450267247744644e-14
-2.765676576643727609e-14
-1.473532407203492651e-14
3.251954261429546064e-15
4.558131649901042402e-15
2.854827485521127377e-15
1.081945644187953836e-14
-9.497957975668213888e-15
-2.559219502984433459e-14
2.812827748499557849e-14
-7.460920770085976781e-15
2.013644806453385066e-14
2.446959301849460682e-14
-1.718414299745063610e-14
7.415290603773882696e-15
1.377253866507999266e-14
-2.390854181300028242e-14
1.315103581589482856e-14
-1.160804785627078643e-14
-2.158850875844109376e-14
5.085931675807842364e-15
4.140798814944446021e-15
1.053224174540901000e-14
-9.424461211438029421e-15
1.313071873454418901e-14
2.450772917939048160e-14
1.223410261985691174e-14
2.789402042679967210e-14
-1.339039990000401297e-15
1.433630991698464669e-15
-2.374989094278134811e-15
3.114708491125384191e-14
-4.262812325350751141e-15
1.486499812131114550e-14
-2.416067346189265714e-15
2.781885832803254668e-14
-2.200484239267552746e-14
8.004708007547378025e-15
-1.032129937073022962e-14
1.761690793244952169e-14
3.560896022491988591e-14
7.007838753736450845e-15
7.879363828067198887e-15
-3.621958288846372200e-14
-1.409006245012278737e-14
9.409473200605589240e-15
1.817124228864486180e-14
1.828115436808275331e-14
-5.928590951498335768e-16
9.813150292359295678e-15
6.828315690654562540e-15
4.000755282618229042e-14
-1.586686337873288686e-14
-4.445221968296664436e-15
9.132139489054224618e-15
-1.136313265703847656e-15
-1.808253546897731106e-14
1.096844837178423423e-14
3.818445559744532173e-14
-2.859190662007904565e-14
1.221223122627179743e-14
-1.277034034075086374e-14
1.592259657456907078e-14
-1.611377697940952130e-15
1.729028031860479983e-14
6.152078846355379571e-15
-1.731903509494259300e-14
6.618039449790558074e-15
-2.887690087050032335e-15
-5.436762151589391847e-16
-5.779154932383790083e-15
-3.311462215549454606e-15
1.458377862917359478e-14
4.739431069822330762e-15
-3.449018848300511192e-15
1.847189068371335401e-14
-2.884914529488469207e-15
8.516742866504501219e-15
1.168487528957484807e-14
-2.388200748271174149e-15
9.198308781321884352e-15
-1.936129034874056644e-14
-6.178391132038995990e-15
-9.698020164705667841e-15
-1.033217955637155605e-14
4.278133403090578093e-15
4.300670930490469099e-15
-1.821653938804956990e-14
-1.720423803419634957e-14
-2.935096610201526475e-15
-2.710909274838968402e-14
3.296951600617603865e-14
-9.894196573156932547e-15
1.216393652470060287e-14
3.059708042485453850e-14
-2.532785092768108479e-14
-1.918176728565867971e-14
1.578048802741705061e-14
3.857580921362569161e-15
-1.902034085787818109e-14
-5.223932397768748767e-15
3.514077917543545595e-15
3.895828104560905255e-14
2.185140957067232948e-15
1.325139997732094389e-14
1.810140926039594049e-14
-2.021327549783791230e-14
3.726463582154337675e-15
2.981859203998737869e-14
2.120748021638974058e-15
-5.070388553463090109e-15
1.096833734948177118e-14
-2.334799020786704429e-16
-1.918021297342420338e-14
1.838629248851475593e-14
-2.689970468594537998e-14
6.965872323405619915e-15
1.551270223387746218e-14
-7.431055770723561042e-15
-4.829248112514505648e-15
4.923617069607644112e-15
3.327493836025041658e-14
-7.937095425347706585e-15
-1.302935537239591258e-14
1.879685296302113650e-14
-1.596434096029497719e-14
6.957545650720930925e-15
-7.301048654539954492e-15
1.670341642778794193e-14
1.467259647114360541e-14
