-1.088018564132653452e-17
-4.413469589792384808e-15
-2.268074617006732129e-15
-1.467492793949531912e-15
1.405153771116829311e-15
-1.017130824010337187e-15
-9.346134977050724551e-16
-1.644406832923550671e-15
-7.317618733182484792e-16
2.488037553760591584e-15
1.157046680688722451e-15
6.398215290914777032e-16
-1.558753126573719688e-16
1.172950625516477879e-16
-1.059152765492399294e-16
-6.794564910705957899e-17
-1.288413820077494212e-15
-1.851852005074761029e-16
3.640421297745888201e-16
-2.381428387820960799e-16
-4.394262731466369792e-16
9.903189379656396508e-17
-2.894351425197783330e-16
6.817879594223086331e-16
4.984901380566952980e-17
7.361888876289413272e-16
-8.979483823168265200e-16
-6.235012506294878752e-16
-2.980948821118545370e-16
-3.025801831313401784e-15
-1.123545700920658332e-15
1.026068119358569772e-15
-7.494005416219806648e-16
-2.023492484681810210e-15
6.643574579356936722e-16
8.428813202954188053e-16
5.182521078950230896e-16
-3.482880650551578435e-15
2.092548356813494934e-15
3.697042672001771358e-16
-6.556977183436174189e-16
3.313571639296242220e-15
-2.420286193682841251e-17
-4.915845508435267985e-15
4.820588372922429296e-16
2.053246461741764481e-15
1.104449864897105771e-15
4.201528014391442544e-15
1.056044141023448952e-15
-4.261035968511350889e-16
-6.180389533483321347e-15
1.426636586643326115e-15
3.422151451104582700e-15
2.530642362330581872e-15
7.523981437884685433e-15
1.450173314765379405e-15
6.874945057688819304e-15
-5.344613640545503649e-15
2.879474436667805997e-15
8.992806499463767583e-16
9.001910328265693554e-15
1.125810555890893698e-14
1.127764548414233955e-15
-4.991118629504854084e-15
-8.482103908136195614e-16
-6.673772645626741204e-15
-6.452838263726334832e-15
-7.138178936827444166e-15
1.567745933073183639e-14
-6.247224959565755608e-16
8.335110379675824511e-15
-2.369882068364859161e-15
9.100498132852407247e-16
5.837996752688923506e-15
-2.079225680517993339e-15
3.739897280752302316e-15
5.264677582772492504e-15
-1.330413557099063819e-14
-5.446421091903630680e-15
-4.737321646075543147e-15
5.540679026694306098e-15
-8.300249376702595378e-15
-7.042255667499830161e-15
1.008082506359642147e-15
-8.294920306184394425e-15
1.399991234052322285e-16
6.876166303015907286e-15
-2.715716540535595249e-15
1.669997473641160448e-15
-7.140510405179157083e-15
3.386069202804264797e-15
-1.056710274838224071e-15
8.781975147087450649e-15
8.576250820624409761e-15
-8.236300530484187093e-15
8.912981463993219879e-15
-1.071487343295984781e-14
-8.861023026440762161e-15
8.780198790248049806e-15
7.804645818509925650e-15
-1.457256537662488080e-14
-3.743005905221252609e-15
-2.071720572871527260e-14
5.721534357405743852e-15
1.151057027470869768e-14
1.747380018457533964e-15
7.078670982707535624e-15
9.627521002641969833e-15
-7.430611681513710437e-15
4.215627846804181515e-15
-7.010170222088163762e-15
8.573586285365309284e-15
-5.029643368459346372e-15
-5.162537064506978184e-17
6.586953205101053565e-16
-1.051647657845933323e-14
4.870326364425636945e-15
9.510614518148941152e-15
-5.247136058983414892e-15
2.168254464862684545e-14
5.092037902443280694e-15
-1.477407085559434646e-14
-5.339062525422377984e-16
2.545741395465483916e-15
-4.707234602108201317e-15
5.134226377379036137e-15
1.748834410619792685e-14
6.194378343593598061e-15
-6.490474824261127487e-15
3.256395153528046595e-15
-7.113309941075840243e-15
-8.243183913236862799e-15
-9.811818024729745440e-15
4.556521826515336127e-15
-3.102962331524850195e-15
6.351363879275595360e-15
-6.507516747689123760e-15
-4.946820730822310237e-15
-8.453460154100866476e-15
-7.737699370125028540e-16
-4.750089210858732471e-16
-7.813860669614314272e-15
-5.922318191409203659e-15
2.267186438587032102e-15
-9.516831767086840949e-16
-8.759104552780172478e-16
1.031652541172434232e-14
-5.237255074064251150e-15
2.313704783318826313e-16
5.044020756628242168e-15
-1.357414181057947611e-15
4.313660539878583134e-15
-2.232602991369958611e-15
5.299205518838334866e-15
1.152633544165837484e-15
1.193684040501352664e-14
9.728495786731627176e-15
-6.552203224430286689e-15
-1.505073843333093439e-15
-3.487488076103773140e-15
-5.308031791884104406e-15
1.564826046518419419e-14
-1.586231146433192368e-15
-1.427080675853176129e-15
1.559891105173960543e-14
-1.109390357356687641e-15
3.137434756439461034e-15
3.418043625913469334e-15
-9.359457653346225357e-15
1.849631559025510714e-16
-9.976741655037812646e-15
-4.036881939839531375e-15
-5.835498750883516809e-15
2.288225164903678695e-15
-1.081373879330271833e-14
1.115185721545231020e-14
-1.655753312235219715e-14
3.224087663511454499e-16
-9.560685576559534980e-15
4.729550084903166749e-17
1.826983009323157628e-14
1.492417300852366766e-15
-1.168176666510589739e-15
-8.273937091018979749e-15
6.532940854953039756e-15
1.736388810513744892e-16
-8.480105506691871242e-15
-4.870548409030561262e-16
-1.077304911945020651e-15
-1.490663148473458887e-14
-1.849304043233246484e-14
2.382205543938198471e-15
1.498079438277954885e-15
2.281841382512084329e-15
-8.350597990869346820e-15
1.164957019739176794e-15
2.262079412673756550e-16
-1.389593995426707796e-14
-1.180955333524025209e-14
-6.381117856335549631e-15
4.568567746332519006e-15
-2.818967281825734776e-15
1.048439113304766604e-15
-3.918032565053408859e-15
1.392136406153099396e-14
1.463973386961470164e-14
8.430423026339894919e-15
4.669320485817251836e-15
1.527833415337909274e-14
-9.262368649842755683e-15
-1.054822895696361168e-15
3.876343690478733966e-15
4.408362563879109157e-15
4.526490293699225819e-15
1.810551708558705267e-15
7.604472607170010229e-15
-6.283862319378385437e-17
2.043920588334913207e-15
1.326866394535386389e-14
5.103251154991994674e-15
-1.753486245092972294e-15
9.521827770697654343e-16
2.174760371786987867e-15
6.246281269994824255e-15
5.433264949061822077e-15
3.475109089379202307e-15
1.189348619590191395e-14
-1.153679929366546681e-14
-3.610056698022390334e-15
1.999858612045102228e-14
-1.946443006772824450e-15
-5.563327576396659558e-16
-5.989653217852719309e-17
9.341749596103454754e-15
1.573552399491973165e-14
-4.555078536583323632e-15
-1.219210843395046584e-14
-7.368300414256623400e-15
1.039440755690179659e-14
-1.874830846126940403e-14
-6.946582198352757221e-15
5.757699872432909040e-15
-9.769962616701378345e-16
1.098912627561787790e-14
-2.474798144191936485e-15
-1.118152792578541798e-14
-2.673278265419298742e-15
-2.561478806839545712e-15
1.304834018611700190e-14
-1.076991273940564006e-14
-1.506655911143184426e-14
5.057593233104284827e-15
-2.006800281506570953e-14
3.686467797692216342e-15
4.697908728701349451e-16
3.248512570053208211e-15
-3.275629767429677372e-15
-6.870892743648937855e-15
-1.104308311461466097e-14
-1.557348694447569101e-14
4.553857291256235650e-15
2.298169987646758846e-14
1.543840055795442299e-14
-6.280032049943429241e-15
-1.571798247113065443e-16
2.546574062733952815e-15
-5.586781037791865761e-15
2.266326015742947836e-15
1.135536109586610083e-15
-8.491263248089353700e-15
1.240368918686840478e-14
1.770805724277124603e-15
-1.760785961479882646e-15
1.037978036855236052e-14
7.177591854201636630e-17
-1.092098633748150896e-15
-2.173067281674434702e-15
-1.220135104063047062e-15
7.927714040789623394e-15
2.233777052218499640e-14
-3.681305260627709957e-15
-2.544686683592090108e-15
2.738337334662333145e-15
-3.920752611463740169e-16
-1.007743888337131395e-14
7.437106486207767060e-15
1.577343811121068034e-14
8.626710457093622671e-15
-9.047346205548478098e-15
4.269640196952195521e-16
-4.650169138642467949e-15
3.867323128403654885e-15
3.479189158994699912e-15
8.987532940096798547e-15
-5.879158271326900509e-15
-1.418254402807406194e-15
2.274375132671480000e-15
4.814482146286991361e-16
-2.615963001773025098e-15
5.744710263044794216e-15
8.250566896350619055e-15
-1.331101895374331390e-15
-3.760991518220180038e-15
1.172151264938747805e-14
1.265351712298468155e-14
1.217637102257640365e-15
6.916300865356106638e-15
-9.925768540419710121e-15
-2.083050398837826964e-14
4.276606846431718313e-15
-6.635053617642938586e-15
-6.880884750870564051e-16
-4.227548866531094651e-15
-8.251399563619088743e-15
-3.500338907613809157e-15
-8.329226197645311484e-15
-2.078531791127602459e-15
-1.523761672395096555e-14
-5.142775094668650429e-15
8.396894290996215236e-16
1.844643882087382147e-14
1.211285238778003730e-14
-1.374596270142802690e-14
1.718797326688559067e-14
-8.059289346995512183e-15
7.717479433289042176e-15
-8.251815897253322798e-15
1.442654329331105484e-14
-1.527612758511764878e-14
-8.735942524928929995e-15
-1.906164115439423848e-14
-2.100053464459961171e-14
1.727966381093182354e-14
8.800363215932805436e-15
1.245739622568464719e-15
9.731590533412770772e-15
2.298927714861065268e-14
-1.697225693320092458e-14
-1.101985169782437830e-14
2.432345991287832097e-15
2.410258104212914375e-14
-1.191470533346006221e-14
2.157501954869189838e-14
-6.647515871094356309e-15
3.357147893012779425e-15
7.169889681968299758e-15
1.667595228571627654e-14
8.704134635273418844e-15
1.877617505918749283e-14
-8.768957782123720459e-16
-7.980657801276436304e-15
-1.833280749430343844e-14
-3.312856933224139716e-14
2.893324468900004692e-15
3.097189171796799030e-15
1.307537411676662417e-14
2.365488360744904950e-14
1.747345323988014381e-14
-4.459072000528863132e-15
-2.088287875956496063e-15
-5.236727718127554049e-15
-5.627998067581075077e-16
9.117179233797400987e-15
-2.953470801259072592e-15
-1.310557218303642905e-14
-8.710240861908857962e-15
2.806949117584167659e-15
-2.013804401013174945e-14
-2.079794669818113688e-15
1.723826636990111059e-14
2.184853686859611434e-14
-7.489411868455419823e-15
-5.915413991974815935e-15
1.861955034598850122e-15
1.099120794378904965e-16
-1.608424504695449233e-14
4.118892726889811418e-15
4.140215947856518186e-15
-6.389680451412971409e-15
-2.338940152668556059e-14
-7.954338576698915354e-15
3.620215238697710113e-15
-1.970179575039310276e-14
7.746060737279237034e-15
-1.051311815380984108e-15
5.098386990365355555e-15
2.548879163288830877e-14
-4.920050478141035727e-15
-4.026182165439707009e-15
1.068675703486121636e-14
-1.732891607986175674e-14
-8.870883194678214673e-15
2.196047510505394618e-14
9.687563251592479219e-15
2.156019113241924745e-14
2.500097351365582344e-15
2.147892974591058981e-15
1.007430250332674790e-14
-2.124714293394447436e-14
-8.954236657698898992e-15
-1.859095516421049888e-14
-9.798425959495205625e-15
-3.822532568253933442e-15
7.817635427898039882e-16
2.718922309519200708e-15
5.785764228827261623e-15
5.024786142726611786e-15
3.078867022443532171e-15
-1.705196053802815480e-14
8.254348593528248999e-15
9.045077187241900447e-15
-2.551352185076183309e-14
-1.311751054999810075e-14
3.612089793936235196e-15
1.278872840959621695e-14
-1.003323119030952192e-14
-9.662132205434659479e-15
-4.805197906243563138e-15
-1.256129922300175316e-14
1.903449620144215080e-15
1.007022937260515443e-14
1.106447572452040596e-14
3.016830535385040146e-14
-6.173540845200165146e-15
-3.955835659041895294e-15
3.781012308801123767e-14
1.762923140802286022e-15
1.547456954242854005e-14
-3.663208625326319483e-15
-6.973248367625473217e-15
2.438446840280494907e-14
-1.279732309705794373e-14
-1.411006034235384685e-14
8.584428307090164329e-15
-1.792355153185098998e-14
1.592208656586713382e-14
1.726170595350851030e-14
-2.120311565212418123e-14
-6.871100910466054488e-16
2.122223230482944640e-14
9.761864927515518401e-15
-4.420692978346352605e-15
2.676282806479690521e-14
5.570606476101857892e-15
1.567554766546130861e-14
9.478549889418985193e-15
6.773907823554025906e-15
1.224828571899649878e-14
-4.602058317759727313e-15
-4.775981259780293289e-15
1.771791047211479559e-14
4.540080117410027836e-15
2.051556841076163187e-15
-1.883519382128717723e-14
1.487312703551957228e-14
-7.810255914231233723e-15
1.567851057315827793e-14
-6.661116103146013940e-15
-1.058131360309744273e-14
-2.722867070703571771e-15
-2.196758747130544857e-14
1.430768004073712642e-14
-1.010247788202356353e-14
2.613693289577056915e-14
-3.899684047903306987e-14
4.132541531198796829e-15
1.844182619115119974e-14
-7.303206650544069097e-15
-2.083597790830671262e-14
1.010554140368213949e-14
6.006320441009904528e-15
1.697774559827891635e-14
5.258203594760147110e-15
3.243880858372350010e-15
-6.923229350919157462e-15
-5.001271966009745661e-15
-9.487200955393681669e-15
-7.499195708859929583e-15
-2.571325097289189949e-15
1.708448660320271994e-14
2.760955353231509071e-14
4.049316437715333652e-14
-3.111736215921645212e-14
1.098762747453463309e-14
1.089932658016046158e-14
-2.497319365191153064e-14
-3.417092997448634040e-15
-1.465239388154238156e-14
1.025720480773983958e-14
1.960042024518049360e-14
-6.597930535257034756e-15
-1.449024233934892522e-14
-2.010682592645807224e-14
-1.280341110909688454e-14
1.244964548119398268e-14
-1.226169860091275141e-14
5.028897437364676629e-15
6.742315039609536708e-16
-3.868885767310814602e-14
-3.228077527506201076e-15
3.178424190508621657e-14
5.838027977711490350e-15
-3.103808876581126580e-15
-3.438573037417569584e-14
-3.182551444602665899e-14
-2.743000271365758585e-15
-2.248647795743963249e-14
4.398464231725185111e-14
3.479819210561174936e-14
-2.574447599545948123e-15
5.775574463129373423e-15
-3.086274291685953105e-14
