1.780797731498751193e-16
2.370936780238252968e-15
-3.195395337218798172e-15
-1.869004950805219608e-15
5.056510765655275455e-16
1.477956645956624080e-15
3.438693774171497239e-15
-7.733258478026527417e-16
-4.341388359918596680e-16
-3.942957071956243319e-16
2.850497615725089299e-16
-4.947153797729697994e-16
-5.214717546664360341e-16
-5.412337245047638011e-17
1.372235658436693470e-16
5.528910662633279552e-17
-8.743006318923107509e-17
-9.270362255620057643e-18
-2.107203300738547013e-16
4.333200465111986005e-16
2.212674488077937101e-16
9.110490140074034034e-16
6.551426068313048524e-16
-4.606315329169774510e-16
-1.921018899508908453e-15
-1.905142710256768590e-16
4.640732242933154147e-17
7.491784970170556579e-16
-6.166178678768119725e-16
1.897593193689317420e-15
-2.615685446016868667e-16
8.453238109495941765e-16
1.146527317530399155e-15
-4.766187444715797194e-16
3.873568132917171233e-15
-3.823608096809038873e-15
1.310063169057684797e-15
7.641665078494952476e-16
4.990563517992541222e-15
-2.408406807319352238e-15
3.938405157555279939e-15
-1.021183138050219030e-15
9.467981954003335497e-16
1.614486322409902621e-15
8.539835505416704298e-16
1.666222715357434838e-15
1.970867913314577767e-15
-3.321343200468618347e-15
-6.346034808757394998e-16
-5.195399666035882477e-15
1.558975171178644794e-15
3.120614877616390064e-15
2.863043135903353715e-15
-3.247624391633507789e-15
-8.567813125637257726e-15
-5.381251000358133625e-15
-1.277644656738630049e-15
-7.988165684480463092e-15
-9.903189379656396262e-16
2.782329922013104800e-15
-1.627253887193091944e-15
5.931366509059898502e-15
-1.132838267636771047e-14
1.024957896333944442e-15
6.966427434917931988e-15
3.942179915839006140e-15
-3.753997113165042075e-15
1.864508547555487948e-15
-6.039946320868238982e-15
-4.578559753554145202e-16
3.222311306672054444e-15
1.186073461667547165e-14
1.913624814164904867e-14
1.608158051169539186e-15
-2.819411371035584987e-15
-6.640132887980598475e-15
-4.708233802830363995e-15
1.104338842594643119e-15
-9.736655925962622386e-16
-2.741140647799511344e-16
1.184718989577504475e-15
-8.000600182356265842e-15
1.751188083431998211e-14
-1.138156235924725538e-14
-2.426503442620742318e-15
-1.743272193266420795e-15
-5.268008251846367903e-16
6.055156376305603480e-16
2.768008044995440132e-15
9.534373290875919350e-15
3.161582107225058315e-15
2.552957845125547575e-15
6.766032178973091264e-15
3.157363259731482692e-15
-3.273936677317124207e-15
-8.202771795140506621e-15
1.731303989060961693e-14
-1.788380554756940892e-14
1.103428459714450640e-14
-7.288614156664153122e-16
7.671530077857369595e-15
1.639355318161506149e-15
-9.521272659185343059e-16
-5.151989945773039052e-15
5.219935594880098841e-15
-1.144850880763215170e-14
-5.067835040506451890e-15
-1.534439242334428825e-15
-1.885269718115978347e-14
8.356093594841240765e-15
-1.885946954160999770e-14
2.737921001028098696e-15
1.340416666550936438e-14
-7.290723580410940145e-15
9.526934796610931572e-15
3.067324172434382503e-15
1.693867268670601297e-15
-7.032152637975741117e-16
8.240297333372836231e-15
-1.000977079002041138e-15
-9.011791313184858874e-15
-1.003142013900060236e-14
3.441913420942910184e-15
-4.532596520334664149e-15
9.214407015178948680e-15
-6.500244786877828972e-15
-1.256783566105923382e-14
1.318090081525724588e-14
4.973799150320701405e-17
-3.330336006968082062e-15
-1.867528354182468199e-14
1.680544592375099506e-15
1.491251566676510189e-14
1.300359819822460903e-14
8.418266084220249783e-15
1.223221524071504943e-14
-1.760591672450573302e-15
-6.666889262874064710e-15
-1.514388614509698487e-14
1.059108356571414342e-14
3.450573160534986634e-16
-9.644729459523659885e-15
8.572031973130832954e-15
4.831357536261294051e-15
1.357469692209178937e-15
5.988765039433019429e-15
6.692091325533056192e-15
1.673439165017498498e-15
-1.082833822607653942e-14
-9.210743279197685525e-15
7.232270338164425804e-15
-2.304678670128623586e-14
2.175837288120874283e-14
8.016920460818255473e-16
-4.044764523314370548e-15
2.433730994511052045e-14
1.146360784076705335e-14
8.859024624996436804e-15
-4.075628723398949459e-16
8.921752225887757896e-15
3.973488205133435459e-16
6.794786955310882857e-15
3.437639062298103432e-15
2.342126492749230247e-15
-1.633582158433455379e-15
-7.953249170356002436e-15
-3.087308186877635289e-15
-1.057015586169995869e-14
-3.182842878146630211e-15
-1.743127864273219585e-14
1.194294663164896576e-14
4.041322831938032695e-15
1.219646605932211908e-14
1.148237060988321974e-14
-5.161537863784815234e-15
-1.904043589462389771e-14
-6.773748228994236658e-15
-1.117889114610193248e-14
-2.285338585039653310e-15
-7.064238083387408305e-15
-2.242650509742816355e-17
1.120503689833185511e-14
-1.142624883598841673e-14
9.430234371166079402e-16
1.701183638402881264e-14
2.038036406304399786e-15
1.158240170440194474e-15
-1.530325866028192503e-14
1.065270094358083879e-14
-1.106470470801923579e-14
1.240640923327873678e-14
1.543781769086649595e-14
9.810596779402658247e-15
-7.743472529853079310e-15
-3.547107052526143939e-15
-8.455458555545191833e-16
1.229072399411279450e-15
4.935496455971133211e-15
8.820999486403025066e-15
-8.099299009245441792e-15
-5.309086503757498608e-16
3.804179193878098752e-16
-1.196687193782963695e-14
1.854827402780756663e-14
2.430655676732840192e-14
8.074263480040144878e-15
-2.556416189847254964e-14
-1.365296764532786192e-15
-2.631117546059158665e-15
1.145583627959467801e-15
3.769928813568412623e-15
1.455974230069046055e-14
1.455124909455207699e-14
3.166700235368580191e-14
-1.489963707967945169e-14
2.832856171863795695e-14
-1.219668810392704518e-14
-2.415845301584340806e-16
-1.528888127211303160e-15
1.236100111157156721e-14
1.364958146510275638e-14
-7.173484029010523904e-15
-1.625993784060142449e-14
1.470518151691635315e-14
1.965705376250070988e-14
-1.249755854360046190e-14
6.321831946820566391e-15
4.240052753345935621e-15
1.180605613271268351e-14
-7.144729252672732312e-15
4.726719016190372764e-15
-8.989420319238660859e-15
-7.470857266156372046e-15
2.208039306950126881e-14
8.091305403468141151e-16
-7.757128273055969253e-15
1.221639456261414114e-14
-2.066186111093770776e-14
-1.405547900290571269e-14
2.747613248033076206e-14
-1.424305118291613237e-14
-2.915001573455811038e-15
-1.520228387619226808e-15
7.931988399434430146e-15
5.266009850402042742e-15
2.022298994930338305e-14
-1.222022483204909768e-15
5.417388759809682262e-15
-4.044137247305457337e-14
8.448741706246210696e-15
-1.853522890726822028e-14
2.011224520259702343e-14
-2.277678046169739913e-14
1.658762016631953740e-14
-9.077627538545129470e-15
1.999816978681678822e-14
-1.376149194598497167e-14
2.242811492081386839e-14
-5.314249040822005781e-15
1.528516202498053692e-14
-1.029037965949441968e-14
-1.873667887508645442e-15
9.724276939238051948e-15
1.908723179511184905e-14
-7.995826223350377357e-16
1.039668351410227798e-15
-1.277244976449765056e-14
-2.147143574049437209e-14
-2.104127982960335387e-14
1.392996828997183978e-15
1.437699959083715812e-14
8.127609696373382779e-15
-1.705302565824240383e-15
-8.821554597915337139e-15
1.204014665745489690e-14
-7.739697771569353109e-15
-2.253330855239710096e-14
1.898314838655324062e-15
-9.926559574324755772e-15
-9.379497178940710455e-15
3.329558850850844587e-16
2.891387129722033852e-14
6.662781437682951738e-15
-8.055833777831367633e-15
1.070143973436188396e-14
3.513950241895713882e-14
1.873612376357414077e-14
1.575350960791865987e-14
3.329569953081090832e-14
1.555044981671471788e-14
3.347877530757159674e-15
-1.796629511829905750e-14
2.819611211180017444e-14
-2.965294676471330563e-15
-6.192046875241885933e-15
2.820987887730552901e-14
-1.551164752200406797e-14
-4.338640557932649314e-15
-3.095301792654936226e-16
2.825217837454374750e-14
2.456118641802618097e-14
1.824657092086568021e-14
2.565880841132184335e-14
-2.001399046491769809e-14
1.368860580441833080e-14
2.355005079834882104e-14
6.750489056628339010e-15
4.213518423057393900e-15
1.635180879588915468e-14
-8.210210289405494400e-15
1.034883290174093402e-14
-4.083178239966400421e-14
3.827704819769906013e-14
2.674749310926926998e-15
9.609757434247967707e-15
2.151689937335277003e-14
1.197497656590940143e-14
-5.544120718070643951e-15
-2.542166477326191039e-14
-2.211730798507005640e-14
2.776345819910375189e-14
6.278755293465110526e-15
3.361644296262511479e-15
9.826583990957261107e-15
1.502364899153008059e-14
1.492261869628919173e-14
-9.395928479705162343e-15
1.313227304677866376e-14
-8.616551916418302893e-15
-1.382960412854572524e-14
-2.867039938792004430e-15
-9.176659432341694557e-15
-1.600808374746520581e-14
-1.115729730827297263e-14
2.425837308805967199e-15
-1.173616759331252949e-15
4.279909759929978148e-15
1.264921500876425825e-14
3.766131850824194918e-14
2.822930778023646735e-14
3.582134588953067325e-14
-1.275124450472730980e-14
1.074418332080995305e-14
-1.995070775251406177e-15
-8.408163054696159950e-15
1.510613856225972917e-14
-2.698419265811935391e-14
8.218981051300033403e-16
1.231370561072253690e-14
-2.288247369364171383e-14
1.763922341524448700e-15
6.403655383735440637e-15
2.049926894898135189e-14
1.552724615550005175e-14
6.597389301532530169e-15
-5.475619957451272483e-16
1.694100415505772707e-14
2.353373051988683220e-14
4.279365750647912379e-14
-1.117994585797532668e-15
2.329048065519146012e-14
1.442512775895465929e-15
-1.295108464915983923e-14
-7.059020035171670397e-15
-2.019551192944391017e-14
1.814026706625782034e-14
1.228617207971183250e-14
5.206945985491984017e-15
-3.477884646940765435e-15
1.255651138620805837e-14
2.979683166870472900e-14
1.450806141889415729e-14
8.172573728870701745e-15
-8.735012713145806326e-15
-5.242473122279989058e-15
1.340783040149062754e-14
1.067468335946841772e-14
1.472233446264681326e-14
1.883349032283376806e-14
-1.085043166426657983e-14
-7.132849866309243213e-15
1.060063148372591960e-14
-2.831335166320059226e-14
-7.131628620982156020e-15
2.607714044700060241e-14
-2.383226949120853601e-14
-1.881161892924865138e-15
5.663691737822773897e-15
-2.085409622765155170e-14
-1.785660508346609208e-14
-3.586575481051568172e-15
8.700262732475038661e-15
-7.403855306620244202e-15
-9.182654636674669052e-15
2.592215331276292889e-14
-5.444311668156842277e-15
-2.239797236569529504e-14
5.510036871214651997e-16
-2.133893062250535963e-14
-1.607758370880674114e-14
-2.450928349162495635e-15
-2.273070620617545523e-15
3.448874519307309942e-14
-1.458855258817948051e-14
-2.730715653598281420e-14
-9.753420293634462622e-15
2.947642130379790694e-15
2.196054449399298361e-14
4.268807529683727213e-15
7.202349827650778542e-15
1.158784179722260834e-14
7.404521440435019321e-15
4.618638804743113623e-15
-1.444810937556439972e-14
8.853029420663460731e-15
1.626621060069055660e-14
5.411449066627937713e-15
3.947175919449818745e-15
7.356115716561361713e-15
6.495026738662091064e-15
1.207789424029215261e-14
1.045497022289509894e-15
-1.882560773935892967e-14
7.941758362051132419e-15
-9.154565994151652579e-15
-3.522460101379465161e-14
3.863354081090619931e-15
1.343691824473580669e-14
4.151679000585773230e-15
-2.747579941342337529e-15
-3.782529844897908365e-15
7.961076242679609298e-15
5.709210881832404937e-15
-1.745470434855178491e-14
-2.142619415224089551e-15
-1.974220786848945894e-14
-1.189748299879056467e-14
-1.832656248978992130e-14
-1.085764811392664309e-14
-1.545708006034374130e-14
4.806266495904764826e-15
6.406319918994541113e-15
-1.610778177507654760e-14
2.732891690726546704e-14
-1.835753771217696355e-15
6.022626841684086672e-15
-4.274591791642024130e-14
-5.157207993988776960e-15
2.572098090070085237e-14
2.221123285295334505e-14
2.743660854065410710e-14
1.276423411411542462e-15
-2.400246668088357107e-14
1.409428129761636260e-15
-2.436939539052218429e-16
5.076050690888677834e-15
-1.019229145526878733e-14
-2.500721851816933900e-14
1.594691045880836105e-14
2.545175181722925064e-14
-3.217393018672965182e-14
2.273070620617545523e-15
-2.134370458151124851e-14
1.335342947328399543e-14
2.079747485339566972e-14
3.057887276725068577e-15
9.021450253499096524e-15
-3.067812670565217695e-14
7.497336085293682244e-16
1.269340188514433905e-14
-4.307554313243144804e-15
1.695932283496404127e-14
1.116051695504438675e-14
1.308353425599762017e-14
-3.592059982793216285e-14
1.132172133821995928e-14
1.708766461661071003e-14
3.294142736365301902e-15
-7.194911333385789186e-15
6.551870157522899130e-15
2.128297538206425129e-16
9.123035660252299042e-15
7.112754829563528170e-15
1.590949594287849380e-16
-9.963252445288617272e-15
-3.669997639121902704e-14
5.066946862086752257e-15
-6.491918114193139982e-15
1.118150017020980143e-14
1.702060714592334908e-14
2.043099023296690691e-14
1.388877901575824622e-14
-7.121192524550678627e-15
4.789169061325537819e-15
8.499201342715423607e-15
5.565325977840984718e-15
6.377787187261674035e-15
1.522426629207984504e-14
1.488631440338394931e-14
-1.130739946120229422e-14
-4.894107341613107595e-14
-4.328759573013485572e-15
1.506983426935448675e-14
6.848965838912590248e-16
1.873501354054951662e-15
2.049027614248188936e-14
-1.471045507628332416e-14
3.200795184454819041e-14
7.120970479945753719e-16
-3.747002708109903324e-16
9.279466084421982689e-15
-9.795053657057905993e-15
