8.023394431256553679e-05
-5.366318059536110546e-03
-6.707285862442286320e-03
-6.100215076970277352e-03
-6.388983565289866121e-03
-7.213273690637759736e-03
-9.764818156513472083e-03
-1.031334529949624705e-02
-1.011544409848359055e-02
-8.361128506658403389e-03
-5.777138475681001771e-03
-9.406956722516818248e-03
-7.170946304068836173e-03
-1.465949701683868156e-03
-3.051607069865866582e-03
3.305819152107094920e-03
9.412436347262903916e-03
2.796667169162121453e-03
3.635710047353203720e-03
1.080454312594195457e-02
1.616379660643973287e-02
2.219043221828582296e-02
3.204400951357707500e-02
4.302629396570533532e-02
3.277469186076234497e-02
4.055448956581902964e-02
5.751151407394548831e-02
5.637375402325488227e-02
7.378831221931739237e-02
7.681356132647682022e-02
8.297461444150473764e-02
8.276094570695764763e-02
9.479242770512275040e-02
9.436328801668371347e-02
1.167009688759203523e-01
1.273750497928738123e-01
1.340678011219566812e-01
1.500525200779941060e-01
1.562960911090187088e-01
1.543127854021917322e-01
1.722491767843183086e-01
1.769795262973787864e-01
1.840780296036269026e-01
1.924929761453831878e-01
1.976000948980853322e-01
2.095628190095564225e-01
2.178112997426992214e-01
2.299922889464282028e-01
2.414330330466367414e-01
2.570327481320208718e-01
2.597171326463378338e-01
2.691850918382751590e-01
2.835583547596030041e-01
2.817407396579665879e-01
2.914494970915965100e-01
3.120367880416650141e-01
3.249806775231697253e-01
3.380685834307813886e-01
3.464530468333746893e-01
3.480898145382495534e-01
3.595126246268868231e-01
3.667475435069132983e-01
3.829622414772655969e-01
3.870067784350604834e-01
3.987633155459446854e-01
4.151455742167785568e-01
4.177957862677688650e-01
4.235391272123959494e-01
4.363001363904502883e-01
4.457599626018646788e-01
4.529231643619845982e-01
4.712131524801865812e-01
4.798931811338784659e-01
4.804665934725617094e-01
5.013493606211518738e-01
5.078287464204493951e-01
5.192136101612093713e-01
5.257708037589557959e-01
5.298818097779299796e-01
5.423142213307021731e-01
5.563219612223858634e-01
5.651148891845445554e-01
5.769631489831565929e-01
5.918427501751193365e-01
5.961464139905070514e-01
6.065176896436114129e-01
6.174963610847293838e-01
6.253208895128798961e-01
6.378518534312657140e-01
6.432536969507260949e-01
6.530523918639195013e-01
6.673560851471915800e-01
6.785544058447877669e-01
6.817911004615050397e-01
6.926301210043489531e-01
7.040843991425203008e-01
7.078805484980800200e-01
7.231821830823014219e-01
7.299027771870220116e-01
7.427165285951400353e-01
7.523428648376769834e-01
7.611204169248467766e-01
7.673034868345600668e-01
7.816766970487236676e-01
7.899723422890352342e-01
7.918496569917029548e-01
8.047617616231083071e-01
8.141378893402640982e-01
8.242606886366883323e-01
8.323187916382965845e-01
8.398885179826117708e-01
8.479435125653321803e-01
8.566637462690496196e-01
8.669220124818189932e-01
8.798154288951276492e-01
8.848561980721801890e-01
8.940719734997387702e-01
9.070564040964556041e-01
9.148624497904228603e-01
9.207809566744190599e-01
9.297120900377054964e-01
9.367564211139945973e-01
9.465066394166210539e-01
9.519156863421341930e-01
9.638269966981887205e-01
9.745913013387972335e-01
9.816376646516611348e-01
9.871949390528975687e-01
9.980925026009922485e-01
1.009262575521879146e+00
1.014210887839811281e+00
1.022686606427306799e+00
1.032369758294820139e+00
1.039398909950329575e+00
1.044637411339429223e+00
1.054509326494932786e+00
1.065396845163176565e+00
1.072673165687446639e+00
1.079963186001832831e+00
1.088516343942257381e+00
1.096434981744576653e+00
1.103107488453815010e+00
1.112526762189876672e+00
1.121812851021000368e+00
1.128647320655537634e+00
1.138933366264957225e+00
1.144064152292061154e+00
1.150990569944416286e+00
1.159996175084129888e+00
1.168095843083134966e+00
1.172741957421073122e+00
1.180495580549780765e+00
1.189269533988426719e+00
1.197999530293982540e+00
1.204284900850657758e+00
1.212026872530995725e+00
1.217195009766826930e+00
1.224729658479992045e+00
1.239520555758338194e+00
1.243780341507300102e+00
1.251951672666724802e+00
1.257669143645716803e+00
1.262913789118204955e+00
1.270518068461708339e+00
1.275660688866131709e+00
1.286634468616506544e+00
1.296324764060737822e+00
1.301762863882800492e+00
1.307675096629225653e+00
1.315213117502585627e+00
1.323413046031043372e+00
1.331645754143425675e+00
1.339065871564357746e+00
1.345400532284356965e+00
1.352361128507332033e+00
1.358884795899631293e+00
1.366187306990682693e+00
1.372704453605451569e+00
1.379167782834404221e+00
1.386217976857153866e+00
1.389826730267005317e+00
1.397528183156042880e+00
1.407141764965836872e+00
1.412248536040387803e+00
1.419231177421965917e+00
1.424810733406988383e+00
1.431844582657149756e+00
1.438075384063752571e+00
1.447009329803843336e+00
1.450118555651667585e+00
1.458311603883090557e+00
1.465396476498562306e+00
1.470652416016617225e+00
1.477808652728423766e+00
1.483750953295260855e+00
1.490429501695335057e+00
1.496964900115095976e+00
1.502062746075689903e+00
1.510794169841544576e+00
1.515035932466979540e+00
1.522890081907812609e+00
1.527519216863786111e+00
1.533118558450347502e+00
1.540377267773840542e+00
1.546035505931024678e+00
1.551948611483769280e+00
1.561514600485207627e+00
1.567507761329268279e+00
1.569754731006302695e+00
1.575594819398243640e+00
1.583441718488372896e+00
1.587025551423116854e+00
1.594041690188906069e+00
1.600255474877271267e+00
1.605828740983236580e+00
1.612098049363994479e+00
1.616968583483011868e+00
1.624059225253974503e+00
1.629886893285100502e+00
1.634009147742977675e+00
1.639716892364803336e+00
1.646073730097946886e+00
1.650457525740302689e+00
1.656335702962611345e+00
1.662960013833611583e+00
1.666770052069141750e+00
1.674071245452533496e+00
1.679724167959415038e+00
1.686250092278710699e+00
1.692747385200692678e+00
1.695706439633255735e+00
1.700351836239541337e+00
1.706282250836762104e+00
1.712019702649113739e+00
1.718005215475863823e+00
1.721928064341855746e+00
1.727252089611268637e+00
1.733466571752035668e+00
1.740003191249106962e+00
1.745251065155431602e+00
1.747531181123661792e+00
1.754980344379718948e+00
1.760165309354736030e+00
1.763522269739309367e+00
1.768917893152353482e+00
1.773798807044426162e+00
1.779184598449662147e+00
1.785235635029551737e+00
1.789929219056157317e+00
1.795393930439937780e+00
1.799827445945823889e+00
1.804889769866902860e+00
1.809790983443999357e+00
1.814041722379533539e+00
1.819517071531277619e+00
1.825240230212384906e+00
1.830012724568991667e+00
1.835338168369156753e+00
1.839277145669582447e+00
1.843346357269501690e+00
1.847972039194185179e+00
1.853133340064154977e+00
1.860378093332568206e+00
1.864249052772267490e+00
1.866770794704490033e+00
1.870814638781199468e+00
1.877712840853642318e+00
1.881787461911057058e+00
1.885097428918022899e+00
1.890158285076917855e+00
1.897267416818177788e+00
1.900561014334575916e+00
1.906004591937920489e+00
1.908721453537907786e+00
1.912243487610679304e+00
1.918617553958162469e+00
1.923628468643123091e+00
1.927563429861826716e+00
1.931674736557378091e+00
1.937350388608069407e+00
1.940495133008177220e+00
1.944544858774488905e+00
1.949945892180061868e+00
1.953838970063131786e+00
1.958022313236694067e+00
1.962150509726069192e+00
1.966579069419668091e+00
1.969984700185838378e+00
1.974939258972001177e+00
1.979508233182941890e+00
1.982535445219576253e+00
1.986603610271438614e+00
1.991451231685321011e+00
1.996255238178643587e+00
1.999940282870654729e+00
2.003262173607908370e+00
2.008013840296798858e+00
2.014045429106950724e+00
2.016823820415799773e+00
2.019715413632148682e+00
2.025736287241059586e+00
2.029817874349403528e+00
2.033319313937368200e+00
2.037340288789649012e+00
2.040907595887295312e+00
2.043920307252599766e+00
2.048238768004900567e+00
2.051710805933232074e+00
2.055665185481215573e+00
2.059956042931007758e+00
2.063464203441360389e+00
2.068483600159266356e+00
2.072286926457162615e+00
2.075672319218437867e+00
2.078796300264348140e+00
2.083266331219255196e+00
2.087841261809325832e+00
2.091720855300311044e+00
2.094356811021950371e+00
2.098313189086599362e+00
2.102071727980690419e+00
2.107058580453438523e+00
2.110378479061516988e+00
2.113014194174111626e+00
2.116376674465013430e+00
2.119989132965818257e+00
2.124734097979800396e+00
2.128654878017036012e+00
2.131286928899863931e+00
2.135385692544100156e+00
2.138784244450093741e+00
2.141756294946040029e+00
2.145512708032312421e+00
2.149944571454913689e+00
2.152643117599610800e+00
2.154961036050130119e+00
2.159431599965993431e+00
2.163866257564954765e+00
2.166682972287870435e+00
2.169826116473602351e+00
2.173776464825052823e+00
2.177541863904841613e+00
2.180568320197155074e+00
2.183303144351080416e+00
2.187217044597366655e+00
2.190724446458223618e+00
2.194265609767425573e+00
2.198588185566570097e+00
2.201949290689008798e+00
2.203947572479766581e+00
2.206995580393928957e+00
2.210652588157832277e+00
2.214721368957099035e+00
2.218254722121469680e+00
2.220230615522714945e+00
2.223408781438839021e+00
2.226931538765088092e+00
2.229991417862983827e+00
2.233614279362718946e+00
2.236059304367779887e+00
2.239010965079964333e+00
2.242149872079723050e+00
2.246297558961984020e+00
2.249382886485800093e+00
2.253292404742048838e+00
2.255464695398292641e+00
2.258353047424784599e+00
2.260932418958164991e+00
2.264588534669542241e+00
2.267735456057740961e+00
2.270835419211361117e+00
2.274133673187979099e+00
2.277322404914809084e+00
2.280506274853415505e+00
2.282949848596000919e+00
2.286129910737616289e+00
2.289335473356968187e+00
2.292416411853068769e+00
2.294365411802565369e+00
2.297520927964311621e+00
2.301313227465388245e+00
2.303784175558759806e+00
2.306867020739564733e+00
2.309998047637187746e+00
2.312693660374038451e+00
2.315056507965988164e+00
2.318755983835799839e+00
2.321468113516389487e+00
2.324235067324159854e+00
2.327276432859269217e+00
2.329721980593828956e+00
2.331918552653801768e+00
2.334651889637124889e+00
2.337369336085480143e+00
2.340456847002187590e+00
2.343576243179120056e+00
2.346569009910947745e+00
2.349415748223410816e+00
2.352236694567537256e+00
2.354859895711068685e+00
2.358159489069881154e+00
2.360084063348363514e+00
2.363270067360417226e+00
2.366079115942377520e+00
2.367994818675885682e+00
2.371492196557472010e+00
2.374148763451741750e+00
2.377345659112279463e+00
2.380000670927003625e+00
2.382595353455160492e+00
2.385045872879404172e+00
2.387780925975495627e+00
2.389970835895230294e+00
2.392247498250869686e+00
2.395181765827625320e+00
2.397715507338845420e+00
2.400013737681050419e+00
2.403187682120789148e+00
2.405863278208848488e+00
2.407891543847220817e+00
2.410525978652592105e+00
2.413318431091783012e+00
2.415699865368595933e+00
2.418228612084572404e+00
2.420390515609630366e+00
2.423449342274508922e+00
2.426156820809258985e+00
2.428580643453307264e+00
2.430988005572819688e+00
2.433203600502543029e+00
2.435781538092118836e+00
2.438441919959541515e+00
2.441034602197377001e+00
2.443322908043922936e+00
2.445684242994643931e+00
2.447987987380966235e+00
2.450737339590596697e+00
2.453077227024675011e+00
2.455913217753391109e+00
2.457305728767234854e+00
2.460574839090462707e+00
2.463079564827328927e+00
2.465235644238803925e+00
2.466682532811988793e+00
2.469493673835566394e+00
2.471807118400241698e+00
2.474314028389228870e+00
2.476681367821802482e+00
2.478729413322914965e+00
2.481066493302324094e+00
2.482961659707604962e+00
2.485713328153091872e+00
2.488741093433700424e+00
2.490356395949736790e+00
2.493244711254331225e+00
2.495175300540791508e+00
2.497307188192223748e+00
2.499763591506777516e+00
2.502295678398382073e+00
2.504649754187523669e+00
2.506579112089465156e+00
2.508099732900004319e+00
2.510242576145226501e+00
2.512556330229476220e+00
2.513981088203398606e+00
2.517266834847063262e+00
2.519474156216197525e+00
2.521535792045664692e+00
2.523541517079054941e+00
2.525313287176135901e+00
2.527459649769427497e+00
2.530006160801189008e+00
2.532490632747604220e+00
2.534530217519068707e+00
2.536231293027591427e+00
2.538951989963472933e+00
2.541400158037681489e+00
2.543001589959352771e+00
2.545281219207568668e+00
2.547536154784841855e+00
2.549526839136770029e+00
2.551919710268918617e+00
2.553250344383281689e+00
2.555372903441421872e+00
2.557730196877916917e+00
2.560046573261465230e+00
2.562329400210931585e+00
2.564059349644484787e+00
2.566099627902630242e+00
2.568329189570063065e+00
2.569614292460034033e+00
2.572262525291833857e+00
2.573613540426737512e+00
2.575839057926173403e+00
2.577500235076799484e+00
2.580059482804866633e+00
2.582206731254656606e+00
2.583416661363632016e+00
2.586081567316355301e+00
2.587481178053261832e+00
2.589806581998736590e+00
2.592153058256983389e+00
2.594027122563220100e+00
2.595559514417888014e+00
2.597933077687787584e+00
2.600030823896999799e+00
2.602064206724714168e+00
2.604424569532103995e+00
2.605735898323194188e+00
2.607661362476535238e+00
2.609635663988192800e+00
2.611496737638881793e+00
