2.778028142830682814e-05
-4.587882746123976563e-03
-5.629674751282240722e-03
-4.002003454411518467e-03
-2.524060697318929007e-03
-2.504878183237893921e-03
-3.019262714539910301e-03
-3.137650142333082027e-03
-3.484849368934543872e-03
-2.997251679138231584e-03
-2.284751963729414210e-03
-3.767963556758865181e-03
-2.579638026605083571e-03
1.865335614465224499e-04
-9.890937763344845229e-06
3.068197901686339681e-03
5.861695130476898483e-03
2.672096157798635810e-03
2.759432864717786555e-03
5.863922547977175499e-03
7.946779930464317743e-03
1.098991704146831498e-02
1.527779241531029147e-02
2.129242377280268772e-02
1.628347962982939351e-02
2.002037966937908822e-02
2.870952574275217536e-02
2.703750385526723296e-02
3.543351738453957844e-02
3.759397380122333349e-02
4.000655681507279959e-02
3.813730099913124894e-02
4.409851764359749154e-02
4.538576648699293309e-02
5.773134040569672526e-02
6.262561277128128601e-02
6.421281926527892814e-02
7.315529257414100928e-02
7.761246104608500451e-02
7.459373704588496967e-02
8.469386330954493947e-02
8.666623651419136376e-02
8.957565998368333116e-02
9.323501504915562843e-02
9.454162656825701450e-02
1.018562831238461475e-01
1.056526440757361851e-01
1.122278572270903052e-01
1.205056849318785622e-01
1.265189633188165408e-01
1.272095880132212420e-01
1.343907277712335646e-01
1.428675732256070585e-01
1.418330222751661707e-01
1.446360191241387039e-01
1.540822577267152160e-01
1.623175953780075786e-01
1.727588008474760517e-01
1.751522482237312661e-01
1.731596138620723202e-01
1.812889226510542851e-01
1.839512423278870656e-01
1.907326669661370544e-01
1.975417598781925299e-01
1.995949128999875422e-01
2.072044260947620842e-01
2.160818824939098881e-01
2.148558537358134513e-01
2.226205514987029399e-01
2.274229628525956115e-01
2.337899993739271931e-01
2.454903725337776732e-01
2.468813166643823998e-01
2.481163382646482674e-01
2.602579809083552242e-01
2.618551260922548640e-01
2.699941668206430334e-01
2.750131576469155847e-01
2.752977925165720485e-01
2.870814200528989946e-01
2.957998394717175072e-01
2.978679132587967460e-01
3.062194310330630942e-01
3.182091937532609549e-01
3.149493581087673966e-01
3.154276061545449594e-01
3.233996082480486423e-01
3.305866923567172821e-01
3.403632792564578735e-01
3.398661226586039974e-01
3.439351730026924403e-01
3.551570397158435588e-01
3.609264341726918790e-01
3.650715498517767554e-01
3.705914681762077501e-01
3.803948083566078830e-01
3.831890133138318166e-01
3.925268473715837203e-01
3.915618120968996640e-01
3.995872989936130604e-01
4.044591907462719016e-01
4.147958720675900546e-01
4.163651494452555446e-01
4.238877813938847217e-01
4.260721496106591455e-01
4.308005821275706082e-01
4.402339528200617247e-01
4.419436354296341074e-01
4.509910299980377513e-01
4.528867306472981191e-01
4.585753615758794144e-01
4.636394741922444385e-01
4.675097533559866014e-01
4.790241871067276169e-01
4.850890644153982301e-01
4.831403451213231448e-01
4.934122713119171721e-01
5.017772339630275358e-01
5.052288712040375884e-01
5.086210911101645138e-01
5.160515981766529148e-01
5.193221150742950432e-01
5.256585804707657461e-01
5.312870900112951489e-01
5.402961314860159625e-01
5.454766413949929671e-01
5.517734273225227692e-01
5.541937088729821381e-01
5.594903736028233876e-01
5.673856770377986303e-01
5.701668139417783721e-01
5.768625467538026630e-01
5.826244775796814990e-01
5.851929972384700696e-01
5.882910590760601632e-01
6.002538415365141766e-01
6.031799159119507481e-01
6.089240832935375325e-01
6.185732639337022665e-01
6.189132654723839000e-01
6.247989188102410774e-01
6.318346025673089450e-01
6.370156934177182428e-01
6.442196408161954269e-01
6.464764188467665429e-01
6.509422497452002077e-01
6.576672313319603669e-01
6.649909896418665367e-01
6.726885911796858242e-01
6.743187646206919572e-01
6.782554378832422737e-01
6.841330507891940638e-01
6.882606299668666550e-01
6.932019003208150787e-01
6.987989584213871730e-01
7.051073289434306446e-01
7.083855821082790660e-01
7.134522694727543080e-01
7.207120003285372167e-01
7.265428475455367741e-01
7.300151629495005290e-01
7.357493735129629897e-01
7.401454692229965104e-01
7.468513196421162625e-01
7.528492873582702805e-01
7.578932879176718540e-01
7.616993549490302939e-01
7.662449774368584876e-01
7.712470356285572315e-01
7.741619386436828787e-01
7.823181441546851467e-01
7.904478578816445111e-01
7.905626993612547837e-01
7.956441213222078535e-01
8.023201141849778395e-01
8.055131240548170091e-01
8.116649884020227246e-01
8.183287815507999108e-01
8.224667111919723439e-01
8.252820770757318680e-01
8.322685067905158940e-01
8.355515422461367026e-01
8.409949024325282796e-01
8.467170480912497021e-01
8.489828825800579404e-01
8.548474679115951602e-01
8.604167866462247849e-01
8.646438384507016961e-01
8.705773061852385419e-01
8.756941124051280667e-01
8.812195901615164084e-01
8.816253491507723972e-01
8.890523755803190209e-01
8.960946858481124710e-01
8.977696415293526799e-01
9.035050544766088931e-01
9.093670970305788304e-01
9.150969451185331227e-01
9.175094884455455846e-01
9.227989483360322653e-01
9.287347447728934169e-01
9.313212041279421705e-01
9.366136309256627435e-01
9.416984194673500008e-01
9.457639634986971799e-01
9.492622013186453600e-01
9.553964506118286515e-01
9.584121917963027704e-01
9.659982812966089183e-01
9.687557908352097957e-01
9.731468446512253623e-01
9.800511544150415366e-01
9.829395862380830851e-01
9.869398390709998026e-01
9.931806365683588655e-01
9.984702161011254073e-01
1.002635015128735985e+00
1.006117079895922028e+00
1.011140626204621862e+00
1.016562094531492821e+00
1.019734468023597351e+00
1.024501007784988760e+00
1.030508615528837435e+00
1.032429992412437603e+00
1.036343609407837763e+00
1.043135363772423441e+00
1.046686275915959419e+00
1.051175384849527550e+00
1.055305724013260615e+00
1.060179656968720074e+00
1.065380719598286730e+00
1.067560972097403305e+00
1.072427900788228694e+00
1.078614158640772480e+00
1.082555416315633900e+00
1.087414565951480006e+00
1.089982761904916719e+00
1.093584667995368243e+00
1.099221788961766144e+00
1.104950108793350871e+00
1.109473201327285219e+00
1.111014637694898610e+00
1.115684319281208925e+00
1.121587286643949355e+00
1.125689401136763301e+00
1.130053644437901017e+00
1.134976026736262744e+00
1.137571495931615218e+00
1.141137791542402358e+00
1.145583840805863174e+00
1.148813765556370381e+00
1.152266722960422429e+00
1.157780631301415397e+00
1.162605297131283910e+00
1.166432979444551377e+00
1.171109748973121034e+00
1.175015878149904269e+00
1.178896057227069027e+00
1.184764507267887623e+00
1.188538686329021488e+00
1.191789656972834122e+00
1.194833797286205757e+00
1.198426781469663416e+00
1.204475139915482051e+00
1.209567294969668527e+00
1.213507989795975295e+00
1.217193653872862269e+00
1.222038203423356784e+00
1.223948908468916574e+00
1.228650987405443873e+00
1.233946356399209021e+00
1.235819885875316215e+00
1.239267999252777530e+00
1.243406560448870657e+00
1.247576476096582176e+00
1.250621107679734667e+00
1.255824079488603973e+00
1.260578715390930693e+00
1.264664836212854304e+00
1.268161159560965867e+00
1.272787489681538764e+00
1.276916176912231693e+00
1.279765351250907512e+00
1.282810447865736725e+00
1.287185287845239223e+00
1.290043651418131265e+00
1.294044605445226148e+00
1.298526569135223907e+00
1.301973954526225663e+00
1.304968919077030165e+00
1.310477476473272285e+00
1.313814923838936943e+00
1.317040127513112724e+00
1.321936285603255712e+00
1.325212241824398784e+00
1.329371038814629591e+00
1.334459709573746045e+00
1.337125700642094905e+00
1.340510226326430132e+00
1.344783464702608455e+00
1.347283116275563408e+00
1.350786268458197936e+00
1.355356811407347761e+00
1.359127208902265016e+00
1.362356904110521683e+00
1.366472910213880398e+00
1.371162878876369451e+00
1.374480775174664826e+00
1.376068719758429593e+00
1.379956650706561705e+00
1.384921564279238071e+00
1.388916688814721079e+00
1.391592715103562528e+00
1.394532274616159251e+00
1.398980290987569042e+00
1.403703992911478737e+00
1.406565191879657117e+00
1.409814877047127490e+00
1.413697020455030762e+00
1.416969028262576202e+00
1.418598943589571837e+00
1.422223099282623249e+00
1.426273931374732129e+00
1.429242143807919918e+00
1.433339409037925227e+00
1.437554749961418077e+00
1.441817670250219674e+00
1.445213673539506694e+00
1.447999109564873654e+00
1.451540393810585305e+00
1.453713125080294821e+00
1.457272081329102242e+00
1.461738709466998021e+00
1.464910725474351638e+00
1.467636985834366747e+00
1.471877831899726541e+00
1.475989689497217761e+00
1.478412234901677724e+00
1.482001008284969057e+00
1.486281187270255488e+00
1.489112103691083044e+00
1.492225854725159451e+00
1.496698323576795664e+00
1.499954677482662646e+00
1.501563172463407092e+00
1.504630531504044244e+00
1.509020862532165719e+00
1.512265450624581176e+00
1.515573075622553390e+00
1.518426916778979452e+00
1.521964419368322385e+00
1.526014758056743581e+00
1.527934427369368686e+00
1.530310429872324463e+00
1.534245051851625297e+00
1.538226767383278348e+00
1.541327208351112477e+00
1.544164927500287998e+00
1.547311511536010098e+00
1.550841118718263578e+00
1.554175114056455920e+00
1.556889419109872996e+00
1.559255237272369587e+00
1.562748930770101019e+00
1.565840122070283336e+00
1.569432454736688465e+00
1.572600488472267966e+00
1.574987556022422019e+00
1.578194685224206140e+00
1.581389360303264713e+00
1.584520467174080904e+00
1.587310254754812799e+00
1.590969252175985282e+00
1.594118937925763868e+00
1.597216058011880824e+00
1.601567505193370655e+00
1.604514149119684152e+00
1.607099326611012957e+00
1.609829565123606088e+00
1.613356586381857749e+00
1.616113599207051221e+00
1.618312188488710834e+00
1.621173178148483940e+00
1.625054728960575012e+00
1.628409930827859009e+00
1.630617455225680912e+00
1.633904464328591377e+00
1.637111233369485719e+00
1.639571967279868758e+00
1.641655869837785220e+00
1.643974557469981557e+00
1.646750814277110786e+00
1.651049750320466858e+00
1.654915242106242301e+00
1.657693608560337317e+00
1.660541587961454235e+00
1.663255210773846082e+00
1.665787042272363738e+00
1.668235624734550226e+00
1.671372262786666063e+00
1.674316167627742713e+00
1.677167578629122469e+00
1.679383784433231330e+00
1.682104482741997753e+00
1.684889124258416526e+00
1.687481967772454627e+00
1.691531742427902829e+00
1.694500504993960766e+00
1.697375139455926440e+00
1.700064450507366987e+00
1.702918754111362176e+00
1.705728279828033545e+00
1.708183504273606879e+00
1.711671433994212732e+00
1.713843687954193173e+00
1.716893680585782400e+00
1.718938910247869600e+00
1.721714957884374897e+00
1.724477696694474593e+00
1.727607205249498845e+00
1.729799255719721485e+00
1.732618276985307793e+00
1.735055686219578952e+00
1.737845033579372922e+00
1.741103144541832792e+00
1.743528852166726928e+00
1.747022170249997064e+00
1.749327055822627486e+00
1.751453007890748426e+00
1.753898189071043667e+00
1.756761411839047549e+00
1.758922875681769193e+00
1.761747891529991783e+00
1.764174355375832226e+00
1.766451481486527975e+00
1.769660035017413868e+00
1.772219630584733530e+00
1.775224538308533662e+00
1.777417773720320504e+00
1.779791501581219126e+00
1.782566102450878320e+00
1.784826231598888091e+00
1.787716718285206507e+00
1.790002528865360709e+00
1.792472163991973400e+00
1.794600295967454517e+00
1.797356235973687655e+00
1.800250050592757001e+00
1.803844732316160826e+00
1.806210307675231164e+00
1.807933726934936036e+00
1.810376723066425386e+00
1.812589858322435798e+00
1.815258352858532209e+00
1.817581194594829919e+00
1.820443180784792059e+00
1.823334404015989119e+00
1.826055305510549509e+00
1.828212106683852367e+00
1.830694608764921405e+00
1.832624549747841503e+00
1.834951471975327930e+00
1.837650194247820279e+00
1.840598594121877429e+00
1.842705112193048889e+00
1.844757383900724301e+00
1.847323252872129506e+00
1.849187792015846377e+00
1.851664355927031602e+00
1.854383196689229685e+00
1.857725042333252752e+00
1.860042992068970946e+00
1.861283033059050851e+00
1.863284898148745761e+00
1.866054356094621669e+00
1.868540720593009352e+00
1.870685189269680082e+00
1.873275470552396849e+00
1.875845255312790005e+00
1.877556039981369551e+00
1.879597356631614868e+00
1.881940575137596605e+00
1.884689373653840594e+00
1.886868874255766881e+00
1.888939108458112859e+00
1.891195358484490496e+00
1.893510921025184812e+00
1.895716000917493371e+00
1.897978649402626505e+00
1.900521643350881362e+00
1.903127316002711567e+00
1.905054265147983816e+00
1.906872356033618265e+00
1.909345113362768132e+00
1.911840248043189083e+00
1.914379385896930241e+00
1.916004223709922627e+00
1.918212900429008494e+00
1.920305856116284682e+00
1.923052287756992218e+00
1.925049424710716384e+00
1.927340213993860241e+00
1.929463767655895889e+00
1.931555000973705694e+00
1.933159265423893380e+00
1.936005520925994539e+00
1.938403039599053468e+00
1.940548604319049630e+00
1.943053498147848668e+00
1.944415838882247005e+00
1.946666951891859565e+00
1.948475494732319513e+00
