6.787323016937213350e-05
-5.165837939341937080e-03
-6.428531363914345188e-03
-5.563900541439803678e-03
-5.406067789002567785e-03
-6.023885481803660860e-03
-8.060678914590307942e-03
-8.494271596539716349e-03
-8.425891035473592403e-03
-6.981281019088860472e-03
-4.845792642240927782e-03
-7.932320061293565358e-03
-5.948721294020332950e-03
-9.502984265231085269e-04
-2.200927753894574897e-03
3.410237006965276003e-03
8.741271217542380054e-03
2.865623260172271182e-03
3.539445031806220856e-03
9.789847030531725544e-03
1.434573088045653852e-02
1.975851668812744072e-02
2.825093928228919124e-02
3.828532484799846564e-02
2.907325547512522312e-02
3.592313440886660963e-02
5.119067760867634931e-02
4.967794855189366920e-02
6.517467493378131804e-02
6.817176696518212342e-02
7.339434141719695937e-02
7.241845540871323650e-02
8.320812823469762864e-02
8.325595142420390282e-02
1.038177647235421219e-01
1.131669499037235987e-01
1.183763276320535657e-01
1.330868077017993978e-01
1.391046460047627165e-01
1.365341083399006783e-01
1.530564740862173090e-01
1.570600067984570802e-01
1.632169218668595989e-01
1.706368969172813999e-01
1.747010393200000566e-01
1.854754422317274054e-01
1.924337724136962191e-01
2.038290637017104445e-01
2.151799781382472132e-01
2.284221954824606493e-01
2.305104067226627917e-01
2.398288872156566220e-01
2.531258852124141923e-01
2.512857861972074280e-01
2.591964649353446504e-01
2.780328989027881503e-01
2.900598601517624386e-01
3.025219068975504855e-01
3.096476706863588446e-01
3.104153167197348795e-01
3.210176097740594647e-01
3.273826569299715383e-01
3.414125358554245260e-01
3.465937257510939840e-01
3.556705714363921356e-01
3.713836243561761674e-01
3.746830480750016346e-01
3.783219732321174145e-01
3.899897980441106582e-01
3.993130266105573978e-01
4.064264721768052757e-01
4.234306933611172719e-01
4.306594639524800039e-01
4.313337974562606592e-01
4.505802445008606494e-01
4.561455740153939620e-01
4.666130978591712108e-01
4.733472484257972290e-01
4.757752725721587361e-01
4.885214423503568826e-01
5.015507879716583073e-01
5.097641673589375921e-01
5.210245473214107914e-01
5.353184564803982193e-01
5.379159212890097796e-01
5.459614618997034041e-01
5.569261840258482588e-01
5.649227451556206869e-01
5.772774401539428890e-01
5.810574646698990486e-01
5.895474633270709752e-01
6.033919443799971027e-01
6.133824706318475872e-01
6.166753510060760668e-01
6.264434689367900377e-01
6.383794284831249000e-01
6.418903628544114781e-01
6.568852231455060142e-01
6.615291487050393160e-01
6.735377062586757058e-01
6.809510543340012712e-01
6.909324533052262352e-01
6.965384938921540536e-01
7.104293394283508478e-01
7.169308384118967536e-01
7.183096589701624124e-01
7.318607503836791484e-01
7.388868189405608522e-01
7.488473479440140856e-01
7.553117972128111646e-01
7.639430970857817860e-01
7.713514147589813907e-01
7.788781311070666069e-01
7.893796425548238460e-01
8.020154321880546000e-01
8.046682866006883428e-01
8.136837244083786613e-01
8.270680863920375492e-01
8.347125578484521080e-01
8.392435930773445296e-01
8.481761710964548229e-01
8.547484416409604213e-01
8.621553412925245796e-01
8.677520858013395566e-01
8.802476624360308088e-01
8.911173670948143721e-01
8.975387754955411745e-01
9.019284037084497330e-01
9.122359693672377201e-01
9.228875681322364910e-01
9.265596026311303524e-01
9.349462533839839606e-01
9.451607465018677656e-01
9.508038397837249578e-01
9.551694151877264671e-01
9.661827752524689839e-01
9.772593595736058791e-01
9.828113837961487409e-01
9.901282531904266326e-01
9.972118946305814635e-01
1.005937015197581941e+00
1.011815688339858577e+00
1.020673240590454389e+00
1.029599018832177526e+00
1.036339102481512731e+00
1.045427758492648351e+00
1.050347321584143678e+00
1.058050275536081886e+00
1.066681080335224241e+00
1.074219218370875195e+00
1.078535393358504013e+00
1.085709460677786620e+00
1.093354675871469395e+00
1.101410191239142744e+00
1.108725038866442691e+00
1.116237204421776097e+00
1.120328290251535464e+00
1.127776239260762647e+00
1.142663790178115368e+00
1.146197614606347726e+00
1.154752088542072563e+00
1.159343361079365753e+00
1.165397650169611943e+00
1.172912067300300842e+00
1.178242598461506807e+00
1.188251539246194977e+00
1.196883810991922870e+00
1.202019176781752074e+00
1.207237453405572536e+00
1.215078883326914605e+00
1.223315211582659323e+00
1.232271848502906941e+00
1.238483618701522460e+00
1.244811454984356969e+00
1.251607909002365071e+00
1.257692638050591283e+00
1.264356626872874978e+00
1.269441072859779807e+00
1.276286037812849328e+00
1.283063473448328384e+00
1.286407743971797357e+00
1.294169641867992215e+00
1.304313546522904321e+00
1.309031036136346637e+00
1.315132565738996728e+00
1.321240745085223045e+00
1.328245700688242215e+00
1.334541055309901969e+00
1.342758157631815719e+00
1.345733188500694677e+00
1.354039216327231010e+00
1.359412659223267150e+00
1.366200127518500951e+00
1.372960024452480221e+00
1.377738353110278036e+00
1.385577195680528950e+00
1.390665839598539399e+00
1.397010743693310131e+00
1.404522166394107208e+00
1.410012086182512281e+00
1.416596221591579940e+00
1.420482664889979318e+00
1.426983670531335679e+00
1.434043822443568539e+00
1.438612588278287641e+00
1.444899340938175847e+00
1.453810620313798596e+00
1.458594793529515599e+00
1.462268974252713960e+00
1.468256955537027064e+00
1.475866064001018607e+00
1.479082046835261677e+00
1.485004588575164375e+00
1.492909969404592418e+00
1.496807260679559715e+00
1.503118699741165631e+00
1.508608529259574116e+00
1.515033896193190177e+00
1.520814349806016708e+00
1.525828926499194660e+00
1.531569807612235268e+00
1.537436181444209016e+00
1.541788680965315628e+00
1.548309856422619424e+00
1.556159064607880893e+00
1.558655166908101020e+00
1.565913507888444078e+00
1.570796949186376024e+00
1.577157089442988269e+00
1.583336810911640136e+00
1.586123312722913736e+00
1.591216901990473387e+00
1.596426195055871355e+00
1.603517165137908984e+00
1.609334310315541527e+00
1.611554423759815835e+00
1.617637021362841043e+00
1.624369198252698654e+00
1.630148693171373564e+00
1.635846948912949461e+00
1.638501515211530757e+00
1.644481068750595520e+00
1.649317233116614601e+00
1.654959423954125874e+00
1.659817677945632397e+00
1.664354947825633646e+00
1.670351184333217942e+00
1.675474555246634800e+00
1.680942208001012350e+00
1.685639293208364364e+00
1.689917934589402648e+00
1.694905063514762666e+00
1.700217155239355460e+00
1.704275815863421473e+00
1.710243597686952555e+00
1.715442014058406794e+00
1.721037126218082580e+00
1.725732078450521012e+00
1.729455600884391764e+00
1.733619317058381570e+00
1.738144952954961076e+00
1.743412237992578717e+00
1.749974177012707299e+00
1.753941670747215076e+00
1.757241297222291276e+00
1.761879295524084066e+00
1.767206498772748269e+00
1.772068068313986222e+00
1.775786042457075276e+00
1.780527329349706589e+00
1.786627648282780090e+00
1.791599707431675403e+00
1.796754253862887563e+00
1.799489320400872616e+00
1.802619858085009463e+00
1.808609345358505704e+00
1.813842812781483405e+00
1.818575994145331665e+00
1.823130113342297465e+00
1.826811811445440581e+00
1.830279834318664367e+00
1.836349441518257519e+00
1.842828572179159519e+00
1.844125101261654409e+00
1.847416987819038736e+00
1.853018707366099083e+00
1.857524521975102205e+00
1.861151008960618469e+00
1.866527843666510700e+00
1.870069361731862667e+00
1.873963266892895607e+00
1.878296928495992280e+00
1.882826177033951387e+00
1.888409696065188381e+00
1.891429155109467519e+00
1.894923731921679622e+00
1.899911804785651803e+00
1.905293455465129293e+00
1.908092466139415189e+00
1.911696042567767595e+00
1.917896290354479172e+00
1.922057943386231260e+00
1.925175512344565520e+00
1.929865827096701736e+00
1.933406896574811684e+00
1.936742135022631039e+00
1.940181672260509638e+00
1.943060022105943085e+00
1.947772644953752241e+00
1.952056530705592596e+00
1.956259564289130282e+00
1.960407601349992923e+00
1.964264400975520353e+00
1.967922912092663790e+00
1.971567485482325299e+00
1.975600182225234480e+00
1.981033608114130207e+00
1.984597731524152531e+00
1.988172936379211331e+00
1.991239885257227504e+00
1.995778298021086306e+00
2.000524685463942021e+00
2.004151269392258072e+00
2.006975264870701103e+00
2.010339983269747943e+00
2.013680387631074709e+00
2.018745324388588003e+00
2.022491932890467581e+00
2.025711030719137273e+00
2.030072134577788123e+00
2.033351892270186756e+00
2.036760031832538509e+00
2.039893921209219751e+00
2.043442956179688519e+00
2.047657444938137505e+00
2.050894789900319815e+00
2.055218404114748321e+00
2.058644106480556069e+00
2.061764555657214171e+00
2.065269922584459295e+00
2.069566027757805404e+00
2.073064035290099305e+00
2.076106426509080283e+00
2.078959743347071232e+00
2.083013723352276969e+00
2.086775473264229408e+00
2.090111665618295866e+00
2.094374832218233617e+00
2.097345388952223111e+00
2.100354699570441408e+00
2.103446972042106289e+00
2.106703079638140963e+00
2.110137395780509184e+00
2.113731839860987449e+00
2.116978322110121269e+00
2.119941752616081310e+00
2.123749972756389326e+00
2.127057345839655778e+00
2.130971873424666096e+00
2.132829651593657783e+00
2.135500764869834533e+00
2.139296927040312379e+00
2.144000375171086326e+00
2.146829920064824648e+00
2.150605829227892674e+00
2.153089415127498629e+00
2.156261055516210501e+00
2.158830718041850005e+00
2.162674306280385039e+00
2.165668090856496697e+00
2.169334315332276386e+00
2.172943331160397396e+00
2.176070591995329817e+00
2.178726645772250947e+00
2.181349290943828567e+00
2.184500077123750827e+00
2.187237480288301228e+00
2.190799638434183461e+00
2.193798980291931322e+00
2.196583820689212541e+00
2.199828010147497626e+00
2.202817079622331420e+00
2.205907844889968050e+00
2.208930771943642402e+00
2.211847045582301607e+00
2.214389147971615568e+00
2.217239821610841766e+00
2.221366897668044960e+00
2.224342115581773527e+00
2.227192731644895396e+00
2.230329940125863608e+00
2.232863276009880327e+00
2.235739993203083920e+00
2.238620533381005639e+00
2.241710701237101588e+00
2.244055931142098448e+00
2.247470234787122045e+00
2.250357958546432613e+00
2.253226573425127111e+00
2.255767393012308997e+00
2.258830298410541726e+00
2.261736044835560566e+00
2.264447929888408151e+00
2.267393454436895883e+00
2.270374276606436315e+00
2.272960904300158624e+00
2.276026438125499762e+00
2.278988891698682018e+00
2.281262352897268197e+00
2.283985466145109999e+00
2.287085023437898990e+00
2.289108776283491853e+00
2.292209648699921054e+00
2.295108741932209373e+00
2.297268127324934461e+00
2.300128597954890441e+00
2.303067321153649427e+00
2.305671108602543651e+00
2.307788646530604115e+00
2.310892247211183026e+00
2.313937510507993789e+00
2.316886541766962626e+00
2.319549462305635856e+00
2.321454801973632964e+00
2.324669982808559965e+00
2.327425260859306899e+00
2.329874466807926758e+00
2.332300287428958452e+00
2.334727608102140639e+00
2.338156766009250820e+00
2.339886167258263594e+00
2.342289359844183849e+00
2.344396153311692821e+00
2.347799946182239861e+00
2.350772441202511054e+00
2.352951762032314598e+00
2.355995864446754240e+00
2.358730219268155626e+00
2.360929929399968152e+00
2.363352673534625747e+00
2.365136978873287443e+00
2.367623522078191378e+00
2.369934575002979216e+00
2.372425180121945587e+00
2.374633419478193286e+00
2.377355585882481748e+00
2.380736994460558087e+00
2.382573889894994856e+00
2.384008529579513702e+00
2.386828210071301637e+00
2.389159036714097351e+00
2.392274340522183795e+00
2.395156803792053868e+00
2.397168880481425735e+00
2.399928730072113048e+00
2.401905251133525265e+00
2.403800501680177781e+00
2.406115595002656704e+00
2.408649815286281637e+00
2.411092518022765585e+00
2.414197962266758868e+00
2.415836875641979464e+00
2.418029430674936808e+00
2.419778287498619118e+00
2.422548426061377658e+00
2.424342411453872081e+00
2.426870937785133631e+00
2.429098671987903746e+00
2.430788484762434365e+00
2.433271789751521474e+00
2.436443054598601332e+00
2.438630448673424045e+00
2.440736217548511888e+00
2.443146559574446819e+00
2.444984036573756292e+00
2.447249760608120717e+00
2.449338062200050903e+00
2.452455225617597545e+00
2.454655672606299355e+00
2.456859938712271596e+00
2.458622926781601326e+00
2.460448431415979353e+00
2.462906830390555246e+00
2.465068592155754246e+00
2.467491832798685447e+00
2.469471876935648069e+00
2.471784170676577297e+00
2.473903568781707918e+00
2.475532087654985336e+00
2.478230379944076578e+00
2.480267594622318938e+00
2.482150387458119667e+00
2.484476499726506304e+00
2.486558445818697560e+00
2.488460071784853067e+00
2.490926146834833155e+00
2.492466774443105049e+00
2.495082379306578613e+00
2.497085998803095563e+00
2.499064376908657348e+00
2.501164069085716424e+00
2.503025287214150296e+00
2.505208800823651494e+00
2.507786363185474432e+00
2.509926365433396978e+00
2.511702628101489587e+00
2.513495398146035509e+00
2.515575527358318464e+00
2.518122853399618055e+00
2.520161422642006599e+00
2.521827424309071475e+00
2.523844905441525732e+00
