1.072538295043717102e-04
-6.027799607228782365e-03
-7.614773834146520114e-03
-7.790356450544909557e-03
-9.463743319403307777e-03
-1.091054534875858691e-02
-1.504084123264092139e-02
-1.595974982826632929e-02
-1.538265432755571774e-02
-1.266905845421498547e-02
-8.769675494603028018e-03
-1.407188774268591618e-02
-1.105859073695051459e-02
-3.248003722461656646e-03
-5.757164774147604039e-03
2.697793918337311990e-03
1.105256400701467093e-02
2.632424994916271726e-03
3.949630291729832980e-03
1.363366882574460100e-02
2.144750484853407899e-02
2.897056379900100551e-02
4.286273755369534449e-02
5.593766669488684645e-02
4.341840094577832654e-02
5.382684155840528062e-02
7.497828496026048839e-02
7.562093267535369145e-02
9.784789903806949407e-02
1.007794043629995223e-01
1.095841241807986172e-01
1.125703129979496314e-01
1.276645219478649285e-01
1.261019221241995170e-01
1.517443590021005095e-01
1.662307927203256208e-01
1.778104403426370717e-01
1.963526899796866065e-01
2.031807847583471660e-01
2.034728358142848526e-01
2.242468442770456927e-01
2.313598486301238211e-01
2.412705606506391764e-01
2.519018088177922277e-01
2.598196620052913852e-01
2.763922357454184353e-01
2.892705736326333654e-01
3.018112058541168596e-01
3.127506488675265706e-01
3.347071264329723461e-01
3.392876417409116940e-01
3.487351535123561774e-01
3.660279000676412986e-01
3.648879135243544014e-01
3.795547731329161900e-01
4.021619820566192938e-01
4.177767844937779751e-01
4.325030793717332678e-01
4.443259464811900594e-01
4.493059618211698858e-01
4.626246293115042207e-01
4.721221662246306572e-01
4.921761738732072233e-01
4.961054040932373899e-01
5.123073899337867720e-01
5.279075239666293218e-01
5.330153340481318391e-01
5.447835826364402223e-01
5.589542323315203065e-01
5.690427472911441242e-01
5.762657625812880324e-01
5.980573326109395182e-01
6.101213729113892370e-01
6.100374314489288574e-01
6.347736451597026930e-01
6.427099709657720927e-01
6.558562450485697637e-01
6.633937063246483357e-01
6.735441006252681495e-01
6.834712157827577128e-01
6.994335000487135190e-01
7.101619326166334067e-01
7.210262388377925991e-01
7.380115897720040952e-01
7.474338848691705062e-01
7.623017190546965693e-01
7.732232145378690191e-01
7.820462522994393595e-01
7.938829046994800853e-01
8.024580127800065021e-01
8.155327043004706455e-01
8.308092639674803381e-01
8.421907502281055224e-01
8.485749353272178386e-01
8.606098528986899643e-01
8.699388209643343917e-01
8.782440807863416410e-01
8.921820218358347265e-01
9.005044068015494174e-01
9.166861540771880090e-01
9.325178903600380709e-01
9.386102972013091739e-01
9.482572415783231401e-01
9.598722896349682898e-01
9.718514073597777081e-01
9.744490948866127988e-01
9.875811707522565985e-01
1.001157588184160785e+00
1.013223787724740088e+00
1.024143092568498892e+00
1.028751200596801363e+00
1.038804605564437100e+00
1.048843695755974137e+00
1.060924069371044220e+00
1.070221760982624115e+00
1.080266035990022022e+00
1.093987120212831288e+00
1.103380683686320474e+00
1.111032197827788615e+00
1.120451671949028727e+00
1.128655507054786566e+00
1.137603413518469386e+00
1.154862460341671282e+00
1.159124419797473049e+00
1.168451369899520254e+00
1.179114932377185676e+00
1.186515450329130861e+00
1.196500439985993536e+00
1.207402860398098410e+00
1.216178796034207643e+00
1.226798080137627034e+00
1.236044631284515916e+00
1.241867613485591271e+00
1.253045834208855069e+00
1.260830596138489357e+00
1.271970936190262913e+00
1.278878080990537347e+00
1.289997450539637214e+00
1.297738112576964253e+00
1.306307481061593556e+00
1.314325690555607995e+00
1.323659832759617405e+00
1.333584432719507440e+00
1.344336356500210883e+00
1.350112051883664455e+00
1.360442299260121723e+00
1.367648284039305828e+00
1.373731080606824140e+00
1.383488425795893706e+00
1.391619795710444585e+00
1.398479932988672347e+00
1.406701052933043705e+00
1.418197413115961592e+00
1.425098246662494628e+00
1.432685161283656194e+00
1.440307665294650707e+00
1.447167447592762279e+00
1.456399540500100009e+00
1.467162911314865648e+00
1.473679511815210397e+00
1.481649899558094230e+00
1.489989727592142321e+00
1.494971443607110206e+00
1.501611191321911676e+00
1.508194960276912244e+00
1.517463636474240651e+00
1.528167582915876288e+00
1.535673692377456323e+00
1.544167122271143944e+00
1.549816612092887791e+00
1.556256505497192633e+00
1.563064237425920044e+00
1.572052062754893287e+00
1.579695812043388159e+00
1.586273870033052757e+00
1.594740385938264948e+00
1.600438679167481393e+00
1.608514102518800781e+00
1.616143814750295116e+00
1.624134857213840100e+00
1.630278836319340341e+00
1.636177755058435324e+00
1.643032955228280745e+00
1.651145473374122874e+00
1.657786901418958792e+00
1.663750440392684604e+00
1.671133589737777703e+00
1.677702742057217922e+00
1.684826081360898620e+00
1.689510483207230296e+00
1.698483664562313811e+00
1.705281583591146788e+00
1.710173464654962672e+00
1.718934987381344204e+00
1.725824222646235473e+00
1.730322998012456814e+00
1.738282738463418298e+00
1.742667051793875155e+00
1.750774772729690953e+00
1.754303939265168033e+00
1.763145466994578081e+00
1.769445286454173871e+00
1.773771995318721650e+00
1.781328425694880258e+00
1.787275657632977577e+00
1.793887507505065759e+00
1.801180528809343206e+00
1.809271540061631489e+00
1.813256636297085223e+00
1.819134876490523300e+00
1.824588527042655173e+00
1.829686701472200250e+00
1.837790641589823304e+00
1.841763780439654052e+00
1.847681920629369978e+00
1.855035136703528709e+00
1.860043081089194361e+00
1.866176154765670558e+00
1.872048645126191291e+00
1.876127931989040043e+00
1.880429794397407539e+00
1.888211885767834053e+00
1.894350502419763105e+00
1.897801544457261125e+00
1.904180912800869763e+00
1.909675010760156999e+00
1.912928712279032162e+00
1.919940919007696811e+00
1.927181166654551747e+00
1.932731622071159228e+00
1.938435027259188148e+00
1.942982078783112243e+00
1.948435417598070263e+00
1.952953980226843189e+00
1.959768081280533591e+00
1.963696065911276101e+00
1.967844996520613954e+00
1.974286236238005809e+00
1.980869804165330761e+00
1.986346401208310963e+00
1.989319477867321107e+00
1.994800392722279270e+00
2.002078391232864352e+00
2.004986310687878692e+00
2.009524303619435681e+00
2.015027821997977586e+00
2.020713867308937317e+00
2.024395722475327286e+00
2.030085702100961509e+00
2.035270400220423159e+00
2.040455868262518013e+00
2.045595854554598692e+00
2.050157905907975309e+00
2.054003895344325592e+00
2.058190472680118788e+00
2.065452767432542913e+00
2.069384266498200287e+00
2.073349585034983011e+00
2.077722634093446263e+00
2.083678595482570728e+00
2.087327886153560019e+00
2.091840223916213937e+00
2.097830911527422515e+00
2.102576847401352644e+00
2.105559451650433900e+00
2.109306846471912689e+00
2.116132072712506584e+00
2.119092930032623556e+00
2.123964526272716036e+00
2.128528530552795228e+00
2.131825824098544153e+00
2.137586703904424290e+00
2.141575150434055885e+00
2.146104323466465402e+00
2.151501167879918519e+00
2.154763338217705382e+00
2.158927164847843194e+00
2.163412960681216024e+00
2.168240835092706043e+00
2.171343142626620093e+00
2.175985276641859034e+00
2.179915703137939254e+00
2.183618852398304000e+00
2.188112900378944126e+00
2.192304494476378540e+00
2.196301400910153134e+00
2.200707576449488556e+00
2.205496955995875918e+00
2.208238811085142306e+00
2.212949456202445209e+00
2.216357949935899629e+00
2.221463498399218750e+00
2.225748786668630519e+00
2.229774330881055810e+00
2.233284049654067349e+00
2.236261638547095920e+00
2.240610021074219027e+00
2.244702359541073999e+00
2.247887484258221491e+00
2.251579012690732906e+00
2.256693004273846448e+00
2.259749560591372219e+00
2.262306129254052500e+00
2.268436330119643962e+00
2.270805679935586685e+00
2.275030023659880385e+00
2.279471040282780692e+00
2.282945703972852680e+00
2.286610714278847656e+00
2.289571071692910298e+00
2.293851388206083808e+00
2.297703618311600415e+00
2.301344282967232591e+00
2.304727380673896153e+00
2.307527822771097803e+00
2.311477356259974414e+00
2.314897279005048158e+00
2.318966454944228150e+00
2.321957367873919598e+00
2.324701841604425390e+00
2.329265312915921982e+00
2.333276331234622081e+00
2.335683434346087051e+00
2.340046786164100112e+00
2.342457481333989122e+00
2.346099737475245472e+00
2.349778161760807560e+00
2.352588909897272984e+00
2.356550610266024304e+00
2.360379590134695782e+00
2.363567527095296050e+00
2.366653030460653451e+00
2.369426114396958383e+00
2.372946701382613988e+00
2.376697856663039676e+00
2.380075349820329311e+00
2.383655112299076784e+00
2.387155809023218556e+00
2.390144095393885948e+00
2.392413780775674237e+00
2.396321060964945016e+00
2.399263271460382541e+00
2.402001205504868953e+00
2.404581044040131843e+00
2.408329180748440379e+00
2.412057501335820753e+00
2.414722271650548979e+00
2.417642505782040985e+00
2.421704822121125922e+00
2.424276156612603650e+00
2.427215119242725372e+00
2.430123888224370088e+00
2.432784122494653811e+00
2.436486389654743512e+00
2.440078144023022144e+00
2.442817046918796642e+00
2.446124327261547382e+00
2.448425687215464386e+00
2.450260238379049493e+00
2.454390828935919533e+00
2.457333485560170505e+00
2.459790846500155226e+00
2.462158095177780393e+00
2.466084488528367480e+00
2.469508967404601574e+00
2.471547457262381453e+00
2.474198890064011724e+00
2.477246216136010482e+00
2.479616988324654159e+00
2.482410884942219287e+00
2.485772652027079754e+00
2.488371719648531322e+00
2.491488438307321474e+00
2.493949057508632272e+00
2.497726131520339177e+00
2.500030249571886909e+00
2.502299458213356420e+00
2.505469434727331635e+00
2.508501467920464911e+00
2.511311968242434300e+00
2.513281145949578743e+00
2.516020079825905142e+00
2.519437544236445170e+00
2.521306062522993940e+00
2.524583793561217870e+00
2.527876506958074643e+00
2.530584863421122765e+00
2.532315518430843237e+00
2.535428628711287491e+00
2.537974768416000781e+00
2.541012771090360722e+00
2.542304202179985317e+00
2.544712628514598229e+00
2.547438728515207362e+00
2.550431409665785853e+00
2.553146559773348034e+00
2.555464136159046440e+00
2.557998025901495609e+00
2.560130761355280171e+00
2.563279693148352578e+00
2.564881648272185455e+00
2.567897561391152106e+00
2.570358311910201810e+00
2.573194675350217953e+00
2.575905571313527709e+00
2.578346524930671180e+00
2.580201574050693392e+00
2.582714281319839156e+00
2.585494323571715380e+00
2.588691166643100949e+00
2.591171076779942961e+00
2.592575999930609054e+00
2.594932999246718719e+00
2.597316201582693829e+00
2.599445151389887076e+00
2.602785631962286850e+00
2.604714786551863615e+00
2.607211508801726918e+00
2.610350608770539260e+00
2.612424815434507774e+00
2.614886463079963086e+00
2.616504840748076877e+00
2.619347493495930213e+00
2.621402892584432376e+00
2.623972466011714300e+00
2.625713952205234403e+00
2.628429114167851743e+00
2.629855458362154064e+00
2.633306914978835067e+00
2.635150707638258094e+00
2.637330665559220133e+00
2.639464551824261207e+00
2.641391501989815538e+00
2.643952914952994782e+00
2.646184239023308127e+00
2.648536895097623134e+00
2.650348354833082176e+00
2.652860058879867200e+00
2.654838471898137708e+00
2.657565242244000814e+00
2.659910860605485095e+00
2.661741541862961302e+00
2.663674935748292061e+00
2.665630917964147528e+00
2.667672565305555743e+00
2.670075986855079186e+00
2.672478185300617426e+00
2.675195971917618376e+00
2.676747660669585915e+00
2.678384301928101507e+00
2.681082606300639881e+00
2.683144585513143721e+00
2.684338526802978908e+00
2.686917044259282683e+00
2.689469564386341993e+00
2.691415027881675748e+00
2.693794841048846145e+00
2.696044051433465594e+00
2.697076423877765805e+00
2.699904660919006272e+00
2.701129818630922941e+00
2.703616856826926984e+00
2.706127186395291151e+00
2.708185202018410731e+00
2.710399374050186161e+00
2.711607849430627049e+00
2.713648723826987297e+00
2.715677264512295519e+00
2.717579364090513483e+00
2.719744069471114578e+00
2.721652570392082637e+00
2.723980946744927856e+00
2.725446009497118904e+00
2.727251766373866015e+00
2.729573080327794443e+00
2.731638584990999874e+00
2.732917168185444279e+00
2.736269483435441519e+00
2.736899222597753312e+00
2.739354560681611872e+00
2.741393583789821786e+00
2.742910969311892710e+00
2.744721682875023383e+00
2.746513363556735587e+00
2.749219741806427031e+00
2.751157063886572107e+00
2.753057124191206295e+00
2.754680029880725467e+00
2.756544974277136628e+00
2.758222222224167464e+00
2.760024254328146132e+00
2.761598273050144048e+00
2.763544942654160952e+00
2.765491609441271592e+00
2.767633050070792855e+00
2.769408434491323678e+00
2.771603750237497277e+00
2.772769263201831702e+00
2.774878121960621780e+00
2.776890635597440316e+00
2.778959809197240283e+00
2.779925681732467790e+00
2.782207561559061126e+00
2.783583526219617799e+00
2.785876871932937426e+00
2.787286111340816053e+00
2.789784958882314925e+00
2.791118187087669789e+00
2.793030286221443337e+00
2.794119807354300544e+00
2.796321923409006871e+00
2.797809690741999145e+00
