7.305545792549123863e-05
-5.230689794540121368e-03
-6.522321237135640312e-03
-5.740978591588542790e-03
-5.731776979363749011e-03
-6.418252924188016205e-03
-8.625479945824339120e-03
-9.096885643463023183e-03
-8.985214283035749400e-03
-7.438095805643678976e-03
-5.152680482460574724e-03
-8.419957421432233344e-03
-6.352330265634720599e-03
-1.116948916655798778e-03
-2.479848007090621267e-03
3.384814556252380407e-03
8.977918912823283637e-03
2.847893741711195713e-03
3.574672899312075856e-03
1.013793261373864552e-02
1.495891834538516998e-02
2.058282304194145734e-02
2.953194682536037369e-02
3.989867946853938030e-02
3.032457621297370703e-02
3.748666584216791414e-02
5.333841286684144756e-02
5.193697049258146764e-02
6.809466966158692069e-02
7.110871289289566466e-02
7.664062018797102027e-02
7.589925884328627137e-02
8.711685827631256152e-02
8.700575780957382765e-02
1.082026079627785020e-01
1.179997277841900588e-01
1.236909369102148215e-01
1.388529730152248121e-01
1.449531981159239147e-01
1.425641121246312704e-01
1.595876173249510532e-01
1.638298771779309881e-01
1.703046848322687934e-01
1.780700589119274813e-01
1.824821199089707024e-01
1.936352459454522834e-01
2.010084491757256342e-01
2.127091923480956548e-01
2.241180756534482121e-01
2.381538103725580613e-01
2.404339200603676230e-01
2.498227871191958105e-01
2.634935434382921771e-01
2.616435924201686580e-01
2.701587933688216481e-01
2.896487907034360765e-01
3.019863989784845049e-01
3.146598716003394802e-01
3.222130732147551746e-01
3.232692909886786814e-01
3.341441852356369924e-01
3.408163320819830866e-01
3.556080432004068426e-01
3.603837208007047432e-01
3.703890900728943891e-01
3.864058852918985099e-01
3.893946162299884994e-01
3.937284066834997320e-01
4.057801585585030235e-01
4.151838199506110438e-01
4.223184855245741831e-01
4.397712441116987114e-01
4.475067806345112142e-01
4.481469383783922011e-01
4.679678943592334162e-01
4.738693001565751350e-01
4.846378316205228742e-01
4.913066090985492851e-01
4.942615856669150820e-01
5.069365190628289941e-01
5.203071404688186519e-01
5.287443540999977598e-01
5.402448252063047907e-01
5.547235815096311917e-01
5.579039917000989668e-01
5.667711920748483845e-01
5.777585610656692516e-01
5.856901152039545311e-01
5.981317579893314917e-01
6.024596089310370051e-01
6.114093771283551915e-01
6.254080044176251185e-01
6.358495510789172744e-01
6.390640203085076188e-01
6.492460758804488030e-01
6.610499838586034738e-01
6.645547684170473035e-01
6.797766673323384357e-01
6.851708993835070594e-01
6.974243586176022136e-01
7.055430964910130998e-01
7.151382542751704152e-01
7.209347529635858898e-01
7.350637988725646776e-01
7.422054205418395778e-01
7.437402719492866021e-01
7.570601545537820609e-01
7.648763053841998172e-01
7.748826821988801239e-01
7.818752998387153985e-01
7.902648838505798023e-01
7.978601114960565122e-01
8.058132769345806024e-01
8.161270923117361908e-01
8.290118659599365891e-01
8.324766723720282702e-01
8.414475181019308581e-01
8.547855818923419946e-01
8.625624836094096803e-01
8.675260821929471344e-01
8.764992874547895552e-01
8.831993786171465910e-01
8.913108002293551602e-01
8.968732860579208266e-01
9.091775083209757691e-01
9.200865144843287657e-01
9.267227275777961681e-01
9.314625401688556572e-01
9.420604229116120720e-01
9.529337383351177415e-01
9.569390315395813751e-01
9.653537275586424604e-01
9.754705001940842113e-01
9.815573248699702713e-01
9.862223791069164580e-01
9.968058555495424855e-01
1.007986669477936692e+00
1.014013201328206826e+00
1.021334785584366633e+00
1.029003170142516410e+00
1.037459996173537791e+00
1.043556824070967615e+00
1.052577370236767784e+00
1.061651594163011803e+00
1.068502585305180164e+00
1.078058998536664648e+00
1.082984035435659909e+00
1.090451685123289050e+00
1.099112402916237130e+00
1.107030848770929721e+00
1.111375715554519639e+00
1.118674074523279049e+00
1.126817473105892642e+00
1.135110386739109023e+00
1.141977645838438749e+00
1.149633073728985933e+00
1.154080023928802046e+00
1.161510163146474595e+00
1.176536962220589233e+00
1.180277580645098245e+00
1.188709694726779675e+00
1.193606945257660534e+00
1.199418999644825679e+00
1.207010041241884046e+00
1.212248016015937901e+00
1.222700981077218696e+00
1.231647477512206601e+00
1.236862602178427029e+00
1.242248312424889756e+00
1.250173267746192085e+00
1.258365976521566010e+00
1.267092138955497660e+00
1.273813337017445368e+00
1.280063294677482588e+00
1.286937034179060024e+00
1.293187495154584754e+00
1.300089706218842123e+00
1.305564713406329513e+00
1.312332478410216607e+00
1.319152284302418598e+00
1.322525837023001749e+00
1.330399261178569548e+00
1.340479426517030115e+00
1.345216181382810294e+00
1.351703654864386372e+00
1.357542661322556521e+00
1.364524395480814167e+00
1.370806948989910179e+00
1.379499208420157830e+00
1.382402230786472952e+00
1.390604450398888137e+00
1.396690321480098973e+00
1.403008303144451574e+00
1.409707215105678202e+00
1.415028321042047788e+00
1.422446687872242599e+00
1.427994217425428536e+00
1.433900491790442322e+00
1.441929018988136413e+00
1.447010324754770538e+00
1.454002115138898654e+00
1.458183725286167132e+00
1.464415321962197591e+00
1.471465078169375218e+00
1.476443979644188165e+00
1.482607274805218145e+00
1.491853774968662005e+00
1.496889302411666289e+00
1.499997030334902171e+00
1.506042767898049695e+00
1.513757957121547371e+00
1.517115130895262620e+00
1.523456707932325571e+00
1.530840987784653162e+00
1.535144996359460778e+00
1.541446301999484625e+00
1.546703525441803784e+00
1.553501265939597031e+00
1.559351108036780564e+00
1.563980798178232323e+00
1.569549759257595545e+00
1.575742975382457445e+00
1.580007311213714072e+00
1.586428212642478019e+00
1.594013556332006143e+00
1.596775791672911282e+00
1.604223771043617797e+00
1.609244802677832098e+00
1.615716960083227294e+00
1.622131867693476392e+00
1.624742105642295487e+00
1.629694602851465834e+00
1.635156099994552914e+00
1.641915686397565466e+00
1.647657785823240406e+00
1.650374502503836993e+00
1.656428901088194516e+00
1.663033467135654586e+00
1.669023327775915000e+00
1.674604217714922294e+00
1.677039232315194806e+00
1.683620406495762278e+00
1.688385249457095449e+00
1.693370985950035434e+00
1.698435070525407653e+00
1.702974672047512517e+00
1.708813259353872960e+00
1.714276176690358255e+00
1.719607374406533662e+00
1.724545026610396992e+00
1.728834753481877984e+00
1.733869086470634091e+00
1.739141916123536191e+00
1.743162304546765240e+00
1.749023960481480122e+00
1.754386764825055955e+00
1.759796710274929010e+00
1.764678688256520189e+00
1.768641972809351870e+00
1.772548681253661718e+00
1.777077187051261387e+00
1.782281090319606909e+00
1.789350163166367524e+00
1.793234291876186770e+00
1.796174587892579666e+00
1.800539420913641386e+00
1.806259408160157287e+00
1.810954362686802543e+00
1.814579779830806538e+00
1.819302620352877264e+00
1.825989215871952842e+00
1.830173048773075406e+00
1.835584205818048931e+00
1.838256544652174362e+00
1.841599335298460982e+00
1.847711092508952824e+00
1.852916681408477650e+00
1.857377581061049332e+00
1.861668010528452433e+00
1.866183529241735473e+00
1.869351597211786675e+00
1.874763311013500244e+00
1.881098881031593617e+00
1.883167037743597394e+00
1.886772172594907371e+00
1.891850595581367589e+00
1.896298913594735014e+00
1.899823298100383306e+00
1.905113754531806869e+00
1.909107725086815144e+00
1.912636469471110656e+00
1.916741731466431009e+00
1.921305974619485823e+00
1.926895861063872006e+00
1.930120314945518833e+00
1.933491292722400834e+00
1.938407996393812560e+00
1.944246348268088731e+00
1.946841573840463191e+00
1.950291804753404579e+00
1.956360023750450372e+00
1.960448241332216623e+00
1.963826426164374750e+00
1.968328911701355377e+00
1.971805679586378091e+00
1.974881196283366558e+00
1.978643181951916352e+00
1.981704474063889609e+00
1.986295850879983949e+00
1.990517476463224522e+00
1.994423743114204672e+00
1.998978638757616277e+00
2.002882757920805723e+00
2.006418820461551622e+00
2.009488087884638841e+00
2.014023916942710546e+00
2.019178067249284503e+00
2.022798762842797249e+00
2.025972394049522673e+00
2.029431244856381600e+00
2.033579623822991955e+00
2.038676464051224269e+00
2.041980549403309197e+00
2.044751334019769828e+00
2.047965052971236766e+00
2.051435529512688927e+00
2.056709491953801372e+00
2.060418678110558677e+00
2.063367606451802949e+00
2.067840099122310704e+00
2.071038193483351719e+00
2.074268868411615507e+00
2.077604153790850727e+00
2.081326641944647449e+00
2.085050413061115826e+00
2.087875700554369107e+00
2.092563195844566959e+00
2.096376993366599883e+00
2.099358392935407824e+00
2.102717419595685477e+00
2.106888150948469818e+00
2.110475535735242936e+00
2.113453536302375646e+00
2.116016191876030739e+00
2.120349488811957617e+00
2.124195181065790194e+00
2.127563309538065717e+00
2.131852259097363866e+00
2.134977494307702894e+00
2.137492627373184462e+00
2.140527898218100411e+00
2.143911688738754151e+00
2.147374014261977493e+00
2.150965702651099765e+00
2.153860991057686469e+00
2.157013012025601473e+00
2.160604674044288576e+00
2.163935758555164401e+00
2.168115131838838305e+00
2.169949637031951095e+00
2.172430979103243676e+00
2.176015373796377883e+00
2.180860592050402502e+00
2.183536771460158121e+00
2.187589094557282010e+00
2.189652101793849948e+00
2.192888819810757006e+00
2.195280844647576224e+00
2.199173810151799469e+00
2.202353903004997004e+00
2.205805443904035990e+00
2.209410518716748761e+00
2.212530712718551396e+00
2.215311454802817881e+00
2.217923994839096746e+00
2.220750899572951464e+00
2.223901792260817967e+00
2.227422238689985790e+00
2.229851615502880247e+00
2.232897998429070885e+00
2.236424046090269346e+00
2.239019535536056260e+00
2.242069896083287883e+00
2.245233160137080297e+00
2.248234031933288080e+00
2.250522139341103234e+00
2.253530307932392951e+00
2.257224606785599885e+00
2.259896963682054949e+00
2.263182706033947778e+00
2.266121162303917469e+00
2.268553335524529757e+00
2.271299495731135654e+00
2.273925669247525150e+00
2.277217729052404493e+00
2.279894528292946809e+00
2.283122448946370397e+00
2.285977072669231891e+00
2.288786931764034360e+00
2.291316855011695797e+00
2.294689208566550676e+00
2.296974050189338090e+00
2.299996673457598284e+00
2.302953251069001617e+00
2.305601277112020231e+00
2.308589338308296490e+00
2.311412300773274087e+00
2.314572949148982595e+00
2.316731134209023324e+00
2.319421904117288769e+00
2.322356045571089211e+00
2.324607723109358037e+00
2.327428497469855362e+00
2.329948932468550726e+00
2.332365844333048610e+00
2.335239429393744626e+00
2.337935870318457177e+00
2.340558474257974808e+00
2.342915901297632608e+00
2.345838269061601089e+00
2.348719644202008183e+00
2.351529329198796425e+00
2.354266561779942979e+00
2.356111265658140663e+00
2.359111560187534096e+00
2.362057131882437933e+00
2.364432441814446673e+00
2.367104943941988893e+00
2.369339443028405157e+00
2.372258371678038991e+00
2.374585616489148787e+00
2.377006012082074626e+00
2.379004874908800637e+00
2.382230709747629405e+00
2.384932930692339248e+00
2.387109494995644177e+00
2.390160647182865805e+00
2.392731361447998140e+00
2.395290839512773662e+00
2.397197683959322756e+00
2.399522924704442950e+00
2.401922327722277206e+00
2.403947943189540748e+00
2.406402443079236786e+00
2.408867754870085864e+00
2.411433441148280288e+00
2.414518850346076384e+00
2.416485209513224763e+00
2.417920141406459500e+00
2.420719412330680331e+00
2.422875268291815765e+00
2.425874000786887308e+00
2.428880231329309858e+00
2.430705859671066005e+00
2.433622481866187126e+00
2.435576090498400070e+00
2.437451183239078389e+00
2.439782651000276026e+00
2.442241491646144347e+00
2.444732598669879575e+00
2.447488576785703529e+00
2.449010130376906513e+00
2.451161280801010367e+00
2.453098292259257907e+00
2.455325113448402430e+00
2.457803968653591742e+00
2.460384140502835937e+00
2.462402973875671197e+00
2.463943872137836166e+00
2.466140905171276820e+00
2.469306778010630143e+00
2.471678106409526787e+00
2.473713928685572938e+00
2.475907385938645344e+00
2.477863797870381468e+00
2.480134208313206301e+00
2.482444099592979292e+00
2.485057166177640831e+00
2.487308975011300216e+00
2.489592172025836714e+00
2.491418325579243476e+00
2.493422809511067317e+00
2.495326924127021950e+00
2.497378208272530653e+00
2.500057568951871367e+00
2.501979555989490844e+00
2.504406808512910310e+00
2.506416271978311627e+00
2.507955788502773675e+00
2.510760793796570134e+00
2.512450452118404787e+00
2.514737987625044635e+00
2.516331839938242165e+00
2.518456405423069810e+00
2.520436769494349249e+00
2.523095544958042336e+00
2.524607034200097910e+00
2.526905220288591547e+00
2.528947880932423509e+00
2.530865042263902076e+00
2.532949210259970219e+00
2.535254577270420029e+00
2.537299149625509731e+00
2.539388259456844654e+00
2.541449866420763648e+00
2.543311047232476252e+00
2.545312439971725293e+00
2.547439759923659341e+00
2.549543632096550994e+00
2.551597911108010042e+00
2.553508247786963725e+00
2.555274353308392588e+00
