4.562579846804782745e-04
4.300032073381654992e-04
9.531975111546323216e-04
2.147867864582099842e-03
3.482533687405495269e-03
4.504463896426267634e-03
5.413832670843605858e-03
6.158231034743790432e-03
7.578779472711907710e-03
8.631524634422703401e-03
9.895343554810974093e-03
1.078460113635694266e-02
1.283429486222901171e-02
1.382229614075390113e-02
1.562483817122411675e-02
1.660544792573030032e-02
1.733787421632855194e-02
1.810014885721019859e-02
1.874475715897814740e-02
1.959638680483083775e-02
1.964837859774588857e-02
2.106244089360992042e-02
2.211739706177268117e-02
2.427373259174529091e-02
2.429767593333261033e-02
2.497408891626115568e-02
2.523925576509178370e-02
2.579093206395073612e-02
2.563576585304977451e-02
2.559015439141952911e-02
2.602504665285009997e-02
2.675637431398001503e-02
2.694972361977461886e-02
2.792317400993243534e-02
2.854031913243557789e-02
2.871256330888998995e-02
2.996307836501677091e-02
2.979138574164255648e-02
3.067905621634792884e-02
3.089587846610848329e-02
3.204014374824008804e-02
3.108423243874511646e-02
3.173138479598112266e-02
3.192137076288329572e-02
3.226601490654974064e-02
3.352048314549378738e-02
3.440405715744548204e-02
3.420114502601581674e-02
3.592792170495020393e-02
3.601822697662509370e-02
3.645185334469319000e-02
3.841582572370513815e-02
3.878103875358985403e-02
3.960812238863386375e-02
3.909451899571346478e-02
4.091512711189411455e-02
4.127907879234520017e-02
4.214655660777247292e-02
4.297444875006910942e-02
4.361732668195114626e-02
4.413503193461991436e-02
4.597485595544453102e-02
4.653777598099966689e-02
4.739186942086556775e-02
4.710547775880916110e-02
4.797920490034607993e-02
4.972009078025195483e-02
5.083819933393966817e-02
5.069930129040407102e-02
5.151382068148169929e-02
5.284741846215279537e-02
5.291972322073072027e-02
5.413506402109576759e-02
5.778445550342398151e-02
5.612321886096491297e-02
5.672323662447848608e-02
5.779138630555084866e-02
5.917206887579365415e-02
5.926191252440946022e-02
6.093343928286405753e-02
5.909604511911967922e-02
6.252678427803819161e-02
6.384755697969089761e-02
6.396152524456531763e-02
6.516356869277843689e-02
6.311733787255507933e-02
6.389048541037564699e-02
6.631930251435402823e-02
6.713095303841676298e-02
6.834524758536460187e-02
6.978261669587910998e-02
6.976143229064463158e-02
7.213479222929852774e-02
6.940402704152623392e-02
7.283145893066259036e-02
7.292413985628094786e-02
7.373776958445080187e-02
7.378844103818880951e-02
7.521276157435251297e-02
7.606484348464200018e-02
7.713044950210823369e-02
7.645386233366506523e-02
7.852293029283162473e-02
7.854334033336043963e-02
7.739748117413433603e-02
7.944561772813141243e-02
7.988750493634393102e-02
8.156615520960242005e-02
8.194588855296568164e-02
8.160529808799413254e-02
8.142438626519130085e-02
8.395303103362591890e-02
8.370981023934270793e-02
8.392293031314156104e-02
8.318766474250896548e-02
8.644643309514317420e-02
8.575791709715908928e-02
8.679352756157478199e-02
8.785387949283197939e-02
8.697310575029035262e-02
8.836485477721935100e-02
8.940509986494561689e-02
8.780996554790543307e-02
8.863114429500276725e-02
9.083741316869833882e-02
9.125744635631752311e-02
9.118892202045632278e-02
9.156227925133775258e-02
9.106912472106896972e-02
9.243846733889232725e-02
9.271747336650179583e-02
9.308475810622922342e-02
9.389297400293314388e-02
9.385958169615403468e-02
9.362063810744263026e-02
9.329195158419904821e-02
9.481502459638074809e-02
9.466626263113260553e-02
9.623419311165087864e-02
9.676439038433337636e-02
9.648742213128416734e-02
9.623175703975933581e-02
9.778404556568072448e-02
9.672128284693284894e-02
9.677482284778431143e-02
9.635050169490257110e-02
9.761709335151072531e-02
9.799723251851073791e-02
9.732238189621575386e-02
9.672775463294620846e-02
9.837037730202960462e-02
9.846212704560523832e-02
9.838301916089126076e-02
1.006880830555179213e-01
9.998582208389904247e-02
9.944899821736201406e-02
1.000590663985279766e-01
9.843982493053952953e-02
9.872016512241287012e-02
1.003647656661045828e-01
1.010701441355243146e-01
9.913884245005076534e-02
1.005562756964169663e-01
1.011928423741526722e-01
1.004631508719059096e-01
1.015836539659536186e-01
9.979101558705938402e-02
1.008087075812570538e-01
1.013007547913406803e-01
1.015012471725743187e-01
1.013149703925849965e-01
1.026624308018085768e-01
1.007298053820857298e-01
1.014325139114356233e-01
1.013741266595682700e-01
1.006669619757278589e-01
1.021328394541186624e-01
1.009826630406273212e-01
1.019854606649078649e-01
1.007870051610115503e-01
1.008107273417100519e-01
1.007907598768389007e-01
1.020601667314976757e-01
1.018966106294020846e-01
1.005261849598749896e-01
1.010573930312351626e-01
1.012365913829083308e-01
1.014688830058668861e-01
1.011861577156118047e-01
1.010165251515777324e-01
1.016784816374111944e-01
1.007626985759898647e-01
1.019600915367283589e-01
1.019641800254853237e-01
1.003882868155218239e-01
1.019094407326199964e-01
1.011950754332443109e-01
1.016869676952651680e-01
1.003580526175292809e-01
1.012727354776095379e-01
1.008307595707057386e-01
1.009706848166992826e-01
1.013401406597284754e-01
1.008766892199592924e-01
9.975940807559977030e-02
1.002732343475122162e-01
1.003030125828587305e-01
1.006241731117714644e-01
1.001594848598635068e-01
9.990891278085548000e-02
9.954483850933688871e-02
1.003366521435129638e-01
9.875337780218622352e-02
9.887040399530139245e-02
9.915364078142303861e-02
9.930017894208112428e-02
9.897914288768513980e-02
9.846326130051370751e-02
9.897749682974862906e-02
9.873178280286315500e-02
9.958107764520794658e-02
9.841273678614195775e-02
9.780329887900630903e-02
9.877341045531197461e-02
9.799404545007905920e-02
9.833470391020807111e-02
9.774483501456787682e-02
9.810809066528400346e-02
9.759266717934678148e-02
9.701942476345305766e-02
9.673137736597917091e-02
9.743934071154024268e-02
9.647463488295696110e-02
9.633083739073501628e-02
9.644203116823300836e-02
9.678272752703084847e-02
9.645244336711579491e-02
9.550625757278427552e-02
9.548384236693367721e-02
9.547876120337489558e-02
9.549807005373707469e-02
9.441300484481279787e-02
9.488082455150684269e-02
9.485514640204130432e-02
9.397338817355059548e-02
9.452379590436667256e-02
9.373050516675414390e-02
9.366441840999148449e-02
9.302401344390860694e-02
9.362625714085083539e-02
9.279679640593856138e-02
9.307512381531292400e-02
9.329099834936446789e-02
9.254278705286127227e-02
9.362780352679683782e-02
9.113575608194308952e-02
9.233106370699782628e-02
9.208879947855505566e-02
9.190487100057370684e-02
9.111042065978816606e-02
9.107538565599607172e-02
9.122574232281384365e-02
9.145197577985642035e-02
9.134602915740916429e-02
9.083234325052348679e-02
9.086018504527015871e-02
9.010843972630395993e-02
8.979682471602302984e-02
9.003616964236484110e-02
8.979748310158235103e-02
8.999030727133924823e-02
8.951908844845030133e-02
8.938239288088772883e-02
8.926810086785369469e-02
8.859448504063591190e-02
8.894111619804155600e-02
8.854943859757583025e-02
8.821776682054366381e-02
8.806325652296029260e-02
8.825186815470133228e-02
8.774754228365434783e-02
8.778888093536806048e-02
8.795877289012743461e-02
8.771793555015781896e-02
8.672173429907228948e-02
8.730888203748972398e-02
8.661687283268681981e-02
8.648308325552148124e-02
8.666771824264968282e-02
8.576179109218474983e-02
8.639096680691807362e-02
8.568550385160512983e-02
8.541865966226747098e-02
8.545868157200642301e-02
8.532424940963719007e-02
8.534150543721623350e-02
8.532992026921447370e-02
8.493241810724923291e-02
8.477088201851176730e-02
8.531904742009226161e-02
8.501378604049734944e-02
8.503802345510448613e-02
8.508820515420614794e-02
8.425153163069916407e-02
8.402817347414906490e-02
8.356899131689052296e-02
8.381382121612512837e-02
8.352157376182640924e-02
8.373480314536645153e-02
8.338887630907321213e-02
8.289400338480490404e-02
8.292956469682516429e-02
8.287987406455549211e-02
8.276432286864894572e-02
8.278791341604491150e-02
8.237845147423163150e-02
8.275130708413142022e-02
8.241078793932862800e-02
8.235844384150535491e-02
8.213236979841903596e-02
8.194877765715120888e-02
8.197234805371030053e-02
8.228389910901785786e-02
8.154422139773885581e-02
8.215585997072374913e-02
8.178248039921376389e-02
8.154506733011541997e-02
8.169436587571601849e-02
8.136745794443603352e-02
8.138040194959164642e-02
8.105315740573450223e-02
8.101705154282942689e-02
8.151516317131239642e-02
8.140392814905604568e-02
8.104811741290260385e-02
8.073083394837078652e-02
8.078778506505333856e-02
8.053787143362001189e-02
8.079713068123214881e-02
8.081558517314382795e-02
8.085043625274239421e-02
8.043588487829296529e-02
8.057910791740907630e-02
8.050418151965101077e-02
8.070522897365255133e-02
8.039118001723226381e-02
8.031136600117035063e-02
8.021995751618980763e-02
8.015378125511095353e-02
8.036524495340441332e-02
7.998670991868996050e-02
8.019362561491234775e-02
8.034307040962605784e-02
7.993304228986319870e-02
7.987496632160702437e-02
8.001684739349368414e-02
8.013892688336247960e-02
8.022461271179352760e-02
8.037128137614492351e-02
7.989938241366456584e-02
8.020577499352146700e-02
8.003401890618959402e-02
8.007885897255891117e-02
7.983143080233749689e-02
8.006703572748349873e-02
8.006648801155377693e-02
8.009020336423740283e-02
8.040521776256595587e-02
8.007102835008099440e-02
8.044998836177676138e-02
8.018402707665653328e-02
8.022992462091048382e-02
8.005708221802113056e-02
7.990951761586626012e-02
8.013289459983219398e-02
8.041999507532536506e-02
8.026488063042155896e-02
8.034548994096188390e-02
8.027599109369962238e-02
8.054965559714155621e-02
8.043859927799670850e-02
8.065845401053560459e-02
8.068545067758765843e-02
8.072304690700303487e-02
8.083839471434788038e-02
8.096525153993411328e-02
8.074800846817654920e-02
8.107164919206603926e-02
8.087412862834002236e-02
8.105544412422614753e-02
8.091640600556210261e-02
8.140751212750377275e-02
8.144510225752277233e-02
8.149584477523567905e-02
8.175452516978884421e-02
8.184320078243437213e-02
8.171790229014383455e-02
8.175357698867165290e-02
8.217382260240027603e-02
8.185175123741705860e-02
8.208072803740540380e-02
8.209154066594553933e-02
8.202883560724835710e-02
8.246464386625922127e-02
8.246885665925585140e-02
8.265835541226104755e-02
8.272191478838132606e-02
8.278323202704507278e-02
8.314580899807909320e-02
8.312992746575785519e-02
8.300235415941563388e-02
8.335081614488822066e-02
8.334887861167238066e-02
8.362292511378817406e-02
8.406921880327783425e-02
8.409707500868655872e-02
8.399604084141383542e-02
8.396599444686653202e-02
8.405280263141980124e-02
8.407555889418279194e-02
8.457481324520778332e-02
8.474964771673815234e-02
8.475957374222480023e-02
8.488114250241117487e-02
8.497622549991669383e-02
8.498317728806786819e-02
8.553351157959374063e-02
8.544014954461877365e-02
8.555458085579691063e-02
8.566826584045772464e-02
8.571667012134072394e-02
8.599374886867336421e-02
8.608509374045744678e-02
8.636561824331465131e-02
8.670759174962033855e-02
8.664597557775309544e-02
8.688106408971557615e-02
8.692859262807244025e-02
8.702169679341340003e-02
8.716558105761826325e-02
8.736037439006046068e-02
8.777579334339810635e-02
8.762562294412312713e-02
8.815654550846378779e-02
8.826282038337476821e-02
8.835647355500651778e-02
8.845507096187987806e-02
8.849897189144320664e-02
8.883966460432843326e-02
8.905692735227517531e-02
8.920892594697935052e-02
8.932333739594504329e-02
8.955437321491860336e-02
8.986404954614209128e-02
8.996675633585714260e-02
9.005874596881043026e-02
9.018207252052561074e-02
9.043496628090193223e-02
9.090927764886146123e-02
9.095834138249341005e-02
9.093578901416445037e-02
9.109066391487621872e-02
9.128998531875326394e-02
9.164656436488119451e-02
9.179946162430496770e-02
9.199349422133334953e-02
9.214296847041850147e-02
9.231728154240328998e-02
9.265778326046555935e-02
9.279839776893943071e-02
9.303853874501349930e-02
9.312059531423108605e-02
9.322488645051467404e-02
9.348868360640238961e-02
9.387924995988410071e-02
9.405957105759352177e-02
9.434449997086154227e-02
9.447721114291987576e-02
9.470079421653346263e-02
9.480156223824368067e-02
9.494687488665577713e-02
9.512845027589865443e-02
9.539876084307731541e-02
9.544359414620449955e-02
9.596466079879142907e-02
9.600318759103659838e-02
9.648973628223717069e-02
9.651661377988579593e-02
9.682858576242681092e-02
9.685274456736901738e-02
9.738134297037134846e-02
9.742786756253621339e-02
9.750039293576100163e-02
9.790049681215022559e-02
9.790683744471391503e-02
9.804060483299421869e-02
9.840128997343752792e-02
9.853374026611694259e-02
9.873819828064855919e-02
9.891939559989000597e-02
9.927531131983080570e-02
9.940462759361791412e-02
9.970105504816352548e-02
9.991434204948891618e-02
1.001861035116612536e-01
1.003138077756665913e-01
1.007758039808348133e-01
1.008011217124372139e-01
1.012198481751105661e-01
1.012649293366353342e-01
1.014915950339176504e-01
1.015061936914364166e-01
