-5.931743575553930642e-03
-7.096589651393618234e-03
-8.454311265805182496e-03
-9.363365737178372394e-03
-1.164496350766926029e-02
-1.392067213500993404e-02
-1.858780334279753685e-02
-2.034133030928356872e-02
-1.888074038350929032e-02
-1.598686839684741734e-02
-1.082176193125444948e-02
-1.716334089864832851e-02
-1.382002730247764398e-02
-4.156978967668567213e-03
-7.215577579474687780e-03
2.588088592871669400e-03
1.262784362980416512e-02
3.095513780360645284e-03
4.786197172014793749e-03
1.590027776712795923e-02
2.537463327474948765e-02
3.400553304852789449e-02
5.092179978382981032e-02
6.529399171681740666e-02
5.227353542308613848e-02
6.452429863467344651e-02
8.765669296124173338e-02
8.968259943222732511e-02
1.137384129668503052e-01
1.164718610336074739e-01
1.266077726817305127e-01
1.330252249938628228e-01
1.501443287289181694e-01
1.495992380576473546e-01
1.763670153311127919e-01
1.936748439070347938e-01
2.080146930722972798e-01
2.266111845390808011e-01
2.334868838178413841e-01
2.353211397305199348e-01
2.569662288605408240e-01
2.662803930719253587e-01
2.787203032149782045e-01
2.915806894975236929e-01
3.012877587820765868e-01
3.217675838865314830e-01
3.379958785945635924e-01
3.487857269917998271e-01
3.592924882659731534e-01
3.836494397431320369e-01
3.895125024105406397e-01
3.991554647455720084e-01
4.189712352719672794e-01
4.196014436076004328e-01
4.371886426388222890e-01
4.600208697785217460e-01
4.770739513751123262e-01
4.926320412512782410e-01
5.058015888956468586e-01
5.133026037364478711e-01
5.269023637904972635e-01
5.386501974983979313e-01
5.587419147829646437e-01
5.667068080736766822e-01
5.824338266466315694e-01
5.971519262443708564e-01
6.067091882292915406e-01
6.215951221414631744e-01
6.342967856453287645e-01
6.460887380196019825e-01
6.527112452574667101e-01
6.766582796261948474e-01
6.912198094161359219e-01
6.914211071302429623e-01
7.168332061906224073e-01
7.264369354840425341e-01
7.389834691721677284e-01
7.495044198441944694e-01
7.625757767992605851e-01
7.710453836900984514e-01
7.874380632763283705e-01
8.005781378994176745e-01
8.099222056577052298e-01
8.274214136099894423e-01
8.400888828575167055e-01
8.557850445694987762e-01
8.680410334130568284e-01
8.783090741156661663e-01
8.908670469520344470e-01
9.002949946597833542e-01
9.147543599933712910e-01
9.292391088473603844e-01
9.404002792701494640e-01
9.482226096028232298e-01
9.625761200490676739e-01
9.713564284351430267e-01
9.819661696336966505e-01
9.956411189936431594e-01
1.003080578963612801e+00
1.021098335593805029e+00
1.038202573405242912e+00
1.044584533782585645e+00
1.057540697777013650e+00
1.066519611584453520e+00
1.078626362071077649e+00
1.083518584993147682e+00
1.097783816683508773e+00
1.110910151612150676e+00
1.125065977324871014e+00
1.137204683538674210e+00
1.141659081236811257e+00
1.152293754252783797e+00
1.162441493422117889e+00
1.174909675183479107e+00
1.182556162320717474e+00
1.194418559396002166e+00
1.209912057033687871e+00
1.218249138123257636e+00
1.226776353265521813e+00
1.237046006419399991e+00
1.247244237236978526e+00
1.255681967102712182e+00
1.274353304436466772e+00
1.279164524026282335e+00
1.286770946980011265e+00
1.298135681033429911e+00
1.305827109202428504e+00
1.317023496410702155e+00
1.329049601088325483e+00
1.337178961331957128e+00
1.348730415569386443e+00
1.358682589136343655e+00
1.364261728002336360e+00
1.375808269899371883e+00
1.384292459259292674e+00
1.396416304313220058e+00
1.404186573625508583e+00
1.413642504622631524e+00
1.423345302152648539e+00
1.431048061814498507e+00
1.439668272526156700e+00
1.449537378255595588e+00
1.459041741103812129e+00
1.470563155795676646e+00
1.475945419121792668e+00
1.485906152338490438e+00
1.493928491109646206e+00
1.500877334398055485e+00
1.508497131567984040e+00
1.519685201236650629e+00
1.527456561647351885e+00
1.535108340759332668e+00
1.546624155065343453e+00
1.553678414549766851e+00
1.561308713590412678e+00
1.570002866487388404e+00
1.577911831135220044e+00
1.585756505350900625e+00
1.594888047898036065e+00
1.603168149570235901e+00
1.612007253352856218e+00
1.619512777761420663e+00
1.625249744333177260e+00
1.632754327928563898e+00
1.639671934344497872e+00
1.647853014160731044e+00
1.657334881373000446e+00
1.666558240135036506e+00
1.675750272668212304e+00
1.681597868254084416e+00
1.687448485328297609e+00
1.694892009431622215e+00
1.703194961455533063e+00
1.710280272797926493e+00
1.717927913958636088e+00
1.725353445109110373e+00
1.731344008658597611e+00
1.739403337665893279e+00
1.747706103762878715e+00
1.755936073009167764e+00
1.760946400205267937e+00
1.768169307414052316e+00
1.774786180300357508e+00
1.782510204291720690e+00
1.788747191414903792e+00
1.795744119022801177e+00
1.802045633820302362e+00
1.810298672918920992e+00
1.817148482439170820e+00
1.823315154277805661e+00
1.831272327825823609e+00
1.837289076305810509e+00
1.843161880718620749e+00
1.852104498424639090e+00
1.857006647431689972e+00
1.863434857936631328e+00
1.869944965972291984e+00
1.876231720198856534e+00
1.882055600026488973e+00
1.888277649073644593e+00
1.895325594608718633e+00
1.901974613702712258e+00
1.906643442556019696e+00
1.913554465184851061e+00
1.919310660390756373e+00
1.927355780719704148e+00
1.932546675281324289e+00
1.941139624107932837e+00
1.946808338943881500e+00
1.951838656037210962e+00
1.956395798980128165e+00
1.961613278132415150e+00
1.968939132538638503e+00
1.974349975963518355e+00
1.980305954670474655e+00
1.986096207822241499e+00
1.992469486465215933e+00
1.998636291656445518e+00
2.003704660990198505e+00
2.008573896632300126e+00
2.013573278967161428e+00
2.020980999243857212e+00
2.026531215111804674e+00
2.030348609150046446e+00
2.036943445866331803e+00
2.043175919205169055e+00
2.046240710751515479e+00
2.052559334689467718e+00
2.058369302900534770e+00
2.063415014048052942e+00
2.069295084257340545e+00
2.074179103802407997e+00
2.079227986047136323e+00
2.085330002734170129e+00
2.090756640012311873e+00
2.095656031194284008e+00
2.098714855073497088e+00
2.104758454754379837e+00
2.111258150310923121e+00
2.115646571148819266e+00
2.119342906311075136e+00
2.124013651346482234e+00
2.130762042967112357e+00
2.135924523876737702e+00
2.139876609545353414e+00
2.145048060939034329e+00
2.150488837879350079e+00
2.154146914747338659e+00
2.159774075378651403e+00
2.164482725345699077e+00
2.169520482011472406e+00
2.174943398437050757e+00
2.179815212782563183e+00
2.183771640168645334e+00
2.187868704717700119e+00
2.192645294970063219e+00
2.197238575411486927e+00
2.201694361942516664e+00
2.206463540818234037e+00
2.211864900705732495e+00
2.216519515191024414e+00
2.220536897667098053e+00
2.224881457091639092e+00
2.229795356570711373e+00
2.232843885343710255e+00
2.237162515317268507e+00
2.242966000656848369e+00
2.246754810423472470e+00
2.251535722720544364e+00
2.255787817545133578e+00
2.259592698044934345e+00
2.263974497268001596e+00
2.268440514026092369e+00
2.273096018050643430e+00
2.277396067882647479e+00
2.281591833815585613e+00
2.285585848344235949e+00
2.289932610878046226e+00
2.294131091820002410e+00
2.297300867380133838e+00
2.301494961829447572e+00
2.305831228667349908e+00
2.309504707911496535e+00
2.313622817143244248e+00
2.317825294908151701e+00
2.321793682788476421e+00
2.326494466544769768e+00
2.330452538287231867e+00
2.334286148025832563e+00
2.337788572994356606e+00
2.341627093590763486e+00
2.345562656107133215e+00
2.349453291479231432e+00
2.353162311211751234e+00
2.357227382567236518e+00
2.361391726718260919e+00
2.364717169852126322e+00
2.368485599998707336e+00
2.371833230517698343e+00
2.375458680148499369e+00
2.380779036535635829e+00
2.383638980991923173e+00
2.386033990782989278e+00
2.391157663035099912e+00
2.395379484127587943e+00
2.398732790199768150e+00
2.401952887602714082e+00
2.405520030576305590e+00
2.409236414898345391e+00
2.413037687518600372e+00
2.416640942599167285e+00
2.419922174773561974e+00
2.423388886433538669e+00
2.426671016350474996e+00
2.429755714279241197e+00
2.433271534002648284e+00
2.437069703350978056e+00
2.440561220143197207e+00
2.443751986505149798e+00
2.446859787879699599e+00
2.450378289225846995e+00
2.454004132747515943e+00
2.457655934080889004e+00
2.461130096866500416e+00
2.464185119472766416e+00
2.467467144836338111e+00
2.471306368634222039e+00
2.474467456438783852e+00
2.477353273135392886e+00
2.480120315764544170e+00
2.483654664732069861e+00
2.487224910224028918e+00
2.490816232570165045e+00
2.493580873905463680e+00
2.496342572615327882e+00
2.499484653900088116e+00
2.503176618399775233e+00
2.506394974320473867e+00
2.509260573366778768e+00
2.512509975630862424e+00
2.515767028867337718e+00
2.518781527207826443e+00
2.521273459878605294e+00
2.524350764748262144e+00
2.527835915968389635e+00
2.530637789916633906e+00
2.533314659912790479e+00
2.536381593918335842e+00
2.539614173751661763e+00
2.542722104818439188e+00
2.545087143494480841e+00
2.547812707178330083e+00
2.551069279990049399e+00
2.554438962127977497e+00
2.557498714389012218e+00
2.560765605855271687e+00
2.564018398077791083e+00
2.566368945914926591e+00
2.568444752443152623e+00
2.571292783166066354e+00
2.574556505069875989e+00
2.577426130054722098e+00
2.580080252016678788e+00
2.583024075831100497e+00
2.585936676193306916e+00
2.588723507482235675e+00
2.591325012346413992e+00
2.593963504372159168e+00
2.596498400317261535e+00
2.599431938895650163e+00
2.602449523796491526e+00
2.604929883049659445e+00
2.607288524431676358e+00
2.610427770386238855e+00
2.613516365097245497e+00
2.615901651605442080e+00
2.618369465933861218e+00
2.620879898084836679e+00
2.623595179639370389e+00
2.626186705144673006e+00
2.629171972013904401e+00
2.632170383653661627e+00
2.634599631982642354e+00
2.636870403723388545e+00
2.639755123861156072e+00
2.642712608210747938e+00
2.644918854779190198e+00
2.647226085376659377e+00
2.649805462805624234e+00
2.652639360671216640e+00
2.655037029007831784e+00
2.657102760350579018e+00
2.659631541570234514e+00
2.662233263450118681e+00
2.664961700531516264e+00
2.667325977800822034e+00
2.669626799059572786e+00
2.671802470443656485e+00
2.674474276180903498e+00
2.676981540263847048e+00
2.679541177810128794e+00
2.681897065148020065e+00
2.684072029133508508e+00
2.686443729299498262e+00
2.688767351928698091e+00
2.691306854090725231e+00
2.693849334407107943e+00
2.696330173401209507e+00
2.698947195143643007e+00
2.701451156210802562e+00
2.703586554565827083e+00
2.705718289397782250e+00
2.707721627032602996e+00
2.710069792105496589e+00
2.712678425070262467e+00
2.715300157265806202e+00
2.717608161685662882e+00
2.719715367287656616e+00
2.722040108780880097e+00
2.724221130642815680e+00
2.726702664005139720e+00
2.728898000180658201e+00
2.731326839187678157e+00
2.733568897924060437e+00
2.735597634640182463e+00
2.737805298087807149e+00
2.739876751284339385e+00
2.742087384646528569e+00
2.744369686265077490e+00
2.746668647526123941e+00
2.748825202303386561e+00
2.750910113883224817e+00
2.753076664966642273e+00
2.755171524750852363e+00
2.757369618323183946e+00
2.759579809368313708e+00
2.761745190865401600e+00
2.763781797207368385e+00
2.765694600596376507e+00
2.767952111387187220e+00
2.770219481479692991e+00
2.772413714721507549e+00
2.774418420000337449e+00
2.776593625124794684e+00
2.778647428358784754e+00
2.780723045963090279e+00
2.782792706068115685e+00
2.784759365585578461e+00
2.786777181207692689e+00
2.788926912145563541e+00
2.790982516415525527e+00
2.793034897937103800e+00
2.794974873577090069e+00
2.797076847976075697e+00
2.799408542953254919e+00
2.801476855866656290e+00
2.803497026635055178e+00
2.805269921025963065e+00
2.807074701559638452e+00
2.809002189523340132e+00
2.810972848412274683e+00
2.813109804127193136e+00
2.815173670355499702e+00
2.816987663592370517e+00
2.818822323867107293e+00
2.820956773739892842e+00
2.823147690012289601e+00
2.825066805583368978e+00
2.826926799110171640e+00
2.828816127572523431e+00
2.830769122369342750e+00
2.832616866903711728e+00
2.834264473408576901e+00
2.835995856320923547e+00
2.838116179633415115e+00
2.840302762916901091e+00
2.842322540456510005e+00
2.844093362191832952e+00
2.846044998327714293e+00
2.847790035799388608e+00
2.849506904789985473e+00
2.851279811035493772e+00
2.853178602299672573e+00
2.855114396950553246e+00
2.857008930886740572e+00
2.858901130729522233e+00
2.860559630814531573e+00
2.862214516526300212e+00
2.864002577445440956e+00
2.865931734874360259e+00
2.867772517116892406e+00
2.869655263360567865e+00
2.871331457569859413e+00
2.873223898152611255e+00
2.875116898936807441e+00
2.876955270960795286e+00
2.878648841565939254e+00
2.880497481821414851e+00
2.882106947847142386e+00
2.883811775090091789e+00
2.885617079716571443e+00
2.887358750204700453e+00
2.889228357952978499e+00
2.891043337354501919e+00
2.892784033949564293e+00
2.894655235750815958e+00
2.896245943815198398e+00
2.897817373909403749e+00
2.899549884429397650e+00
2.901294269697219708e+00
2.902858570575406194e+00
2.904550661060458339e+00
