-3.694545895807086963e-03
-4.856602841694537646e-03
-6.129990884203043340e-03
-6.031665501382071568e-03
-6.327738984074582525e-03
-7.516397578790232938e-03
-1.000655053403892193e-02
-1.091518992319359671e-02
-1.039366822728691499e-02
-8.840654816235051644e-03
-5.947390771116407154e-03
-9.677250986314776468e-03
-7.555850212597916074e-03
-1.357038560165209655e-03
-3.088005934475267569e-03
3.498314906493116012e-03
9.945935729055431843e-03
2.921561121858806936e-03
3.826800259551880849e-03
1.118343758799387154e-02
1.674740713221531396e-02
2.310676829037373869e-02
3.356526530425185673e-02
4.495408861721042482e-02
3.472853732975418606e-02
4.292028793667393427e-02
6.007769521422344494e-02
5.893289287474987037e-02
7.635325685114112415e-02
7.923001560528816767e-02
8.538491749071845660e-02
8.608655648505832148e-02
9.863514558473333860e-02
9.902984266506155431e-02
1.218208429194725939e-01
1.331312330489326790e-01
1.398822472015185669e-01
1.557074657928668449e-01
1.614599109656294496e-01
1.592881291407473032e-01
1.774052782949837870e-01
1.829795836654131147e-01
1.905602174822445538e-01
2.003255608394497733e-01
2.059322361677431990e-01
2.185499675376241790e-01
2.272453510030924828e-01
2.385729692349067010e-01
2.496887722816666100e-01
2.654669269692834788e-01
2.682469155869021127e-01
2.778433201811232878e-01
2.929642037760548101e-01
2.920731356844878390e-01
3.026599999322088230e-01
3.235012009813494904e-01
3.366227137910901002e-01
3.498474914991964724e-01
3.578855828762039226e-01
3.597193771406148044e-01
3.708870605040607282e-01
3.784845889957048626e-01
3.954379721731428599e-01
3.999902069680301708e-01
4.121786996662892277e-01
4.287692258272330914e-01
4.320047398315235432e-01
4.385028404560933901e-01
4.511886601579194189e-01
4.603661590498520084e-01
4.673024897406960476e-01
4.860334034144902504e-01
4.950080662482784777e-01
4.958903004763921540e-01
5.170431444840801749e-01
5.240470309411878747e-01
5.353997251559624582e-01
5.425515561935558839e-01
5.469080067316210991e-01
5.594234373235282831e-01
5.731114834520318890e-01
5.823919677144023810e-01
5.943263951738351203e-01
6.094203098751030945e-01
6.140634211549180765e-01
6.249374287987694565e-01
6.361774115450838929e-01
6.442062607621952264e-01
6.566862633626896484e-01
6.625309705777863156e-01
6.727984746337349886e-01
6.871237687448426001e-01
6.982692651670441286e-01
7.017055306159079020e-01
7.125133306224854524e-01
7.240816158415133152e-01
7.287162271409197700e-01
7.439531070972081883e-01
7.507508856675769726e-01
7.637132478485941789e-01
7.745527422314212318e-01
7.828102561962135830e-01
7.890871661323973774e-01
8.033522774639578756e-01
8.120807634121030016e-01
8.138769994367046623e-01
8.268528060360230691e-01
8.372700665731763747e-01
8.472474751524492476e-01
8.555176815030776094e-01
8.629855859929597139e-01
8.715368533860531342e-01
8.800142455994419688e-01
8.907680746056082510e-01
9.030337909947931951e-01
9.087556458163672524e-01
9.186962589176204119e-01
9.310701193886639082e-01
9.394173627697778306e-01
9.452299994516686343e-01
9.542394488132179831e-01
9.615130553473152375e-01
9.725750547665753531e-01
9.774326418257547333e-01
9.893768955839934431e-01
1.000142441198034193e+00
1.006581659369847781e+00
1.013186211431456263e+00
1.023786643062853718e+00
1.034732519421158958e+00
1.040690416495267501e+00
1.049383805183452756e+00
1.058459705595757860e+00
1.066113899288352762e+00
1.071517239491077245e+00
1.081756873226593196e+00
1.092085662915956101e+00
1.099806539954261586e+00
1.107339094908866617e+00
1.115457294294386337e+00
1.123714644390630291e+00
1.130502715157054805e+00
1.140226373164346052e+00
1.149957138916418486e+00
1.156521682651776350e+00
1.166447866127728883e+00
1.171694388652667174e+00
1.178762604184165452e+00
1.188195969225847026e+00
1.195912373631664583e+00
1.201322942206650923e+00
1.209303347697984199e+00
1.218223144561204840e+00
1.226531167065828543e+00
1.233300773702426856e+00
1.240889278180950184e+00
1.245931924752113007e+00
1.254165411103276062e+00
1.268035146610106523e+00
1.272947994871704180e+00
1.281048322436707743e+00
1.287206653431742343e+00
1.292608421986071843e+00
1.299581797228766877e+00
1.305226222075609233e+00
1.316100627539500190e+00
1.325917528028986547e+00
1.331229740243247139e+00
1.337562709308124820e+00
1.344681144082662039e+00
1.352990459741544971e+00
1.361119717708033861e+00
1.368289100429728622e+00
1.375515620738435363e+00
1.382271027131418473e+00
1.388897456187513813e+00
1.396244010109748857e+00
1.403022834468078850e+00
1.409368060164916781e+00
1.416533809830594848e+00
1.420767393041543203e+00
1.428036819153817083e+00
1.437001344102630362e+00
1.442784862787333422e+00
1.449594625185456120e+00
1.455246582765946650e+00
1.462894191400562871e+00
1.468692589464760445e+00
1.477390774501533999e+00
1.480472367858053806e+00
1.489166634098437081e+00
1.496102217611042340e+00
1.501979119404687868e+00
1.508910229079191145e+00
1.514940988603744820e+00
1.521424281284315283e+00
1.528171554149689415e+00
1.532911015608854566e+00
1.541563723520678275e+00
1.545911166019475091e+00
1.554072912722431088e+00
1.558365288363328327e+00
1.563890181874231011e+00
1.571314471203486107e+00
1.577125317533812021e+00
1.583248125447349386e+00
1.592468850783810286e+00
1.598744951729669239e+00
1.601027324109610239e+00
1.606890086538351525e+00
1.614575642561368207e+00
1.618561282468918394e+00
1.625648954181122541e+00
1.631449435604298559e+00
1.636868060202814279e+00
1.643800895408395801e+00
1.648699224589628809e+00
1.655036623085442082e+00
1.660778343270014057e+00
1.665853882939787090e+00
1.671253450850949340e+00
1.677475773207223186e+00
1.682452160445891742e+00
1.687926640360529973e+00
1.694555368907439963e+00
1.698498372081809649e+00
1.704761457099479349e+00
1.710963379041165355e+00
1.717717327816317363e+00
1.723610242009604887e+00
1.727497444974017027e+00
1.732589207036613566e+00
1.738081013012896747e+00
1.743292240275522209e+00
1.749558677032741816e+00
1.753573842551142903e+00
1.758640489479748936e+00
1.764668745653299897e+00
1.771229141710177535e+00
1.776739672194369346e+00
1.779502118818658829e+00
1.786078294075130302e+00
1.792033397522214910e+00
1.795461011316147992e+00
1.800348792838818879e+00
1.805727512669780266e+00
1.811194318749160148e+00
1.816774103059033862e+00
1.821401400756243794e+00
1.826695359731483892e+00
1.831273912232705969e+00
1.836150565659649070e+00
1.841453890253418102e+00
1.845521283751024200e+00
1.850684566353929306e+00
1.856557411391536849e+00
1.861437090272324069e+00
1.866170686277422996e+00
1.870199865903926950e+00
1.875097786556197077e+00
1.879478994039196049e+00
1.884700265418067566e+00
1.891308516555965991e+00
1.895312357021458283e+00
1.898291266629432705e+00
1.902868140512552708e+00
1.909208470054994278e+00
1.913451827228470625e+00
1.916601319268903092e+00
1.921786563541763693e+00
1.927652651398505945e+00
1.931868351739492340e+00
1.936599883102389175e+00
1.940132030494064130e+00
1.944024807570863267e+00
1.949811814614907268e+00
1.954448341259967803e+00
1.958489927466047442e+00
1.963002215351632884e+00
1.967857784525832265e+00
1.971932191557403291e+00
1.976039837280331390e+00
1.980741587753725996e+00
1.984804878364706759e+00
1.988863425563973220e+00
1.992985142938364707e+00
1.997271009163908317e+00
2.001218467640624610e+00
2.005762071254455492e+00
2.010318398985408983e+00
2.013698367855518256e+00
2.017893236387690248e+00
2.022842357663634516e+00
2.027146858929941953e+00
2.030824345892472405e+00
2.034338096336414825e+00
2.038863291532463151e+00
2.043959795304922888e+00
2.047527548940301312e+00
2.050448020227008783e+00
2.056378038607329817e+00
2.060468331592638869e+00
2.063352760395514629e+00
2.067815906300859208e+00
2.070959293009905888e+00
2.074162769414659824e+00
2.078721771360713788e+00
2.082654379387045562e+00
2.085983691801070350e+00
2.090084041663601511e+00
2.094374715668022358e+00
2.098398108385664429e+00
2.102146202245509077e+00
2.105890406872604537e+00
2.109592090787006491e+00
2.113023616532917259e+00
2.117327051200418087e+00
2.121834333169925646e+00
2.124616608357569714e+00
2.128059129213234257e+00
2.132342768562675239e+00
2.136661967706843246e+00
2.140127538985904021e+00
2.143038649564660947e+00
2.146499311257104026e+00
2.150255717219796470e+00
2.153965169134045787e+00
2.157861872244059231e+00
2.161603826597904288e+00
2.165319435267534232e+00
2.168455747040019865e+00
2.171479947777284814e+00
2.175225059321773458e+00
2.179148744246179881e+00
2.182030921901875420e+00
2.185566088221033265e+00
2.189521021818373825e+00
2.193024507204732743e+00
2.196111926484939136e+00
2.199133399331694161e+00
2.202899647977796693e+00
2.206684923339497395e+00
2.209558997596931196e+00
2.212687580877841231e+00
2.216209089653489617e+00
2.219504380987755709e+00
2.222775072070669378e+00
2.226692018943877471e+00
2.230370980291352723e+00
2.233095566962114642e+00
2.236047476162050351e+00
2.239270238634667454e+00
2.243058840527376585e+00
2.246561334245256614e+00
2.249239326200906053e+00
2.252211669202190070e+00
2.255538200422832151e+00
2.258573530478448887e+00
2.261567321506374739e+00
2.264580113523708693e+00
2.267816049800672307e+00
2.270626112109306760e+00
2.274151929292433039e+00
2.277886663160286318e+00
2.281059482928582405e+00
2.283480393301626332e+00
2.286245172664279846e+00
2.289277733465616915e+00
2.292638027199956685e+00
2.295621653601697787e+00
2.298575634097445253e+00
2.301798974120218055e+00
2.305183180386182862e+00
2.308091594264146007e+00
2.310799463771584961e+00
2.313673906568357808e+00
2.316652807252306268e+00
2.319708882667966154e+00
2.322552487893826623e+00
2.325306183670357463e+00
2.328139190032201267e+00
2.330895759145414026e+00
2.334099983934440292e+00
2.337386781989769347e+00
2.339839423998545165e+00
2.342354640211326000e+00
2.345516126768394383e+00
2.348652584308522862e+00
2.351715598294980225e+00
2.354378517324050346e+00
2.356588552029861283e+00
2.358939367503561702e+00
2.361824245846233961e+00
2.364985344519156651e+00
2.367764169554515963e+00
2.370449138532358724e+00
2.373137576957199180e+00
2.376068542479298440e+00
2.378861402056814622e+00
2.381545559292655323e+00
2.384069918580284941e+00
2.386651443246217585e+00
2.389418798819225032e+00
2.392100612884118682e+00
2.394723839854068448e+00
2.397386096168085068e+00
2.400201715411453662e+00
2.403073324615684125e+00
2.405756854102560904e+00
2.408312510823691799e+00
2.410840396869776914e+00
2.413295146942467717e+00
2.415939210506018675e+00
2.418410555188166278e+00
2.421075082054812366e+00
2.423512179193167526e+00
2.426085820006413929e+00
2.428702493235884052e+00
2.431204834134988335e+00
2.433788613173381687e+00
2.436455048768737974e+00
2.439067153818763156e+00
2.441330738574078119e+00
2.443681451893064960e+00
2.446182287780958475e+00
2.448787390123873919e+00
2.451136004729818740e+00
2.453606532987803845e+00
2.456204322494771386e+00
2.458738838861520559e+00
2.460841404159634482e+00
2.463120644811795046e+00
2.465704883937080538e+00
2.468252997549835293e+00
2.470637502602144764e+00
2.473034270264786283e+00
2.475571926439521953e+00
2.477956574269637002e+00
2.480203495616875475e+00
2.482138600718780008e+00
2.484594096565676757e+00
2.487091002605996692e+00
2.489474774781322619e+00
2.491555975896897923e+00
2.493701334761132316e+00
2.496087494832493814e+00
2.498562866121451620e+00
2.500829448871566107e+00
2.502881412774880854e+00
2.505093297709811484e+00
2.507513804778062294e+00
2.510003551482336004e+00
2.512373688175358222e+00
2.514532825276003969e+00
2.516727687942047709e+00
2.518888427590785017e+00
2.521181051301820908e+00
2.523386177456544033e+00
2.525663329403204038e+00
2.527872043175207306e+00
2.529929400951714591e+00
2.531956948217164882e+00
2.534064454572483527e+00
2.536227770982952823e+00
2.538433196617563947e+00
2.540825354954164172e+00
2.542962757876154445e+00
2.544881405234829863e+00
2.546740363202846691e+00
2.548789530993623043e+00
2.551053172079681630e+00
2.553253295752657692e+00
2.555308692277544313e+00
2.557396730903520599e+00
2.559596353733941232e+00
2.561852447883041783e+00
2.564083827435095664e+00
2.566069933970965611e+00
2.568191640306051404e+00
2.570153948563692392e+00
2.572284398166481356e+00
2.574199495230939050e+00
2.576054342827364341e+00
2.578266142843232966e+00
2.580426758903159534e+00
2.582546941891071146e+00
2.584521097124767852e+00
2.586442244985288852e+00
2.588280069980006370e+00
2.590293034033939623e+00
2.592171870767866260e+00
2.594137029140769268e+00
2.596115095129849504e+00
2.598002853633694542e+00
2.599991507362839460e+00
2.602086155916562227e+00
2.603974206190200924e+00
2.605925545501126539e+00
2.607844888037581299e+00
2.609712802356943584e+00
2.611663621492862131e+00
2.613600606341251353e+00
2.615544952729849548e+00
2.617593472389604603e+00
2.619674515843240847e+00
2.621562538679806487e+00
2.623323617528460439e+00
2.625308530685119379e+00
2.627123014286590674e+00
2.629060440717264413e+00
2.630793204392291251e+00
2.632535723627754454e+00
