-3.328784829087791473e-03
-4.351138690804415461e-03
-5.539824503215088139e-03
-5.058949496074171409e-03
-4.664752912243519747e-03
-5.464221442562525698e-03
-7.200709524607328514e-03
-7.824750431686700383e-03
-7.620488178528559038e-03
-6.501653373833181024e-03
-4.407824393311822637e-03
-7.245382699002872809e-03
-5.510343156417305335e-03
-5.593585173266242810e-04
-1.740669829374191313e-03
3.580176289760812151e-03
8.699589770494602775e-03
2.940177942235676616e-03
3.571970148304984445e-03
9.424111759363742666e-03
1.366242393554196501e-02
1.895468270032265451e-02
2.711610862978340586e-02
3.685737312067485089e-02
2.829066865541817952e-02
3.489623092437339757e-02
4.924267809727650436e-02
4.753897583308019925e-02
6.184454464686663100e-02
6.468969174144931222e-02
6.934214115586573302e-02
6.869034482239637363e-02
7.909978170294225397e-02
8.013711750634344710e-02
9.990948463983338745e-02
1.089247254794131481e-01
1.133137273163869058e-01
1.271121891334998644e-01
1.325224712128390270e-01
1.294206103763946292e-01
1.451729710258847228e-01
1.495789835676959167e-01
1.554336423317366211e-01
1.634022328124740964e-01
1.672514404672549859e-01
1.778625279171427986e-01
1.843745211634533199e-01
1.945936216340077296e-01
2.054598719655962025e-01
2.174834598906475458e-01
2.192480132600618803e-01
2.284695950531637765e-01
2.417113481340843473e-01
2.406984522543344218e-01
2.483300389566213406e-01
2.662021936698576452e-01
2.778342100409506576e-01
2.899240532150920147e-01
2.959660741173888443e-01
2.963353655192012548e-01
3.062709397372176401e-01
3.123440423914453645e-01
3.256763438629883822e-01
3.317374083792151152e-01
3.399629783189615506e-01
3.552289795613484125e-01
3.594135857089081343e-01
3.624796655736456374e-01
3.734579425832587618e-01
3.822365081570163192e-01
3.890156432035708489e-01
4.056675884609897698e-01
4.121814562982035746e-01
4.129543707657576945e-01
4.315706857416988229e-01
4.371169450230574238e-01
4.471438122114928526e-01
4.541430970048970783e-01
4.559722117705943822e-01
4.689067824663792350e-01
4.813944154925923757e-01
4.890556840293454055e-01
5.000729683895337452e-01
5.143004591892601507e-01
5.161631586752931655e-01
5.233315993492567708e-01
5.343279147853262634e-01
5.424413156062179997e-01
5.546270268744402099e-01
5.578707886501421687e-01
5.658806866836256777e-01
5.795452810883687800e-01
5.886854873283525746e-01
5.922807408629472414e-01
6.013098299386224754e-01
6.136400823350183220e-01
6.175373652207079012e-01
6.320671363797768505e-01
6.357021655155735695e-01
6.473385668315159158e-01
6.543908119451772309e-01
6.647802848796993125e-01
6.697461712028707215e-01
6.831428192543406164e-01
6.892809256481489122e-01
6.907875525476302458e-01
7.042226803722517747e-01
7.106361097077220634e-01
7.204328903442516197e-01
7.265713032447108644e-01
7.351151434620412095e-01
7.423013092118510015e-01
7.493443251792798465e-01
7.604769696098586662e-01
7.725142130024846843e-01
7.738707555263394378e-01
7.837209749342337606e-01
7.966797386838029293e-01
8.038909321867561131e-01
8.082224164836393498e-01
8.170284006302677149e-01
8.233966236172126640e-01
8.309333607492749296e-01
8.362845952693370721e-01
8.489320860626570209e-01
8.593615798998608390e-01
8.654572109501088573e-01
8.696446415083544101e-01
8.793319423354438724e-01
8.900687124547862483e-01
8.934746032478304567e-01
9.018921307514300434e-01
9.119049499951710214e-01
9.174128867262929532e-01
9.212889170473683720e-01
9.327674908633978301e-01
9.432906436620891455e-01
9.488670405686343567e-01
9.558098640096279741e-01
9.621756572813905395e-01
9.712460132077760377e-01
9.769524200519019708e-01
9.859106302605594729e-01
9.948172083838463520e-01
1.001256100174850117e+00
1.009874557342028023e+00
1.014570581824746798e+00
1.022548551274176099e+00
1.031681256440269756e+00
1.038358080936066408e+00
1.042502056819978318e+00
1.050381523540627526e+00
1.057088648591296476e+00
1.064802407193542244e+00
1.072496676904993951e+00
1.079892265055059308e+00
1.083526651900375448e+00
1.091449579660785929e+00
1.105390802348432677e+00
1.109012457835838905e+00
1.117660758273441912e+00
1.122388213299652993e+00
1.127848047293408706e+00
1.135238023554251852e+00
1.140774365871071394e+00
1.150403224703455907e+00
1.159131506736412298e+00
1.163694546025169752e+00
1.169065413435345757e+00
1.175940082460626535e+00
1.184854594570671882e+00
1.193642500105896787e+00
1.199402739167492182e+00
1.205912147891470720e+00
1.212401161940168670e+00
1.218457388220231641e+00
1.225267086128146721e+00
1.230492577026455647e+00
1.236938339344555216e+00
1.243806772076065492e+00
1.247718808443348149e+00
1.254508219730980256e+00
1.264146525638099039e+00
1.269293578334445005e+00
1.275261395824759170e+00
1.281540405278614569e+00
1.288567325090875570e+00
1.294461002904813363e+00
1.302241587173019299e+00
1.305699396241283283e+00
1.313889960833944048e+00
1.318797585519813520e+00
1.325413370615018183e+00
1.332740794100551796e+00
1.336865772422810794e+00
1.344535421019310562e+00
1.350195395991015790e+00
1.356106258140225007e+00
1.363113749655381124e+00
1.368980860966648727e+00
1.375139777370588456e+00
1.378921015437607034e+00
1.385738458868718048e+00
1.392876726206264681e+00
1.397737545917069335e+00
1.403388371760666553e+00
1.411717396332856644e+00
1.416956521791044699e+00
1.420885297051712293e+00
1.426803495333792915e+00
1.434555102999664378e+00
1.437412219615203268e+00
1.443052368796881479e+00
1.450809640961352454e+00
1.455441184668464283e+00
1.461551052647473092e+00
1.466980618353059818e+00
1.472805504496205176e+00
1.478305382654409028e+00
1.484183599146754684e+00
1.490023701100104958e+00
1.495412547731820085e+00
1.500350084910557324e+00
1.505915347132390503e+00
1.513663934067957184e+00
1.516778190606095089e+00
1.523675972144008739e+00
1.528710980409143660e+00
1.534559206496483030e+00
1.540384181336168723e+00
1.544214185806271233e+00
1.549257744417038341e+00
1.554060293209126309e+00
1.560904298691522918e+00
1.567048813107384309e+00
1.569579658873408334e+00
1.574963643142031966e+00
1.581242489891227176e+00
1.587568063981122712e+00
1.593081901925246013e+00
1.596480513594502604e+00
1.602272115778012651e+00
1.606838318673997179e+00
1.612037468675376894e+00
1.617089656292330924e+00
1.622202394442225248e+00
1.627842820692533055e+00
1.633103259119549788e+00
1.637866610086451846e+00
1.642927271104852149e+00
1.647329100138173574e+00
1.652033272332992908e+00
1.657217746094451716e+00
1.661497997421938155e+00
1.667012522894042892e+00
1.672695196637116410e+00
1.677846037550427383e+00
1.682558210420157296e+00
1.686666734414981050e+00
1.691365827495269425e+00
1.695623108005964053e+00
1.700694623526276095e+00
1.706796681921586956e+00
1.710897014818276940e+00
1.714868252467472987e+00
1.719758666688423920e+00
1.725411950373630710e+00
1.729855007833971614e+00
1.733488284348405184e+00
1.738337589718151666e+00
1.743948092613705647e+00
1.748907717985927590e+00
1.753634311405698920e+00
1.757113903179957193e+00
1.760415635232061682e+00
1.765238480136485100e+00
1.770891985247620148e+00
1.776328072413595249e+00
1.780732305527351400e+00
1.784125287365499801e+00
1.788021233364799567e+00
1.793921826335064473e+00
1.799733650046691391e+00
1.801390850829375445e+00
1.804767597651664612e+00
1.810447023421964508e+00
1.815401524441938808e+00
1.819263380611001013e+00
1.823496569256328081e+00
1.827739470266076527e+00
1.831617669442002327e+00
1.835814105047324452e+00
1.840806081137460470e+00
1.846114656945724963e+00
1.849053080370841817e+00
1.852194686974603322e+00
1.857304948656069321e+00
1.862572757198688311e+00
1.866069502318184581e+00
1.869351638810190064e+00
1.874904052079662042e+00
1.879270410689275694e+00
1.882757050954050992e+00
1.887302385659362924e+00
1.891158957419344366e+00
1.894600522696910927e+00
1.898062402434898654e+00
1.901702091728868949e+00
1.905733846654137364e+00
1.909710440814545773e+00
1.913943410044748772e+00
1.918278132684223314e+00
1.922189879244604604e+00
1.925853437056059825e+00
1.929724098014181433e+00
1.934056073479188953e+00
1.938911557963238774e+00
1.942975040587122226e+00
1.946189905766820605e+00
1.949473608036175420e+00
1.953767088251730399e+00
1.958311797809007881e+00
1.962209666529149965e+00
1.965270463945513635e+00
1.968690842776502192e+00
1.972661262907718482e+00
1.977182759477002172e+00
1.980862068817648369e+00
1.984123513928369498e+00
1.987967334961865840e+00
1.991808524277782988e+00
1.995231433281611899e+00
1.998466439610400158e+00
2.001983886672667801e+00
2.006103922403970063e+00
2.009709842934466195e+00
2.013234609645788709e+00
2.016614223609242806e+00
2.020046908933249785e+00
2.023699234464121588e+00
2.027634231356791883e+00
2.031251472271226266e+00
2.034771622923786882e+00
2.037984684098661514e+00
2.041384875822297662e+00
2.044989563543543110e+00
2.048678464413534073e+00
2.052531361274717803e+00
2.055892732409066781e+00
2.059053427160479011e+00
2.062212604793066006e+00
2.065581425078559352e+00
2.069424782831526866e+00
2.073013176083535303e+00
2.076078584188766563e+00
2.079145236606732450e+00
2.082450870851949354e+00
2.085820216458882381e+00
2.089136258982341676e+00
2.092117683092676206e+00
2.095319161949652731e+00
2.099015738174087709e+00
2.102823005617956653e+00
2.106204742052420809e+00
2.109605152891201207e+00
2.112686865957967175e+00
2.115401569602159970e+00
2.118304197806033962e+00
2.121813617433280008e+00
2.125138209209351370e+00
2.128508401647113857e+00
2.131835240261817255e+00
2.135298410653629020e+00
2.138236752243406702e+00
2.141120581753827246e+00
2.144239480500390815e+00
2.147385320268487163e+00
2.150365064682019600e+00
2.153386005513250545e+00
2.156597350091966181e+00
2.159863654330544502e+00
2.162781561035143518e+00
2.166079993671794046e+00
2.169429079796514337e+00
2.172247974684626826e+00
2.174821474422318435e+00
2.178110801681960140e+00
2.181698597179902777e+00
2.184991036545939735e+00
2.187642765141323498e+00
2.190132695451838085e+00
2.192681585379104181e+00
2.196101019702786150e+00
2.199504048528908573e+00
2.202092946546004626e+00
2.204653899376066928e+00
2.207991590802172777e+00
2.210900779395472249e+00
2.213525574809025009e+00
2.216454995298797748e+00
2.219660760645378872e+00
2.222563049798661261e+00
2.225158809939413729e+00
2.227961382432388948e+00
2.230966462281306129e+00
2.233838220030985422e+00
2.236568497035980485e+00
2.239500899439693438e+00
2.242462524985467720e+00
2.245402227632121051e+00
2.248236615665125893e+00
2.250885422370425992e+00
2.253585729656450543e+00
2.256280957915073326e+00
2.258869096491553652e+00
2.261583783541859738e+00
2.264569838745519537e+00
2.267386178383873574e+00
2.269709126789202447e+00
2.272197942390435266e+00
2.275280401001756658e+00
2.278340205236286664e+00
2.281169838600909383e+00
2.283708107030118839e+00
2.286327973704760375e+00
2.288869207483438917e+00
2.291366504807336835e+00
2.294021886404682853e+00
2.296824440310213156e+00
2.299693797867817135e+00
2.302085839983796678e+00
2.304506753383282369e+00
2.307238172031195411e+00
2.310106498812164233e+00
2.312693558453889686e+00
2.315080228012302843e+00
2.317796579871627571e+00
2.320617272967480993e+00
2.322987565036991775e+00
2.325145218246730483e+00
2.327427173235089075e+00
2.330073197645438299e+00
2.332531664468818988e+00
2.334952797831125526e+00
2.337475267836773618e+00
2.339980398117661675e+00
2.342573594187118413e+00
2.344879670114913495e+00
2.347135662471383721e+00
2.349659797724815924e+00
2.352314103106689647e+00
2.355006344329993784e+00
2.357711792106182092e+00
2.360189019260463095e+00
2.362569255923844480e+00
2.364751273823208155e+00
2.366897274106752658e+00
2.369278290956714716e+00
2.371807519768548644e+00
2.374295073223114727e+00
2.376889601272821118e+00
2.379152249323337021e+00
2.381345713800036457e+00
2.383445226195753719e+00
2.385703858462222104e+00
2.388026333812033997e+00
2.390392977556709209e+00
2.392793751770778243e+00
2.394967960840313381e+00
2.397239970092635009e+00
2.399549910739199099e+00
2.401976066860171066e+00
2.404553768916406487e+00
2.406899189285286234e+00
2.408794739529605877e+00
2.410824338681908152e+00
2.413196902818976142e+00
2.415934420952843276e+00
2.418381690365980496e+00
2.420642334481099223e+00
2.422625103356722764e+00
2.424633457353005728e+00
2.426640145659012759e+00
2.429014246240586594e+00
2.431417811110677452e+00
2.433600349577464961e+00
2.435726456490696634e+00
2.437745371240694237e+00
2.439877177150960197e+00
2.442157172199957760e+00
2.444423354909230905e+00
2.446634087143161995e+00
2.448793831262352061e+00
2.450873227936807730e+00
2.452859815955980238e+00
2.454969650512829116e+00
2.457063897460787683e+00
2.459314366031379873e+00
2.461538635740465608e+00
2.463564718200720538e+00
2.465604234825059748e+00
2.467603081821019728e+00
2.469691660467972394e+00
2.471938868889546725e+00
2.474160556971477298e+00
2.476261404713207881e+00
2.478364042106485421e+00
2.480426038041963821e+00
2.482523075767644638e+00
2.484505686148386960e+00
2.486382570567104100e+00
2.488345223277169005e+00
