-3.373394526174701945e-03
-3.696932657056378052e-03
-4.555893035353049576e-03
-3.178280074611157004e-03
-1.199666830962157647e-03
-1.027180910279294583e-03
-1.052457402852309586e-03
-1.084464635452428351e-03
-1.646723906843067979e-03
-1.600265917654311717e-03
-1.449164144788082096e-03
-2.361300914614008865e-03
-1.546514315556113059e-03
3.728779190897686755e-04
5.333033155567806294e-04
2.542938352585605039e-03
4.276054289878804607e-03
2.195295675588174265e-03
1.962583613820395936e-03
3.645774138428627131e-03
4.711014473072038487e-03
6.604934908761256156e-03
9.280149624202272893e-03
1.322292026227190123e-02
1.038273420287049581e-02
1.280695724187109336e-02
1.812511555164802307e-02
1.685210243689820586e-02
2.172645280320274069e-02
2.309063765428282997e-02
2.430065050450496214e-02
2.301710861098638095e-02
2.669130709400195992e-02
2.822740591838222846e-02
3.606063146554587540e-02
3.915355004130433025e-02
3.970965430564636633e-02
4.530290210582203769e-02
4.820395261238574758e-02
4.575531001618158428e-02
5.208435934671674233e-02
5.359341348394584120e-02
5.508331207968806403e-02
5.751093037707465799e-02
5.818928159159642705e-02
6.355943445427392202e-02
6.617731521034216080e-02
6.971414322085797699e-02
7.492376247669463307e-02
7.827201967436539509e-02
7.848905722283082420e-02
8.362368064439727744e-02
8.934444507666092217e-02
8.895033107573092901e-02
9.060105631876946841e-02
9.544860683678345337e-02
1.011157472092877874e-01
1.096274305652285286e-01
1.098106867896405103e-01
1.070863436417954229e-01
1.135216184971448578e-01
1.144108764583681992e-01
1.190415565206879855e-01
1.238335436745985618e-01
1.255003554393717413e-01
1.279490327441474562e-01
1.371870200453237099e-01
1.358023374343594880e-01
1.412599245370496359e-01
1.427915490146491884e-01
1.478882056037249815e-01
1.561141851714523687e-01
1.558602516082868705e-01
1.572378245992086532e-01
1.654080567032339966e-01
1.654264249040829082e-01
1.714831448329110775e-01
1.741148589049011097e-01
1.752162246480148955e-01
1.849841087300505560e-01
1.908576198727550965e-01
1.890226272799669371e-01
1.954325751214432139e-01
2.047770486735389084e-01
2.003315242566698073e-01
2.004179706390308846e-01
2.054606466660614805e-01
2.097038898858819556e-01
2.171923858939738272e-01
2.151407617063248179e-01
2.184885862369538856e-01
2.280941850171097907e-01
2.313223812233802246e-01
2.342447314130054470e-01
2.389565178398705969e-01
2.460632514213133282e-01
2.438018230174602841e-01
2.534644852109247948e-01
2.525566697127806237e-01
2.566583952053839712e-01
2.624685753078369599e-01
2.675771427315938866e-01
2.681113316450358108e-01
2.722187065312821064e-01
2.738021738313295428e-01
2.812065947383668996e-01
2.851470015275098246e-01
2.862925925362119206e-01
2.942383421325667214e-01
2.934057904683632922e-01
2.973467249829572778e-01
2.990790724143237433e-01
3.023044866012212228e-01
3.090666936030160850e-01
3.160873613901623580e-01
3.145400452324123020e-01
3.194361465337592354e-01
3.255105809719556764e-01
3.268053975645635600e-01
3.297668402412723410e-01
3.380327735324435978e-01
3.387135060768171613e-01
3.422121106868387663e-01
3.476017941706553982e-01
3.530203187143028942e-01
3.560985371819088141e-01
3.613774008516447700e-01
3.630467964361133171e-01
3.674080919885838736e-01
3.703978514987195103e-01
3.723951997908133693e-01
3.799969861330981802e-01
3.810129308513794388e-01
3.836081025857943638e-01
3.872863433760579399e-01
3.941710999242147295e-01
3.953275277197995652e-01
4.004159716466093033e-01
4.089699671799230107e-01
4.089061865081669578e-01
4.120858976242779970e-01
4.183351450705689034e-01
4.204596846219468276e-01
4.248955211283531042e-01
4.277476160268151584e-01
4.302395592212540643e-01
4.358628926722152297e-01
4.396134947500180412e-01
4.472142463358848019e-01
4.459463532199595681e-01
4.501524065028179589e-01
4.498640377852325956e-01
4.564160456959237555e-01
4.604581779672832775e-01
4.605821914838900133e-01
4.693473523307886697e-01
4.703847852264412266e-01
4.752314932436073613e-01
4.772753920791298343e-01
4.822569468222009381e-01
4.847164514879649388e-01
4.893120827415189944e-01
4.942667192895454642e-01
4.976358152618005626e-01
5.047192613753759272e-01
5.053496383666546965e-01
5.055026612046304990e-01
5.108762347215767274e-01
5.157468487564419446e-01
5.176389732859888460e-01
5.229431701999263105e-01
5.282590955871183658e-01
5.294552548033876205e-01
5.331105617728862933e-01
5.377477057677733097e-01
5.406289720216884698e-01
5.440187302840195915e-01
5.481117157587470645e-01
5.493312764973264928e-01
5.532615496166920499e-01
5.581720506388880843e-01
5.604838311613783430e-01
5.654883981877451005e-01
5.713782125420240332e-01
5.731433432588365351e-01
5.753024601234574265e-01
5.777670895226506564e-01
5.823321034878432556e-01
5.854722454203166171e-01
5.916939746416046697e-01
5.951598133069982977e-01
5.955209558851931595e-01
6.002265871699005162e-01
6.035119227114156271e-01
6.068812532412233285e-01
6.096184150622164788e-01
6.158773628749709683e-01
6.184639137544674092e-01
6.220301282075302307e-01
6.231602077497260250e-01
6.287186062609496640e-01
6.325751143849176472e-01
6.346346432468630283e-01
6.384055531214171131e-01
6.410252067810465748e-01
6.434104894667792562e-01
6.481197527534087177e-01
6.512790488832097546e-01
6.560722114612491662e-01
6.582092718477529081e-01
6.621709795819791244e-01
6.681070098250782019e-01
6.685901920960060085e-01
6.722453040833311633e-01
6.782813028438551273e-01
6.816500977523985982e-01
6.837711090591069851e-01
6.857830123207135919e-01
6.902258221813639683e-01
6.939130232311290225e-01
6.954797562264658506e-01
6.985773027202228924e-01
7.058534454829520355e-01
7.072198462460610457e-01
7.087264760682585596e-01
7.138267511221944028e-01
7.175135575118378739e-01
7.208249526369943094e-01
7.239160186864959101e-01
7.272028968644568270e-01
7.305913935077994470e-01
7.330841965345480382e-01
7.372119748850634036e-01
7.418425040780923796e-01
7.431188438047360290e-01
7.476655557358897752e-01
7.506122640981710559e-01
7.535296037871579422e-01
7.574058268316886666e-01
7.612578384291629474e-01
7.635072607672128697e-01
7.666312072645437015e-01
7.702618611983951258e-01
7.735747409721089873e-01
7.770287818962932080e-01
7.805767481118051077e-01
7.841865071598963510e-01
7.871974360803840609e-01
7.880772048916274697e-01
7.920112465881460340e-01
7.952759528793673649e-01
7.984321978928909935e-01
8.024302919493787600e-01
8.041278259085012925e-01
8.086216148076326160e-01
8.132971860792032048e-01
