1.351108042785932639e+03 1.131839968088261454e-04 1.031154281366129410e+00 4.981134041818610747e+00 1.966578012388679042e+01 4.151359958659885052e+00 5.071533669758728990e+00
9.075571129256434943e+00 2.228797161011915554e-06 6.744812233511467969e-01 2.721426893421551085e+00 1.341768005553126919e+01 1.668152265438005877e+00 2.055629803079566997e+00
1.742507281609942504e+00 3.396480707168538388e-06 7.994835867414262776e-01 2.452845684324314490e+00 2.349062155826380760e+01 1.933267104603817899e+00 2.158299261179276840e+00
1.162255558678620092e-02 1.417781433852933475e-18 3.503929731142558790e-01 9.821616536143917831e-01 5.738563610142795923e+00 1.611265484569816664e+00 1.310855259860274513e+00
2.950442817054886591e-02 6.222267563073397825e-07 4.379354851236152979e-01 1.471137859250313928e+00 4.940942891442237972e+00 1.563902347395568437e+00 1.321750159360745025e+00
1.558511199700544567e-02 1.304634737454738989e-07 4.223604600625850414e-01 1.187008717814924896e+00 8.538936015788976874e+00 1.406413476053670841e+00 1.116711071846609560e+00
7.522010103810511383e-04 2.526702820371218170e-07 3.607485014773650356e-01 7.622861771143902843e-01 6.589652970346835836e+00 7.739930458738819574e-01 6.968344654701712493e-01
4.883414968259907132e-04 3.398770584621852402e-07 3.191984277231839084e-01 8.026538046812213834e-01 8.379423583450089197e+00 6.565241568904552905e-01 6.365117319975081012e-01
1.392788066759128121e-04 3.914943349867084607e-08 2.818179333679238230e-01 6.289217207769403073e-01 5.324848385947201557e+00 4.499383375795887874e-01 5.263657650314372827e-01
2.608513297017258072e-05 2.394104686018765071e-08 2.282954886928467431e-01 7.280312023331838578e-01 1.595160150148226208e+00 3.511547690291276225e-01 3.967458964005927124e-01
5.797105547826833256e-05 6.550246610093822582e-08 2.526395223534054213e-01 5.756409828646650295e-01 2.775759636965591248e+00 3.663366843380793103e-01 4.543725498641543181e-01
2.601081742856258929e-05 3.356221854026541616e-14 2.146073686722784757e-01 5.482536742458690160e-01 2.487675306290983990e+00 3.119778853292219933e-01 3.619527583848448637e-01
