1.932925138773163781e+03 1.221277020349678427e-04 1.097637748938800506e+00 6.008412895021248090e+00 2.000184572890483636e+01 4.728292587798070379e+00 5.734899951639219395e+00
7.903642211585220956e+00 2.480893285060292156e-06 6.893528613180441855e-01 2.892479827927874503e+00 1.361309009891349220e+01 1.074787007483512191e+00 1.490325660140538355e+00
7.004495400078407652e-01 3.617159309848876468e-06 6.557944613028536818e-01 2.335332497350464553e+00 1.457962673554646393e+01 1.730116694924711318e+00 1.820244332556169464e+00
3.688806772798218503e-02 5.059451396789189619e-29 5.227439771348418862e-01 1.134603713460758723e+00 1.329714738928957907e+01 3.111448350455415124e+00 1.233076175611331537e+00
5.199190300642585194e-02 9.335850063811331421e-07 5.464587109623293415e-01 1.419418086051027927e+00 5.360908722932345327e+00 2.452054607667596198e+00 1.500082440420850594e+00
7.337503907868902012e-03 8.061101730410503952e-08 4.044048741105338851e-01 1.068932864734251531e+00 6.357445443562302678e+00 7.660987302395866339e-01 8.828965712469007965e-01
6.288957056811416433e-04 2.930012447850992772e-07 3.349564074012468251e-01 7.292432470955048096e-01 5.790211754596318983e+00 7.625642170257891372e-01 7.377410808851175839e-01
3.116647369270437095e-04 3.979572305440998277e-07 2.872293104982469591e-01 7.343129087732080951e-01 5.674794777758721764e+00 5.349748914539298461e-01 6.211773449128592528e-01
1.155309743908405830e-04 2.892706880382363277e-08 2.624112464505516384e-01 6.290350210725293989e-01 4.976997992010131711e+00 4.316664081154755195e-01 4.392869191072925061e-01
2.105065070932783449e-05 4.232648323609092845e-10 2.660757281089087822e-01 7.437469044740823154e-01 1.537224300760381634e+00 3.421555033797963885e-01 3.970787218069581348e-01
4.479966874286692570e-05 1.010509299730356659e-07 2.247946573259842207e-01 5.351885803525932017e-01 3.089199957105954741e+00 3.202878657168114485e-01 3.563606546731703517e-01
2.548617126055421320e-05 2.588899195096053718e-09 2.109379509260239371e-01 5.237874028935266546e-01 2.269218002009392610e+00 2.873532044722847401e-01 3.358868236476677538e-01
