5.076574994961593461e+02 3.134266915482356454e-05 7.265887663922244721e-01 5.710784150472775877e+00 1.710841484245561972e+01 3.361238097421257454e+00 3.754099981834842836e+00
1.152057657559577741e+01 2.849632559518777451e-06 6.685364422103899917e-01 2.976259818131779422e+00 1.176180380520911761e+01 2.335599518637748062e+00 2.517368059939205871e+00
2.500360060121577632e+00 3.438077308509396735e-06 8.041909940803017021e-01 3.199324053575419491e+00 2.292982657892003928e+01 2.316829051613817470e+00 2.238237803350602295e+00
2.118954539279307644e-02 2.757365654961443472e-07 4.702999684734563979e-01 1.194328087360327473e+00 7.257122224874552607e+00 2.312204227684824254e+00 1.445800108152844210e+00
3.272800314551744388e-02 7.351889572353890094e-07 5.389140938891113786e-01 1.378475098675484789e+00 6.097372950229071442e+00 1.864042921140588005e+00 1.339178145996904101e+00
2.381188648402147306e-02 1.337132412719670345e-07 4.819849894644911426e-01 1.264785519750227571e+00 8.963324245274325364e+00 1.950710196224678450e+00 1.342055031673973220e+00
5.551693443722149858e-04 2.526487902965789852e-08 2.873216848904037168e-01 7.291144701277136875e-01 7.443047924505231450e+00 1.164165305467367073e+00 8.029995038706353450e-01
8.872225466054878794e-05 1.060825726194852688e-07 2.462091764574884101e-01 5.997629006872401414e-01 3.792738880865863749e+00 4.964129411666661773e-01 4.716275425690714673e-01
8.169906927737106267e-05 2.427964575354015610e-08 2.324903922930914579e-01 5.789220889753963206e-01 4.792648347271943443e+00 4.930437818642023906e-01 4.712073492033375111e-01
1.994484658774894710e-05 1.204665738578362255e-14 3.382351482767906869e-01 7.860735893756785053e-01 1.756079137959097203e+00 3.526391525283886219e-01 4.528702508115913239e-01
2.740408096768391982e-05 2.335870831378957288e-08 2.401583128442183468e-01 5.166744016600155476e-01 2.582456066962203867e+00 3.195728354038377961e-01 3.683978686648404777e-01
3.562322004943119220e-05 5.033683900605589432e-11 2.120850732005190864e-01 5.502097129088038274e-01 2.597629758715113812e+00 3.845632635171867819e-01 4.136783925712391730e-01
