-5.362401965183774197e-03
-6.918181176091378268e-03
-8.512104679458249584e-03
-9.733265068797826436e-03
-1.256594603906912612e-02
-1.511349342958304490e-02
-2.032231111185497235e-02
-2.232869346207246725e-02
-2.077916516413115186e-02
-1.759143661264757352e-02
-1.198299658865432590e-02
-1.878031261401632429e-02
-1.512640148555675738e-02
-4.838327331760531279e-03
-7.978372299281359312e-03
2.196959735357477666e-03
1.271376645687042825e-02
2.854475589380797186e-03
4.828051611730339865e-03
1.674255599402693986e-02
2.715844300885399479e-02
3.650020236781076344e-02
5.483589837287419083e-02
6.948293270589668558e-02
5.599343602579013451e-02
6.878912177925360083e-02
9.251950425550892199e-02
9.554737011889417875e-02
1.206596538601182184e-01
1.235773066413300425e-01
1.349765613892432714e-01
1.431103940953931675e-01
1.610755455414683845e-01
1.607931092864455791e-01
1.873684400097439529e-01
2.055477326728698817e-01
2.212745496085471719e-01
2.397445024860426488e-01
2.474694701812996667e-01
2.502566138633238735e-01
2.728037788031758559e-01
2.830686483548092158e-01
2.968673499847570563e-01
3.101235166743773752e-01
3.202645280485048040e-01
3.424253524120180470e-01
3.599404668073738489e-01
3.701753337313085090e-01
3.811796675382013166e-01
4.066887070600787579e-01
4.133730846325338604e-01
4.233755466342495888e-01
4.443966237947892806e-01
4.456427822642015646e-01
4.641540875290668389e-01
4.870397578565076602e-01
5.046175156895376102e-01
5.205927083166334013e-01
5.343672972373296748e-01
5.433354285630536129e-01
5.573289618743054730e-01
5.705514035742677015e-01
5.901444730738107936e-01
6.001635875447476343e-01
6.155299499295755483e-01
6.298971868554862352e-01
6.415071562158650709e-01
6.575920599885531903e-01
6.695382566105552158e-01
6.821869761461486492e-01
6.890239926865696640e-01
7.138794724209535092e-01
7.296023489584917421e-01
7.303229421457635429e-01
7.557771415019048922e-01
7.657213564516685000e-01
7.785970089100119340e-01
7.901709688998963532e-01
8.042603161686698865e-01
8.125178944126255631e-01
8.292232539218118426e-01
8.432017928164956544e-01
8.525836653540764809e-01
8.700335697766716780e-01
8.836169425970329394e-01
8.997166240554752559e-01
9.126374800977246071e-01
9.236443753197721707e-01
9.368952295182182421e-01
9.468605511512414585e-01
9.618911154851994549e-01
9.762337999133090527e-01
9.869297843692232952e-01
9.955672822084106199e-01
1.010925170658172112e+00
1.019877116707982534e+00
1.031198202806530961e+00
1.044602374028808400e+00
1.052165307161001540e+00
1.070485964453111727e+00
1.088003406991121302e+00
1.094722752547140132e+00
1.108767317513045025e+00
1.117268820210001623e+00
1.128937189793230322e+00
1.136080204039456643e+00
1.149976983969290600e+00
1.163045420720827616e+00
1.177733137786635131e+00
1.190435461404563799e+00
1.195027683314020095e+00
1.206300048794155755e+00
1.216342545295855171e+00
1.228893542024221075e+00
1.236657727409216978e+00
1.248668005429393046e+00
1.264765949958082114e+00
1.273813181809721806e+00
1.281439783228624840e+00
1.292528365292869186e+00
1.303561407135045869e+00
1.311823288193601833e+00
1.329923162855060959e+00
1.335935528207792711e+00
1.342987556384042991e+00
1.354445614621615945e+00
1.363001541244069026e+00
1.374133288671328446e+00
1.386849193251017187e+00
1.395127450277478198e+00
1.406192509606099650e+00
1.416461503428846136e+00
1.422613947188533512e+00
1.434517348646984658e+00
1.443039526907567094e+00
1.455007592028007224e+00
1.463586027351596819e+00
1.472950595187684231e+00
1.482761694053672086e+00
1.490608090414159648e+00
1.499754066899592564e+00
1.509219171605076015e+00
1.519301179450684769e+00
1.530359035380359334e+00
1.536158123868540004e+00
1.546306967480833627e+00
1.554472727930760634e+00
1.560874983172661601e+00
1.568876561968132188e+00
1.580627757003306932e+00
1.588826169890402928e+00
1.596064995102999484e+00
1.607436410488185308e+00
1.615391919779734398e+00
1.622950086979896955e+00
1.631546071560390443e+00
1.639938893155460820e+00
1.647489192937733549e+00
1.656730176819970701e+00
1.665184244454265272e+00
1.673983554337242552e+00
1.681605759619998031e+00
1.687271057873909186e+00
1.695409558591955079e+00
1.702541704530749378e+00
1.710563678877973448e+00
1.719522975380745056e+00
1.729462230142633894e+00
1.738930657248608069e+00
1.744412497385763983e+00
1.750120181235797823e+00
1.757887429606388885e+00
1.766369534417175924e+00
1.772922112041098286e+00
1.780178481651533584e+00
1.788351660384868147e+00
1.794665298515990104e+00
1.802396163503547033e+00
1.810643488292288605e+00
1.819336918329605757e+00
1.824612368867366774e+00
1.831709926350161499e+00
1.838328002824095364e+00
1.845927391376863236e+00
1.851841006360033681e+00
1.859872325118762770e+00
1.865348653985220428e+00
1.874144969120332238e+00
1.880834340369156754e+00
1.887405339034779361e+00
1.895125503211782192e+00
1.900601869805886635e+00
1.906826793733039427e+00
1.915639218041852443e+00
1.920139292473444836e+00
1.927258007230493009e+00
1.934159196341426634e+00
1.939819052153754386e+00
1.945762749413338488e+00
1.952872845606541397e+00
1.959192088492746953e+00
1.965458707922510095e+00
1.970964337893361673e+00
1.977820990924358258e+00
1.983349969367615540e+00
1.991337016498679668e+00
1.996660084030032811e+00
2.005036957409556120e+00
2.010977466761116439e+00
2.015945137021336375e+00
2.020783636940826966e+00
2.025858671099752151e+00
2.032997974732465796e+00
2.038404946064210410e+00
2.044642322081856367e+00
2.050458918162089361e+00
2.056724630764151129e+00
2.063053133511202120e+00
2.067506113124568223e+00
2.072928397054074168e+00
2.078129741801261865e+00
2.085247029322981227e+00
2.091369661295442217e+00
2.095059342021001303e+00
2.101216334805208863e+00
2.107658533855263361e+00
2.111360188644399116e+00
2.117217872422924252e+00
2.122931808423236255e+00
2.127951074422430366e+00
2.133349774579027969e+00
2.138907946074207977e+00
2.143495113864044121e+00
2.149855394923201768e+00
2.155613839292653822e+00
2.160037034736700612e+00
2.163366886771340702e+00
2.169382750678453764e+00
2.175670899463466146e+00
2.179879119723803882e+00
2.183523939429815819e+00
2.188061453783750832e+00
2.195127805810639376e+00
2.200641384345670026e+00
2.203574543221945792e+00
2.208787747151213399e+00
2.214762560224877053e+00
2.219069858986877808e+00
2.223963962577017117e+00
2.228600487460318025e+00
2.233760972197825101e+00
2.239473586434534980e+00
2.244365838491684695e+00
2.247946156494190273e+00
2.252103276175591695e+00
2.257057252402760561e+00
2.261082512670929745e+00
2.266046459295375293e+00
2.270379976453644311e+00
2.275616696400537542e+00
2.280970309104353611e+00
2.284947229079513864e+00
2.288812693552825017e+00
2.293694577139446800e+00
2.296734900462788165e+00
2.301021055123330772e+00
2.306890397251080582e+00
2.310583799787670145e+00
2.315626269603997756e+00
2.320002483769011192e+00
2.323580267945462907e+00
2.327752447389736634e+00
2.332003344791329535e+00
2.336909273653268393e+00
2.341620882684495086e+00
2.345828308287383646e+00
2.349670064656794288e+00
2.353446677133960829e+00
2.357760866205582673e+00
2.360965672909883128e+00
2.365150024321434952e+00
2.369523859278385380e+00
2.373369729219194646e+00
2.376925207481861424e+00
2.381213367947374149e+00
2.385946613942609318e+00
2.390291411698486801e+00
2.394080681391336896e+00
2.397851922500489952e+00
2.401352219391399867e+00
2.404961782653853852e+00
2.409022453380613715e+00
2.412954474803667093e+00
2.416498496300467647e+00
2.420504903210730863e+00
2.424616133117808658e+00
2.428143249334747900e+00
2.431831801128637505e+00
2.435318408771010024e+00
2.438774172183503008e+00
2.443724103840973605e+00
2.446794176262550025e+00
2.449610728620176481e+00
2.454367696640090024e+00
2.458451540375508060e+00
2.461984449630373994e+00
2.465191133018220793e+00
2.468871380750475630e+00
2.472160691897852924e+00
2.476174380889372806e+00
2.479705763812829034e+00
2.483124596505338122e+00
2.486466633515310942e+00
2.489663955121802719e+00
2.492901850368562044e+00
2.496313266984143908e+00
2.500153900625392556e+00
2.503335989884246882e+00
2.506597304935571646e+00
2.509944701425981251e+00
2.513247898166969474e+00
2.516642799085871740e+00
2.520600357859732910e+00
2.524373602106079417e+00
2.527263054472865367e+00
2.530479233244058435e+00
2.534084287901836596e+00
2.537348994444927897e+00
2.540093057046215463e+00
2.543036985737830324e+00
2.546511228238344859e+00
2.550009474277928234e+00
2.553436359609906336e+00
2.556134276046114984e+00
2.558872078837399311e+00
2.562132540716772766e+00
2.565916186500735385e+00
2.569067175133044501e+00
2.571949549546141967e+00
2.575136833738235431e+00
2.578418967527789540e+00
2.581437958353198336e+00
2.584101005096496095e+00
2.587010703141756185e+00
2.590333796405702937e+00
2.593316069568951221e+00
2.595978295152394200e+00
2.599232882361858898e+00
2.602129327395912739e+00
2.605156908346075717e+00
2.607713634822824478e+00
2.610329371382543950e+00
2.613692236073751562e+00
2.616959518661536421e+00
2.619987895786342946e+00
2.623263971557029173e+00
2.626211204628569273e+00
2.628615799449392387e+00
2.630933260370157623e+00
2.633668651874510047e+00
2.637092546779670421e+00
2.639757235759984777e+00
2.642562314125113776e+00
2.645428999844573248e+00
2.648115025035229220e+00
2.651003894439649233e+00
2.653636684512483690e+00
2.656228941211251193e+00
2.658936113434484216e+00
2.661767593993164649e+00
2.664630982978386076e+00
2.667493748975817258e+00
2.669945183556906798e+00
2.672607489132492020e+00
2.675448387118418481e+00
2.678011209845993168e+00
2.680360311223889624e+00
2.683047412686387911e+00
2.685672917346713540e+00
2.688664092126069605e+00
2.691470633400841361e+00
2.694583602892949958e+00
2.696895558313265884e+00
2.699037984143838997e+00
2.701984539730031720e+00
2.704930118151127161e+00
2.707187716628246754e+00
2.709301717025453193e+00
2.711968588139367586e+00
2.714742754700497862e+00
2.717100718938566306e+00
2.719322624413890388e+00
2.721713729561216599e+00
2.724462895937560525e+00
2.727011756652539809e+00
2.729647561466889361e+00
2.731697557734512394e+00
2.733977088599086169e+00
2.736596646786117581e+00
2.739331619631580672e+00
2.741847931839756392e+00
2.744074432555947407e+00
2.746081449272933739e+00
2.748354650803767285e+00
2.750735214392477257e+00
2.753184078425845449e+00
2.755942660044051085e+00
2.758348588815663138e+00
2.761041620100377791e+00
2.763248853508380343e+00
2.765700542899719228e+00
2.767550621675443967e+00
2.769665961501635465e+00
2.771952052952588730e+00
2.774748943329872208e+00
2.777007497608124265e+00
2.779381082982454565e+00
2.781645097744177342e+00
2.784008376240398430e+00
2.786204427207543244e+00
2.788384781600585782e+00
2.791151617501633986e+00
2.793182634140497278e+00
2.795468800161998946e+00
2.797781789571095246e+00
2.799764175789957843e+00
2.801631121622264242e+00
2.804035696064870908e+00
2.806273321843332891e+00
2.808587514112694805e+00
2.810638852948774247e+00
2.812669361482428521e+00
2.815043253040403037e+00
2.817234974990817431e+00
2.819416740345104255e+00
2.821605603763881032e+00
2.823678049537371226e+00
2.825617753686475719e+00
2.827696736109643449e+00
2.829951385100537120e+00
2.832060018947515800e+00
2.834170195701301243e+00
2.836353324956352839e+00
2.838238523375197442e+00
2.840593921530046195e+00
2.842671754492378966e+00
2.844827350229636842e+00
2.846582060040101059e+00
2.848712161916340690e+00
2.850707385582188724e+00
2.852852542292504179e+00
2.854908132723423364e+00
2.856786061575089519e+00
2.859069832102161257e+00
2.861240835435689522e+00
2.863509463720728565e+00
2.865505766854053338e+00
2.867042210590222684e+00
2.868943286337721332e+00
2.870749831053602374e+00
2.872813409050513300e+00
2.875079779086672893e+00
2.877202738130091753e+00
2.878894404738557178e+00
2.880664499620417818e+00
2.882801984962732433e+00
2.885027754509445153e+00
2.886849408999127231e+00
2.888751833443290007e+00
2.890627795878141004e+00
2.892631127320406392e+00
2.894402953606561191e+00
2.895897151215411913e+00
2.897720351417507167e+00
2.899748047535017914e+00
2.902179348009424231e+00
2.904277757864603959e+00
2.906025714149027106e+00
2.907704403873608623e+00
2.909402590446014791e+00
2.911299920857232326e+00
2.913136643319256702e+00
2.915067586262960031e+00
2.917095990976899422e+00
2.919029083823842630e+00
2.920656963268795092e+00
2.922365259227693191e+00
2.924048101009202760e+00
2.925922479715605817e+00
2.927979133928230393e+00
2.929728585172380662e+00
2.931401296024572556e+00
2.933399997655271818e+00
2.935187289906351804e+00
2.937089463737118322e+00
2.938905028005424303e+00
2.940687587041909801e+00
2.942397753622218559e+00
2.944141114588732844e+00
2.946032390367829379e+00
2.947652789998547629e+00
2.949517115006094148e+00
2.951206274056813239e+00
2.952962561044337075e+00
2.954882917911828333e+00
2.956625808360406449e+00
2.958405927431839277e+00
2.960063615528209180e+00
2.961470928716183781e+00
2.963272713596534658e+00
2.964948874124417877e+00
2.966849841864981574e+00
