-5.111238905299367308e-03
-5.983138232788845316e-03
-7.155274964421251722e-03
-7.292508692150394788e-03
-8.223373816408464237e-03
-9.728739298640799726e-03
-1.296802736011244336e-02
-1.417569956984719715e-02
-1.340794423346886033e-02
-1.139089293180869586e-02
-7.735876249710047815e-03
-1.224607672850975756e-02
-9.704464418782260057e-03
-2.368296172019334310e-03
-4.477250191381387627e-03
3.076673499026359553e-03
1.058874477981224319e-02
2.516902431074123127e-03
3.743725625784140483e-03
1.256163752002096429e-02
1.951124473319101188e-02
2.703039342659319805e-02
3.975227279176926642e-02
5.230254973556876241e-02
4.066947119262653149e-02
5.016165107499782894e-02
6.930310267653726208e-02
6.910258202553645757e-02
8.914758041578690895e-02
9.209233942170487464e-02
1.000562107145958196e-01
1.028229103915762749e-01
1.171955217390176635e-01
1.171936645787368114e-01
1.416786311578792923e-01
1.547716632299014905e-01
1.638914230833289076e-01
1.808693726711611827e-01
1.872697848699066414e-01
1.863304172388597635e-01
2.065205098296077901e-01
2.135184478801200880e-01
2.229996772082561141e-01
2.339597917674021699e-01
2.411757393946858952e-01
2.560753403195208389e-01
2.670540247150007818e-01
2.783594459919430664e-01
2.894445529653380533e-01
3.085960107813528475e-01
3.126050244375807585e-01
3.226214955494793313e-01
3.397130162898479577e-01
3.392624088704130902e-01
3.524166058254376011e-01
3.746248515128146050e-01
3.888538616300248330e-01
4.032822807852286529e-01
4.129916859879110280e-01
4.166561681886445934e-01
4.289100243561537740e-01
4.379879577072789409e-01
4.573070156521922836e-01
4.618895787642924855e-01
4.764457592634082639e-01
4.928459445571619080e-01
4.973807305841608239e-01
5.071724609182380883e-01
5.205996756949342608e-01
5.300071497218381555e-01
5.372409000525465439e-01
5.578821629970811546e-01
5.687618121740181110e-01
5.698917146461253136e-01
5.928906776239515342e-01
6.008023277817987617e-01
6.129910659158904762e-01
6.210870413616336183e-01
6.283257740438323857e-01
6.397879695032189229e-01
6.541946283030372067e-01
6.651590840500092305e-01
6.770462007560605899e-01
6.929751053848131059e-01
7.002818916873906341e-01
7.134722489196398953e-01
7.248704360478479547e-01
7.335079728895015361e-01
7.459454765831442513e-01
7.535078015386965644e-01
7.659302100477529684e-01
7.805458915733090031e-01
7.924678290294886462e-01
7.968717645482108480e-01
8.090079880041283200e-01
8.193015772264512497e-01
8.262480471933973947e-01
8.408181054419234801e-01
8.489015461633997450e-01
8.637115104300119306e-01
8.778346678980533113e-01
8.844333966578709072e-01
8.928736309808045224e-01
9.061300168230975727e-01
9.163769224328041085e-01
9.188740812824904847e-01
9.318656621392830131e-01
9.451232167025525044e-01
9.559651917428384493e-01
9.656535158964761889e-01
9.716072057162670195e-01
9.815326879846268948e-01
9.907327079712678897e-01
1.002300291202935512e+00
1.012649420692287805e+00
1.021894955852107989e+00
1.033585429996682459e+00
1.044216987263091534e+00
1.053245243300108713e+00
1.060383279979522975e+00
1.069442139619645404e+00
1.077683507180939415e+00
1.092442062464370034e+00
1.096726396331442199e+00
1.107760144826593018e+00
1.118529804637855785e+00
1.125103877486780091e+00
1.134192032759029578e+00
1.144807437626302438e+00
1.154740781451550902e+00
1.163862979022825872e+00
1.172921132326303129e+00
1.180091668899820423e+00
1.189637396088115029e+00
1.196453962257802761e+00
1.207148130772210726e+00
1.215971219600103570e+00
1.225282503983394777e+00
1.233698505776930743e+00
1.242242231221091897e+00
1.250266676149493605e+00
1.258422434057079764e+00
1.268027175630079384e+00
1.278739423609396297e+00
1.284715511475756022e+00
1.294613520825970365e+00
1.301477859693363825e+00
1.308434524393583986e+00
1.317079230992607819e+00
1.325369648347563434e+00
1.332347055467032471e+00
1.340659197294904681e+00
1.350731805656989915e+00
1.358938547260932550e+00
1.365857321494058363e+00
1.373596931118767905e+00
1.379734568866312960e+00
1.387593387403604828e+00
1.399801354690767941e+00
1.406778613868207239e+00
1.414569490437372901e+00
1.421721857006832623e+00
1.427729019280989053e+00
1.434356340433573962e+00
1.440318277069179809e+00
1.450677930165007457e+00
1.460482401580788903e+00
1.467275674912307926e+00
1.475006199654398387e+00
1.481510531805271924e+00
1.488972682838703321e+00
1.496586505070619300e+00
1.504210900459010514e+00
1.512034434793159354e+00
1.519019131721878191e+00
1.525885376083490508e+00
1.532865125660455297e+00
1.540675595724720237e+00
1.547927639284214285e+00
1.555128805300312722e+00
1.560077866103393163e+00
1.567035215156392436e+00
1.574987386439735015e+00
1.582141057015223007e+00
1.588510815587817149e+00
1.594477518117900949e+00
1.602422982687294883e+00
1.608632094782310062e+00
1.616568544903602911e+00
1.620057821266972953e+00
1.629399117645092820e+00
1.636517034814491733e+00
1.641829389399870776e+00
1.649935993857537087e+00
1.656164110051676186e+00
1.661719568378336342e+00
1.668771643999926280e+00
1.674200122780019395e+00
1.682049379627219343e+00
1.686234879667778852e+00
1.694840243519800227e+00
1.700402549380217287e+00
1.704877460118844779e+00
1.712471445311258389e+00
1.718323689903249019e+00
1.724836829690084228e+00
1.733164340963210259e+00
1.740644586139890260e+00
1.743939033049352050e+00
1.749317374442284523e+00
1.755471965706602244e+00
1.760513323270774144e+00
1.767937612201147868e+00
1.773151862778390653e+00
1.778685766185901240e+00
1.785943235908147075e+00
1.790983759892329052e+00
1.797139762246874994e+00
1.803268166881470513e+00
1.807554419446784078e+00
1.812959879082527648e+00
1.819731585360098602e+00
1.824588111804319901e+00
1.829784941343790550e+00
1.835792766564533274e+00
1.841028301630517783e+00
1.844956827577882263e+00
1.852377816140112099e+00
1.859245753036762983e+00
1.864645841083396149e+00
1.869749563203444875e+00
1.874735953648337006e+00
1.880200402128665127e+00
1.884795699449625550e+00
1.890760221825902976e+00
1.895832805386893360e+00
1.900145199725561174e+00
1.905868052884240438e+00
1.912600633413715334e+00
1.918184713962498344e+00
1.920840650829847007e+00
1.926697029906139669e+00
1.933963157035968994e+00
1.936670641412802540e+00
1.941367027331971640e+00
1.947150441767249829e+00
1.952415051886152719e+00
1.956894499278448718e+00
1.962167946867143575e+00
1.967397816597324933e+00
1.972184484631980261e+00
1.977318895848637181e+00
1.982226744317073575e+00
1.986565356796371251e+00
1.991167496477297183e+00
1.996710425658441812e+00
2.001530228571229308e+00
2.006182241942034317e+00
2.010196567449520799e+00
2.015517059774353026e+00
2.019596153112642067e+00
2.024292298236454180e+00
2.030539584248151286e+00
2.035448664614317948e+00
2.037725361052459050e+00
2.042238577312053049e+00
2.048460154506294373e+00
2.052082929698034519e+00
2.056522426494803657e+00
2.061131691654669584e+00
2.065941828949754200e+00
2.070921747161752702e+00
2.074972982684405665e+00
2.078932026166271374e+00
2.083286640971096837e+00
2.088714501799136869e+00
2.092778732733604485e+00
2.096645302435629965e+00
2.101213018101474539e+00
2.105407558411116931e+00
2.109817439967970110e+00
2.113709833655168069e+00
2.117697696999664370e+00
2.122355212506256361e+00
2.126510852480395286e+00
2.130224674178256006e+00
2.134322345105972740e+00
2.138449784749507199e+00
2.142923702742063341e+00
2.146685549030398654e+00
2.150526558604779925e+00
2.154828022929828890e+00
2.159450806461953754e+00
2.163457072424043393e+00
2.166532321561977614e+00
2.170598914957766024e+00
2.174941793833472303e+00
2.179549701290434349e+00
2.182860746893799941e+00
2.186108250813493470e+00
2.191903655393061534e+00
2.195364256670416125e+00
2.197898044207796886e+00
2.202609596884745891e+00
2.205809355072470446e+00
2.209105559030165367e+00
2.213849616416105448e+00
2.217344783377711792e+00
2.220587230310677729e+00
2.224570389650370128e+00
2.228409030493115228e+00
2.232207303471118287e+00
2.235912501577378197e+00
2.239682462346311187e+00
2.243211153016319681e+00
2.246295819527936111e+00
2.250576286086595879e+00
2.254441094639102694e+00
2.257336296728348568e+00
2.260612704926859173e+00
2.264654782776354569e+00
2.268791685373645173e+00
2.272117225345354985e+00
2.275132448965262899e+00
2.278673186635508330e+00
2.282048034578256335e+00
2.285269310507262563e+00
2.289223255000960133e+00
2.292929631383559652e+00
2.296225180491394902e+00
2.299212301436079020e+00
2.302181568706341608e+00
2.306120237314977839e+00
2.309725168071593782e+00
2.312486922344358931e+00
2.315788102237919421e+00
2.319765245960925704e+00
2.323270541335557660e+00
2.325959971541168514e+00
2.328821089368973585e+00
2.332517408854862584e+00
2.335990663944642609e+00
2.338423477860812394e+00
2.341457892990439049e+00
2.345297714380582654e+00
2.348300263961720535e+00
2.350905406341371684e+00
2.354941697349743901e+00
2.358290494219145383e+00
2.361130578497056209e+00
2.363927552530450615e+00
2.367195138809689237e+00
2.370262570182100514e+00
2.373559214088972080e+00
2.376713070763506686e+00
2.379887140177906257e+00
2.382945520673726669e+00
2.385562915520169192e+00
2.388377123618556475e+00
2.391208770771247050e+00
2.394479784136246625e+00
2.396965059548912258e+00
2.399744855130309773e+00
2.403514996629054323e+00
2.406914239403188382e+00
2.409348863843423061e+00
2.411984897789211324e+00
2.414765824845078512e+00
2.417672472716649423e+00
2.420511030305653399e+00
2.423204420089250188e+00
2.426323068967009444e+00
2.429245390294306084e+00
2.432282946456997941e+00
2.435216392541295516e+00
2.437813923615976375e+00
2.440702536799068234e+00
2.443588210105140934e+00
2.446466022820937614e+00
2.448767948531194616e+00
2.451377004939617077e+00
2.454387688014819879e+00
2.457162427667580307e+00
2.459765170253447764e+00
2.462434790912079396e+00
2.465421789183367629e+00
2.467955089951238357e+00
2.470832311588945895e+00
2.473446780445762272e+00
2.476230615970184790e+00
2.478661472328252735e+00
2.480910909873268011e+00
2.483369211282596911e+00
2.486050069763909409e+00
2.489034397721271663e+00
2.491897084362365788e+00
2.494319449603507710e+00
2.496515372564652502e+00
2.499399517373401380e+00
2.501826712048472068e+00
2.504305010599973347e+00
2.506547849300322373e+00
2.509208652413636997e+00
2.511956039811216623e+00
2.514409590491677893e+00
2.516893800176026819e+00
2.519409860296572212e+00
2.521979392741779069e+00
2.524782379318706749e+00
2.527485426968552940e+00
2.529747634356263042e+00
2.531644892192928875e+00
2.534016804810440338e+00
2.536650684017682789e+00
2.539201880080820484e+00
2.541617935095977554e+00
2.543876148696364137e+00
2.546317139704025845e+00
2.549046662035242772e+00
2.551524552660535239e+00
2.553746474499048347e+00
2.556107366717317309e+00
2.558263382699878630e+00
2.560447522514145202e+00
2.563004431150226914e+00
2.565433546866477954e+00
2.567675345491174710e+00
2.569658766553113427e+00
2.572039181202606439e+00
2.574536767948191418e+00
2.576637646721442909e+00
2.578849768111613816e+00
2.581161700724909469e+00
2.583259747646141413e+00
2.585602417404586628e+00
2.588090439890720518e+00
2.590205206671408078e+00
2.592332532724066496e+00
2.594634997018302691e+00
2.596948014588964959e+00
2.599225585140079176e+00
2.601311232907793425e+00
2.603621702184433229e+00
2.605561350626576012e+00
2.607699255109593217e+00
2.609845059022082747e+00
2.612300001143472272e+00
2.614157771852556600e+00
2.616297670857133273e+00
2.618560670204181484e+00
2.620717704179320151e+00
2.622939766980919796e+00
2.624965107253713903e+00
2.626961851893752087e+00
2.629179584985709361e+00
2.631314136773188039e+00
2.633563481215964508e+00
2.635699328328111157e+00
2.637655476395624810e+00
2.639396462861856474e+00
2.641409882826260880e+00
2.643441811861224178e+00
2.645728404280179191e+00
2.647635823719558523e+00
2.649844945510436478e+00
2.651904887715378578e+00
2.653896973389624048e+00
2.655601553976218554e+00
2.657564731394910229e+00
2.659420947547826763e+00
2.661595960859789223e+00
2.663516672590301226e+00
2.665453851730922530e+00
2.667372535744283013e+00
2.669343161347620619e+00
2.671552488857028340e+00
2.673431969765994065e+00
2.675436880456763422e+00
2.677352964854526896e+00
2.679304920928453182e+00
2.681188390649432929e+00
2.683090162603393392e+00
2.684987874755021320e+00
2.687093628366223896e+00
2.689071884910747556e+00
2.690949943818810031e+00
2.692813575373423696e+00
2.694660569460741950e+00
2.696250930380430511e+00
2.698222326968761742e+00
2.700098154065117662e+00
2.701776434429545404e+00
2.703667287383839213e+00
2.705573912470719655e+00
2.707404872171543797e+00
2.709444299719943050e+00
2.711123064390678294e+00
2.713069951691936765e+00
2.714771927323456513e+00
2.716576074042857947e+00
2.718409386638473979e+00
2.720260896023512398e+00
2.722206740158474858e+00
2.723988050388788551e+00
2.725919359173845535e+00
2.727765746674931435e+00
2.729322753218375919e+00
2.731037816929402506e+00
2.732895821030047578e+00
2.734813369616644785e+00
2.736333309181985474e+00
2.738027104951673341e+00
