-5.057930304599129318e-03
-5.446334158655519002e-03
-6.360169402311452100e-03
-5.814937803354514045e-03
-5.575728900725074669e-03
-6.436172875911999602e-03
-8.433424825911865069e-03
-9.158214766126182918e-03
-8.866438429858675488e-03
-7.551554477868788195e-03
-5.153420541308275683e-03
-8.240645649788522903e-03
-6.321895969337323201e-03
-9.197011300926003028e-04
-2.209664335338422901e-03
3.473443701355641636e-03
8.969586713473875345e-03
2.709589821300249259e-03
3.483921525339791700e-03
9.989995233039372299e-03
1.478932685810684100e-02
2.071373518955145140e-02
2.981103718647123979e-02
4.015701125985856462e-02
3.080688837272567773e-02
3.792570551043120824e-02
5.311596464438060605e-02
5.165250322318895582e-02
6.721690263111355923e-02
7.021053780234617903e-02
7.571300645463963086e-02
7.582439082158221044e-02
8.711639186595093731e-02
8.801933502528670739e-02
1.088216686485676821e-01
1.184300843813152621e-01
1.235780646649287523e-01
1.380496183620913975e-01
1.439024348427721534e-01
1.410916592833066363e-01
1.581591246789303129e-01
1.633004711336474846e-01
1.699764343159653190e-01
1.785181424588880572e-01
1.830658871324937764e-01
1.943539948735445444e-01
2.014450162256659627e-01
2.120116420123747958e-01
2.231813827250511695e-01
2.367021824531713448e-01
2.390052767392756572e-01
2.486437462811236787e-01
2.629103436390211046e-01
2.619780518590674179e-01
2.706687034330986230e-01
2.897092310606061427e-01
3.018039848989220730e-01
3.144534578974673145e-01
3.212070978433915758e-01
3.222521214936217016e-01
3.326111666686757395e-01
3.394752718298081895e-01
3.544164343643033677e-01
3.599872542206967729e-01
3.697759693578884233e-01
3.856751076816989365e-01
3.893932559996761134e-01
3.938191748647825174e-01
4.054875179739288460e-01
4.144026679575726901e-01
4.213960106190724475e-01
4.390467858742392870e-01
4.465104656174595510e-01
4.474107998720440182e-01
4.670593590271294726e-01
4.731901684340641956e-01
4.837210976361473458e-01
4.909432432853254036e-01
4.935735642518633282e-01
5.066028876156445371e-01
5.195225638331077977e-01
5.280299171354575494e-01
5.396509638782308604e-01
5.541559536643980710e-01
5.569815354239346927e-01
5.657742250246438065e-01
5.769205551136452614e-01
5.851675699735481295e-01
5.975249216503348837e-01
6.016934004365521726e-01
6.108889522129021810e-01
6.248078219349023632e-01
6.346508827957758614e-01
6.383108372366654848e-01
6.480323446466319526e-01
6.602956450213010031e-01
6.643419718902744409e-01
6.795127978413846304e-01
6.844624937980274826e-01
6.963715489921097346e-01
7.048836755626536332e-01
7.146772923262921795e-01
7.198731989917358520e-01
7.341570520319724569e-01
7.412417891276589232e-01
7.429315669209294315e-01
7.560777680261330236e-01
7.642480716009573127e-01
7.740098138035430564e-01
7.809746362020235644e-01
7.895115023230659945e-01
7.972739417876330004e-01
8.046957367705882547e-01
8.158308521057014984e-01
8.282076649742854402e-01
8.311573761209806177e-01
8.410122862486238970e-01
8.539040736169187795e-01
8.616549518362521809e-01
8.666381214701843749e-01
8.755260654632199824e-01
8.821784909513888939e-01
8.912110899459075863e-01
8.963108176395067073e-01
9.088190588597312436e-01
9.195722385361966289e-01
9.257142785300888077e-01
9.308850769004026748e-01
9.410943257642685467e-01
9.518691819043920699e-01
9.561853551674406315e-01
9.649537619399175536e-01
9.747677230591612618e-01
9.810212716094932617e-01
9.855041252847240862e-01
9.966757275510063074e-01
1.007155046097676587e+00
1.013649672051998518e+00
1.020637768470913365e+00
1.027628510702121023e+00
1.036824669916223129e+00
1.042727092439936110e+00
1.052128177996924041e+00
1.061380049335640230e+00
1.068012089357368799e+00
1.077320110113226148e+00
1.082092997538935064e+00
1.089634906989914276e+00
1.099020642430273753e+00
1.106402014197678252e+00
1.110858308954574047e+00
1.118728894081967740e+00
1.126658826618492482e+00
1.134315364077387756e+00
1.141741685856134447e+00
1.149420384479436841e+00
1.153248846302945108e+00
1.161635664816700109e+00
1.175907330284319041e+00
1.179920066762690123e+00
1.188162629200621323e+00
1.193701668440749319e+00
1.199157851897715510e+00
1.206387758300775159e+00
1.212081194205042234e+00
1.222210088482722501e+00
1.231502763294562097e+00
1.236266493429613034e+00
1.241869111561244576e+00
1.249179589567213977e+00
1.257955553869445353e+00
1.266400935842053821e+00
1.272919657366493373e+00
1.279787703757051309e+00
1.286322749076489691e+00
1.292732996030297343e+00
1.299739322300385691e+00
1.305410136468461380e+00
1.311698309922294303e+00
1.318935813330758933e+00
1.323026711448833215e+00
1.330002274139033158e+00
1.339417074327651225e+00
1.344941508242658790e+00
1.351181239409591894e+00
1.357315763279870691e+00
1.364743523087888821e+00
1.370306234741150320e+00
1.378861505539598964e+00
1.382096939516230583e+00
1.390565396810885979e+00
1.396339401114895962e+00
1.402887810282008152e+00
1.409655025223087499e+00
1.414696570539003329e+00
1.421701202789860563e+00
1.428103342508996398e+00
1.433347114078668660e+00
1.441353688396853183e+00
1.446591277681089416e+00
1.453540162253701418e+00
1.457342568251904114e+00
1.463863429256261561e+00
1.471161791263598140e+00
1.476397149805481535e+00
1.482208652155909911e+00
1.491161175988907850e+00
1.496749340579875520e+00
1.499837484910833130e+00
1.505776576903979036e+00
1.513640363511371989e+00
1.516809750133963686e+00
1.523204982619769776e+00
1.530502555598257652e+00
1.535296899280402361e+00
1.541675652679930009e+00
1.546984966446716792e+00
1.552848069632857264e+00
1.558511790168855438e+00
1.564412958176621959e+00
1.569954024748716703e+00
1.575638692739277813e+00
1.580635965809787269e+00
1.585974404327073151e+00
1.593507317555042047e+00
1.596932290503527030e+00
1.603880724479497699e+00
1.609229630966980906e+00
1.615482709360196889e+00
1.621249642695354876e+00
1.625082242110013730e+00
1.629984597628834075e+00
1.635330207660921076e+00
1.641720037567076185e+00
1.647831979231765276e+00
1.650721831749886626e+00
1.656195939403859896e+00
1.662436421054640290e+00
1.668855199005622847e+00
1.674343026093403575e+00
1.677407320681578939e+00
1.683613131220478731e+00
1.688596704903763346e+00
1.693390358887343128e+00
1.698150306653024799e+00
1.703190130083818588e+00
1.709169634307309504e+00
1.714720273434366282e+00
1.719355755327019564e+00
1.724595639258673430e+00
1.728962712169346716e+00
1.733781480147843501e+00
1.738945306209626951e+00
1.743085513050942170e+00
1.748301334473922664e+00
1.754484597178960659e+00
1.759592821329692747e+00
1.764248901653517221e+00
1.768206253807113937e+00
1.773104228884357036e+00
1.777372912450988274e+00
1.782557749767261113e+00
1.788920640671973983e+00
1.793048772033807747e+00
1.796317728067454711e+00
1.801168395228861296e+00
1.807112945201923448e+00
1.811608814105222010e+00
1.814929604604673674e+00
1.820018311441141901e+00
1.825792799293526558e+00
1.830437063698726385e+00
1.835044767576684333e+00
1.838646909237719118e+00
1.842067792394930903e+00
1.847505715302907303e+00
1.852822924402859783e+00
1.857721712317656593e+00
1.862110654100721074e+00
1.865984319268521263e+00
1.870016395435136758e+00
1.875389258233133516e+00
1.880878742600794018e+00
1.883198915559897602e+00
1.886852300981411990e+00
1.891915794700078424e+00
1.896815418249760743e+00
1.900569931832515991e+00
1.905059709756977693e+00
1.909567414096799087e+00
1.912960736079333701e+00
1.917032819986894454e+00
1.922294669304324799e+00
1.927196533291911651e+00
1.930348326523159130e+00
1.933803954155369986e+00
1.938429162235905112e+00
1.943865501022358888e+00
1.947370384927899156e+00
1.950312825761906455e+00
1.956144881542211333e+00
1.960561733628391590e+00
1.963542391802613585e+00
1.968201350309631614e+00
1.972005267765922332e+00
1.975147610421690292e+00
1.978908919161279645e+00
1.982661672239753869e+00
1.986627373556633103e+00
1.990626738315148581e+00
1.994789172978251424e+00
1.999193284246532087e+00
2.002881053182969051e+00
2.006607013706888321e+00
2.010347957613402237e+00
2.014357412237915756e+00
2.018930553043311704e+00
2.023278937165633895e+00
2.026267588611061043e+00
2.029722260099531717e+00
2.033876265464951594e+00
2.038470410307218650e+00
2.042367598368125314e+00
2.045320768319182747e+00
2.048509023594371925e+00
2.052580925364059006e+00
2.056865697293095874e+00
2.060552798518443307e+00
2.063925293411922546e+00
2.067831011157907461e+00
2.071464271413596236e+00
2.074612368116536487e+00
2.077897521841159278e+00
2.081605878273212529e+00
2.085266445492513832e+00
2.088963222693151600e+00
2.092389299022701543e+00
2.095915023179694359e+00
2.099425512193735521e+00
2.102597512406191971e+00
2.106451020802285079e+00
2.110339099881463731e+00
2.113490004217933649e+00
2.116738906486431926e+00
2.120029948917242280e+00
2.123705185967418974e+00
2.127142249435333810e+00
2.131091349156626347e+00
2.134602988106330201e+00
2.137618182695403490e+00
2.140525000030495395e+00
2.143860296207326321e+00
2.147698355792957869e+00
2.151388364132649222e+00
2.154237049597518716e+00
2.157003907717241376e+00
2.160392812205012003e+00
2.163611467174044289e+00
2.166865258924751014e+00
2.169876881300291771e+00
2.173118139085569833e+00
2.176426217128625940e+00
2.180077997185972727e+00
2.183904356428700400e+00
2.187030374989414216e+00
2.189888465396153450e+00
2.192435126027425518e+00
2.195506026600808624e+00
2.198896994330347354e+00
2.202109038422260578e+00
2.205159043226227134e+00
2.208712457778314597e+00
2.211921368006439348e+00
2.214908187141405360e+00
2.217670112540333971e+00
2.220504334906631794e+00
2.223672888572000517e+00
2.226717352082059342e+00
2.229745891330785046e+00
2.232741476911877410e+00
2.235712229327516010e+00
2.238583550731513938e+00
2.241875691690744521e+00
2.245426607745937719e+00
2.247812162850757467e+00
2.250322903675815223e+00
2.253610644368555516e+00
2.257120969326067428e+00
2.260304551036666165e+00
2.263039051834535798e+00
2.265261087766048398e+00
2.267722229344746765e+00
2.270947504936882577e+00
2.274237228104064368e+00
2.276818479493390335e+00
2.279282916157034933e+00
2.282532960825230273e+00
2.285573714281610602e+00
2.288242410736466947e+00
2.290848002840914166e+00
2.293878870803085501e+00
2.296678426475909252e+00
2.299387843961095079e+00
2.302035634367030958e+00
2.304816360160602429e+00
2.307668835345433322e+00
2.310423967533049350e+00
2.313321231350600193e+00
2.315977036048449289e+00
2.318907727331051660e+00
2.321739326869342257e+00
2.324060068707630933e+00
2.326881233289389339e+00
2.329392288006720158e+00
2.332041089775167997e+00
2.334498759189274519e+00
2.337493646915425050e+00
2.340190953002876384e+00
2.342548932858395272e+00
2.345030296997364871e+00
2.347981288206196115e+00
2.350993786238602556e+00
2.353473676271896853e+00
2.355756080697668065e+00
2.358397821521555748e+00
2.361023899606380372e+00
2.363465733183707229e+00
2.365935947010984641e+00
2.368816189492797264e+00
2.371357732654128636e+00
2.373679829013322085e+00
2.376067034919582710e+00
2.378819216785158286e+00
2.381377089304802297e+00
2.383895759480443743e+00
2.386236445446143328e+00
2.389013250377813424e+00
2.391665618481422673e+00
2.393931557973068003e+00
2.395885848826476039e+00
2.398216208880453504e+00
2.400719111694458174e+00
2.403395136470225513e+00
2.405417005420534604e+00
2.407820974443035666e+00
2.410192185690607225e+00
2.412737199291791423e+00
2.415066038510201629e+00
2.417263440398816243e+00
2.419576288510748796e+00
2.422150314064062115e+00
2.424703916913961255e+00
2.427216735620242094e+00
2.429585491605047665e+00
2.431946374465241867e+00
2.434174213363291095e+00
2.436355319124586138e+00
2.438525476378394785e+00
2.440984251264265215e+00
2.443487922155080927e+00
2.445800986964329127e+00
2.447971308867589624e+00
2.450038992750803946e+00
2.451946495414896177e+00
2.454341330573905910e+00
2.456766534868966012e+00
2.458968035656868611e+00
2.461140444207133182e+00
2.463053077547645131e+00
2.465229676094903954e+00
2.467643289056780098e+00
2.469968397683487638e+00
2.472241877955990486e+00
2.474423186013164688e+00
2.476500318062718975e+00
2.478430605597391700e+00
2.480752895461379559e+00
2.483390742744699065e+00
2.485694520641223537e+00
2.487768070451243929e+00
2.489901843106273382e+00
2.491643066090205139e+00
2.493556631496398612e+00
2.495876146006924756e+00
2.498195550271911092e+00
2.500367345700662991e+00
2.502417274397989999e+00
2.504454156382140084e+00
2.506302301001357424e+00
2.508372019956703447e+00
2.510599617881748902e+00
2.512592076139763542e+00
2.514793707226526287e+00
2.516687801686843695e+00
2.518744957258678863e+00
2.520847214239951395e+00
2.522868587359408554e+00
2.524901660671560855e+00
2.527115305705203596e+00
2.528946529817436506e+00
2.530992661899065244e+00
2.532836899190058055e+00
2.534922489102425125e+00
2.536989793361627221e+00
2.539093502676645464e+00
2.541202163521232293e+00
2.543036180463245088e+00
2.545070194761773763e+00
2.547127525927995517e+00
2.549016405737126512e+00
2.550849491933649293e+00
2.552612055586506834e+00
