-5.055064195129715943e-03
-5.261546369313094620e-03
-6.083695342313131908e-03
-5.289574277751282055e-03
-4.627861070801432899e-03
-5.252229429130977033e-03
-6.796760434174634394e-03
-7.353037143017704218e-03
-7.237511888549610917e-03
-6.180436093548967273e-03
-4.253340860223764168e-03
-6.829698463966461970e-03
-5.135950819919265532e-03
-4.660884870397337659e-04
-1.432526919879523403e-03
3.505596049989147516e-03
8.224474221797247950e-03
2.759717720285024840e-03
3.355465144261068986e-03
8.929164601060017581e-03
1.293987491649749993e-02
1.815850239556578843e-02
2.588877172238266203e-02
3.517550602148146466e-02
2.692860723534866094e-02
3.310321351329918727e-02
4.654161469041971644e-02
4.482691637860296979e-02
5.843074967180785645e-02
6.134320736802396229e-02
6.591807402097711599e-02
6.532195373948257444e-02
7.525524135733185904e-02
7.651248597168962273e-02
9.530792000725342439e-02
1.035526389449927670e-01
1.073946189810042195e-01
1.205191487658317240e-01
1.260912914289662179e-01
1.228559290421338684e-01
1.382829852820212646e-01
1.427345972498395843e-01
1.483364579460983157e-01
1.557332640682764502e-01
1.592495222466530080e-01
1.694358400861326608e-01
1.753502959518123960e-01
1.850509681701008047e-01
1.958324027983170679e-01
2.071032415526239956e-01
2.088205550233903918e-01
2.181158629285637751e-01
2.311240853008960372e-01
2.301653057441285233e-01
2.371198212210634815e-01
2.540205457753840212e-01
2.651847753766178317e-01
2.771468204980556127e-01
2.827089336534797659e-01
2.828379960841021501e-01
2.925159566372845799e-01
2.983569169136701116e-01
3.109393973540503509e-01
3.174555541391554381e-01
3.247945344182591731e-01
3.394028430227654658e-01
3.441701716244982556e-01
3.466018848870765501e-01
3.571784250837873320e-01
3.656400703182255962e-01
3.724769223730212686e-01
3.887691750426301995e-01
3.946373691452386701e-01
3.954414821269607860e-01
4.134426172673228428e-01
4.186061683669340949e-01
4.283962331104000376e-01
4.354040408055063760e-01
4.368213316269665136e-01
4.498447922997396153e-01
4.620306334712249718e-01
4.692492897052182865e-01
4.800781879757617943e-01
4.940792592344193102e-01
4.952839990815783855e-01
5.015869748287854479e-01
5.124765697921446206e-01
5.206861442663166528e-01
5.327448715853397854e-01
5.353850484509539154e-01
5.430591627620590112e-01
5.564843656270431760e-01
5.650939807693950989e-01
5.690357833854265968e-01
5.775789539786186921e-01
5.899504502770195336e-01
5.939580214588184859e-01
6.079895117139492156e-01
6.107780567173904940e-01
6.221593546973376299e-01
6.285945371436600926e-01
6.394679879472970896e-01
6.439628420531493536e-01
6.571146540856804830e-01
6.626657472660832937e-01
6.643319280088808565e-01
6.776648205908244460e-01
6.832612099486424784e-01
6.931256999459513013e-01
6.989241232474101562e-01
7.072922739339940756e-01
7.143280946537059473e-01
7.209102831118263666e-01
7.325732629187665657e-01
7.439868812109767804e-01
7.444982094051127985e-01
7.547295073129600684e-01
7.674448806387111910e-01
7.741404691762233670e-01
7.783824104764165419e-01
7.869876912501512223e-01
7.931780424021025455e-01
8.005604129300692984e-01
8.058753750361468127e-01
8.185320306846052274e-01
8.285979527359221830e-01
8.346420814112992526e-01
8.385010616328163469e-01
8.477678906057366515e-01
8.583630384239152589e-01
8.614930164440955940e-01
8.698918228570547972e-01
8.799094849902158177e-01
8.848484129384515118e-01
8.885383692671270373e-01
9.004045445006484405e-01
9.103198255116621285e-01
9.160064690526088516e-01
9.227914164245154538e-01
9.284817383350462139e-01
9.377287836480217020e-01
9.433579303805413874e-01
9.520921212440990322e-01
9.609051934311231280e-01
9.670354148250104309e-01
9.752431540321865322e-01
9.802188469659356418e-01
9.882102655472716490e-01
9.971738706048558498e-01
1.003528135885775496e+00
1.007509856202452259e+00
1.015585398596202227e+00
1.021733797987237402e+00
1.029012460602682921e+00
1.037175983527047096e+00
1.044379705154098392e+00
1.047772031468488851e+00
1.055482801955859307e+00
1.069092998828879759e+00
1.072751650306805304e+00
1.081077726660160554e+00
1.086096007944489017e+00
1.091510710664132411e+00
1.098829911027038309e+00
1.104370294762267113e+00
1.113509346963517332e+00
1.121884706111443197e+00
1.126395231496294613e+00
1.131794359579033848e+00
1.138189448554904892e+00
1.147261016662858513e+00
1.156289403992265541e+00
1.161350852606567008e+00
1.167832485672567921e+00
1.174179441418567560e+00
1.180058561325574962e+00
1.186798544668324684e+00
1.192029794135379017e+00
1.198541834037645692e+00
1.205027377887524898e+00
1.209258700123518881e+00
1.215673583558749549e+00
1.224961864856179528e+00
1.230376786269667955e+00
1.236045121219026877e+00
1.242521045579519701e+00
1.249213030712536421e+00
1.255307014733914928e+00
1.262644993925169601e+00
1.266329294592905219e+00
1.274234481319304280e+00
1.278668212975833773e+00
1.285242095889473024e+00
1.292940007054493412e+00
1.296821274837954396e+00
1.304407097887552602e+00
1.309914968582769790e+00
1.316430622245659876e+00
1.322556541375272898e+00
1.328797080502374994e+00
1.334541439762035209e+00
1.338354618400747098e+00
1.345214441368505209e+00
1.352258324599274975e+00
1.356920639846816101e+00
1.362249499508163320e+00
1.370352515997586007e+00
1.375500258266112885e+00
1.380217347575086961e+00
1.385819193326932597e+00
1.393258511342352346e+00
1.396093997167045186e+00
1.401492656372784307e+00
1.409561580833598171e+00
1.414155957269134678e+00
1.419977011042520942e+00
1.425652469130146427e+00
1.431144988263690632e+00
1.436539636745098658e+00
1.442650477340829074e+00
1.448620156203057396e+00
1.453829013388513003e+00
1.458860426368273622e+00
1.463940553967266078e+00
1.471701326339560856e+00
1.475306223181418241e+00
1.481918942099501590e+00
1.486928838906252937e+00
1.492314644464022289e+00
1.497824412351336898e+00
1.502354730402492455e+00
1.507142488762653221e+00
1.511896364501896350e+00
1.518846124819017263e+00
1.524732184038944061e+00
1.527356988760831147e+00
1.532445651376888485e+00
1.538603633495125855e+00
1.545024618881257084e+00
1.550552513871115812e+00
1.554272180946353998e+00
1.559621707242240696e+00
1.564027096412155204e+00
1.569404451788398047e+00
1.574689540650289654e+00
1.579699108597037105e+00
1.585400354150164226e+00
1.590514883978610960e+00
1.594977279504568912e+00
1.600271838969706373e+00
1.604665413371090033e+00
1.609222170627108595e+00
1.614179591789609347e+00
1.618791913443906605e+00
1.624095731800644149e+00
1.629879112571841038e+00
1.634805366622676059e+00
1.639353799780835619e+00
1.643754729183061203e+00
1.648524448739496107e+00
1.652800332185503596e+00
1.657545216274678657e+00
1.663226557948874751e+00
1.667824843343444163e+00
1.671975946326287765e+00
1.676942055020478994e+00
1.682496008764398754e+00
1.686981119876236335e+00
1.690671812225945203e+00
1.695328108399807077e+00
1.700927488464905712e+00
1.705903391252769019e+00
1.710421890193093652e+00
1.714014419110394982e+00
1.717420772732776824e+00
1.721837435384509396e+00
1.727626072345813890e+00
1.733337687656987258e+00
1.737836217267094918e+00
1.740785299933496066e+00
1.744776634898629775e+00
1.750779406742030142e+00
1.756556000770886916e+00
1.758015048464722119e+00
1.761589093953570773e+00
1.767267371020396549e+00
1.772408736135869134e+00
1.776086663090230333e+00
1.780282873846111391e+00
1.784619279258812918e+00
1.788605077107550345e+00
1.792675130153764229e+00
1.797750846155659721e+00
1.803268052742859728e+00
1.805768402165502273e+00
1.808841346939966899e+00
1.814077278335424648e+00
1.819283919574540942e+00
1.822979835427191109e+00
1.826464157222263518e+00
1.831516126340703821e+00
1.836038442250839786e+00
1.839766624792151362e+00
1.844195722399510906e+00
1.848174152570470019e+00
1.851631287712379725e+00
1.855163284934680412e+00
1.858663532297142984e+00
1.862725352166978876e+00
1.866910156653784236e+00
1.870929057055168210e+00
1.875225052599657216e+00
1.879289847821614456e+00
1.882885889723666217e+00
1.886617413977408786e+00
1.891303236573432800e+00
1.896306061325169212e+00
1.900439602529241379e+00
1.903491537461247995e+00
1.906716052284457064e+00
1.910647724176964601e+00
1.915278380966571881e+00
1.919311431033062343e+00
1.922757136752111906e+00
1.926078734574107942e+00
1.929983960206775651e+00
1.934492817669633213e+00
1.938205025136650494e+00
1.941329077363065148e+00
1.945048121642109606e+00
1.948950832079781481e+00
1.952601549717666973e+00
1.955884397455398549e+00
1.959360630226828270e+00
1.963404419891231267e+00
1.967152715001208918e+00
1.970529792104631195e+00
1.973926125286751931e+00
1.977448446065632304e+00
1.981040666109286308e+00
1.984966013789431827e+00
1.988639166681517523e+00
1.992185806897293299e+00
1.995661962799193168e+00
1.998878995440185324e+00
2.002564629200333624e+00
2.006220485615826998e+00
2.009878124312108216e+00
2.013400152898774831e+00
2.016692503223635136e+00
2.019869362853289552e+00
2.023414898775941495e+00
2.027276394611138954e+00
2.030757025439907881e+00
2.033807428349502011e+00
2.036850525851242821e+00
2.040247127479205336e+00
2.043461283847962218e+00
2.046695590119725683e+00
2.050013248018986101e+00
2.053420752547038486e+00
2.057086782843843942e+00
2.060617259477759866e+00
2.064039576367690643e+00
2.067615114033592771e+00
2.070982124985276673e+00
2.073361422968208245e+00
2.076286251100272207e+00
2.079725094217766301e+00
2.083180825476339759e+00
2.086491143108031299e+00
2.089917618487397544e+00
2.093217617028624300e+00
2.096465586820450255e+00
2.099479711101690516e+00
2.102594112929111692e+00
2.105703728858884016e+00
2.108879395054749750e+00
2.111700304332017719e+00
2.115071556159773714e+00
2.118403740799077895e+00
2.121525363771167516e+00
2.124759769505272455e+00
2.127981979645297894e+00
2.130767050280087727e+00
2.133690128123753915e+00
2.136884471838010224e+00
2.140329668600490898e+00
2.143521471056223149e+00
2.146391027878002955e+00
2.148670130501030506e+00
2.151267562368297970e+00
2.154916679235747257e+00
2.158451799140899574e+00
2.161103460971822710e+00
2.163603207014936025e+00
2.167065548837698419e+00
2.169919690652068578e+00
2.172458602779605563e+00
2.175265302755800878e+00
2.178703549895400826e+00
2.181583481054634621e+00
2.184161361229825626e+00
2.186993684750761613e+00
2.189957190679085564e+00
2.192848398364112938e+00
2.195415435453262898e+00
2.198430154556171523e+00
2.201592430146875223e+00
2.204676451126200476e+00
2.207608964993999834e+00
2.210063963330150649e+00
2.213076027781976318e+00
2.215657646428249361e+00
2.218307914135056347e+00
2.220987252856748917e+00
2.224142367998091174e+00
2.226967657992242611e+00
2.229276889981706589e+00
2.231616340085732730e+00
2.234742705839016352e+00
2.237993392853009134e+00
2.240826025055862925e+00
2.243384597721891804e+00
2.245912264873943798e+00
2.248570575886272405e+00
2.251012886041019900e+00
2.253661353289857505e+00
2.256815548103370261e+00
2.259533986191387900e+00
2.261974881653853853e+00
2.264505176853178092e+00
2.267312788348087249e+00
2.270113598727028226e+00
2.272646874279728113e+00
2.274899451453813004e+00
2.277784329088883286e+00
2.280504041215132283e+00
2.283062488999922923e+00
2.285304885726756829e+00
2.287534200624233183e+00
2.290074528659568731e+00
2.292746294870832813e+00
2.295210937585470568e+00
2.297865767011576743e+00
2.300345946203095071e+00
2.302751916568508417e+00
2.305172506994281889e+00
2.307592213682091220e+00
2.310202092935131901e+00
2.312780725680365634e+00
2.315518302114043969e+00
2.318374278255499465e+00
2.320691760031330375e+00
2.323179362939083781e+00
2.325210382902355821e+00
2.327632339083669955e+00
2.329831104773708805e+00
2.332437339046081970e+00
2.335104433804534363e+00
2.337590186316503615e+00
2.339943836909524677e+00
2.342188051791405545e+00
2.344175793159063215e+00
2.346429956989475318e+00
2.349001810830088743e+00
2.351394858946337152e+00
2.353775232437782527e+00
2.356050204164769735e+00
2.358315382722700360e+00
2.360586400639616222e+00
2.363124911221234914e+00
2.365796410516727732e+00
2.368034197327212542e+00
2.370013033776643407e+00
2.371845260310444292e+00
2.374188159033279621e+00
2.377177297944083723e+00
2.379758895562779752e+00
2.381842239588926269e+00
2.383904690792769898e+00
2.385954587192429255e+00
2.387982238192380979e+00
2.390370413733692079e+00
2.392779048052047219e+00
2.394842565636902787e+00
2.397185588400156497e+00
2.399160473768196411e+00
2.401414785323324086e+00
2.403671432855242429e+00
2.406043319380796408e+00
2.408468990504713858e+00
2.410636994551726087e+00
2.412643122001962848e+00
2.414487682880932073e+00
2.416710953923269400e+00
2.418920754510107241e+00
2.421087019848989996e+00
2.423469085510779664e+00
2.425438736807878470e+00
2.427522750087620640e+00
2.429489069344738184e+00
2.431507565293670403e+00
2.433915544978901835e+00
2.436186825422772539e+00
2.438350542745026051e+00
2.440458210968508013e+00
2.442489060806526613e+00
2.444541878138303481e+00
2.446527495530788077e+00
2.448599341349373404e+00
2.450465524760344849e+00
