-5.079817390791290313e-03
-4.948581590286526763e-03
-5.611165845631456775e-03
-4.387167928182211622e-03
-2.993176967150388591e-03
-3.201645747974665637e-03
-3.959931628089591489e-03
-4.237646478320380994e-03
-4.436804476563632228e-03
-3.845135725230218286e-03
-2.768942975276821473e-03
-4.475760822698708272e-03
-3.186583646031981160e-03
1.595319198717511458e-04
-2.239506574290569087e-04
3.310129238349696947e-03
6.590966387295726925e-03
2.695807969682984234e-03
2.935616817635243198e-03
6.721712588133194402e-03
9.329713019334115801e-03
1.310430675073474827e-02
1.839125797726344491e-02
2.537528083019776476e-02
1.948061993860835880e-02
2.387194245787670199e-02
3.369522958743555174e-02
3.190343105992825279e-02
4.157313241090060396e-02
4.404887108789418831e-02
4.700537960091609457e-02
4.568264324318828395e-02
5.282108877849435447e-02
5.454402138603423045e-02
6.872460550640437094e-02
7.444330414180334865e-02
7.632841972361806282e-02
8.632924035104451443e-02
9.106576306142229182e-02
8.768321691509949056e-02
9.937964891959426283e-02
1.025458378646940949e-01
1.061600284478183692e-01
1.112283937849912058e-01
1.130984215863003739e-01
1.213263444465619845e-01
1.255167805212832333e-01
1.327288821470752056e-01
1.417372357535077454e-01
1.490184883989957298e-01
1.498712285219977181e-01
1.579437988822459393e-01
1.680875435673839235e-01
1.673085908480269057e-01
1.713448420628922442e-01
1.829736812048018135e-01
1.920165042769117758e-01
2.028138878478566165e-01
2.059281277298050106e-01
2.043218786315011692e-01
2.128841143120953627e-01
2.164541194846223982e-01
2.247436496000579653e-01
2.321279415732282192e-01
2.355530766614477300e-01
2.455213901964499734e-01
2.534767370422463806e-01
2.529133065271242375e-01
2.614116884947514374e-01
2.674098863527022973e-01
2.738594970415690888e-01
2.870214508091656902e-01
2.896101865424926536e-01
2.906122109492247363e-01
3.047465283339078068e-01
3.076162755765575185e-01
3.163158696977932394e-01
3.220645552738204409e-01
3.224263991902092119e-01
3.346443957667986080e-01
3.446949922389996313e-01
3.482195757963515992e-01
3.572593938226880650e-01
3.699961222525106619e-01
3.680493335930127285e-01
3.697984011437676632e-01
3.791520528401543522e-01
3.867966192096367051e-01
3.974573816628270140e-01
3.977316028164100126e-01
4.026393936748182689e-01
4.145677914946970244e-01
4.209870735058776625e-01
4.255530493242382084e-01
4.317240532815709297e-01
4.426552506421705946e-01
4.463261267108079577e-01
4.568676216357162589e-01
4.562385275523177519e-01
4.660096176155539283e-01
4.706336417862065358e-01
4.818278735668650725e-01
4.843848305855658620e-01
4.936850548646382064e-01
4.966885344052325291e-01
5.001639501768339047e-01
5.114816792787251210e-01
5.136769367434333988e-01
5.233452966071220347e-01
5.266906310577880168e-01
5.328494565539051431e-01
5.386829949530017592e-01
5.434515220282553072e-01
5.557631449155118197e-01
5.632204876903025292e-01
5.612679698458811206e-01
5.723763901625402717e-01
5.822004970407124169e-01
5.864321824345930523e-01
5.900249503177872334e-01
5.975520374213285635e-01
6.021370858121856129e-01
6.088055093057375133e-01
6.143863237175287706e-01
6.249331261224297940e-01
6.318251659229857653e-01
6.379030649963821631e-01
6.406172938561210950e-01
6.470026348810218320e-01
6.562571295726427056e-01
6.589848196691592275e-01
6.659743263130093460e-01
6.735813804891708223e-01
6.766439446079375308e-01
6.798439961496216544e-01
6.922577032085820425e-01
6.974757237736386450e-01
7.032484304712497414e-01
7.118940261221369248e-01
7.138976105833322316e-01
7.209438239550407523e-01
7.276843457859271114e-01
7.339453930806116855e-01
7.419276694857505072e-01
7.456253919920614592e-01
7.509681541842153640e-01
7.573598832221416499e-01
7.653786418313197615e-01
7.734302344272682150e-01
7.762783948520513011e-01
7.802788951095721570e-01
7.877630932931442009e-01
7.914984526597611536e-01
7.973784866350805967e-01
8.052083630943591697e-01
8.107438637127620806e-01
8.144856138396417977e-01
8.202161095007649561e-01
8.296482752205496247e-01
8.345634012196430085e-01
8.400377630232906956e-01
8.457404582200233056e-01
8.508755993141527973e-01
8.573598212976198951e-01
8.632488731235425927e-01
8.697261282988001385e-01
8.751414171522976515e-01
8.797629372698151373e-01
8.848449657196512108e-01
8.886144481381856863e-01
8.974662617744949555e-01
9.064335014674602675e-01
9.076926686332983385e-01
9.130613641893838839e-01
9.201775465231719631e-01
9.237717667564115942e-01
9.300358046487302577e-01
9.371118971577866441e-01
9.420167113832129679e-01
9.458633917639320821e-01
9.520155678359470963e-01
9.568261880814024067e-01
9.629038348984402251e-01
9.686824621387113421e-01
9.722844461855302267e-01
9.788230538709929984e-01
9.847565871203283194e-01
9.901006847106906816e-01
9.960934012247877334e-01
1.000640722051592046e+00
1.007086039887892026e+00
1.008197802257738918e+00
1.015304371199986067e+00
1.023837169826920857e+00
1.025736995106896199e+00
1.032842237225152004e+00
1.037850350128265209e+00
1.044880527722930719e+00
1.047807058644711464e+00
1.054253711045617381e+00
1.059726839251904806e+00
1.062452969410501824e+00
1.068661545509777655e+00
1.074496661017871890e+00
1.078874583298951917e+00
1.083154899465332166e+00
1.089331666122307141e+00
1.093260088382010942e+00
1.101277826593934472e+00
1.104493899298934600e+00
1.109825452885349950e+00
1.115406418772503683e+00
1.118598443731240177e+00
1.124679735674254610e+00
1.130148915895047068e+00
1.135740573644143492e+00
1.140804192950478635e+00
1.145372597983759455e+00
1.150113801798150037e+00
1.156082825543727433e+00
1.160891917629417902e+00
1.165875568186216960e+00
1.171437484619999969e+00
1.174396799541276515e+00
1.179666521632174669e+00
1.185762472613447693e+00
1.190122118819288533e+00
1.195186714306960996e+00
1.199430746165145445e+00
1.203933151123108836e+00
1.209888529590600559e+00
1.213409790600893823e+00
1.217668821727601935e+00
1.224265142762509084e+00
1.228773363565974996e+00
1.233526776277111825e+00
1.236425316864198320e+00
1.241143537458042179e+00
1.247244842124746622e+00
1.253075219334801149e+00
1.257917158916116884e+00
1.260393737913539036e+00
1.265438234110122018e+00
1.270856784918815929e+00
1.276044959446505533e+00
1.281178630075304081e+00
1.285680489310423669e+00
1.288896704946476568e+00
1.293170160113031653e+00
1.298286008230397082e+00
1.301790402571552097e+00
1.305655689513137041e+00
1.310835800803917595e+00
1.316051282967315661e+00
1.320958370373942037e+00
1.325616510424393768e+00
1.329457137775199804e+00
1.333920053644046089e+00
1.339659349519721987e+00
1.343939716238549353e+00
1.347621967895989981e+00
1.351286187789473292e+00
1.355416140219850352e+00
1.361178198928845617e+00
1.366896561183495340e+00
1.371415072068194352e+00
1.375562027885028238e+00
1.380068000086168256e+00
1.383285016503595255e+00
1.387604221639490598e+00
1.392624520916127429e+00
1.396607003943036274e+00
1.400084183687891670e+00
1.404796166629237009e+00
1.408941018387188215e+00
1.411034574015119780e+00
1.416602601130948269e+00
1.422536270857128082e+00
1.426702034415063158e+00
1.430374617396664050e+00
1.434878198801923910e+00
1.439622970988327255e+00
1.443686224842416266e+00
1.446492265471907457e+00
1.450170278075327390e+00
1.455036187395484015e+00
1.459361442717976409e+00
1.463419330287274223e+00
1.466855652769512686e+00
1.470619983078532700e+00
1.475909355693350022e+00
1.479698823593347923e+00
1.483481760980023045e+00
1.489117056964843533e+00
1.492032013635172571e+00
1.495840855889317700e+00
1.501011349918144111e+00
1.504747704010207743e+00
1.508555580215717340e+00
1.512886043144358483e+00
1.516397818741624492e+00
1.520154243331687693e+00
1.524492478267445383e+00
1.528508126077419149e+00
1.532151512304990471e+00
1.536200852148514651e+00
1.540619856112128927e+00
1.543896024815263335e+00
1.546985544091135090e+00
1.550998716586755366e+00
1.555105984530749330e+00
1.559368443699547635e+00
1.563242630899815744e+00
1.566656775026248560e+00
1.570380003560102766e+00
1.575569930183101430e+00
1.580286338931455425e+00
1.584068712268088541e+00
1.587476391990720881e+00
1.590003298538298804e+00
1.592228417676402108e+00
1.596551245669697083e+00
1.601307445982261823e+00
1.605116387056138683e+00
1.608575859920963413e+00
1.612503942063741480e+00
1.616920418388307024e+00
1.620743140460651599e+00
1.623699539455625507e+00
1.626739275866563528e+00
1.630400312633778936e+00
1.634400954741530798e+00
1.638207032300154076e+00
1.641405974894247555e+00
1.644639061877044339e+00
1.648851858422302419e+00
1.653232020894580767e+00
1.656260206826183357e+00
1.659594976718132830e+00
1.663608261943601008e+00
1.667365452575050977e+00
1.670544254029730391e+00
1.674932000768592166e+00
1.678517099159393844e+00
1.680888814922943730e+00
1.684242597526609320e+00
1.687856719858773946e+00
1.691540113318322547e+00
1.694959912148833014e+00
1.698817736498552167e+00
1.702730834766409185e+00
1.706307195710247360e+00
1.709379400628720624e+00
1.711932133225890329e+00
1.715908958407916129e+00
1.719519489789595568e+00
1.722623276711656715e+00
1.725828918844464654e+00
1.729291129789749304e+00
1.733331631595436351e+00
1.736880143734314652e+00
1.739803059275125685e+00
1.742330763583151532e+00
1.745782363143013827e+00
1.749749676754279060e+00
1.753836104155756415e+00
1.756249733711308325e+00
1.758968192534999586e+00
1.762375940318996914e+00
1.765764418776487377e+00
1.769058521100712156e+00
1.772231104271409174e+00
1.775872072929082002e+00
1.779493880508132175e+00
1.783128589421436372e+00
1.786601901608146470e+00
1.789933379942046709e+00
1.792805890712175332e+00
1.795707526801485709e+00
1.799196384204480248e+00
1.802449499392617227e+00
1.805148645253371376e+00
1.808172963878681427e+00
1.811751026789870878e+00
1.815105028446896807e+00
1.818180280477998290e+00
1.821097428045701072e+00
1.824156155302434801e+00
1.827064163852806900e+00
1.829962385991334983e+00
1.832644494771188404e+00
1.835618678155222394e+00
1.839489924644435614e+00
1.843412007759538174e+00
1.846419377114317140e+00
1.849039248892761833e+00
1.852184747755320382e+00
1.854861649113323852e+00
1.857544271325046070e+00
1.860708855805055739e+00
1.864273881791614018e+00
1.867028612464963766e+00
1.869625268576404542e+00
1.872517925712052778e+00
1.875564394529711354e+00
1.878631537365797355e+00
1.881513419480728588e+00
1.884749189920966739e+00
1.888169099973968645e+00
1.891508597012017789e+00
1.894434601706984411e+00
1.897180902347335385e+00
1.900217011520575427e+00
1.903089019637143053e+00
1.905911627001519504e+00
1.908603783283983502e+00
1.911337443614318454e+00
1.914143936045619832e+00
1.916918706929829685e+00
1.919769691924580135e+00
1.922941242946586193e+00
1.926183470475794302e+00
1.929032122224678236e+00
1.931754411881701383e+00
1.934597764924091967e+00
1.937498158428138773e+00
1.940187182684191880e+00
1.943145235005980576e+00
1.946298694252913464e+00
1.949051260792201923e+00
1.951469325704656033e+00
1.953787999837188094e+00
1.956597059902166036e+00
1.959497849515958956e+00
1.962342509689711134e+00
1.964849250962985572e+00
1.968127877408959225e+00
1.971243492251123497e+00
1.973652270935337238e+00
1.975855499097429524e+00
1.978314229034421778e+00
1.981018600878547753e+00
1.984006311720110771e+00
1.986735465592025074e+00
1.989331748450689163e+00
1.991552836856284037e+00
1.994105975438722478e+00
1.997079766439326942e+00
2.000488837685231225e+00
2.003320359272277251e+00
2.005770515069985382e+00
2.008205587852966101e+00
2.011055807516942462e+00
2.013570441460895921e+00
2.015958582319485437e+00
2.018441044031185960e+00
2.021292314161154291e+00
2.024093432154604688e+00
2.026636381779043816e+00
2.029095356596771982e+00
2.031465512500751025e+00
2.034021081759119998e+00
2.036670603708645721e+00
2.039409190403574268e+00
2.042253156933701685e+00
2.044831594109575601e+00
2.047011120995969158e+00
2.049309408342492755e+00
2.051705994094175090e+00
2.054511751482536397e+00
2.057357420797779834e+00
2.059892381759031110e+00
2.062337727997442638e+00
2.064455510968221663e+00
2.066742762243338305e+00
2.068924865774939725e+00
2.071716959477233555e+00
2.074623054781161713e+00
2.077296657496300991e+00
2.079550302612734214e+00
2.081631987880554924e+00
2.084066233643274035e+00
2.086567583096157641e+00
2.088993446005154020e+00
2.091317244728100544e+00
2.093664465432003130e+00
2.095992844275777145e+00
2.098416938850640623e+00
2.100989203786788995e+00
2.103425166364888632e+00
2.106034743945233600e+00
2.108347562497496330e+00
2.110681867984705473e+00
2.112913087700917014e+00
2.115182749552061203e+00
2.117542868430589920e+00
2.119826991013750828e+00
2.122263005891129595e+00
2.124680131161395646e+00
2.127202283516844261e+00
2.129500647946247049e+00
2.131596933154255247e+00
2.133930290428618370e+00
2.136212619143045721e+00
2.138567052525949919e+00
2.141267883727484111e+00
2.143623272682968484e+00
2.145841385508846955e+00
2.148018756925002215e+00
2.150162858857682657e+00
2.152407718090211919e+00
2.154617173375493966e+00
