-5.093678828323541623e-03
-4.893308889274894900e-03
-5.525957758981219631e-03
-4.225509523657757470e-03
-2.699557546012520785e-03
-2.829482241911797369e-03
-3.445329410878505277e-03
-3.674485381076442007e-03
-3.932628884780142893e-03
-3.429944026321751077e-03
-2.513988855663461079e-03
-4.064296151068185967e-03
-2.852277146579047795e-03
2.409410540116016920e-04
-3.750052640900806874e-05
3.221695304015513833e-03
6.222852293583164794e-03
2.641211795236791428e-03
2.806868515356591726e-03
6.241331514406966811e-03
8.585669452475748475e-03
1.206242036054278044e-02
1.688979298026024173e-02
2.337491821933477057e-02
1.797714209852426664e-02
2.201622698528339639e-02
3.107897179293955120e-02
2.933281270786982156e-02
3.819940764781559750e-02
4.054023536033427716e-02
4.320029127875613106e-02
4.183259044101523411e-02
4.839203122442146954e-02
5.015152108897134864e-02
6.330497364546654182e-02
6.853639093007939109e-02
7.011741509158984920e-02
7.941205862405048554e-02
8.391855889062620200e-02
8.061927796087567377e-02
9.148652644726261440e-02
9.439757497672081332e-02
9.763134502641421242e-02
1.022299204918428045e-01
1.038400268788213926e-01
1.116502909958271006e-01
1.155488223612060605e-01
1.221671465353453140e-01
1.306471285670545435e-01
1.372011948966484207e-01
1.379288753490486019e-01
1.456397902194356830e-01
1.551277633969821990e-01
1.544071462792828975e-01
1.579523031611109185e-01
1.684118794400902563e-01
1.769574381103897753e-01
1.874999122156643661e-01
1.900981993582351870e-01
1.881826622422451134e-01
1.965052491657956479e-01
1.995993090567163286e-01
2.071612210291716716e-01
2.144114325642495211e-01
2.173114951105480364e-01
2.260548142636814306e-01
2.345973905038325480e-01
2.336449715557531170e-01
2.417231166940750353e-01
2.469901179016344150e-01
2.533208673293901314e-01
2.657601689269660783e-01
2.677268540608100933e-01
2.688221799851394089e-01
2.820507272205055593e-01
2.844208181091285037e-01
2.928694871980608849e-01
2.981842416756479430e-01
2.985445475951084005e-01
3.104993649270228473e-01
3.199650077217918165e-01
3.225678452454799339e-01
3.312485670828256290e-01
3.436123467972278522e-01
3.410759525619488364e-01
3.421742067066616544e-01
3.509792120382114189e-01
3.583064984271568942e-01
3.685598056649796450e-01
3.684353805332197807e-01
3.729137882872487486e-01
3.844792056399480851e-01
3.904715373088061270e-01
3.950050175637897509e-01
4.008161140693908830e-01
4.112121757648736775e-01
4.143578178760413677e-01
4.243869104324358155e-01
4.234254014385435694e-01
4.325160708833891698e-01
4.371835377219923102e-01
4.479623625428248435e-01
4.500285574934968502e-01
4.584144819099956192e-01
4.610940288679750143e-01
4.652889556625410261e-01
4.756101501577279511e-01
4.774427672362997477e-01
4.869613236711828330e-01
4.896578451601116821e-01
4.953812044623662758e-01
5.008083134608471987e-01
5.052589440929591280e-01
5.171953523734004188e-01
5.240514059044730777e-01
5.219959124135511441e-01
5.327968429439114972e-01
5.418192898499714083e-01
5.455664199672484171e-01
5.491735202595204868e-01
5.565936577130710106e-01
5.605597652102436435e-01
5.671698753760525680e-01
5.728533293937942972e-01
5.824970497082724297e-01
5.885725010184457151e-01
5.947393057912216952e-01
5.973727810061696397e-01
6.032685110439517384e-01
6.118789043397284688e-01
6.145654999074088298e-01
6.213562796128686561e-01
6.280287169850766738e-01
6.309332927437398819e-01
6.341903649424031064e-01
6.462826198713881309e-01
6.503835049706500060e-01
6.561824212872841011e-01
6.654117636652523426e-01
6.666459692277660887e-01
6.729791635880237877e-01
6.800098957781560705e-01
6.856414115956454003e-01
6.932157966129114390e-01
6.964383820058834829e-01
7.012572511345385173e-01
7.078192018022997356e-01
7.155623013839726987e-01
7.235071396578445224e-01
7.256435372883618395e-01
7.295769654340893418e-01
7.363305983113634934e-01
7.401913084549377464e-01
7.457372672331890051e-01
7.525522271162279342e-01
7.582691040375297842e-01
7.620096111244042403e-01
7.674037952779639848e-01
7.757494309910447639e-01
7.810357815645108115e-01
7.855113715019919063e-01
7.913221517954127648e-01
7.962847497517946405e-01
8.026834225848399340e-01
8.088089448679544047e-01
8.144825681935807804e-01
8.191489460081825547e-01
8.238423029830411748e-01
8.288188282754330727e-01
8.322176456857173221e-01
8.407756946469373549e-01
8.493725970870643627e-01
8.500703989884772493e-01
8.550553003364161908e-01
8.623107519995470982e-01
8.656365747371378427e-01
8.716709879994664067e-01
8.787939044948449574e-01
8.830784366346848824e-01
8.866892347412280717e-01
8.931248735955878981e-01
8.973405774465437190e-01
9.030448776107519171e-01
9.087519688934876383e-01
9.118570152876896984e-01
9.181192207217917511e-01
9.239711603045704935e-01
9.287762866491662272e-01
9.346568405483735020e-01
9.395161081066446540e-01
9.457615003501432804e-01
9.461543324974479585e-01
9.534323633282313359e-01
9.613332500140798764e-01
9.631411780722128890e-01
9.697380585325955371e-01
9.750682366508137688e-01
9.814704491857522139e-01
9.843665398185083015e-01
9.901850235854943172e-01
9.959577024906245413e-01
9.985113494131935274e-01
1.004242051378662959e+00
1.009849458511684173e+00
1.014115755670439656e+00
1.018099692423074742e+00
1.024007440009462977e+00
1.027618193331674368e+00
1.035751612714010506e+00
1.038533575698551648e+00
1.043466289469526798e+00
1.049810396102236698e+00
1.052595825183536782e+00
1.057847701768386939e+00
1.063756052558500809e+00
1.069202289160796848e+00
1.073724147342438151e+00
1.078058397274529678e+00
1.082718715811298527e+00
1.088524634200001673e+00
1.092652291052038427e+00
1.097522761112563749e+00
1.103408738209482820e+00
1.105897919192621925e+00
1.110318531805617015e+00
1.116781816554449636e+00
1.120795795020870456e+00
1.125729956613047644e+00
1.130020239383407565e+00
1.134495045446850980e+00
1.140157283670049093e+00
1.143260589476130740e+00
1.147723902346543978e+00
1.154115600604928460e+00
1.158257980618479621e+00
1.163268101784189046e+00
1.166002218595720619e+00
1.170239917252714923e+00
1.176104745804960494e+00
1.181959295516032959e+00
1.186687504179904096e+00
1.188622051624656839e+00
1.193806630565285021e+00
1.199242786889766599e+00
1.204031085249406496e+00
1.209047560899045193e+00
1.213421015972642181e+00
1.216332441328349834e+00
1.220474705820312256e+00
1.225380031244101886e+00
1.228520283342646513e+00
1.232336869237051769e+00
1.237632086710251711e+00
1.242547179086277431e+00
1.247251563494247595e+00
1.251980311316136740e+00
1.255789079710878164e+00
1.260096378357671743e+00
1.265869522034648087e+00
1.269906422870959561e+00
1.273393274134264841e+00
1.276895359332967050e+00
1.280854887330569403e+00
1.286623674610170243e+00
1.292250148716285407e+00
1.296429923447156574e+00
1.300313125774305245e+00
1.304848207304926122e+00
1.307826296691068979e+00
1.312251858743737731e+00
1.317177308049395368e+00
1.320515235165467649e+00
1.323981301376976782e+00
1.328584262048930542e+00
1.332713612251842372e+00
1.335163933182809570e+00
1.340452058461198970e+00
1.346022095729428880e+00
1.350076510868676749e+00
1.353806468358745185e+00
1.358409680886809578e+00
1.362758508092772436e+00
1.366337451805245129e+00
1.369632405629148897e+00
1.373300153994718720e+00
1.377480020931364013e+00
1.381471880705912092e+00
1.385996730706932301e+00
1.389299180650433563e+00
1.392748244177329342e+00
1.398138342613456819e+00
1.401800825054908994e+00
1.405158911510699937e+00
1.410659122626956252e+00
1.413807217519839954e+00
1.417816064811866061e+00
1.422830963610512534e+00
1.426252729932138141e+00
1.429945123261119777e+00
1.434238194735122152e+00
1.437439867279170613e+00
1.441080443934199984e+00
1.445415455820620032e+00
1.449290476332228961e+00
1.452889100003743605e+00
1.456929019697363215e+00
1.461480803652276839e+00
1.464706786861474930e+00
1.467433394748645981e+00
1.471269429120778849e+00
1.475645206354531114e+00
1.479996584916727365e+00
1.483332830729411134e+00
1.486756994297037338e+00
1.490668166002991457e+00
1.495549293121156920e+00
1.499595179657235100e+00
1.503154511988894937e+00
1.506957952698036340e+00
1.509686460132730446e+00
1.511692643777264200e+00
1.515907800948407491e+00
1.520375674390482823e+00
1.523790057501332340e+00
1.527415950956342083e+00
1.531630009799015646e+00
1.535951419737209056e+00
1.539566256511587294e+00
1.542504967068561772e+00
1.545531086100986773e+00
1.549118886272714546e+00
1.553003745335473473e+00
1.556790359212376407e+00
1.560007626236976197e+00
1.563170259546990737e+00
1.567369403644024217e+00
1.571737476828739100e+00
1.574636770372652039e+00
1.577900396703711960e+00
1.582000536438996630e+00
1.585610760710082667e+00
1.588687952714489260e+00
1.593160094713136576e+00
1.596654570205191082e+00
1.598710196232594694e+00
1.601925435402879350e+00
1.605615981699616057e+00
1.609505190850772705e+00
1.612956343150727445e+00
1.616536956022957439e+00
1.620342089777579320e+00
1.623849272821389578e+00
1.626633818907493811e+00
1.629117134656924648e+00
1.633162230194186382e+00
1.636931098274589047e+00
1.640005624163975773e+00
1.643190925577448613e+00
1.646566053878208091e+00
1.650628244711072057e+00
1.654020578909745076e+00
1.656781963800200819e+00
1.659243323940307047e+00
1.662624967921816577e+00
1.666455377078197353e+00
1.670344573293611967e+00
1.672945574567888949e+00
1.675823421551088099e+00
1.679258495107526450e+00
1.682569476105412853e+00
1.685760656907743682e+00
1.688819211616067406e+00
1.692412784532538739e+00
1.695977124838392580e+00
1.699663226123886650e+00
1.703234615380910366e+00
1.706562576503383832e+00
1.709348517229007491e+00
1.712148230133854643e+00
1.715600150491633835e+00
1.718762924345558663e+00
1.721340385825470776e+00
1.724364409794101549e+00
1.727987317109269449e+00
1.731302196507398916e+00
1.734263366163031561e+00
1.737171913399200740e+00
1.740173188938009652e+00
1.742971017202527229e+00
1.745867203225077047e+00
1.748555109396071172e+00
1.751559235595384179e+00
1.755399759965750484e+00
1.759196650778983351e+00
1.762284108678478844e+00
1.764997540106262086e+00
1.768074428447573343e+00
1.770819030983983966e+00
1.773455754813262564e+00
1.776577817441873597e+00
1.780029239771278471e+00
1.782753689851092727e+00
1.785355229913877295e+00
1.788171323815836544e+00
1.791077054658012147e+00
1.794227929244778252e+00
1.797339658305722843e+00
1.800577865184664894e+00
1.803876574782252051e+00
1.807052184422605290e+00
1.809983014480890162e+00
1.812753995791005046e+00
1.815674477482140059e+00
1.818604077159711840e+00
1.821493176561961080e+00
1.824302722095681561e+00
1.826781295754953405e+00
1.829424090122443003e+00
1.832357750016742948e+00
1.835344671676546691e+00
1.838412186837756535e+00
1.841495233918102326e+00
1.844137705909803193e+00
1.846917020677380838e+00
1.849890327949508917e+00
1.852898806903054529e+00
1.855557234294436197e+00
1.858389415351072049e+00
1.861520848095525205e+00
1.864163493736766597e+00
1.866558773672694960e+00
1.868857025691559981e+00
1.871636859188352764e+00
1.874512634433670666e+00
1.877367389342451398e+00
1.879951608716141198e+00
1.883256540365673581e+00
1.886326645873691366e+00
1.888652170491230686e+00
1.890860410923907109e+00
1.893303588773444179e+00
1.895986005230443361e+00
1.899071374156444225e+00
1.901750556975172701e+00
1.904317768125603161e+00
1.906603064659924129e+00
1.909173934262158534e+00
1.912234629161954080e+00
1.915674265626597927e+00
1.918501603234642028e+00
1.920724826484607517e+00
1.923088353648165327e+00
1.925915774874242148e+00
1.928555438629805163e+00
1.930904162316265715e+00
1.933443588005412828e+00
1.936306743735096481e+00
1.939127294144299407e+00
1.941649974322428474e+00
1.944163818013209477e+00
1.946568586387941169e+00
1.949106597151917697e+00
1.951732788409829666e+00
1.954387664551483050e+00
1.957234295949790370e+00
1.959898977122329189e+00
1.962048011852821183e+00
1.964252150246660111e+00
1.966566602252190377e+00
1.969336219966405288e+00
1.972370489028254958e+00
1.974955392014148270e+00
1.977232708422605345e+00
1.979399218920858905e+00
1.981554446771295774e+00
1.983933932531220412e+00
1.986709013213673991e+00
1.989600666280348706e+00
1.992144986728023648e+00
1.994411218543594488e+00
1.996531766835452748e+00
1.998912905295728404e+00
2.001583928673765556e+00
2.003966220618405902e+00
2.006268504882881665e+00
2.008604706682199037e+00
2.010894981300995532e+00
2.013413070412488626e+00
2.015986877951313705e+00
2.018526439112937165e+00
2.020970255116731451e+00
2.023012773804448994e+00
2.025326658102732491e+00
2.027760158018669934e+00
2.030229749847177523e+00
2.032636789884715078e+00
2.034861433864739499e+00
2.037126993414200005e+00
2.039643406518072410e+00
2.042185876362454078e+00
2.044517993953643753e+00
2.046753735536797070e+00
2.049105520838947481e+00
2.051160664258921518e+00
2.053567532548910002e+00
2.056173923048834506e+00
2.058678653465398245e+00
2.060963785229878997e+00
2.063080940347906900e+00
2.065181302008063380e+00
2.067297606612329197e+00
2.069589796463895404e+00
