-5.217008508817433041e-03
-4.645551778224979618e-03
-5.130668452274903847e-03
-3.516528388713767439e-03
-1.406940810273162338e-03
-1.167568078557997685e-03
-1.150667232379787037e-03
-1.177885643064886757e-03
-1.723548003727232809e-03
-1.654288093360243650e-03
-1.480175883494667423e-03
-2.359116942251612749e-03
-1.513262631281318479e-03
4.057398892200664081e-04
5.817022896337189402e-04
2.546237292348413946e-03
4.225986015621373271e-03
2.148174180200850426e-03
1.919821974989173972e-03
3.629189634586015359e-03
4.733519714355842109e-03
6.684168120281644768e-03
9.381009670675477877e-03
1.329267809693128466e-02
1.041958808459859248e-02
1.278526360635588374e-02
1.798784801175898687e-02
1.671835672394491115e-02
2.160015317687549383e-02
2.302458885542227329e-02
2.431972588362976695e-02
2.313813098368619481e-02
2.681779384653426232e-02
2.835699202654438922e-02
3.610501366672057982e-02
3.906917113049621776e-02
3.956607378958598709e-02
4.508088275299299702e-02
4.806091250090449574e-02
4.564822954692550339e-02
5.205758472043105906e-02
5.368674700229594809e-02
5.521117028604771021e-02
5.757400881138693277e-02
5.823700312689393532e-02
6.356769983743659758e-02
6.605467860227524912e-02
6.955424338410538809e-02
7.475892425272054331e-02
7.810906834516126440e-02
7.839974223936760356e-02
8.362527705435408854e-02
8.940968023399933906e-02
8.898148765609607824e-02
9.059394349731068885e-02
9.540511959578525103e-02
1.010308550488784735e-01
1.094977872451992490e-01
1.097010504957719457e-01
1.069528082445810463e-01
1.134043389660040896e-01
1.143312369683505414e-01
1.189972695588813328e-01
1.238068700554382645e-01
1.254619146588859813e-01
1.278725558916742056e-01
1.370902682720362697e-01
1.356766883081054476e-01
1.411267777899350151e-01
1.426658088846946282e-01
1.477592745304950606e-01
1.559681158094644304e-01
1.557195463778859312e-01
1.571157672047782672e-01
1.652669134096574344e-01
1.652691799643473403e-01
1.713324609568094847e-01
1.739526582467582905e-01
1.750320057309004973e-01
1.847853693091915939e-01
1.906720303396471083e-01
1.888119089830704034e-01
1.952148826075915389e-01
2.045321807091049493e-01
2.000755951376360087e-01
2.001395810778108242e-01
2.052242479633651362e-01
2.094106122236552847e-01
2.169280557212637794e-01
2.148514739626582737e-01
2.181472810259096617e-01
2.277571913924638092e-01
2.309939681325459959e-01
2.339111287524497373e-01
2.386083791490535289e-01
2.456727126397469374e-01
2.434031037463076086e-01
2.530445879298627854e-01
2.521127540667089661e-01
2.562042180839739225e-01
2.619675842945604627e-01
2.671102723053933592e-01
2.676176751685566124e-01
2.716757807574927686e-01
2.733038145939486463e-01
2.806518072954863330e-01
2.845675306531489368e-01
2.856762005529416837e-01
2.936284781017984291e-01
2.927783893515011338e-01
2.967156093297704245e-01
2.984114752383962288e-01
3.016008796806380343e-01
3.083414166142096624e-01
3.153068029606064804e-01
3.138164527949361404e-01
3.186195878288146655e-01
3.246606784400391521e-01
3.259377089588411103e-01
3.288886850597864120e-01
3.372018789846981668e-01
3.377920957383050427e-01
3.412570897328185415e-01
3.465946465188889380e-01
3.519622312157765776e-01
3.550836007266555683e-01
3.603073454529928110e-01
3.620082994670357768e-01
3.663172846936073590e-01
3.691944755638274511e-01
3.712244829314211292e-01
3.787963332798472416e-01
3.798019887479235357e-01
3.823363580255733085e-01
3.860027413182712253e-01
3.928529597674095819e-01
3.939265917306394860e-01
3.989852590444553648e-01
4.076114030874404270e-01
4.073406637073803682e-01
4.105540872543967934e-01
4.168063183976331576e-01
4.189104565151248183e-01
4.233339151517452326e-01
4.260876003863909300e-01
4.284575750658973781e-01
4.341165225111456305e-01
4.378537603020078439e-01
4.453760899787481131e-01
4.441086833278635737e-01
4.482744070750328547e-01
4.478351442139562044e-01
4.544283108742989685e-01
4.584484369867500297e-01
4.584600608313988968e-01
4.672633378924245240e-01
4.682285651552003380e-01
4.729914706845045336e-01
4.749851828906245799e-01
4.799480561542014412e-01
4.823919664300765353e-01
4.868931508287563381e-01
4.917869445297617381e-01
4.951514050093587804e-01
5.021694694034674056e-01
5.027256346482290583e-01
5.028380249680708403e-01
5.081180616396774319e-01
5.129518115806529499e-01
5.147512978570165654e-01
5.200819278619888131e-01
5.253240704736213962e-01
5.264239841352277294e-01
5.301260433615201384e-01
5.346816286107080041e-01
5.374606130867735088e-01
5.407362028314267599e-01
5.447752026133099168e-01
5.459200920307353266e-01
5.499152608993735925e-01
5.546736599757605690e-01
5.569164023580349676e-01
5.618927236454206442e-01
5.677462138971890449e-01
5.694367541975426938e-01
5.715685207325680306e-01
5.738253796499198645e-01
5.783407958919462022e-01
5.813676844613063777e-01
5.876608651200728728e-01
5.909388221550077036e-01
5.912502577588192310e-01
5.959377160869165913e-01
5.991518604643940593e-01
6.024003087259262035e-01
6.050368831956837168e-01
6.113621637043432644e-01
6.137343092001021905e-01
6.172061686134029390e-01
6.182388183843108287e-01
6.237192030672636944e-01
6.275168637903003610e-01
6.294839615457655801e-01
6.331875217323725824e-01
6.357472134002237762e-01
6.379457598298600152e-01
6.426137345816679280e-01
6.458086353217206144e-01
6.504311188091717044e-01
6.524529741519095039e-01
6.562741021856448587e-01
6.621692736464828144e-01
6.625661704461931478e-01
6.661018279840588141e-01
6.719841208712269420e-01
6.752590286803068498e-01
6.772803032747646279e-01
6.791518976834653998e-01
6.836101883212445385e-01
6.871715021442779125e-01
6.885356122466850248e-01
6.915676209622745318e-01
6.987024394032428365e-01
6.998877850465144990e-01
7.013127773731252512e-01
7.063356427333262744e-01
7.100102743058060994e-01
7.130554186204566269e-01
7.160633209525881782e-01
7.192602234052226651e-01
7.225045852668130486e-01
7.247626115563543525e-01
7.288167336183865030e-01
7.333597313775462867e-01
7.344581716408542515e-01
7.389008000837915535e-01
7.417033992943090626e-01
7.445040896724701707e-01
7.483191379267155607e-01
7.519128358347667573e-01
7.540749977340038823e-01
7.569956525551317927e-01
7.605404977242319342e-01
7.636766752511020551e-01
7.669011488591265246e-01
7.703066583743838347e-01
7.737858877066596808e-01
7.765195372125914819e-01
7.772859160072471685e-01
7.810464166049377877e-01
7.842286970380710764e-01
7.871701275714537704e-01
7.909539437724374400e-01
7.924349892950163232e-01
7.968915341518933992e-01
8.011554677165957372e-01
