1.982620995700138484e-04
6.061362481551879795e-04
4.249036656495369766e-04
1.285489047480084654e-03
2.552316679230507562e-03
3.237653568952862746e-03
3.816336883048120771e-03
4.373269189986835233e-03
5.020869001689416689e-03
5.815394037160194832e-03
6.576232515977574467e-03
7.381924389056781360e-03
8.743403122720681125e-03
9.760383177194850018e-03
1.092914459156636015e-02
1.189722585024364197e-02
1.267646108999503571e-02
1.287478122240499033e-02
1.321214278967717745e-02
1.374941286956672497e-02
1.376720163263638400e-02
1.490594892586968347e-02
1.584440974938879781e-02
1.791500225494042572e-02
1.791798877138618337e-02
1.823723586081873668e-02
1.836591406357511100e-02
1.786502339678770410e-02
1.787026355116643622e-02
1.802894360066405188e-02
1.807087949308183727e-02
1.926186157635450744e-02
1.984232355466331379e-02
2.053508990534552367e-02
2.138352059356393026e-02
2.127904486146922278e-02
2.178846565429418472e-02
2.127767481438158637e-02
2.103706454052481009e-02
2.109172383943004603e-02
2.246942098925033826e-02
2.253939338687625804e-02
2.335453629998631569e-02
2.406023429777792710e-02
2.457994831097264077e-02
2.545699134559567534e-02
2.623765604952136080e-02
2.549056324560323647e-02
2.616170094066997548e-02
2.717400891341738636e-02
2.762800342111188662e-02
2.851074097968128024e-02
2.958108462074371392e-02
3.021685058102631730e-02
3.098439721299749844e-02
3.226314951343735998e-02
3.265725754576020989e-02
3.350944443352901064e-02
3.397291594191172159e-02
3.506022536608670304e-02
3.542943894443192215e-02
3.677298247192572339e-02
3.852167121698350793e-02
3.891855657063995194e-02
3.999002980212195552e-02
4.109298514867543856e-02
4.129023540797402414e-02
4.289860706818881403e-02
4.353710658136141637e-02
4.371554249724776686e-02
4.455936802236079575e-02
4.609391683319141036e-02
4.725575279287144020e-02
4.861566062859754705e-02
4.908389024122096489e-02
5.028744248956629886e-02
5.087057463135079977e-02
5.160971873728099207e-02
5.256267540654715326e-02
5.349155063785495517e-02
5.351306848847500047e-02
5.555251598569093535e-02
5.683078250894414707e-02
5.772370430119211360e-02
5.905606605188174624e-02
6.009345051213319661e-02
6.076830671768454484e-02
6.213223831667142455e-02
6.264632036426903694e-02
6.435453773789007181e-02
6.637075347740273301e-02
6.667106537906965225e-02
6.769000593811663746e-02
6.747747894248301570e-02
6.911462466162729412e-02
6.939033036685518518e-02
7.022275314202169882e-02
7.198739023928631131e-02
7.389136058432178855e-02
7.391610822353042454e-02
7.576757802426334343e-02
7.604425237073382526e-02
7.610361939826625066e-02
7.799758783021933095e-02
7.884266405322651328e-02
7.988386955166637549e-02
7.970932257954850553e-02
8.269636653763251521e-02
8.253251067688169296e-02
8.344270105771094126e-02
8.460628379119033982e-02
8.552570676015881779e-02
8.634802631267049500e-02
8.658004035116348418e-02
8.713744102344675446e-02
8.919477732046453278e-02
8.994757195207613021e-02
9.048598553305964298e-02
9.151193523604411739e-02
9.214811484135594644e-02
9.287818096798902689e-02
9.344350253298286391e-02
9.571507909489776478e-02
9.548233602684672028e-02
9.592816972160381206e-02
9.690648073591218159e-02
9.672908857191536702e-02
9.813982876231139296e-02
9.876519053360159617e-02
9.927858431072240919e-02
1.006799668678184795e-01
1.018114972528588180e-01
1.021745333733081185e-01
1.032016189647946974e-01
1.035731596438780461e-01
1.044901897978704475e-01
1.046354467836641128e-01
1.051276608067584634e-01
1.058649824104791332e-01
1.067579857348644051e-01
1.076240182953139418e-01
1.076454632410463325e-01
1.093737422153908817e-01
1.091000483403608556e-01
1.100878347707776317e-01
1.107560994149320993e-01
1.111399343402203199e-01
1.109933889020223580e-01
1.117113874014510205e-01
1.125760518848094582e-01
1.126910049153021232e-01
1.134226015996378373e-01
1.154038869294446573e-01
1.157627875156036629e-01
1.153473096546780707e-01
1.162709814161278360e-01
1.156061767769653581e-01
1.168547390138157532e-01
1.179745868277429083e-01
1.180698885312802676e-01
1.184034486257431601e-01
1.194099407102566929e-01
1.199621199116060327e-01
1.199625453164323424e-01
1.200832022258391529e-01
1.206871428421598114e-01
1.214928068250451243e-01
1.220119764207877183e-01
1.223120362085657192e-01
1.235658784784822023e-01
1.241522398447486158e-01
1.234176532823616085e-01
1.244797229416082091e-01
1.255753939906515682e-01
1.256224094362445864e-01
1.256852716760707978e-01
1.262273705730123929e-01
1.268905230922840188e-01
1.270510806290534311e-01
1.272555858672994311e-01
1.280136251706781858e-01
1.285406083962095103e-01
1.283284917436736394e-01
1.288087467223346105e-01
1.293570647469952373e-01
1.291717241843588215e-01
1.297817198161304308e-01
1.299329372504664792e-01
1.309242337542684542e-01
1.314486726441650988e-01
1.312015606874482598e-01
1.321353061239614601e-01
1.324984336209873159e-01
1.328391420651371946e-01
1.330990972288895735e-01
1.326414023964316569e-01
1.333092039572733589e-01
1.328129334745465351e-01
1.339565973279537581e-01
1.336629098992085651e-01
1.344947824594593944e-01
1.345743847137405025e-01
1.350132452829038987e-01
1.346081376594901735e-01
1.355966698526395731e-01
1.359460162409367734e-01
1.364947437511090100e-01
1.372836009602554641e-01
1.357380817359201131e-01
1.362907419932627706e-01
1.365849510769416852e-01
1.367131940368358500e-01
1.376309342841066097e-01
1.376423078302971004e-01
1.378515958801031505e-01
1.379753686844829019e-01
1.382355910417358280e-01
1.382713227561692682e-01
1.382485172353286884e-01
1.389214621456695831e-01
1.386578138468825272e-01
1.387174511652065068e-01
1.379956959588795884e-01
1.383118441468256798e-01
1.388553691008836133e-01
1.383634595153440394e-01
1.389739454981429867e-01
1.394899591566482466e-01
1.397076079064581977e-01
1.400847576323763777e-01
1.404234180402813836e-01
1.394253779557766137e-01
1.401024858255298100e-01
1.396913236798828228e-01
1.402334811564793504e-01
1.400602381423914355e-01
1.404950327273856159e-01
1.405408686812882890e-01
1.407712403649155064e-01
1.407552801241822582e-01
1.401910024846334257e-01
1.407709599488529140e-01
1.406340203802640687e-01
1.401045273433761951e-01
1.403435473510594445e-01
1.407634975842657898e-01
1.406316570283057676e-01
1.407670182697033923e-01
1.407193854374346742e-01
1.412062372579076519e-01
1.411970576473257910e-01
1.411774152694649787e-01
1.414042899697001976e-01
1.409471375298774753e-01
1.404910588996811927e-01
1.409197215631068645e-01
1.415056029775763335e-01
1.413206292885382520e-01
1.414786334248281652e-01
1.415756339495182203e-01
1.412659863458486653e-01
1.416153707383773497e-01
1.422946674943807999e-01
1.416229484134901018e-01
1.409316105737196956e-01
1.410040965344830366e-01
1.411619058802695281e-01
1.413396982881559016e-01
1.408387977818670589e-01
1.409673539773649009e-01
1.408823198985036385e-01
1.404955525555113549e-01
1.409566755434388252e-01
1.408966027230690587e-01
1.404866999495802959e-01
1.413796356879646610e-01
1.415009408804601687e-01
1.408563446476829295e-01
1.405695874660128630e-01
1.410893826555821573e-01
1.409047342786182710e-01
1.404882765308900494e-01
1.402307529081060489e-01
1.405986839531419286e-01
1.409129277638222766e-01
1.405232213325667556e-01
1.400999393499345880e-01
1.398507368293205599e-01
1.399869390372745215e-01
1.403342110470773840e-01
1.395758912435289267e-01
1.394943611129705885e-01
1.398087416233948221e-01
1.395930894907244924e-01
1.393394276842329915e-01
1.392818213658429671e-01
1.393524554375778490e-01
1.396455022120823564e-01
1.393681765273749873e-01
1.388631063608742056e-01
1.394190372728050520e-01
1.391546832198561900e-01
1.382805942828133905e-01
1.387439786263944541e-01
1.386295712411177994e-01
1.380160088807420304e-01
1.379201832277309470e-01
1.380545906354811725e-01
1.379000843025713907e-01
1.379488467588337874e-01
1.380024727849462063e-01
1.378341236141014114e-01
1.377102487973214939e-01
1.375302057381554421e-01
1.369919218940059691e-01
1.367683069726484124e-01
1.363744456799249605e-01
1.365800712794980609e-01
1.365045435518432160e-01
1.365160131105286334e-01
1.365316704037685125e-01
1.363941738680505555e-01
1.361914925043763713e-01
1.359752534314728201e-01
1.355324333076923238e-01
1.357323908118757694e-01
1.357315122113746941e-01
1.352630888802812681e-01
1.353340602581696861e-01
1.354265300899420432e-01
1.351245784991409737e-01
1.345481478551781296e-01
1.347265536990212009e-01
1.346843262866283253e-01
1.337314469153212393e-01
1.336447454146889313e-01
1.337632095643463137e-01
1.337221981201380805e-01
1.336749099564218946e-01
1.338137900110051015e-01
1.335057995370730610e-01
1.334611951624728454e-01
1.332358439142344586e-01
1.329294585390340955e-01
1.324855353019312454e-01
1.322122757665444570e-01
1.324764798773730434e-01
1.323208033364404457e-01
1.323890569562324870e-01
1.318941625397609674e-01
1.314410039656053741e-01
1.314693751976866720e-01
1.314358435174848572e-01
1.315399628371819174e-01
1.309413466584071484e-01
1.306927436833912048e-01
1.304195801681982125e-01
1.301579658420977115e-01
1.300285797452036263e-01
1.301623235897577113e-01
1.300781393995942559e-01
1.297351194040875511e-01
1.294577461937705121e-01
1.295942319364430106e-01
1.292185123218562437e-01
1.286373887082691014e-01
1.286727621763500418e-01
1.286649284675297766e-01
1.282449145760328757e-01
1.283644218068394349e-01
1.277670646415925426e-01
1.277654148075139662e-01
1.277439828809314726e-01
1.274898600452328556e-01
1.270659402101621538e-01
1.269144407795330110e-01
1.269222775932986047e-01
1.266023154661775618e-01
1.264823711571065323e-01
1.264211073831525700e-01
1.257958254858592972e-01
1.253650224779985778e-01
1.253202342899082944e-01
1.256278514085012732e-01
1.253857508567122470e-01
1.250547189003189397e-01
1.247861209307290636e-01
1.248436543951404742e-01
1.244757301093266377e-01
1.245916225833677421e-01
1.240090848369172771e-01
1.237024095621147568e-01
1.234631434166346131e-01
1.234141480965486315e-01
1.232277117883775336e-01
1.229613765632796563e-01
1.225898361658168262e-01
1.226402086520947537e-01
1.228457346745580742e-01
1.225049379695537094e-01
1.221296821889171352e-01
1.218945946217636356e-01
1.218130394288463869e-01
1.217710346231782731e-01
1.214416126590712325e-01
1.213840819653784348e-01
1.212217257596039793e-01
1.209175310939153564e-01
1.207744067204849642e-01
1.204560516497799189e-01
1.201254959204509920e-01
1.202198145425325826e-01
1.199182935121646254e-01
1.195311842769753580e-01
1.192721224771333410e-01
1.192182607652597648e-01
1.191212929291386724e-01
1.189555445082396690e-01
1.188426660324159861e-01
1.185484068770839700e-01
1.182027692273415476e-01
1.180032837565602455e-01
1.177524092637784320e-01
1.175937021152045209e-01
1.172570347091010795e-01
1.170847942974829609e-01
1.172040186682078433e-01
1.172926250190060443e-01
1.167994997634028004e-01
1.161461724735685930e-01
1.161724785608860694e-01
1.158855150128563216e-01
1.158019416120423667e-01
1.157309129609052495e-01
1.155480574244771991e-01
1.153691123270613600e-01
1.152064879360416710e-01
1.149635771019515834e-01
1.147811095232772055e-01
1.144031779523086434e-01
1.144243072732389482e-01
1.141384378582477321e-01
1.140137599945497127e-01
1.138127094997369582e-01
1.134276105159476994e-01
1.133626303250538092e-01
1.129802689024162199e-01
1.128391639579443412e-01
1.127756972069408337e-01
1.124285093570965982e-01
1.121107170584264984e-01
1.121146646584186835e-01
1.119052709814029462e-01
1.118794875904576686e-01
1.115976046731576715e-01
1.115459235587137748e-01
1.115837710765817947e-01
1.114737289107959467e-01
1.110955108310627548e-01
1.108561947074400977e-01
1.103077609973166923e-01
1.101026078191024021e-01
1.099984428122911390e-01
1.099492088327244377e-01
1.096595222962277183e-01
1.096139710837389925e-01
1.094847466370852257e-01
1.091059368385784850e-01
1.090268356334755384e-01
1.087411810773926402e-01
1.084974656944674015e-01
1.083680647450878526e-01
1.080375070036627971e-01
1.078971233060813106e-01
1.079594899505040423e-01
1.078380490419987570e-01
1.077867079564667624e-01
1.073775179825880444e-01
1.072651784134193431e-01
1.068953875510083307e-01
1.066339677099775035e-01
1.065195982866802837e-01
1.066750386646851817e-01
1.062863735355969591e-01
1.061348403212811625e-01
1.061069060243070572e-01
1.058090726033922291e-01
1.057394939553515378e-01
1.054750373150331183e-01
1.052903133665744201e-01
1.049200607321604389e-01
1.048368084882150830e-01
1.043520489727812750e-01
1.043255598510895304e-01
1.043996631995419561e-01
1.042345985500491568e-01
1.042446650031872146e-01
1.038711085263073347e-01
1.033666889896181079e-01
1.032897336743130862e-01
1.031233213456047015e-01
1.031324774406823935e-01
1.030485712648222529e-01
1.026517689586443904e-01
1.024924327202626773e-01
1.024026908374564976e-01
1.022086604947519961e-01
1.020234439106707386e-01
1.017341119968883517e-01
1.016551913496793330e-01
1.014953956782183586e-01
1.011942485661762037e-01
