2.019201762195447526e-04
5.825642330875432321e-04
5.008595168476927739e-04
1.426580989630399539e-03
2.766704625312151923e-03
3.537830307367837834e-03
4.209789684166500602e-03
4.850689604622279369e-03
5.628144781806693892e-03
6.534511923248529502e-03
7.385773368020637393e-03
8.267931378184855892e-03
9.743413134934212488e-03
1.081901158453210318e-02
1.208851672316298836e-02
1.314934103061306779e-02
1.401529943130144437e-02
1.427837491530524298e-02
1.468486482129208008e-02
1.527291713755072299e-02
1.527637705226420582e-02
1.649079154269001216e-02
1.746226054556296661e-02
1.970244635793147459e-02
1.973689855316996047e-02
2.009115998275009737e-02
2.022960313735137211e-02
1.971178931431310025e-02
1.969342651175480519e-02
1.989246729021013765e-02
1.994264840770833963e-02
2.121149022034009290e-02
2.181821092262550485e-02
2.249547704461597394e-02
2.336560978287016699e-02
2.329101863087011323e-02
2.383791528761806597e-02
2.331574934718423642e-02
2.307564290070233601e-02
2.325252862130593873e-02
2.464842533790909812e-02
2.462001059226108513e-02
2.549908414608961782e-02
2.623065655180565128e-02
2.673056912820915426e-02
2.769165652649552278e-02
2.856225827166998174e-02
2.775837893011197377e-02
2.840273346262580864e-02
2.943877114358561115e-02
2.994203954008641325e-02
3.091356408097765962e-02
3.193378182397923343e-02
3.261309571677879771e-02
3.337616283184205446e-02
3.466215586577451463e-02
3.505034614798314963e-02
3.589805066950669393e-02
3.642563349203890855e-02
3.751453664844302260e-02
3.796942133331027147e-02
3.934799998338340404e-02
4.107311636630740087e-02
4.147419394867041254e-02
4.256109344046641457e-02
4.343317505407858631e-02
4.394389254822467922e-02
4.565984464108142904e-02
4.625217142029920681e-02
4.634384772638316941e-02
4.724195079287504817e-02
4.861551907792940885e-02
4.982219594117791306e-02
5.143874012113457128e-02
5.178079909270138365e-02
5.283558793071412019e-02
5.359052935306644894e-02
5.435644593559430665e-02
5.540756320154278242e-02
5.620243635823636563e-02
5.608020614163889556e-02
5.817138630793691756e-02
5.939311175565081813e-02
6.024389135930131173e-02
6.162157136276532471e-02
6.239994704766854694e-02
6.302791393356929617e-02
6.451240200728633467e-02
6.487447423913779432e-02
6.668832447174515010e-02
6.872436108163906821e-02
6.893099271293788577e-02
7.012714133213508727e-02
6.980168332528149944e-02
7.148536204189626098e-02
7.144258154986513065e-02
7.260146478474022169e-02
7.388824715136528554e-02
7.581406830905261518e-02
7.594725589447577641e-02
7.813481167178092102e-02
7.813621015376329138e-02
7.850112577167159267e-02
7.984156566879421768e-02
8.052428773597732070e-02
8.173554031078578141e-02
8.148298595600117489e-02
8.482854229563592530e-02
8.456400822059000066e-02
8.537069492568413742e-02
8.601264830046560783e-02
8.726798538541012673e-02
8.798537281241913810e-02
8.844819230925345110e-02
8.828072137568630795e-02
9.073100274721339342e-02
9.167845975346587684e-02
9.177885515556792606e-02
9.289856496696377586e-02
9.341094526561495581e-02
9.400897509618909298e-02
9.474319047075992206e-02
9.715693792071612711e-02
9.687794336089432246e-02
9.737690898846049214e-02
9.798660409325885001e-02
9.774344012503123624e-02
9.943136935785726327e-02
9.962790744451187341e-02
1.000341354984330966e-01
1.019256641928065060e-01
1.028108669327944535e-01
1.027402739226371264e-01
1.038000414503663926e-01
1.043397929471180235e-01
1.052726194526696774e-01
1.049025010423009913e-01
1.055274911013063255e-01
1.064907868478862235e-01
1.073110218044124597e-01
1.078954702387426717e-01
1.081594589842205800e-01
1.096354889054812626e-01
1.094697571330255498e-01
1.100373274846707244e-01
1.103293052509140421e-01
1.110214437157040768e-01
1.109935937612015200e-01
1.115830261574687066e-01
1.117540763805665999e-01
1.124905111872346458e-01
1.130576065894592780e-01
1.148843364929346134e-01
1.155887808702037306e-01
1.152436430416919344e-01
1.155171039881561224e-01
1.151197465303275408e-01
1.159682929102913845e-01
1.163596011191450480e-01
1.169454033909515245e-01
1.172717787514544335e-01
1.181857154952909994e-01
1.190065548270892171e-01
1.185019874070248197e-01
1.186823762354328182e-01
1.192859368408291654e-01
1.196403429105897115e-01
1.202843611745926661e-01
1.207604873752546742e-01
1.216088749262452667e-01
1.217885958901908927e-01
1.212794915050839778e-01
1.219595650402689330e-01
1.231088733624221276e-01
1.231071699771272565e-01
1.228382277751008111e-01
1.236635617721680014e-01
1.245907748388824371e-01
1.247156937486386397e-01
1.244644423448737214e-01
1.254022630017674611e-01
1.257983263250535277e-01
1.250309897354437427e-01
1.259814877347956441e-01
1.261059097327479062e-01
1.258953329926185694e-01
1.265122073380382517e-01
1.265739249552007284e-01
1.270610928236997617e-01
1.276180670888002189e-01
1.273529718512303455e-01
1.283284764664960331e-01
1.283520678724772990e-01
1.291260318200569135e-01
1.291190546063107347e-01
1.286452080176262169e-01
1.293015437709584825e-01
1.289250973756222718e-01
1.295517958833328209e-01
1.292706599887549213e-01
1.300009812738140980e-01
1.300676455093283390e-01
1.303496566062149475e-01
1.298166363617786756e-01
1.306119797183442066e-01
1.307882658447940827e-01
1.313131418905912340e-01
1.323914975254510129e-01
1.311130498671778943e-01
1.313464135369785957e-01
1.312094989279370405e-01
1.317566555909679971e-01
1.320775946217146168e-01
1.316695341146904008e-01
1.321282443141950647e-01
1.324006282632348153e-01
1.325138646470608028e-01
1.324610819292184605e-01
1.324039376703979864e-01
1.329501599816791668e-01
1.327198412978080611e-01
1.326874636157822640e-01
1.320591940745106108e-01
1.321960771896492082e-01
1.322858573117860481e-01
1.322851282741442369e-01
1.322585865205381239e-01
1.329374454267553962e-01
1.327891039216337055e-01
1.328041270272685981e-01
1.338244904741526797e-01
1.330282747081324435e-01
1.332015981456660114e-01
1.325215216182812905e-01
1.329956439439829441e-01
1.333063097927833229e-01
1.331335253917523553e-01
1.328810720328585382e-01
1.331698459708666182e-01
1.331420292113248138e-01
1.327315920646405245e-01
1.330782816676644165e-01
1.332806680618180417e-01
1.322426748088493254e-01
1.325184637559084222e-01
1.330837264905920525e-01
1.326926305551420215e-01
1.327009798311255540e-01
1.322744695308852303e-01
1.327576641222971976e-01
1.327677106818720976e-01
1.327232413307548042e-01
1.330039088343196452e-01
1.324531428852313841e-01
1.321381057425395633e-01
1.320082242614420698e-01
1.323711502654559280e-01
1.321952257434798605e-01
1.324180256960826862e-01
1.324371193079917353e-01
1.320994819352296068e-01
1.323798412436844041e-01
1.327699576468237275e-01
1.324304594311337957e-01
1.317762875394122291e-01
1.318144553503330374e-01
1.319909120212892084e-01
1.318590917430836895e-01
1.313562842226274063e-01
1.315052117565467804e-01
1.311971888614681947e-01
1.307082574707161826e-01
1.309518139905519185e-01
1.311678498577895369e-01
1.307083892371744827e-01
1.310627029081100625e-01
1.310913949138352852e-01
1.304506860944050217e-01
1.301039915344605613e-01
1.310216262515928876e-01
1.308092924075245633e-01
1.299400800680848567e-01
1.294086766387594623e-01
1.302640132614125146e-01
1.302910243764640874e-01
1.298164261728023960e-01
1.293335556882125870e-01
1.291486908214143081e-01
1.291379653044192333e-01
1.291974756251898782e-01
1.286368250433130023e-01
1.285770720220091035e-01
1.288083027090571320e-01
1.284430818265358543e-01
1.281429727883907632e-01
1.282367974761420004e-01
1.281097524880006056e-01
1.281016793885705884e-01
1.278954885205474956e-01
1.277841583871710263e-01
1.280251051493777048e-01
1.275899198464772177e-01
1.268041058750961625e-01
1.269565638430256715e-01
1.265125263581462489e-01
1.261508270984345315e-01
1.264663241715756059e-01
1.263862830713272378e-01
1.260874798661198448e-01
1.261322042895717532e-01
1.260503488125640781e-01
1.257427608199954139e-01
1.255604169864949493e-01
1.254912278601619247e-01
1.251018553059375094e-01
1.246043779099322013e-01
1.243021871677197215e-01
1.244217423544557583e-01
1.243227711876283142e-01
1.241232215873482592e-01
1.241479767231456338e-01
1.237534755696439309e-01
1.235254348130913338e-01
1.233278004752389745e-01
1.232173265330187145e-01
1.232170946133025191e-01
1.227235373708392974e-01
1.223983379335588373e-01
1.226293600962083397e-01
1.224478047851253887e-01
1.221674550352371963e-01
1.217123839583321432e-01
1.219843205568299505e-01
1.217632575878448836e-01
1.207149502815107328e-01
1.206474050256478997e-01
1.209243225027012147e-01
1.207617905756781101e-01
1.205561574142843123e-01
1.205411785437450201e-01
1.202244624069262746e-01
1.200505655404137256e-01
1.199171437326056744e-01
1.197091451220791553e-01
1.193702873076390863e-01
1.189308419371535447e-01
1.188275410076862215e-01
1.184886116811654927e-01
1.184897117768353575e-01
1.184322718345938441e-01
1.179968071645101785e-01
1.179423762374870177e-01
1.179173492965745612e-01
1.179653849108206337e-01
1.176459081557583303e-01
1.172918593757823341e-01
1.167518673841201754e-01
1.164397246227472232e-01
1.161977171626144834e-01
1.165190969151988915e-01
1.165627173214507373e-01
1.162766016997367480e-01
1.156406742882088584e-01
1.156547678065030921e-01
1.152288403292406199e-01
1.149665024426077264e-01
1.148854655670455277e-01
1.148789696086919832e-01
1.142808077028518304e-01
1.143156778566606080e-01
1.138067477864499327e-01
1.137058828327854043e-01
1.136788503258843869e-01
1.135146054002049293e-01
1.132998929884415917e-01
1.130215990760497086e-01
1.129943245152419118e-01
1.126366578784238903e-01
1.126130009831180084e-01
1.124310037708197013e-01
1.117366141410733732e-01
1.114316768928878404e-01
1.113119021574141693e-01
1.114462019002527837e-01
1.113558531988859818e-01
1.110687084756316473e-01
1.107545642639831268e-01
1.107283617413150484e-01
1.103974175297118970e-01
1.103404232569271254e-01
1.098317957244881876e-01
1.095841458041745958e-01
1.093469261815902954e-01
1.093130187900462347e-01
1.092755031553640649e-01
1.090415607541749682e-01
1.084894487932782509e-01
1.083810103194001867e-01
1.086484639302430083e-01
1.083178441865604719e-01
1.078849262599957948e-01
1.076691812082727490e-01
1.076057805300337511e-01
1.075099965670112678e-01
1.071981120076419824e-01
1.070517174894287660e-01
1.068766515232021930e-01
1.066289470052343286e-01
1.065709468670208993e-01
1.063332571695229378e-01
1.059268681492518405e-01
1.059953164763043215e-01
1.056734191659371713e-01
1.054874872422343485e-01
1.053058921519240826e-01
1.052090936264277188e-01
1.049820299772087212e-01
1.048238517424826544e-01
1.047621724099070534e-01
1.044924446935509288e-01
1.042068077643214657e-01
1.039482471738028269e-01
1.036914999873495141e-01
1.035489819198360389e-01
1.032688058741513121e-01
1.030931621103086393e-01
1.031850058408826376e-01
1.032211303005418773e-01
1.027266006652861191e-01
1.021802361688865651e-01
1.022558586154356103e-01
1.019943827522292457e-01
1.019576215953084675e-01
1.018250698523609221e-01
1.016730678267967480e-01
1.014487469818281667e-01
1.011681049329445220e-01
1.009990300677884728e-01
1.008355947630823063e-01
1.006218567594136248e-01
1.005887033116227708e-01
1.003806360181781765e-01
1.002162967058137927e-01
1.000815626755301585e-01
9.984055011511949740e-02
9.969807954783760362e-02
9.936719077212528839e-02
9.917943401131852632e-02
9.915493408579335866e-02
9.885823706776954156e-02
9.874202371072844653e-02
9.864459484294003933e-02
9.834791065165172930e-02
9.835749622975006878e-02
9.795659340165788209e-02
9.801932689722193948e-02
9.802415610476127028e-02
9.805941549030117166e-02
9.768759333423991664e-02
9.730313554329236836e-02
9.687712622447075539e-02
9.678876210708654837e-02
9.674526561425630944e-02
9.677882472213318599e-02
9.664050363763321272e-02
9.653263314274271312e-02
9.637279305510293437e-02
9.609475438050649188e-02
9.604998959659886981e-02
9.585910004149701680e-02
9.559219602389672221e-02
9.541197888867061772e-02
9.518656207456423213e-02
9.500837458974366323e-02
9.509901901184267259e-02
9.500879445735395390e-02
9.492941166272718390e-02
9.454546036556958633e-02
9.441727227285121038e-02
9.425752668187520333e-02
9.406465551991889662e-02
9.399391971936732482e-02
9.413166747099876996e-02
9.382888817471835008e-02
9.370291212400175263e-02
9.371323028392099241e-02
9.343476697884392501e-02
9.339662316917846097e-02
9.321576227564963568e-02
9.293442308833710364e-02
9.278921375078608147e-02
9.268245623326806792e-02
9.239579145153678508e-02
9.238038293566255832e-02
9.243314274654246265e-02
9.219386063052041613e-02
9.222745706791732334e-02
9.197781150006117956e-02
9.162405652530020150e-02
9.161501512985120721e-02
9.147429583394756092e-02
9.140181987934928309e-02
9.131659159766593314e-02
9.106271629505001408e-02
9.092498776900934110e-02
9.096417811216923888e-02
9.088346135932920400e-02
9.066743640574796703e-02
9.055682285236635320e-02
9.041000005332280876e-02
9.031380097951426100e-02
9.009048102621303178e-02
