2.310961769664914261e-04
5.093471095706711676e-04
8.432969654990265379e-04
2.039399556079306199e-03
3.703540724548438131e-03
4.815106759788107850e-03
5.881841691544345725e-03
6.856845340704039934e-03
8.168940554804745083e-03
9.492604885688007282e-03
1.069389009166884889e-02
1.187312611906309913e-02
1.379125372994682505e-02
1.506550140400375604e-02
1.668839314122393461e-02
1.807569406594224798e-02
1.922283505138491777e-02
1.974644633701980526e-02
2.041163093490169084e-02
2.113020379876062033e-02
2.105351390166766354e-02
2.254250432123644857e-02
2.358635900201316513e-02
2.640311430137343499e-02
2.659245457774651530e-02
2.704066850322541307e-02
2.716022113228677703e-02
2.658849835330110226e-02
2.641010479870476574e-02
2.678300121000468798e-02
2.690538737214518555e-02
2.835212223018143685e-02
2.900650470619044879e-02
2.957744262614725103e-02
3.054595724667445375e-02
3.057345102556426053e-02
3.114618895979151883e-02
3.068696553395378751e-02
3.053583146731336448e-02
3.120656428769177232e-02
3.253697955163714628e-02
3.224214305266547703e-02
3.323091613241836023e-02
3.407118911813832030e-02
3.439315516848417964e-02
3.564414315809803085e-02
3.664799912108544083e-02
3.595649010435036930e-02
3.649791111794398885e-02
3.752834539971297567e-02
3.820057307845425160e-02
3.957224800766113992e-02
4.037436833249563595e-02
4.116664286035105758e-02
4.179023950232751972e-02
4.311625578499429789e-02
4.369058199023970884e-02
4.409282431497733856e-02
4.516422961712654449e-02
4.613544320103847574e-02
4.703191980531221117e-02
4.856718324360913275e-02
4.954762175875764701e-02
5.046330868346032839e-02
5.119813863842163221e-02
5.146979465638443912e-02
5.313285307364160048e-02
5.483104871581923057e-02
5.487953543200625728e-02
5.553035278749511583e-02
5.641850353118117029e-02
5.733859813280409862e-02
5.889207614696282539e-02
6.075548215730375984e-02
6.087796563411653622e-02
6.140889834361148297e-02
6.269585025846005633e-02
6.348287578108503804e-02
6.509951607780901928e-02
6.517473104138311879e-02
6.501536326251514120e-02
6.710356941537143349e-02
6.744094559829240387e-02
6.839638694537951424e-02
7.053055836947355606e-02
7.018242832963240974e-02
7.058973726672464200e-02
7.245840045540086205e-02
7.257588828639610634e-02
7.405881134131117594e-02
7.562232476045870067e-02
7.579370104424607013e-02
7.696565247450604108e-02
7.677592260383166167e-02
7.875565060024652952e-02
7.782474671040497116e-02
8.009003613552903578e-02
7.981896479998089322e-02
8.086926587221904272e-02
8.184028565815640310e-02
8.411888065315085983e-02
8.367200417766469667e-02
8.585721778162733187e-02
8.426630436265261648e-02
8.489428973559706715e-02
8.645777547238066296e-02
8.663312418773728985e-02
8.871877086408946900e-02
8.945502807631834641e-02
9.004901938905701675e-02
8.905851897844993537e-02
9.069782968776482490e-02
9.135131060501155975e-02
9.199714003168361909e-02
9.068622667108931779e-02
9.306087875042820534e-02
9.419726804225109218e-02
9.393846058322903592e-02
9.436882806777203980e-02
9.486801458509837304e-02
9.551435482098392937e-02
9.653707960278264111e-02
9.762308413310449851e-02
9.814633926500788974e-02
9.825048080687277807e-02
9.831156991597299333e-02
9.889157017107338965e-02
1.002565719281293399e-01
1.000894695112803934e-01
9.976507494200409498e-02
1.013182723248238631e-01
1.017820735861706405e-01
1.008769614368792977e-01
1.020266875686284269e-01
1.026842547410236201e-01
1.033009694637258974e-01
1.031760533733185742e-01
1.036094565179708216e-01
1.044826347415817036e-01
1.047394437648263427e-01
1.049767094838186393e-01
1.056052016225017681e-01
1.061920793928218948e-01
1.058650951286196074e-01
1.058576459128049985e-01
1.055520878007974450e-01
1.067579280512503670e-01
1.066167028892425622e-01
1.065531199104352150e-01
1.062053312773269392e-01
1.075318322049631375e-01
1.071775424723802883e-01
1.085205134377635605e-01
1.092548816592003175e-01
1.091833596442256110e-01
1.089647122655620914e-01
1.096505821067322306e-01
1.091841292933523611e-01
1.081364774788827060e-01
1.093460398270311995e-01
1.100580567833621681e-01
1.097685554256302293e-01
1.100799278655289898e-01
1.104517570661250336e-01
1.105008657115700427e-01
1.102256958100549522e-01
1.094432179878006145e-01
1.105998165116512388e-01
1.114004886420502521e-01
1.111759077397614232e-01
1.103197160239561686e-01
1.108107000636435469e-01
1.102546266975866773e-01
1.106367210367490417e-01
1.103431613172215914e-01
1.106023440571360789e-01
1.109365175521201119e-01
1.103347816669995596e-01
1.115707920785538043e-01
1.108564564940670988e-01
1.116567113505026465e-01
1.111508397161071887e-01
1.112190567160871169e-01
1.119418081774397333e-01
1.110446696588775622e-01
1.116195623027826656e-01
1.113528062244458772e-01
1.115225142639814787e-01
1.108276464332295375e-01
1.113743663444785176e-01
1.115654505508170274e-01
1.111797942552835844e-01
1.117168999458057616e-01
1.119965203458616054e-01
1.112849520265644515e-01
1.113833403132176297e-01
1.117426518045429168e-01
1.115101420049073727e-01
1.104628895056771060e-01
1.107836073519039566e-01
1.103915158353200587e-01
1.115024897899992290e-01
1.114932607418004651e-01
1.113378725429322869e-01
1.105373794780066810e-01
1.106436551767572690e-01
1.101198495256381221e-01
1.108433789882559417e-01
1.111150781390824738e-01
1.108922815196008022e-01
1.099123687485260015e-01
1.108732650373485951e-01
1.100174596931219606e-01
1.093604243564685607e-01
1.096254507090590330e-01
1.096579182983602602e-01
1.096572676071441571e-01
1.092416804775845907e-01
1.095050544446895258e-01
1.092504051808309423e-01
1.092219187006264192e-01
1.088679811841562622e-01
1.090028666237029126e-01
1.084801952547211484e-01
1.086091756984755990e-01
1.089720690648079138e-01
1.079565219456532499e-01
1.081944970027428066e-01
1.077276693291422255e-01
1.071344079782973607e-01
1.074951745460396152e-01
1.079063277729589709e-01
1.071331134896243570e-01
1.072630610242114868e-01
1.072401231244666242e-01
1.071067107898988346e-01
1.068001986281953974e-01
1.062919857353188668e-01
1.062463097664820000e-01
1.062914780330186937e-01
1.064365291605491592e-01
1.053337471476486625e-01
1.057377044969349256e-01
1.057394391171109227e-01
1.051013278800976558e-01
1.053850453510531415e-01
1.050168111200931731e-01
1.044800722433609774e-01
1.043244290820774939e-01
1.043953727089164396e-01
1.040735674934105542e-01
1.043632920127762764e-01
1.043311705667192696e-01
1.034885580880331446e-01
1.038942279732947699e-01
1.028846538345526557e-01
1.032441624845017586e-01
1.028138989221865363e-01
1.029525261011097342e-01
1.026168832577285667e-01
1.024147107032877951e-01
1.023649047897698394e-01
1.021452944413061281e-01
1.021608415504404871e-01
1.019688488935714815e-01
1.018535326267351465e-01
1.013599381065769522e-01
1.008623672481463035e-01
1.013190507061987600e-01
1.011683106727282594e-01
1.006960164143681502e-01
1.004494798988263549e-01
1.003968019948881518e-01
1.006238768662841010e-01
1.003980397538924152e-01
9.986824363334777244e-02
9.958959686766684360e-02
9.949308882277418942e-02
9.935152895980890742e-02
9.883042817214268694e-02
9.874409532930632227e-02
9.887610286262162040e-02
9.880589265538043675e-02
9.845834257482123653e-02
9.784880037888514515e-02
9.822519270208796005e-02
9.793157088291860879e-02
9.798572989202065930e-02
9.760346661440762184e-02
9.680875963780365134e-02
9.725171424791068109e-02
9.701775998068559725e-02
9.668248293083459011e-02
9.660424422448904425e-02
9.647007882699831782e-02
9.632705370494132335e-02
9.635938023347676018e-02
9.557405581855314691e-02
9.548085437171134615e-02
9.597420016520702424e-02
9.565253062634156145e-02
9.535534709616495797e-02
9.527370504083385039e-02
9.515065736338322588e-02
9.503855745525185972e-02
9.477942080369201883e-02
9.468760182070666553e-02
9.446957327698358997e-02
9.464583391460022754e-02
9.435201252131936167e-02
9.395595022509704852e-02
9.377213425202986230e-02
9.369456146358048909e-02
9.344875467737820407e-02
9.338087615796107632e-02
9.312531918061417446e-02
9.312777208512659777e-02
9.284781776413125742e-02
9.272102240176309518e-02
9.240749578423533561e-02
9.231540518670457163e-02
9.237883683525401068e-02
9.237781397246019877e-02
9.218242535149724637e-02
9.224915699572140693e-02
9.195267584500306512e-02
9.181850646787055592e-02
9.162790117353245001e-02
9.127465756008940057e-02
9.126132124724603556e-02
9.107701530265495393e-02
9.101940680706066544e-02
9.114699411530029216e-02
9.092930354122906456e-02
9.092936335550538818e-02
9.069490385342551808e-02
9.052616133235626139e-02
9.029117838956031428e-02
9.030075787896475747e-02
9.045246153972529013e-02
9.039265277034980173e-02
8.987001839948700888e-02
8.969795093558982635e-02
8.968001916806134233e-02
8.997946244208947231e-02
8.982206086537493361e-02
8.952269721438897709e-02
8.915968696613586764e-02
8.902189247012307072e-02
8.927996294301324132e-02
8.898872676367941548e-02
8.889788214974285452e-02
8.883212304667124914e-02
8.857294530284123835e-02
8.870670645052759762e-02
8.876084690004018563e-02
8.880330387381547841e-02
8.865461349965896021e-02
8.851077773787578706e-02
8.829938984465872387e-02
8.849523404765113899e-02
8.838054657748470322e-02
8.811015333872761202e-02
8.792433780138529664e-02
8.807381989436204039e-02
8.805548034664115176e-02
8.794831592385952967e-02
8.800662494109652567e-02
8.768092533659686827e-02
8.785312218779701976e-02
8.777487602301910219e-02
8.752576662129213370e-02
8.729979102910713495e-02
8.718953172579342603e-02
8.734540944818090791e-02
8.750141496165635135e-02
8.736364251210643195e-02
8.720714724796514716e-02
8.718248771192312063e-02
8.730470098495755893e-02
8.734590653330547017e-02
8.739098472345713242e-02
8.717080988156208909e-02
8.705398736418464012e-02
8.722697014585649444e-02
8.734507279771075439e-02
8.696628515709892149e-02
8.696265157316548922e-02
8.686236514546293030e-02
8.700984906586396728e-02
8.693829554149291872e-02
8.697331395355770156e-02
8.692981351140824375e-02
8.698484258996656837e-02
8.713699589306646287e-02
8.720715919598952259e-02
8.704761352577737588e-02
8.687600790218268088e-02
8.705528750394884996e-02
8.688970879466409447e-02
8.681106537062735495e-02
8.675189357385820754e-02
8.670679546483719968e-02
8.682456142638303453e-02
8.691912390069780892e-02
8.692011110969549703e-02
8.684296442569053309e-02
8.688830258455181033e-02
8.693830645158916182e-02
8.698269665716189258e-02
8.688131351949753001e-02
8.700945235962638524e-02
8.694420178202805216e-02
8.704445891013551373e-02
8.710583915237295194e-02
8.723182921204104823e-02
8.717349819799975752e-02
8.710908782297933917e-02
8.715344602147867548e-02
8.712913816812478673e-02
8.737866298005178556e-02
8.739143462524807948e-02
8.739315919396596632e-02
8.732411532818679101e-02
8.731270903436907926e-02
8.728396962915735413e-02
8.761135476868751881e-02
8.760031459162657963e-02
8.757716235842953612e-02
8.755629079132278003e-02
8.749929385040457197e-02
8.753305823746013181e-02
8.756365292474331541e-02
8.775255517317358256e-02
8.791608274593788741e-02
8.787069709917409710e-02
8.782254962978791601e-02
8.789434619714700525e-02
8.781178271244664824e-02
8.809152825300901879e-02
8.808402569625654877e-02
8.827775957631682491e-02
8.809666881555953954e-02
8.835325820281170195e-02
8.834746508508659057e-02
8.838581544563293979e-02
8.832193466459124787e-02
8.836648067998469080e-02
8.843864396211026380e-02
8.857957884706195439e-02
8.870489948004195435e-02
8.878793881510153863e-02
8.878029225674335945e-02
8.897361786545465723e-02
8.901652764767178927e-02
8.908068735712276753e-02
8.902250441766083877e-02
8.910460054869069613e-02
8.929855467121163015e-02
8.932311687106946063e-02
8.931782475362624873e-02
8.939250613199051232e-02
8.944485541909096005e-02
8.959658004473994297e-02
8.968983866868114607e-02
8.978024980813585632e-02
8.999446537831162773e-02
8.990670326902371057e-02
8.999642143716371501e-02
9.012274120848394465e-02
9.032172700583868119e-02
9.033080828573716858e-02
9.030343910106956862e-02
9.033365927935148310e-02
9.047607148305897296e-02
9.065783059489233853e-02
9.064266833071288332e-02
9.073597171073098655e-02
9.087897345708166597e-02
9.103199761117561351e-02
9.101813300580868793e-02
9.114085040760344647e-02
9.125997200029846435e-02
9.119980028219809576e-02
9.142466749525017533e-02
9.145140166827810113e-02
9.173036940925057003e-02
9.175793635180269636e-02
9.194422965931001168e-02
9.196770994576153324e-02
9.212712051778579325e-02
9.215721756959904809e-02
9.223100037583009669e-02
9.241942860478825905e-02
9.240830134886189595e-02
9.238429756728533393e-02
9.259271379612660224e-02
9.270708091864823808e-02
9.281241309606705348e-02
9.288062192097595871e-02
9.305432886675299442e-02
9.311251912093944372e-02
9.319816466950835154e-02
9.329625396983896868e-02
9.338191466437978372e-02
9.352984533549746349e-02
9.384657724569443749e-02
9.375148932664714718e-02
9.400035471037458679e-02
9.397080555519077283e-02
9.410290216009030428e-02
9.410082044546502766e-02
