-2.635669460460121749e-16
8.051337374581634987e-16
1.432592933170440003e-14
-1.022071316469919057e-15
4.435340983377500497e-16
-3.240741008880831985e-16
1.353667178349837763e-15
-6.750988656989420744e-16
2.666200593637313396e-16
1.952882300315650240e-16
-5.004885395010205692e-16
-6.755707104844078002e-17
8.500422588042511391e-16
1.776356839400250502e-17
-1.110223024625156564e-19
3.297362383136714772e-17
-2.786659791809142926e-17
-1.065814103640150301e-17
-1.406652572200073230e-16
3.176348073452573095e-16
-3.375077994860475922e-16
-6.059597268404104603e-16
7.124301149019629315e-16
4.296563105299355930e-17
-2.814415367424771988e-16
1.295963336644945234e-15
-1.690203532689338339e-15
-9.727774141765622112e-16
1.442290731290540824e-15
-3.212763388660277867e-15
-1.272537630825354398e-15
-3.207434318142077013e-16
7.283285086145952366e-15
-1.492472812003597895e-15
-5.422329252269264922e-15
-3.741451592986777857e-15
3.692823824508195735e-15
-3.228528555609955030e-15
7.862377415790433348e-15
1.404210081545897958e-15
-2.549072064539359216e-16
2.516209463010454947e-15
-3.512745649913995357e-15
3.208988630376552455e-15
-4.809708187281103467e-15
-3.520073121876521273e-15
3.315125951530717367e-15
6.158407117595743204e-15
-4.589439939195472214e-15
8.233191906015236011e-15
-1.225242129976322712e-15
-7.651657085716579066e-15
-4.456879310055228233e-15
-2.757349903959038620e-15
2.886579864025407104e-17
5.191402863147231762e-15
9.196865491389871068e-15
-6.176170685989746118e-15
-3.015365734881925377e-16
-6.219469383950127287e-16
-1.213762423901698566e-14
-4.942934950236121779e-15
8.045564214853584808e-15
-1.964317597469289622e-15
-5.059730412426688203e-15
-3.506084311766244165e-15
-4.832467759285918987e-15
3.813727111889875131e-15
8.987255384340642905e-16
6.921574424723076068e-15
-8.959499808725013597e-15
-8.355649505631390159e-15
8.059108935754011706e-15
-7.304490345916293133e-15
3.596678510575657217e-15
-2.142730437526552177e-17
7.348566199993910889e-15
-6.942224572981103973e-15
8.023581798966006665e-16
-4.849676216167609040e-15
6.177947042829146173e-15
-2.926991982121762788e-15
5.157096971686314703e-15
-1.063260590683512414e-15
4.486855331720107807e-15
-7.928990797267943687e-15
-3.571809514824053294e-15
-1.041122743572486756e-14
-4.124589558784919436e-15
-1.862732190716087498e-15
7.364109322338663143e-15
-1.180255893018511492e-14
5.717981643726943743e-15
1.485256362343534432e-14
8.940737039608848792e-15
-2.087330308597756632e-15
-7.310485550249267628e-15
2.344013871891092953e-15
1.294298002108007436e-15
6.507350214235429980e-15
7.502998222719270757e-15
-5.230371691311574656e-15
-1.222355550112297327e-15
8.897327319346003789e-16
4.615641202576625587e-15
1.083688694336615214e-15
-1.191269305422792917e-16
1.053335196843363572e-14
-6.734612867376199393e-16
-7.390310585719817305e-15
2.209898930516374220e-15
-5.213829368244660511e-15
-1.234901070290561546e-15
-9.171330361823493604e-15
-2.444044966409819536e-15
-6.307177002895514361e-16
3.351097177528572618e-15
8.991696276439143042e-16
-5.912825784548659000e-15
1.231570401216686147e-15
-4.568678768634982052e-15
-1.219024881038421929e-15
-2.887690087050032138e-16
4.642175532865167308e-15
2.841060720015775768e-16
-7.320311024017201425e-15
-4.457545443870003155e-16
7.708333971123692563e-15
3.817668403627294323e-15
-3.733235942604551124e-15
3.599009978927370134e-15
-1.617428413425159331e-15
9.428013925116830319e-16
1.161182261455451185e-15
-2.845113034055657415e-15
-8.016809438515793216e-15
9.775846798731890582e-15
1.931815818423387984e-14
-6.464440094333667894e-15
3.889666366774235561e-15
9.381495580385035812e-15
5.291767024573346298e-15
5.479838804944847318e-15
-9.623413177450857650e-15
1.489591783254695702e-14
1.408928529400554920e-15
8.836820164503933752e-16
8.117506666849294523e-15
-1.033728658228483248e-15
-8.501921389125755606e-15
2.172484414586506473e-15
7.494005416219806648e-16
-1.416156081290864648e-14
2.518818487118323901e-15
-1.222755230401162359e-14
-2.440658786184712811e-15
4.227673766621365183e-15
-1.651456749129920403e-16
-1.983746500400229546e-15
-8.880729485127858122e-15
-6.630973548027441375e-15
1.242839164916631413e-14
-2.098665685679179726e-14
-1.764477453036761365e-14
-1.083133582824302746e-15
7.295664072870522015e-15
1.539951499651692817e-14
1.135092020376760069e-15
-1.736499832816207346e-15
4.211464510461837809e-15
4.207856285631806176e-15
-2.045197344813232317e-15
-1.062816501473662400e-15
3.536726467245898858e-15
9.262868250203837811e-15
1.351546652372803765e-14
3.792077762909684547e-15
8.440470544712752638e-16
-5.782041512247815468e-16
8.256506589532363604e-15
-1.025812768062905951e-14
7.692180226115396712e-15
1.211669653500280251e-14
1.027516960405705499e-14
1.275984873316815482e-14
1.510025438022921614e-14
1.486422096519390891e-15
6.825651155395462063e-16
2.684685806997322263e-15
1.729316689846882640e-14
-5.885680831596573682e-15
9.178491300332325346e-15
-3.942179915839006140e-15
8.719081012742434989e-15
2.445099678283213343e-15
-1.418309913958637520e-15
-6.383560346989724805e-15
1.265432203467753390e-15
6.732614465931874627e-15
1.426636586643326189e-17
-4.034605982639049981e-15
1.137256955274779009e-15
7.972511539833249369e-15
-2.879307903214112217e-15
-7.897738019124744609e-15
1.642408431479225314e-15
4.826639088406636694e-15
-6.551703624069205350e-15
-1.158112494792362721e-14
-1.252753456526534069e-14
1.344430122784956452e-14
4.905742478911178940e-15
-7.374545418770140536e-15
8.171185950089921561e-15
-4.720668300706165957e-15
-6.159239784864212102e-15
4.351630167320763349e-15
-3.414768467990825261e-15
3.032463169461152581e-15
5.608846720406290400e-16
-2.649214181360548351e-15
9.293121827624872632e-16
-7.472966689903160449e-15
-9.376222021018066382e-15
5.475342401695116052e-15
3.641531520770513605e-17
-1.875277710894351717e-15
-2.212496852393996869e-14
-7.010392266693088276e-15
-1.284788941902093044e-14
3.182454300088011030e-16
6.498412918887197394e-15
-1.566380358752894487e-14
1.434208307671269588e-14
-6.173561661881876376e-15
-1.608141397824169887e-14
-9.900080755187445574e-15
-6.544209618652985259e-15
6.728562151891992389e-15
-1.371364133362362771e-14
5.199674024680689229e-15
8.669898132751540794e-15
-2.246230978997232241e-14
-1.710120933751113535e-14
-1.539740557277013977e-14
-4.949485266081410714e-15
-8.733958001272412124e-15
-5.070943664975402183e-15
9.199085937439122517e-15
-7.764844323077113068e-15
3.970601625269410173e-15
-6.442124611538702191e-15
-3.564815109768915331e-15
-2.200423177001198229e-14
2.503552920529727880e-16
2.199329607321942750e-14
-1.305455743505490288e-15
-5.846823025734693046e-15
-5.145828207986369200e-15
2.049471703458039068e-15
7.326750317560026525e-15
-3.246847235516270413e-16
-8.817557795026686424e-15
1.311062369779847278e-15
-1.971034446768271547e-15
4.027334021827755193e-15
7.789990874584873028e-15
1.231903468124073707e-15
9.623579710904550641e-15
5.624389842751042852e-16
-1.904160162879975496e-14
-1.730893206541850356e-15
-3.101519041592837305e-15
-1.695810158963695408e-14
-7.356337761166287608e-16
2.543909527474852338e-15
-2.044531210998457040e-14
4.984512802508334415e-15
3.724132113802624758e-15
8.857248268157035960e-15
6.747491454461851762e-15
-5.670242053668062043e-15
-9.080486362833539488e-15
-1.534705695860338991e-14
-7.931433287922118467e-16
9.284795154940183643e-16
-1.163530383152533480e-14
-1.275241023890316704e-14
5.511202605390508653e-15
6.914913086575324876e-15
-1.141198247012198398e-15
4.616973470206175825e-15
1.670513727347611126e-14
5.500599975505338466e-16
-1.323757770066436096e-14
2.049110880975035747e-14
1.335032084881504435e-14
-9.455825011883689967e-15
1.360966894736748115e-15
1.025673990184827774e-14
1.629257839752540218e-14
3.288480598939713783e-15
-7.374101329560289931e-15
1.741740085492438139e-14
-1.419969697380452126e-14
-6.936617946706746983e-15
-2.525490927496321082e-14
9.492961972057400494e-16
3.375189017162938376e-15
1.004862859588229242e-14
-9.812983758905602687e-15
-9.792722188706193075e-15
1.807026750455520288e-14
-4.923284002700256552e-16
5.231315380882506600e-15
2.297434464892944718e-14
8.146205932035854592e-15
-5.313416373553536882e-15
1.068034549689400554e-16
1.301808660869596708e-14
-5.778377776266551918e-15
1.662892046283559439e-15
-1.235628266371691143e-14
-8.267386775173690025e-15
-6.501132965297529394e-15
1.364630630718011231e-14
-7.917944078172922698e-15
-6.519784712111231941e-15
1.018335415992055475e-14
7.394085344003541928e-15
-1.532673987725274719e-14
-4.999556324492004542e-15
6.902756144455679741e-15
1.863287302228400361e-14
9.218070751160211836e-15
2.506383989242522334e-15
1.921973691310086151e-14
2.658540054767400019e-15
-1.917910275039957963e-16
-6.666667218269140196e-15
-6.456224443951441950e-15
1.036404295717829872e-14
-8.070211166000263034e-16
-3.287464744872181569e-14
9.636513809141433942e-15
1.746586208994926895e-14
9.296619030152442797e-15
6.485534331801545616e-15
1.236694080475331176e-14
1.493805079633148034e-16
-3.439470930288734812e-16
-4.285960475414185743e-15
-1.378219760539423031e-14
-3.713140905858836081e-15
-5.423772542201277417e-15
-2.676081578556477237e-15
1.560096496433516073e-14
-2.984446023646114450e-15
-2.047295666329773626e-14
1.513622560622707139e-15
1.640010349746034924e-14
4.913791595839711893e-15
1.211847289184220177e-14
-3.745170840119271746e-15
2.148237143728693003e-14
1.874722599382039249e-15
4.244937734654286166e-16
-8.523348693501020888e-15
3.390998593033600915e-14
9.087841590371680771e-15
-7.021105918880720917e-15
-3.850042507025364168e-14
1.382477465838860484e-14
-7.948697255955039648e-15
-2.569111590133843426e-15
-5.655254042835622651e-15
9.443890114368969345e-15
1.178501740639603691e-15
1.303468444291411353e-14
-1.938260663081337025e-14
3.296640738170708599e-15
2.688360645208831407e-14
-1.230526791573538487e-14
6.178557665492689769e-15
-9.715728221948438444e-15
-8.009537477704498428e-15
-9.291512004239166357e-15
-1.841138352887128437e-15
8.784140081985470576e-15
2.764405371280531573e-14
-2.594330306138203971e-14
-1.003824801060204655e-14
-4.810873921456959926e-15
-4.927558361345063304e-15
-1.332250976204818549e-14
5.728306717855957301e-15
3.295197448238695709e-15
1.103006574965093078e-15
8.166800569142651764e-15
-7.108258426313795326e-15
-5.251854506838071460e-15
9.693579272607166521e-15
-2.461125747643677795e-14
2.436106871783749628e-15
1.461053500406706023e-15
-2.103650587059746657e-15
-7.992884132335120449e-15
-7.024214543349671999e-15
1.698086116164176802e-14
7.304767901672449170e-15
2.112238162155222226e-14
-4.323152946739128582e-15
-6.225353565980640313e-15
-1.689914874702935761e-14
2.569672252761279204e-14
2.819239286466768292e-14
-1.848465824849654432e-14
-2.452599234814556586e-14
-8.467504475362375501e-15
-8.983758181813072346e-15
-5.108080625149114288e-15
5.929257085313110887e-15
4.160449762480311247e-15
-6.254552431528281722e-15
-2.468963922197531277e-14
-1.658706505480722533e-14
1.793437620634108488e-14
-1.194139231941448943e-14
1.073685584884742674e-14
-1.833966312148049759e-14
-1.924010950560273101e-14
5.734746011398783979e-15
3.570999052016077162e-14
-1.350097811325667802e-14
-2.061073534065371736e-15
1.413019701246298593e-14
8.279099628083486133e-15
8.893774605667204468e-15
-2.488309558401624705e-14
3.018196803594719436e-15
-2.296574042048860057e-14
-1.908978530806848648e-14
-2.272138033276860435e-14
8.980316490436735282e-15
7.479461494597217072e-15
-3.923694702478997372e-15
-6.317724121629453419e-16
-1.653993608741188801e-14
4.663158748030582772e-15
1.837618945899066610e-14
-9.416134538753340431e-15
-1.479355526967651791e-14
-3.486655408835303946e-16
-3.909866874707290971e-14
-3.084199562408684897e-16
-9.220402219511924753e-15
-1.935646087858344761e-14
-2.274480603858819341e-14
1.981137476292360592e-15
1.288774642560497297e-14
1.693367668309520076e-14
-4.618627702512867634e-14
1.256822423911785290e-14
2.182426461772024653e-14
3.211725330132253359e-14
-2.449818126137870305e-15
-7.301881321808422602e-15
1.025457496695025782e-14
-2.163547119238273887e-15
-2.867606152534563044e-14
1.498051682702339399e-14
2.446837177316751963e-14
2.259969988926968679e-14
-9.120371124993198565e-15
3.466393838635895261e-14
7.870371021567734778e-15
-4.382993967766424526e-14
6.769251825744504603e-15
3.749872634628559646e-14
1.973166074975552008e-14
-2.414446420573312819e-14
4.637124018103122391e-15
3.177846874535816975e-14
-2.030603463154534370e-14
7.057410211785964122e-15
1.369848678933749454e-14
-3.842015594557324140e-14
-9.114153876055297979e-15
1.001421168211891152e-15
1.618960521199142105e-14
-1.765287915844737497e-14
2.542588362075548404e-14
-1.163280582971992731e-14
-1.861122367330381223e-15
7.614464614391635438e-15
-2.836852974752446095e-14
2.522315689645893119e-14
-1.431393892303845104e-14
1.712074926274453832e-15
-2.977396107439744965e-15
-9.062084416200377215e-15
-2.255773345893885428e-14
-3.535105541629945805e-14
1.241162728149447469e-14
3.739086817944325710e-14
1.967015439419128618e-14
5.395017765863485825e-15
-9.683809309990465825e-15
3.333222586832107447e-15
-3.856692742942868740e-15
-9.255485267090079977e-15
3.076316978933846217e-15
