3.996802888650563398e-17
-1.686295547642657824e-14
3.944428117463871773e-15
-1.028843676920132506e-15
-1.044331288113653435e-15
-9.568457137731910713e-16
1.371236457714530939e-15
8.590350653037149274e-17
-1.511568648027150555e-16
7.584211036970600420e-16
4.604094883120524441e-16
6.397660179402464761e-16
-6.041278588497788826e-16
8.332223799811799225e-17
-2.930988785010413405e-17
-2.342570581959080224e-17
-7.760458942129843715e-17
8.670841822322472886e-17
1.948441408217149610e-16
-6.650235917504687421e-17
8.719691635405979571e-16
-1.386779580059282997e-15
1.114663916723657171e-16
1.673217120412573392e-15
7.820410985459602221e-16
-1.503019930737536953e-15
2.858935310712240743e-15
-1.626365708773391720e-15
1.182387521225791656e-16
4.299227640558455815e-15
3.512745649913995456e-16
3.403943793500729772e-16
1.222799639322147341e-15
7.169820293029261143e-16
2.410072141856289641e-15
6.035172361862350891e-16
-1.887379141862766254e-17
3.681610571959481755e-15
-1.674438365739661176e-15
-2.671196597248126790e-16
7.468248242048503092e-15
-5.432543304095816223e-15
-9.287459690199284119e-15
-7.227551890309768841e-16
4.493516669867858209e-15
-5.743627795595785042e-15
1.199929045014869170e-15
-7.045253269666318198e-15
3.741451592986777660e-16
-2.454703107446221048e-15
-1.137090421821085427e-15
6.100009386500460386e-15
1.862954235321012801e-15
-4.287015187287579156e-15
-2.180478020363807410e-16
-6.544764730165298121e-15
1.083577672034152760e-16
5.445643935786392515e-15
3.197886400130300732e-15
2.384981101499761204e-15
-6.934453011808728241e-16
-1.418198891656174868e-15
2.326139281194628176e-15
-1.045608044591972506e-14
3.345546062405446757e-15
-1.163091845057806500e-14
-1.437294727679727627e-15
8.377742943821431546e-16
3.582911745070305017e-15
8.344436253082676179e-15
-2.003286425633632515e-15
-6.816991415803386303e-15
1.647015857031419822e-15
7.269962409850449982e-15
-3.668065851059054858e-15
-2.797317932845544586e-15
3.276268145668837026e-16
8.994027744790855170e-15
-6.539213615042171668e-17
-6.717848499704359748e-15
-1.570776841930410274e-14
8.306688670245420478e-15
-1.280642258905118006e-14
4.110600748674641933e-15
3.190780972772700019e-16
1.664290927294587229e-14
5.112132939188995737e-15
1.375699554273524041e-14
-6.093237026050246937e-15
-6.429301535604281147e-15
-6.097566895846284423e-15
-3.932409953222304656e-15
-5.192846153079245046e-15
-1.705191543521777929e-15
2.117639397170023765e-15
-1.002853355913657579e-14
6.581402089977927901e-16
1.667666005289447728e-14
6.564193633096238045e-15
1.720967812701701357e-14
-3.625877376123298625e-15
1.977562558153067478e-14
1.620925615952728510e-16
2.552180689008309805e-15
7.212008767965017376e-16
-5.497047261826537370e-15
3.269939874428473492e-15
-3.215983035431690812e-15
-6.795342066823195719e-15
-4.544364884395690991e-15
1.299516050323745738e-15
-3.962496997189646486e-15
7.297273896256228290e-15
-1.542876937321580071e-15
-4.009570453433753067e-15
3.971600825991572852e-15
1.816191641523801013e-14
7.044698158154006124e-15
-1.494249168842998147e-15
1.092381740619430282e-14
2.822853062411922840e-15
1.226663215447842953e-14
-1.990296816245518086e-15
-8.951950292157562772e-15
7.971512339111086690e-15
-1.004696326134535462e-14
-5.011546733157956884e-16
-2.813971278214921777e-15
4.663269770333045029e-15
3.153699523750219536e-15
-1.352984391189693266e-14
3.894662370385048954e-15
1.208910749284086659e-14
1.273536831547517077e-15
-5.437650330009091874e-15
-8.393619133073570374e-15
-8.847922394750184292e-15
2.060573933704290644e-16
1.197042465150843706e-14
3.770317391627031706e-15
5.422551296874189436e-15
1.310063169057684649e-17
-3.277267346390999409e-15
5.167088978907940701e-15
2.101652185615421349e-16
-4.236611061969596980e-15
-3.050226737855155101e-15
8.583800337191860586e-15
-4.624856053681014209e-15
1.700095619838748464e-14
-8.072431612049513103e-16
1.374123037578556324e-15
6.379341499496149970e-16
2.365552198568820886e-15
-4.419908883335210697e-15
-9.917844323581447700e-15
-5.468514530093671081e-15
-8.214595670352764197e-15
1.023109374997943566e-14
2.166988810614611740e-15
-3.616051902355366407e-15
1.399824700598628555e-15
3.141709115084267786e-15
3.936684311867111407e-15
1.344430122784956452e-14
-9.658329691575318305e-15
5.858868945551875925e-15
-1.149275119516346403e-14
-5.900446797824088561e-15
-1.894395751378397164e-14
1.247502101620057090e-15
3.335165477125201676e-15
-2.945477195481771556e-15
1.317335129868979585e-15
-2.076283589502736431e-15
7.752798403259930978e-15
-1.103461766405189396e-14
5.933808999714074465e-15
-2.506106433486365903e-15
-6.896705428971472145e-16
-6.427081089555030881e-16
-5.859701612820344824e-15
4.522215935054419068e-15
-4.782840790085174187e-16
-3.818945160105613827e-15
5.275280212657662888e-15
-2.558064871038823226e-15
1.024280660288923176e-14
3.355093980417222840e-16
8.469003276445618730e-15
-1.377964409243759288e-14
-2.597477788413016330e-15
-1.546357486503779950e-14
1.676719874055265723e-14
1.082756106995930126e-14
-3.081424004847122065e-16
-1.474587119076886537e-14
-1.822902939707660102e-14
2.967959211730431039e-15
1.076339017913596688e-14
5.286882043264994964e-16
-9.733824857249828130e-15
1.351480038991326253e-14
-1.395211723931311091e-14
1.202854482684756542e-14
-4.286682120380191596e-15
-2.549627176051671979e-15
-8.885503444133747002e-15
-1.102384850071302901e-14
-7.222833442455112668e-15
-8.485601110663765187e-15
-1.384720116348603437e-14
4.629074901174590227e-15
1.620004130842289687e-14
-8.729572620325143904e-15
-2.333466753157154092e-15
-2.715827562838057901e-15
-9.785505739046129810e-16
8.546718888169380004e-15
-3.467115483601901272e-15
-1.345301647859287259e-14
-3.607725229670677417e-15
-6.937783680882602850e-16
4.730993374835179515e-15
7.280898106643007926e-15
-6.796396778696589921e-15
1.417199690934012387e-14
-5.697109450863990732e-16
-2.838840273966525207e-16
5.941469538583987546e-15
1.446293085294314533e-14
5.389799717647747129e-15
7.574552096656361389e-15
1.646105474151227107e-14
6.605771485368449893e-15
1.970773544357484889e-14
-1.355809908787364370e-14
8.210432334010420492e-15
-4.525435581825831618e-15
4.427735955658818347e-15
-1.396549542675984482e-15
-4.544142839790765688e-16
-3.257338843098978145e-15
4.223177363371633128e-15
-3.349487354142865949e-15
1.019528905743527537e-14
-2.465860848843703899e-15
-3.526123837360728474e-15
-1.121247539259684289e-14
1.403654970033585490e-15
2.562006162776242418e-15
-7.123635015204854590e-15
-5.884182030513329960e-17
-7.640998944680177159e-15
5.244749079480470452e-15
-1.176486685849909074e-14
-3.480160604141246830e-15
-4.104494522039203604e-15
-1.981415032048516865e-14
-3.140543380908411721e-15
2.351341343853618870e-15
7.683131908464702658e-15
-2.076172567200274175e-15
1.537880933710766953e-14
-5.433875571725366462e-15
-1.111805092435247370e-14
-1.656841330799352515e-14
-7.482792163671092668e-15
-8.983036536847067281e-15
-9.533096534397600635e-15
5.226874488784006069e-15
-2.322614323091442960e-14
-2.269362475715297544e-14
-3.050781849367467569e-15
-9.810929846310045807e-15
-6.592504320224179229e-16
1.052768983100804682e-15
1.330846544078667647e-14
-1.077682387773393231e-14
-2.464695114667847441e-15
2.292016576532773643e-14
2.811861854468134162e-15
3.229805312088274140e-15
-1.179839559384276964e-14
-1.432193252881574932e-14
6.888989378950327541e-15
2.124023179561618210e-14
-6.219802450857514846e-15
4.859113111876922965e-15
-8.737732759556138325e-15
-1.214295330953518662e-14
1.440181307543753012e-15
-1.471134325470302537e-14
1.157718365618620802e-14
1.233180224602392659e-14
1.182054454318404195e-15
8.247291738427974982e-15
-4.169997680492088218e-15
1.124050852396862942e-14
-9.415190849182409275e-15
-4.385380947269368532e-17
8.913425553203068512e-16
2.963129741573311426e-15
7.254363776354466205e-15
4.234224082466653328e-15
-9.191536420871670904e-16
2.638556040324146996e-14
-2.557398737224048205e-16
5.972500272122260533e-15
2.126038234351312867e-14
9.159839553518622009e-15
-4.352851412647851330e-15
3.523625835555321778e-15
-3.269551296369854804e-15
1.139682792583585002e-14
-5.232758670814519096e-15
-1.766775614697735369e-14
1.575944930110040284e-14
-1.782574088338151367e-14
-2.708960833430751258e-14
-1.905570146121249235e-14
1.149330630667577610e-14
-7.622236175564012354e-15
-1.962802143040676068e-14
1.924577164302832110e-14
2.494671136332726620e-15
2.767230888878202854e-16
-4.166667011418212622e-16
2.268740750821507248e-15
-1.659117287999833909e-14
-8.082312596968677831e-15
-8.801737116925778133e-15
8.918976668326195162e-16
-3.143596494226130886e-16
1.554362194511327369e-14
-3.398781256436222795e-15
-4.322264768319428160e-15
9.903189379656396508e-17
-2.271027810252235342e-14
1.532191040709562837e-14
-2.911276775208193365e-14
-9.555523039495028595e-15
8.842093723870902788e-15
2.383060415667159663e-14
-8.955725050441287396e-15
4.151456955980847927e-15
6.071032565557743491e-15
-9.466538664071321819e-15
-4.959477273303036712e-15
-1.574307351148718090e-14
-2.999001047498950094e-14
5.045686091165179966e-15
-8.618494806711396728e-15
-2.421896017068547612e-15
-1.908601054978475870e-14
-6.822598042077743293e-15
1.715400044233206275e-14
5.387246204691109698e-15
-7.456535389138706984e-15
-1.059902166034021333e-14
-2.090494444217938369e-14
-6.912692640526075005e-15
-1.332156607247725276e-14
6.306066779870888588e-17
1.675937166822905194e-14
-4.422462396291848917e-15
1.736571997312808129e-14
-1.678418515282942434e-14
-2.781758157155422954e-14
1.278860350950594641e-14
1.498517976372681983e-14
-3.127442749217834641e-15
3.729683228925751014e-15
-9.193756866920921958e-16
-1.290756390659453197e-14
-9.017009361400596781e-15
-9.828193814342967382e-15
3.065547815594982053e-15
8.029354958694057435e-15
5.638656208617476194e-15
-1.219779832695166932e-14
-6.682543407521280010e-15
-3.320810293416798489e-14
1.450417563830796962e-14
-4.642675133226248647e-15
1.197625332238772014e-14
-1.760203094391954298e-14
2.388478304027330422e-14
-4.435685152515134243e-14
-1.010641570431403164e-14
5.044131778930705214e-15
-4.813760501320984916e-15
1.410754846276063346e-14
6.571854171966151916e-15
2.266242749016100946e-15
4.102357342716800228e-14
1.258071424814488560e-14
-8.359535286217579406e-15
2.249256336739335802e-15
4.477529458313256138e-15
-6.186939849328609493e-15
8.648914917586126118e-15
1.393329895904571458e-14
2.044830971215105685e-14
-1.562922014031187177e-14
-1.618594147601015790e-15
-1.517636016856726956e-14
-2.680899946483350388e-14
-2.240790886176569188e-14
-2.044697744452150977e-15
-1.856476083972324846e-14
1.912675573478850401e-14
1.362243651215067028e-15
2.488464989625072023e-14
4.119538044022874519e-15
1.702793461788587539e-14
-2.084832306792350329e-15
1.990552167541181987e-14
-1.567224128251609848e-14
-1.733074794785238596e-14
-1.432554075364578095e-14
-7.351119712950548320e-15
-3.186928498877250574e-14
-1.157463014322956901e-15
-8.866685163866350674e-15
-7.525313705514235671e-15
6.553813047815992964e-15
-2.358890860421070089e-15
3.792566261040519582e-14
3.709987872468900570e-14
-3.677136373170242152e-14
-4.394540287222526223e-15
2.822753142339706809e-14
-9.738376771650792496e-15
1.919703285224727435e-14
-1.615652056585759079e-15
9.110934229283883851e-15
-1.293104512356535414e-14
2.948608024411214380e-14
1.793276638295537860e-14
1.164562890565434757e-14
-6.547373754273167075e-15
1.131778004648254009e-14
-9.411749157806070634e-15
4.849731727318839774e-15
2.440281310356340191e-14
4.045319634826682621e-15
-3.022693206844451096e-15
-7.421285808106858768e-15
-1.201566623976191364e-14
1.838607044390982984e-14
7.349676423018536416e-16
-4.206412995699792892e-15
3.960720640350245642e-15
-7.797540391152323853e-15
-1.356698087207064476e-14
-1.316408093643417491e-14
1.872796362434314635e-14
1.176742037145572817e-14
-1.682465278207701047e-14
-1.226962975664491836e-15
-1.508670965932879082e-14
2.002120691457776136e-14
-1.243466440925544624e-14
9.609313345038117101e-15
9.382050691897347886e-15
-9.678924328682115477e-15
2.375749597050002967e-14
-2.122785280889161087e-14
-2.774502849689497465e-14
-7.076006447448435147e-16
1.852873410257416208e-14
7.530698287183668147e-15
3.088940214723834015e-14
1.405930927234067042e-14
-8.016531882759637179e-15
1.828898144040635859e-14
1.702715746176863723e-14
7.093770015842438062e-15
-3.625155731157292141e-14
-1.592947995732174491e-14
6.816935904652154780e-15
3.360889344605766160e-14
1.959282736052614241e-14
-2.085209782620722634e-14
2.552791311671853716e-14
6.058931134589329089e-15
-1.341782240871225432e-14
1.088185097586347268e-15
3.081146449090965436e-14
-1.518951631140907896e-15
2.220723605006469512e-15
-7.542633184698388769e-15
-6.183942247162122492e-17
5.099642930161963041e-15
-4.638067707674054336e-15
-6.861844425998242223e-15
-1.108169112029600054e-15
-2.537975385408231098e-14
-3.045985685901087027e-14
-1.147970607462411896e-16
1.742828104056570781e-15
1.842859198575297364e-15
-3.326733333253173739e-14
1.115896264280991042e-14
1.297750795714591791e-14
-2.834399381868024577e-16
-1.158395601663642068e-14
4.091504912651089569e-15
6.224409876409709157e-15
6.485645354104007873e-15
1.320676901173101248e-14
