3.608442937546655336e-05
-4.833133167740236505e-03
-6.073339530060208047e-03
-4.773003497659611058e-03
-4.063635881340002184e-03
-4.391124904042168972e-03
-5.704090030788265368e-03
-6.023906691882314340e-03
-6.118216339355653927e-03
-5.061144082376171048e-03
-3.557908443645202857e-03
-5.954624256091120039e-03
-4.283266584775752110e-03
-3.186418803104359705e-04
-1.000295320222698622e-03
3.503341807525317975e-03
7.701622139617719277e-03
2.958324191592291968e-03
3.315031457391950237e-03
8.236510676285471039e-03
1.168896640472741853e-02
1.608910412569248757e-02
2.279320129708112611e-02
3.129027112107701791e-02
2.380213486543917428e-02
2.925992522301483489e-02
4.181518953146454859e-02
3.991196873592506994e-02
5.243958359731196173e-02
5.530898828967607816e-02
5.933141908892050620e-02
5.759542474830738057e-02
6.657180552113364791e-02
6.733244488730916189e-02
8.478102290925075557e-02
9.208055608598075814e-02
9.532368252657978658e-02
1.075998205953725834e-01
1.131601119958304952e-01
1.101236388353884488e-01
1.243955216362129107e-01
1.277248085433086433e-01
1.326995061338102910e-01
1.384849536173662632e-01
1.411339953444510353e-01
1.503474542860731844e-01
1.551635156468411658e-01
1.648539499421971810e-01
1.752903639916479905e-01
1.852554495603166151e-01
1.869651259447104308e-01
1.961229863591352207e-01
2.079437898853291888e-01
2.062479258464122167e-01
2.116346437252347723e-01
2.269330056828531283e-01
2.371572817473971972e-01
2.484147885164373071e-01
2.537154970265245169e-01
2.530238636021562293e-01
2.626673214079459084e-01
2.679279043939564176e-01
2.790610550308100790e-01
2.858789378320166219e-01
2.912882999873798728e-01
3.045378831242220863e-01
3.096098599414483510e-01
3.102332890973203972e-01
3.200211454200075356e-01
3.282733374587925579e-01
3.352901189651160130e-01
3.504219657284417533e-01
3.555460961465294334e-01
3.566090401710940716e-01
3.733833195739021393e-01
3.770175382661072883e-01
3.864590247231615150e-01
3.930199463631602885e-01
3.935014816989063080e-01
4.059853619790277923e-01
4.175295261756293286e-01
4.240509777307448491e-01
4.342477663001408361e-01
4.478435791366118801e-01
4.480819992580727384e-01
4.525322902170567096e-01
4.628375315732893291e-01
4.710419521981503710e-01
4.825282462934734617e-01
4.839264257427173810e-01
4.904046159873129418e-01
5.032599279948605231e-01
5.113957398075684724e-01
5.155144287788157031e-01
5.232936131634156052e-01
5.352076284966433839e-01
5.393560454785826241e-01
5.520303819312399884e-01
5.533660019511393857e-01
5.642922471117284289e-01
5.693829144365460948e-01
5.807249494612330976e-01
5.850706736217748949e-01
5.973166288984271821e-01
6.010571714781299812e-01
6.023903777658905501e-01
6.163587074871866855e-01
6.202261000390706380e-01
6.300244357223409031e-01
6.345426674954675050e-01
6.426449979699853099e-01
6.496477360090108233e-01
6.551460021839963233e-01
6.673051303912364007e-01
6.772079056109160389e-01
6.767294357922527537e-01
6.867033423815023241e-01
6.991951256492716649e-01
7.054860792257238167e-01
7.088263378831433092e-01
7.169816448416279631e-01
7.230844033983691022e-01
7.287998380735646320e-01
7.341968316625815394e-01
7.471156756951868871e-01
7.568331285676448417e-01
7.626079367194921188e-01
7.658585656590705115e-01
7.740017659128588523e-01
7.834030046079238918e-01
7.866037265887072527e-01
7.948189574161643733e-01
8.043595760394580685e-01
8.081141113625963657e-01
8.114489740384236427e-01
8.242743675054949870e-01
8.327486585028265331e-01
8.378253949865676065e-01
8.453647230661341938e-01
8.492706298807328746e-01
8.586243598404725841e-01
8.643497614564560338e-01
8.721066872120654123e-01
8.806882102602645590e-01
8.856454137904454793e-01
8.925683119654246322e-01
8.985173782096421702e-01
9.064627878637588898e-01
9.151069855346475324e-01
9.198134461040636811e-01
9.250313698709875521e-01
9.323282314066131393e-01
9.371488463520203371e-01
9.439714771695358886e-01
9.534865872148707844e-01
9.597907392915970837e-01
9.625128110146725646e-01
9.695886736680712215e-01
9.825655213208134287e-01
9.861763576804170039e-01
9.941487127561134951e-01
9.987696287435323672e-01
1.005027422074743715e+00
1.011786887714496874e+00
1.017573815006040938e+00
1.025135550083352332e+00
1.032650235220236024e+00
1.037710513134100454e+00
1.042487023441325933e+00
1.047944962508407185e+00
1.056779829666711690e+00
1.066908586628081190e+00
1.069805512523201108e+00
1.076842481396462547e+00
1.082980875909821172e+00
1.087700092877784019e+00
1.094098343849939425e+00
1.099291400640004079e+00
1.105183344606861073e+00
1.111217077278623622e+00
1.115990215085284287e+00
1.122304285146809688e+00
1.130695334807153118e+00
1.136548468186222349e+00
1.140050918455313589e+00
1.147988200621055777e+00
1.154185351497911016e+00
1.160764984675297207e+00
1.166732229016952171e+00
1.170073236202574751e+00
1.178493439641551177e+00
1.180692749527812557e+00
1.188733601361892767e+00
1.196702054524458214e+00
1.199381512017644313e+00
1.207464264847385893e+00
1.211984936506402821e+00
1.219973353047381304e+00
1.223890122367619737e+00
1.231130760535738888e+00
1.236471968110902209e+00
1.239036935927199323e+00
1.246339218564710638e+00
1.253183171747401570e+00
1.256474953783974557e+00
1.262996960073558439e+00
1.269751910555074081e+00
1.274419212912089927e+00
1.281032626494164717e+00
1.285698791198944368e+00
1.292017173671703212e+00
1.294714520113243728e+00
1.299204436113458927e+00
1.308276417089920596e+00
1.312353644316262669e+00
1.317759396166208186e+00
1.324123003175473601e+00
1.328785072731983208e+00
1.333549536156970472e+00
1.340503429238104616e+00
1.347235025520087559e+00
1.351693474240072579e+00
1.356632754210475467e+00
1.361215227919942761e+00
1.368221428724188282e+00
1.373104290983368392e+00
1.378178842309681684e+00
1.384027727171418531e+00
1.388842345822737467e+00
1.392245119979039103e+00
1.398167662237218334e+00
1.403310636169349701e+00
1.407526030520042770e+00
1.414370119167470907e+00
1.420466454546975621e+00
1.422964504576635925e+00
1.426959654682419254e+00
1.432790146470553694e+00
1.439500387971346385e+00
1.444743868646510832e+00
1.449066135355737694e+00
1.453128713308043496e+00
1.458554923989851648e+00
1.464185184552552643e+00
1.469285974182734433e+00
1.474206646620458638e+00
1.479641405260565978e+00
1.484398208432295974e+00
1.488390142100789015e+00
1.494425206378923177e+00
1.497696287784548996e+00
1.502276123582858336e+00
1.507112080776467078e+00
1.511528600702139125e+00
1.517795038853968270e+00
1.522618087914396012e+00
1.527396338844097423e+00
1.531555928502169595e+00
1.536036009633396038e+00
1.541485657031068657e+00
1.545011489327239973e+00
1.549974291843459362e+00
1.555023956608863944e+00
1.560021914084663619e+00
1.565043013997342802e+00
1.570271329109133696e+00
1.574973035912087260e+00
1.579073523499076481e+00
1.583612893491252782e+00
1.587857725705189127e+00
1.592389019898394098e+00
1.598509841026013456e+00
1.602166503018573884e+00
1.606729778715174417e+00
1.610067923993279360e+00
1.612698776085615737e+00
1.618475293017837435e+00
1.625416166934646967e+00
1.629673105429558566e+00
1.631362563345442718e+00
1.636519344357025396e+00
1.642585627366985879e+00
1.647796064745811417e+00
1.650466615041173979e+00
1.652130470247543892e+00
1.658812171952728232e+00
1.663868163506715181e+00
1.667727918509701368e+00
1.671835828392828960e+00
1.675959891456893835e+00
1.680994634354991524e+00
1.684027230847728873e+00
1.688668370525527651e+00
1.694946088284059904e+00
1.696669208275550789e+00
1.699956924201044828e+00
1.704590676095090629e+00
1.709944487398305180e+00
1.713648497356847766e+00
1.718334689816560124e+00
1.722977339785885187e+00
1.727494283176985723e+00
1.731035531484758749e+00
1.735621894591191872e+00
1.739622590064102692e+00
1.743125656581638205e+00
1.745835153273418205e+00
1.749632428972966336e+00
1.754670850856655751e+00
1.757566159067077916e+00
1.760986441275924408e+00
1.766336357000880097e+00
1.770193709351664646e+00
1.773839605831247557e+00
1.777703936247697403e+00
1.782092413340571779e+00
1.787567962792245391e+00
1.791804975934937483e+00
1.794870647581322531e+00
1.797594125191967596e+00
1.801036743973053689e+00
1.806088592059361231e+00
1.810543053466301400e+00
1.814527347365505472e+00
1.817678645437868834e+00
1.821983281535652921e+00
1.825571305973713310e+00
1.830096477269318900e+00
1.832320781441697077e+00
1.834947131809751886e+00
1.840782278106608105e+00
1.843811641280156621e+00
1.847493432502880006e+00
1.849902495403045188e+00
1.854812361745969307e+00
1.859079767812619854e+00
1.861697181067526907e+00
1.864849364201041082e+00
1.868408838305207542e+00
1.871523182081981762e+00
1.875620792057449471e+00
1.879857383556062578e+00
1.883385576909552439e+00
1.886834619569149663e+00
1.889902932229893473e+00
1.893634948173476218e+00
1.896086261723382904e+00
1.900380789627750255e+00
1.903360665276520036e+00
1.908418215845896437e+00
1.911676804025243648e+00
1.914970168021739472e+00
1.919467935382639379e+00
1.921979678293252336e+00
1.926107896244983131e+00
1.928706879711375777e+00
1.931622024489378475e+00
1.935312719430957173e+00
1.937650729693789042e+00
1.941597414146892131e+00
1.945205750746566320e+00
1.949571223065733605e+00
1.951190462549435845e+00
1.955987631175563957e+00
1.959413964476982573e+00
1.964011950696884945e+00
1.965156961140779313e+00
1.968474992488153941e+00
1.972132039285903193e+00
1.974956067952160943e+00
1.978523471708143910e+00
1.981639467093039064e+00
1.985246617655151757e+00
1.989017167908145423e+00
1.993057126252549827e+00
1.994918835094602105e+00
1.998392975584338149e+00
2.001656185975897895e+00
2.003906952548859088e+00
2.007684781333844537e+00
2.011543378674848448e+00
2.014544737968346766e+00
2.017529432942254619e+00
2.020723723343744282e+00
2.023769347139096286e+00
2.027382906261725459e+00
2.030065880002500212e+00
2.032638682944603925e+00
2.037035800818983944e+00
2.039715658183594016e+00
2.042466618776733522e+00
2.044539531938470933e+00
2.048425592288146468e+00
2.052908287148354827e+00
2.055204803796465196e+00
2.057487723559608295e+00
2.061600316774846231e+00
2.063698354340726571e+00
2.066382506513092299e+00
2.069106821091454051e+00
2.072613281580412359e+00
2.074753396942838890e+00
2.077992475451307275e+00
2.080582445033926753e+00
2.083976993783005938e+00
2.087011497669712501e+00
2.088672999449132206e+00
2.092267406568871557e+00
2.095698198641974486e+00
2.099712311062174042e+00
2.102640024033100907e+00
2.104776519950855018e+00
2.107809447265889702e+00
2.111061322662287409e+00
2.113739508445899862e+00
2.116365454198431362e+00
2.119131347457706038e+00
2.121813298667398762e+00
2.124239153880827846e+00
2.125633717421783864e+00
2.130194950533968345e+00
2.133675844217950868e+00
2.136899458182320632e+00
2.138591274934538600e+00
2.140678960629792016e+00
2.144332618825428138e+00
2.146093464246954685e+00
2.148926179030522299e+00
2.153641959295320429e+00
2.155281330307682985e+00
2.158403127482373396e+00
2.161407509319284603e+00
2.164538276092764058e+00
2.166616600638985091e+00
2.169598759112245645e+00
2.170845404457407923e+00
2.174691445148167812e+00
2.177305833119263401e+00
2.179797291534961712e+00
2.182163202625808651e+00
2.183710332032582357e+00
2.186945754430245970e+00
2.190134496529203112e+00
2.192472406971760268e+00
2.195664006164225857e+00
2.197206228801813044e+00
2.199957369524172091e+00
2.201899203068734323e+00
2.205112845375484909e+00
2.208275933825141202e+00
2.210988731596344792e+00
2.213083966850954543e+00
2.215798241058195117e+00
2.218966733639462507e+00
2.220941669283612807e+00
2.223042567281614090e+00
2.225856385781081581e+00
2.227913468986510104e+00
2.230526592294962196e+00
2.233327531439567082e+00
2.235871626839393667e+00
2.239287101382185341e+00
2.241264069862435981e+00
2.243025102519189851e+00
2.245645204744786128e+00
2.247650103070250704e+00
2.250077806512732703e+00
2.253611839575272668e+00
2.256453454723852392e+00
2.258206691780250797e+00
2.260347001611472173e+00
2.262337172872508351e+00
2.266085539884666211e+00
2.267540726494821079e+00
2.269899441434462872e+00
2.270814892794892792e+00
2.273726244630645432e+00
2.276842569162855323e+00
2.279435277640765811e+00
2.281802195224166940e+00
2.284153998945229525e+00
2.286826805621761327e+00
2.287972334667614405e+00
2.291451103001029832e+00
2.293840265058459948e+00
2.295522526741287095e+00
2.298541954919484098e+00
2.299895725238130240e+00
2.302641217182757050e+00
2.304339478681211695e+00
2.307197695160644102e+00
2.310675330178796560e+00
2.313459902594015460e+00
2.314087986100927363e+00
2.316267475766927042e+00
2.318121461537016259e+00
2.319909558748047385e+00
2.323081053732453327e+00
2.326008833903380868e+00
2.327841208477467561e+00
2.330220299598555922e+00
2.331993233975010238e+00
2.334197112891736925e+00
2.337102010305192046e+00
2.338668281602307886e+00
2.341514049465643676e+00
2.343341056344754314e+00
2.345171062408553109e+00
2.347786619303410927e+00
2.349865472360735730e+00
2.352599274874590307e+00
2.354237553849937381e+00
