7.278772504471386516e-04
6.444044823239314509e-04
1.587365159126798630e-03
3.174197604065509114e-03
4.744670958637342562e-03
6.304759277049752121e-03
7.749548967683324296e-03
8.842671906745770347e-03
1.100612116844944255e-02
1.243344751867732703e-02
1.412321043986216294e-02
1.538319038668090576e-02
1.825931169579074476e-02
1.904366994236000518e-02
2.203039357945478852e-02
2.274766633354411913e-02
2.315887781861756395e-02
2.448273174773014926e-02
2.519865880308971504e-02
2.621983168999938996e-02
2.627881284530015141e-02
2.826182339775146907e-02
2.976724672921858550e-02
3.218046192561711816e-02
3.244378912946808274e-02
3.291621807662975518e-02
3.296807672015368562e-02
3.412456831553157405e-02
3.314083608471807968e-02
3.248807106202026423e-02
3.385990186050322204e-02
3.407399390461526151e-02
3.508249772495161678e-02
3.665654365597241504e-02
3.718342810473389964e-02
3.765482615941693340e-02
3.886986313956063144e-02
3.847262641036744424e-02
3.886793455001105735e-02
3.917025705454896256e-02
4.025682166166980047e-02
3.974155137010599442e-02
4.059911375087629087e-02
4.112130326990018347e-02
4.190432741977444253e-02
4.354668764427289257e-02
4.323768678470225196e-02
4.427038254002643725e-02
4.498514034461404548e-02
4.528532827690900237e-02
4.617069786039105367e-02
4.812587664636507057e-02
4.850425584710483379e-02
4.893607060022396593e-02
4.864090873705156914e-02
5.114688375118669333e-02
5.216087315964827720e-02
5.193377570258198711e-02
5.381975961326048580e-02
5.325382085866704057e-02
5.482288042758141217e-02
5.663554973605398196e-02
5.647542082883949544e-02
5.643523143631107991e-02
5.809989524270327277e-02
5.920891297317469604e-02
5.972421254690236936e-02
5.963746209480080135e-02
6.016996586122416030e-02
6.215164875740188805e-02
6.294966354496274452e-02
6.253593988058402109e-02
6.467076923954248602e-02
6.694663643119784513e-02
6.646627990054883306e-02
6.601119533696260533e-02
6.965203420439432247e-02
6.809482014425778662e-02
6.943226716784728358e-02
7.042892062829982092e-02
6.975801581603582879e-02
7.140584044734429869e-02
7.151510231437431531e-02
7.253460177382843599e-02
7.481766443265336353e-02
7.342387407182693337e-02
7.261541591786213612e-02
7.546481854541121914e-02
7.505839208976532173e-02
7.623205104899828666e-02
7.615268884023103368e-02
7.764285622104677431e-02
7.914223675022977189e-02
7.819353592618298598e-02
8.037219802227919818e-02
8.051311838451338798e-02
8.004365030765799027e-02
8.024117746651258931e-02
8.167362873548629498e-02
8.213779213135516399e-02
8.262526673544455524e-02
8.280735569352837278e-02
8.439718382169916766e-02
8.281878548169589738e-02
8.374107560810162276e-02
8.530438844289522926e-02
8.523687598084282724e-02
8.471962634664444158e-02
8.629996164474594555e-02
8.645400980959826176e-02
8.519818658111621978e-02
8.704878919050912378e-02
8.741564363779198710e-02
8.712541203778227661e-02
8.721679767505430281e-02
8.925239488383082676e-02
8.809283987532844085e-02
8.973472032695836709e-02
8.851965779684681235e-02
8.965343890407330429e-02
8.930094219073496375e-02
9.108979805395822638e-02
8.749313166010844189e-02
8.981157728663484441e-02
9.064688090355847716e-02
9.088132871181932304e-02
9.208545252119146318e-02
9.098614292261947289e-02
9.162052325003383624e-02
9.335688098686742431e-02
9.104573991927997212e-02
9.126349083217318026e-02
9.302271807208779830e-02
9.236159032450561024e-02
9.273782043705784683e-02
9.116989452988409626e-02
9.147911797664895484e-02
9.367443443056934493e-02
9.372163867849472862e-02
9.332977230796699053e-02
9.285498366951416838e-02
9.309403945733736585e-02
9.518571461867128547e-02
9.306972321740823728e-02
9.327810496103065840e-02
9.464671209472570734e-02
9.485153660139178378e-02
9.298067475236301838e-02
9.463267920010293155e-02
9.328205604886186109e-02
9.360709236090059004e-02
9.269714618670302220e-02
9.326988555976183093e-02
9.431039241516839255e-02
9.445378210517513251e-02
9.390640193054339280e-02
9.434114646493826917e-02
9.450141234480376184e-02
9.491128397220434387e-02
9.375625113233593266e-02
9.455897068664852190e-02
9.369315430453280247e-02
9.267448714090362194e-02
9.401286199610413286e-02
9.335594012089459826e-02
9.396407275775488233e-02
9.404487610176472112e-02
9.462321182414842879e-02
9.386823386528696245e-02
9.401715836746860067e-02
9.379324554044746187e-02
9.458086335930639132e-02
9.309291637236384587e-02
9.342637469794329297e-02
9.271740225238199462e-02
9.387840304292363602e-02
9.405488094076459860e-02
9.281375578725750697e-02
9.285003801793623168e-02
9.332620916113366916e-02
9.304880151486374928e-02
9.298642416312322134e-02
9.333795347312069668e-02
9.304314675701576276e-02
9.275460420378919824e-02
9.242352848933824139e-02
9.266618136487782265e-02
9.254533754087052033e-02
9.226627171401738381e-02
9.280473218328917639e-02
9.316182596992288178e-02
9.186643145770294339e-02
9.219484983400720590e-02
9.227053571798354836e-02
9.151287029910359916e-02
9.255210588530086990e-02
9.236629915809198288e-02
9.187989371365536118e-02
9.161471890970687704e-02
9.196463578320795973e-02
9.190486113575482841e-02
9.119085939983886946e-02
9.139372797747749577e-02
9.182931484338474615e-02
9.154025019062954349e-02
9.137504785792442685e-02
9.147075692491728194e-02
9.115482496111813882e-02
9.087595283401278534e-02
9.088402668871876922e-02
9.146315240803078173e-02
9.127173101056938742e-02
9.137549363969017790e-02
9.102380638919435607e-02
9.095782127545661011e-02
9.157432386665891044e-02
9.073039947770712710e-02
9.099311819105987409e-02
9.120019149669528202e-02
9.099601076319278892e-02
9.089859649130579977e-02
9.004457165855155043e-02
9.111356223781687247e-02
9.092876306330542613e-02
9.092180362364145341e-02
9.072148132833336709e-02
9.104173305020765716e-02
9.040549028600672332e-02
9.080228593650789548e-02
9.087781832743926924e-02
9.046985000204649241e-02
9.016604032390189427e-02
9.014485633514152108e-02
9.064084211544784497e-02
9.146798482410868625e-02
9.121665479255060272e-02
9.102190566428736140e-02
9.098793655994787122e-02
9.104534747535944494e-02
9.142753427159157342e-02
9.095822184331787963e-02
9.097764786501782996e-02
9.100902841324752524e-02
9.091341519085323342e-02
9.071010935065906833e-02
9.051666620066689539e-02
9.130634093331496670e-02
9.121608340112952185e-02
9.085105645881037806e-02
9.140011593543131974e-02
9.174238067994716639e-02
9.152012009803023318e-02
9.167407506820339502e-02
9.131201232047107819e-02
9.186794647696315541e-02
9.134700255019326254e-02
9.227573189948250210e-02
9.166585852202152607e-02
9.220882223049463311e-02
9.199734965530932673e-02
9.207928262908084138e-02
9.272037232864473177e-02
9.265005163595109450e-02
9.277558389983701914e-02
9.297522171328348461e-02
9.297899629400338539e-02
9.290072046259487126e-02
9.300912107770088755e-02
9.281082894045047937e-02
9.350182170642501456e-02
9.382901454488001836e-02
9.374973660141537601e-02
9.356350041282320007e-02
9.424027643502745633e-02
9.468688781961655254e-02
9.421634269640415116e-02
9.446639410330309738e-02
9.437542277779342736e-02
9.482466583263854387e-02
9.514532419911427008e-02
9.496960876396738638e-02
9.567388492757325502e-02
9.561230501559986328e-02
9.581988150911963098e-02
9.563319928486058163e-02
9.637982343218033654e-02
9.609796107814944088e-02
9.679547518987148547e-02
9.679584500600361963e-02
9.719843775546692377e-02
9.740312283896962464e-02
9.672609412830707187e-02
9.756723446137553768e-02
9.716836896896520470e-02
9.831866768236312282e-02
9.819492113747323170e-02
9.863850220435635419e-02
9.820729339066124053e-02
9.894683766126172175e-02
9.929325608147485105e-02
9.905698590907706380e-02
1.000685742405327677e-01
9.988338598725626793e-02
1.002308833191356968e-01
1.001135666728575069e-01
1.000966842044693078e-01
1.011613246595615967e-01
1.008170525863690548e-01
1.008813407465413425e-01
1.014975153249627754e-01
1.014799734351078675e-01
1.018567824113655318e-01
1.022533916342183852e-01
1.023877678520691836e-01
1.024922663387398541e-01
1.031912395684654177e-01
1.033845795916628757e-01
1.034109700879985855e-01
1.034205519061704992e-01
1.043557564418168410e-01
1.044537568975933278e-01
1.043169825489949909e-01
1.048240448902078292e-01
1.053951726367746422e-01
1.056455406785915957e-01
1.056392760307268974e-01
1.059297841551739700e-01
1.065329816527332552e-01
1.060553445671576778e-01
1.073420441959498511e-01
1.071788250601047460e-01
1.072375885233840531e-01
1.076904247463366382e-01
1.076445848410089723e-01
1.084098626416119399e-01
1.085960156657779924e-01
1.085048368424884196e-01
1.093339969998723127e-01
1.095337738897317753e-01
1.096456510026684733e-01
1.105617215553004601e-01
1.103544736749888094e-01
1.103363899511353163e-01
1.108647297720433134e-01
1.110714042605081692e-01
1.116794819033388730e-01
1.120356100950313794e-01
1.120323135943519510e-01
1.127502168201953980e-01
1.128763096905594926e-01
1.128484440915240306e-01
1.127866073192038687e-01
1.135403448577065183e-01
1.142039731377831185e-01
1.137979346122404561e-01
1.145425559428955853e-01
1.151415122499252486e-01
1.153929215506777489e-01
1.155744329237304163e-01
1.153382120732120986e-01
1.162927425242624574e-01
1.164846710322406109e-01
1.166502149163334973e-01
1.172582368306116507e-01
1.177106259094027330e-01
1.179914072218233023e-01
1.180391561186490273e-01
1.182831792530417703e-01
1.187206965218674942e-01
1.191820777453388852e-01
1.190928316344787852e-01
1.195645154069459315e-01
1.198906542048270296e-01
1.202512477973314703e-01
1.203762186958215463e-01
1.207334024332164801e-01
1.210659799327407360e-01
1.211623541607989574e-01
1.218003625117831251e-01
1.215910483000162273e-01
1.220810343553284799e-01
1.227450744748770500e-01
1.230772558702858677e-01
1.236040616841317941e-01
1.233208140431766436e-01
1.238734100198922577e-01
1.238820269601656060e-01
1.243942840646640041e-01
1.249230574319426385e-01
1.249433777793058781e-01
1.252663520640351913e-01
1.257342949105277330e-01
1.258058802373265284e-01
1.264464985430375499e-01
1.266510427519213222e-01
1.272825579156015852e-01
1.274513416769664231e-01
1.273181960748564490e-01
1.277728617079831042e-01
1.279620531444345122e-01
1.287974167327292918e-01
1.290212666873594427e-01
1.287273851450997653e-01
1.291705452979217961e-01
1.295558096645317292e-01
1.301419725432143015e-01
1.301902212125039815e-01
1.304921420610624661e-01
1.312669219448764635e-01
1.317009651381507995e-01
1.312707231865865576e-01
1.320292370216734346e-01
1.322478385883652796e-01
1.324472257382707241e-01
1.332614117127172426e-01
1.334134504180996827e-01
1.334736678008121569e-01
1.332801983162297532e-01
1.341111738155187361e-01
1.340123120620747010e-01
1.345620011448394882e-01
1.348567349675086624e-01
1.350006991024015890e-01
1.353832770851561840e-01
1.358461106814820296e-01
1.361127103849581743e-01
1.364633370499553633e-01
1.364899684541996394e-01
1.368295748104926823e-01
1.370722049093234252e-01
1.373408674813405284e-01
1.378363480355159210e-01
1.383075653891708834e-01
1.384689901903208842e-01
1.386807269406273857e-01
1.388300709372016495e-01
1.392767371353356709e-01
1.395783467954296309e-01
1.396383994381479310e-01
1.397445845491601113e-01
1.401982371465248234e-01
1.408498939307783471e-01
1.408218606069881751e-01
1.414481312267856228e-01
1.414488885957415065e-01
1.419466550434379248e-01
1.422157615255857654e-01
1.423515089853011062e-01
1.425515617534124646e-01
1.432766289639864077e-01
1.433021488110140795e-01
1.436927632093604190e-01
1.437342028195685295e-01
1.443213409417758997e-01
1.444068666698430092e-01
1.447630618541594083e-01
1.448592251472958503e-01
1.453474457611060311e-01
1.455889441617773394e-01
1.458775592353519779e-01
1.460640361721376457e-01
1.464275016576030153e-01
1.466608020997234585e-01
1.470545972102165200e-01
1.472950003894492876e-01
1.474308234500815162e-01
1.478231919983492293e-01
1.477123670753887341e-01
1.480440729659951993e-01
1.487342277184224293e-01
1.489725334492971454e-01
1.490978446488327447e-01
1.494974781836015398e-01
1.497759427795872234e-01
1.500669556175993069e-01
1.501376019331900347e-01
1.505228675245871561e-01
1.507078818296709033e-01
1.512870625651873135e-01
1.514913174927649819e-01
1.513696156786108749e-01
1.519762628817676597e-01
1.522213267501605904e-01
1.522760377933373155e-01
1.526022429189240748e-01
1.527039805897814073e-01
1.533214318113559904e-01
1.539146107839095279e-01
1.538537416237716338e-01
1.540045740256929807e-01
1.544555058559564931e-01
1.543282519210484871e-01
1.545212764800985850e-01
1.552058044691789485e-01
1.552510426810825017e-01
1.554561701761042747e-01
1.557780331351693304e-01
1.561169584739554861e-01
1.561128678887814258e-01
1.562744239558548909e-01
1.565275675704471681e-01
1.571407715684751405e-01
1.573272843453808190e-01
1.575286048235668979e-01
1.577282759024209169e-01
1.579485401681920698e-01
1.582207385493439034e-01
1.582236029061292737e-01
1.586902323955458882e-01
1.589525506602221805e-01
1.591715732155440655e-01
1.591868966146283704e-01
