5.445288282616013009e-06
-4.477137269858281511e-03
-5.573498192958027675e-03
-3.796443032604247033e-03
-2.249803127981776091e-03
-2.179247455916383247e-03
-2.528987070146081120e-03
-2.652345929870979224e-03
-3.028180411552258960e-03
-2.602803048012232098e-03
-2.032604766467415499e-03
-3.404669427720183415e-03
-2.275076119722333184e-03
2.301378709906734608e-04
1.892395301474080241e-04
3.000206399824323009e-03
5.512067417443025294e-03
2.631857561566109185e-03
2.605021859305237109e-03
5.378786235724192753e-03
7.210499087934077109e-03
9.957887816490370442e-03
1.388076242608825631e-02
1.942271543551099544e-02
1.494794112605239179e-02
1.835066367306862484e-02
2.623291414969207772e-02
2.457125654158972064e-02
3.214714273426374364e-02
3.421081667494345335e-02
3.638907656310210598e-02
3.453238519174230831e-02
4.002755032959046805e-02
4.141176417643310792e-02
5.274260461733014382e-02
5.710691955952505033e-02
5.834857131714373674e-02
6.636796218540384762e-02
7.055846311856424358e-02
6.773188579809319432e-02
7.711414454512593997e-02
7.901989315213314713e-02
8.173642165236509605e-02
8.495030639935229055e-02
8.604687781206125929e-02
9.290670561562804075e-02
9.600823810996733654e-02
1.018957154809071036e-01
1.094697040546557948e-01
1.147585232475203526e-01
1.155919189767394967e-01
1.226836616040566791e-01
1.307311719584448861e-01
1.297863650569260618e-01
1.321177318348422947e-01
1.403782268037855330e-01
1.478181507139204598e-01
1.576758943414949266e-01
1.595617038845187907e-01
1.571772743221202806e-01
1.650705514012988095e-01
1.675982986210329817e-01
1.741141470825500470e-01
1.807563273882414612e-01
1.824806994605800980e-01
1.886635338706568188e-01
1.977158952826415239e-01
1.960479959536862715e-01
2.032265412700192397e-01
2.071573094021393890e-01
2.133477735812922271e-01
2.244354236033675731e-01
2.255797037092302781e-01
2.271389290149869733e-01
2.383792074887616796e-01
2.393892968852260050e-01
2.471420955506468398e-01
2.515523576471469513e-01
2.517296854081834123e-01
2.630975729600776858e-01
2.711755174593401541e-01
2.722714705974182414e-01
2.804316808795553340e-01
2.919886917600864606e-01
2.883724618799226591e-01
2.884885578309568932e-01
2.957970508080093319e-01
3.023798254026487387e-01
3.116742530140656497e-01
3.106384778853088502e-01
3.143007006766918576e-01
3.251466248702283846e-01
3.305828042344114426e-01
3.345334930041316546e-01
3.399477964380862582e-01
3.491288847951189434e-01
3.510155184286446461e-01
3.601232111084526899e-01
3.590233126084878545e-01
3.660371855292952059e-01
3.709833721197199896e-01
3.807115583544311010e-01
3.817698559639205458e-01
3.883459287596758847e-01
3.904687648395177013e-01
3.958435420066374610e-01
4.039990693292450086e-01
4.054106811705789903e-01
4.144357536537766618e-01
4.155352292001707193e-01
4.209625104646808058e-01
4.254701869229982059e-01
4.289371823760040892e-01
4.397481634240653636e-01
4.452293564231829537e-01
4.435920540087566755e-01
4.529752689070881688e-01
4.605604347756391825e-01
4.635450615867960367e-01
4.669879202601375234e-01
4.746325315519461241e-01
4.769872892435567668e-01
4.829956908958987216e-01
4.886375341002118233e-01
4.966153267817284278e-01
5.011970750104547401e-01
5.074604725452318554e-01
5.098346157074372664e-01
5.148236917730859563e-01
5.217414158636588528e-01
5.241374826407592113e-01
5.308544746011467641e-01
5.357860793883538753e-01
5.380358558351635567e-01
5.412336215806110573e-01
5.525072305912593906e-01
5.544641707880642034e-01
5.602286485789080839e-01
5.703568557375889858e-01
5.696126973016460981e-01
5.749911793920340353e-01
5.822939097086065052e-01
5.868268628268275000e-01
5.933602622232212465e-01
5.952809530111534686e-01
5.990340067806690927e-01
6.058951953067372997e-01
6.127950047355906760e-01
6.200475676259311619e-01
6.213994287351757295e-01
6.251030132073502887e-01
6.295699633198067469e-01
6.342704513086330209e-01
6.390468630013801388e-01
6.428336536419343439e-01
6.500594857726921250e-01
6.529544792340445936e-01
6.576107643228555899e-01
6.637725429477158157e-01
6.699280288480770063e-01
6.723632907954827376e-01
6.781558292379238351e-01
6.821476148102595394e-01
6.887972481243449518e-01
6.950734649765228923e-01
6.991546836147048971e-01
7.017603568315471385e-01
7.065250688962328995e-01
7.114571129402121885e-01
7.141301768426318031e-01
7.218184904212454622e-01
7.293401768791167861e-01
7.291262151808356462e-01
7.339407210872789245e-01
7.405072631591168575e-01
7.433511685375687739e-01
7.491482121647151660e-01
7.552963533564951426e-01
7.589070086215442545e-01
7.616730710706245411e-01
7.683852348419496492e-01
7.709564400325065181e-01
7.765243389041232014e-01
7.823593900569677517e-01
7.842300170164141493e-01
7.893484228393002899e-01
7.941367224004761693e-01
7.983102600911758939e-01
8.034957225712826556e-01
8.093245474306680620e-01
8.147644331482497559e-01
8.142589571621814404e-01
8.218343467435954564e-01
8.277716808357519218e-01
8.296629508502685324e-01
8.346328328583103584e-01
8.411501679680948307e-01
8.454889963324531132e-01
8.480520765072399048e-01
8.523629421211151858e-01
8.587660103755344609e-01
8.613589703333468517e-01
8.658296846648561029e-01
8.704947231134504415e-01
8.743784494941623242e-01
8.772578258779002436e-01
8.830493955712817034e-01
8.863138930603909893e-01
8.930944190019765028e-01
8.956637246369087979e-01
8.999734804155337109e-01
9.072658070846061351e-01
9.096182869016886663e-01
9.127363680167961402e-01
9.193782964775392141e-01
9.241826383763308561e-01
9.277380007512369131e-01
9.307463391605149683e-01
9.355729118755807816e-01
9.408951734224411112e-01
9.435874419305609884e-01
9.478927321535933759e-01
9.540119672843969667e-01
9.555802249544930183e-01
9.585319935717371287e-01
9.655333443062452670e-01
9.690412840058042487e-01
9.727467033128232021e-01
9.771413644434457924e-01
9.819943083663271732e-01
9.864391148260820419e-01
9.883213193459822188e-01
9.931966495217351421e-01
9.988914760640815738e-01
1.002613944853875338e+00
1.007385735874943622e+00
1.009890187869820766e+00
1.013171829034763993e+00
1.018254850449739290e+00
1.023608150313379150e+00
1.027838756213810933e+00
1.029054318734959894e+00
1.033836139937679199e+00
1.039467180568796723e+00
1.042729924132348884e+00
1.046721384725587844e+00
1.051894401003572899e+00
1.053978632474632748e+00
1.057427035063653431e+00
1.061732804933953611e+00
1.064650086793170081e+00
1.067941974146440431e+00
1.073072934947364221e+00
1.077613673305161557e+00
1.081421499807222020e+00
1.085449487001602265e+00
1.089378388017115284e+00
1.093084007214930153e+00
1.098785770720228427e+00
1.101940210908672002e+00
1.105122604923088225e+00
1.108367192008780533e+00
1.111497525234607320e+00
1.117402935915589923e+00
1.121572803963135190e+00
1.125202157550948767e+00
1.128940887955520722e+00
1.133850291007853617e+00
1.135241595176800011e+00
1.139594771629472758e+00
1.145305394314354075e+00
1.146181185181657458e+00
1.149927602537044846e+00
1.153660302972355334e+00
1.157274190075501918e+00
1.161438168885635447e+00
1.165556733358037445e+00
1.169674597592780252e+00
1.173475736772445321e+00
1.176620559270051825e+00
1.181820048631896158e+00
1.185225563219067579e+00
1.187398173450874284e+00
1.191638047075183060e+00
1.194831840875496098e+00
1.197147348765736696e+00
1.201095521183041637e+00
1.205865014317185402e+00
1.209557284192073645e+00
1.211545813001752681e+00
1.216448771497827153e+00
1.219461930660827420e+00
1.222485649778100925e+00
1.227379030097663248e+00
1.230538297113159096e+00
1.234846810341529988e+00
1.239344177730018259e+00
1.242076118775748084e+00
1.245332138103796948e+00
1.249748308600265201e+00
1.251211208202006819e+00
1.254655360284099297e+00
1.259506167493206208e+00
1.262548921589770057e+00
1.265458481332224050e+00
1.269052001107295435e+00
1.274009710938460493e+00
1.276774854648922153e+00
1.278204016242872720e+00
1.281890870529284188e+00
1.287171960535596016e+00
1.290983789047170927e+00
1.292516820753819573e+00
1.295774922439764554e+00
1.300234595553021011e+00
1.304424457775178903e+00
1.306131417013450813e+00
1.309091905691416757e+00
1.313027009308994408e+00
1.317283020424712570e+00
1.319250422468460471e+00
1.321766593264270151e+00
1.325374169484154763e+00
1.327541103332678496e+00
1.331753158872144960e+00
1.336158263579853900e+00
1.340435831353113061e+00
1.343363860185675440e+00
1.345804836272164184e+00
1.349399194932204171e+00
1.350957563096677250e+00
1.354572990320042525e+00
1.359030075034580287e+00
1.362030890430290464e+00
1.364622495715349659e+00
1.368567532619430871e+00
1.372473698682686427e+00
1.374589262601886963e+00
1.378100747091291600e+00
1.381530585057652916e+00
1.384187204275312499e+00
1.387096401425203851e+00
1.391680541083789802e+00
1.395304224660758985e+00
1.395970468982500767e+00
1.399203674276857656e+00
1.403156787790234450e+00
1.406670823325698816e+00
1.409429485888645806e+00
1.412042909328391493e+00
1.415331869220130656e+00
1.418801933664677328e+00
1.420719218664666661e+00
1.422842259186289260e+00
1.426526546040157051e+00
1.430369032773435745e+00
1.433636115341572204e+00
1.436003645837681919e+00
1.438334229053974012e+00
1.442400193419976384e+00
1.445256584337925032e+00
1.447937590539768227e+00
1.449722947613637514e+00
1.453420249378524209e+00
1.455709684967800621e+00
1.458718358339415211e+00
1.461946849430751261e+00
1.465053842481042423e+00
1.468115211841451329e+00
1.470903923808026592e+00
1.473681798752627614e+00
1.476340992051727641e+00
1.480384231722047028e+00
1.483295543739798550e+00
1.485406757504351472e+00
1.489539645577936611e+00
1.493161645637401058e+00
1.495087503096314441e+00
1.497211054209095948e+00
1.500431847973141108e+00
1.503091104697613201e+00
1.505300763353449645e+00
1.507935171058443879e+00
1.511669189171483518e+00
1.514461182588697996e+00
1.516621112966443752e+00
1.519835392363811932e+00
1.522528750983913604e+00
1.524652158551977443e+00
1.527097933426530663e+00
1.529351249809428603e+00
1.531753259539257783e+00
1.536302399614446923e+00
1.539532608184224216e+00
1.541842343186891062e+00
1.544424747144111709e+00
1.547146935169429804e+00
1.549149168287563327e+00
1.551395747785662582e+00
1.554335119670821719e+00
1.557776427937345387e+00
1.559901783883090864e+00
1.561831541738884610e+00
1.565127882655219294e+00
1.567396733232568451e+00
1.569794438562101213e+00
1.573803392787634703e+00
1.576354820548658608e+00
1.578567031622337025e+00
1.581027357510993658e+00
1.583587763389900704e+00
1.586426851646828062e+00
1.588406401805525947e+00
1.591786820423006565e+00
1.594132320689542803e+00
1.597377307772651411e+00
1.598453784265105870e+00
1.600875724836410940e+00
1.603054833698995152e+00
1.606153376244843889e+00
1.608536638278501352e+00
1.611417628592038520e+00
1.613557385263215682e+00
1.615839906713853580e+00
1.619075068535799522e+00
1.621168520134358859e+00
1.623772520152883203e+00
1.627240753153244013e+00
1.628490082631861791e+00
1.630267318078783001e+00
1.633228103515791396e+00
1.634964020787355921e+00
1.637575899168385751e+00
1.639670289819283200e+00
1.642419472670146430e+00
1.644827999342887592e+00
1.647541656685788558e+00
1.650376458070194730e+00
1.651786440979504444e+00
1.653998106656994649e+00
1.656713582736192736e+00
1.658334214942673634e+00
1.661442787534366472e+00
1.663517950269868484e+00
1.665949509422280261e+00
1.667240216944957165e+00
1.669545694461666896e+00
1.673218135025914988e+00
1.676299780302238807e+00
1.678393321629648716e+00
1.680224210174389832e+00
1.682033235152238015e+00
1.683674733953452129e+00
1.686559046164548326e+00
1.688300036525961501e+00
1.691789082780931430e+00
1.693919092627139911e+00
1.696457217005713947e+00
1.698101561635721790e+00
1.700343386867818163e+00
1.702580585409466885e+00
1.704132449091815049e+00
1.706727499424740335e+00
1.708619146248498533e+00
1.710727514475085753e+00
1.712783975725841845e+00
1.715179785079716579e+00
1.717196480564316508e+00
1.718815253010512523e+00
1.721191183218232501e+00
1.724563670379248403e+00
1.726578447426331486e+00
1.727172999045786028e+00
1.729449360874995456e+00
1.731245611621394564e+00
1.733521692134913250e+00
1.736095977482323471e+00
1.737892658046212624e+00
1.739582283262137041e+00
1.741604007597292281e+00
1.743406771075497463e+00
1.746225500641856332e+00
1.747808268211344274e+00
1.749687553569590381e+00
1.752114641924419125e+00
1.753918555699086612e+00
1.755319850393858072e+00
1.758173683238849927e+00
1.759817091549137569e+00
1.761503884912886120e+00
1.764442435922915831e+00
1.765411246185281557e+00
1.767191902525790503e+00
1.768979218856989055e+00
1.771696535291759744e+00
1.774273351887777128e+00
1.775058209567726086e+00
1.776608400029641599e+00
1.778802104186370192e+00
1.781376688600775804e+00
1.782230346361955098e+00
1.784164991516836718e+00
1.787352310930471866e+00
1.787671047727136919e+00
1.789782086564686292e+00
1.793056646705406987e+00
1.794216332686091375e+00
1.796528111770699265e+00
1.799260824472843412e+00
1.799773244846049947e+00
1.801126831196495415e+00
1.802636457728243213e+00
