2.578696943028859772e-05
-4.702831860827502361e-03
-5.894368571494729668e-03
-4.417664543731557140e-03
-3.408283970601779303e-03
-3.594353157888892283e-03
-4.564045009471971899e-03
-4.807953550921533446e-03
-5.001115088657166231e-03
-4.164969960257253190e-03
-2.988570882114301597e-03
-5.010159287292799933e-03
-3.528399991619881031e-03
-7.068489591416047548e-05
-5.219559132115132987e-04
3.404011902295923497e-03
7.018894819643917322e-03
2.908255001067676111e-03
3.141274025872977261e-03
7.340384403700674597e-03
1.022275638810684652e-02
1.409086503618940146e-02
1.981448660412465576e-02
2.737329160063880357e-02
2.086449041585210218e-02
2.561707425092172100e-02
3.666049515473482345e-02
3.474830726249290153e-02
4.563424813757147730e-02
4.828597561953601458e-02
5.166643237391999738e-02
4.975327277718514379e-02
5.757874709443908806e-02
5.864741733357643760e-02
7.416986794313638887e-02
8.046007381781465628e-02
8.290845620845127550e-02
9.385694694797176718e-02
9.904920718450008210e-02
9.593988283033970388e-02
1.086748679339542001e-01
1.115119932533343294e-01
1.157170528955763500e-01
1.206414376654115217e-01
1.226690422864638169e-01
1.311375988292380057e-01
1.353184327911402252e-01
1.438469423356962817e-01
1.535607461447265620e-01
1.618450301909686306e-01
1.632155811113168986e-01
1.718473746424749593e-01
1.825178873650153411e-01
1.810597137163516834e-01
1.852707635494558469e-01
1.983116607890186844e-01
2.077329656631431432e-01
2.185616729698368899e-01
2.227353667423672967e-01
2.214241995448758826e-01
2.305150995726319985e-01
2.348888295833807260e-01
2.442436349517254357e-01
2.515290923556535718e-01
2.552418312085140140e-01
2.665015994490610440e-01
2.731293107520657570e-01
2.726314792772689954e-01
2.815286305543746592e-01
2.886548764844736326e-01
2.954828840457716099e-01
3.093962478451902087e-01
3.130696210458172590e-01
3.143403873583738850e-01
3.293729355657986635e-01
3.321327501402180360e-01
3.411172524433754849e-01
3.473040600631668307e-01
3.473071290887977947e-01
3.595870835655757825e-01
3.701308571584672191e-01
3.751363745878367184e-01
3.846213404450934403e-01
3.977694520381481191e-01
3.965996211418639783e-01
3.990861192077927444e-01
4.087117989648639815e-01
4.168338618117831129e-01
4.276695679847322684e-01
4.282200758834931453e-01
4.335216328526320662e-01
4.457862403522026007e-01
4.529927423167481870e-01
4.573458114675650332e-01
4.640306015375748605e-01
4.754152664645177606e-01
4.797449034561016568e-01
4.906937591775594742e-01
4.906744864283260066e-01
5.007867533134959803e-01
5.053508225084281102e-01
5.169976258845718764e-01
5.202709029333841828e-01
5.307895203644856785e-01
5.335717306178725527e-01
5.357842721559012977e-01
5.487456437320098468e-01
5.514390969844752410e-01
5.609525254064514632e-01
5.645943658390041309e-01
5.717063130995981846e-01
5.782906431859020646e-01
5.828418876439085405e-01
5.956027662815361889e-01
6.034588845655391998e-01
6.020214448806655572e-01
6.127348048984739837e-01
6.237808705400110787e-01
6.289332881266989084e-01
6.320474296981847262e-01
6.397782181237881005e-01
6.451558272968339613e-01
6.510956759851285192e-01
6.563549404668037601e-01
6.685099322545908773e-01
6.766502686912375664e-01
6.823738472653488873e-01
6.853006677280464309e-01
6.919289272769919563e-01
7.009074650594079303e-01
7.041999019561392403e-01
7.118712415594501408e-01
7.202557206534380141e-01
7.233185427337757156e-01
7.262860840895312142e-01
7.395922038352534811e-01
7.456194883064086731e-01
7.510320326494122067e-01
7.593580442098726291e-01
7.615446731438564321e-01
7.700105760980671121e-01
7.763222892996139990e-01
7.832182263444543713e-01
7.915766018633298984e-01
7.951006665364408477e-01
8.008551746361592949e-01
8.074601693470787600e-01
8.153633650649761977e-01
8.238248426772015742e-01
8.270558459291558195e-01
8.321058645475533089e-01
8.396888354780384089e-01
8.434039501033748776e-01
8.494031700076613012e-01
8.587216197794445005e-01
8.643307961194860445e-01
8.670187820163887116e-01
8.733419744745484214e-01
8.844199790764704083e-01
8.886612605561311495e-01
8.953954396590430020e-01
9.005534883743602226e-01
9.059992554528084607e-01
9.124439485392373816e-01
9.184237837191731035e-01
9.253053787792960838e-01
9.316036522979934675e-01
9.362341452644484807e-01
9.410646070463077884e-01
9.449458283652383273e-01
9.539525473568768454e-01
9.637668782411022983e-01
9.651519876506180484e-01
9.719458766746128520e-01
9.780676829574782571e-01
9.817638760127933573e-01
9.884916566629493584e-01
9.947561434200413721e-01
1.000016177914053728e+00
1.004563710093148599e+00
1.010978974868426361e+00
1.016224367189518807e+00
1.022303112086179189e+00
1.028662623329845482e+00
1.031463946834918488e+00
1.039028657126406019e+00
1.045043937596323191e+00
1.050766611688374264e+00
1.056821850492677184e+00
1.060481543393543724e+00
1.067787824633541049e+00
1.069277191766440094e+00
1.077281738386898891e+00
1.085684353875322694e+00
1.087427611994305376e+00
1.094704513542284596e+00
1.099782861540407275e+00
1.107701182851321020e+00
1.109855786410661738e+00
1.117291592041206982e+00
1.122480036949112803e+00
1.124864620094586654e+00
1.132001069393487880e+00
1.137987283147710693e+00
1.141956947947998735e+00
1.147025532689097238e+00
1.153597069206420134e+00
1.157631204987709328e+00
1.165627875983143991e+00
1.168938697059759502e+00
1.174212202480614309e+00
1.178368958459981020e+00
1.182409833706616009e+00
1.190078741677631724e+00
1.194892998090261615e+00
1.200429903758370331e+00
1.206102282083720612e+00
1.210268524616997521e+00
1.214903976967500965e+00
1.221803404585516617e+00
1.227389972463717838e+00
1.232446435073887958e+00
1.237469809062440307e+00
1.240345043645491252e+00
1.246615902659669262e+00
1.252651750587256974e+00
1.257159166523934335e+00
1.262741316507778988e+00
1.266806172749161519e+00
1.270162207019930545e+00
1.276679515909277418e+00
1.280855622115072645e+00
1.285200197227834185e+00
1.291682936184942454e+00
1.296937264096913234e+00
1.301172140899603313e+00
1.303790510895434851e+00
1.308476319826217926e+00
1.315609528770614656e+00
1.321055309202784800e+00
1.325897304120487341e+00
1.329544048560349356e+00
1.334110752538122835e+00
1.339183727741753760e+00
1.344517614679329398e+00
1.349577635825366162e+00
1.354556630361254843e+00
1.358589894127406605e+00
1.362321989584102777e+00
1.368238740382361929e+00
1.371617254838291444e+00
1.375385113591693020e+00
1.380392806835688546e+00
1.385675986598371434e+00
1.390575628567542799e+00
1.396074732054871204e+00
1.399765059486064667e+00
1.403812946483213198e+00
1.410161170735638736e+00
1.414487099618376487e+00
1.417679331463509440e+00
1.421366989722687268e+00
1.426272993555084856e+00
1.432337045550687860e+00
1.438050803821782964e+00
1.442666259933820472e+00
1.446845298743801411e+00
1.451161748813911911e+00
1.454493689606262130e+00
1.458830056498198191e+00
1.463505411723813987e+00
1.468533327329427207e+00
1.471496808323022432e+00
1.476670801513736864e+00
1.481315191519422259e+00
1.481501188505707445e+00
1.488585000915968237e+00
1.495057206350848489e+00
1.498855115908927615e+00
1.501881664550612117e+00
1.506167209672703011e+00
1.511728239538588259e+00
1.516011463697958694e+00
1.518469294423573590e+00
1.522070296812861878e+00
1.527842789109044030e+00
1.532012646508126519e+00
1.535866020125227216e+00
1.538770338728162379e+00
1.543386383491321290e+00
1.548810385329177253e+00
1.552195989829398215e+00
1.556418515653019696e+00
1.562986593193748774e+00
1.564387342396352798e+00
1.567706468337079828e+00
1.572588197196214566e+00
1.577246130711849048e+00
1.581371036195159840e+00
1.585847528359433767e+00
1.588929421699408095e+00
1.593547609794888187e+00
1.597841066356375350e+00
1.602227978833676847e+00
1.606078146816510177e+00
1.609312867302375993e+00
1.612646230629527055e+00
1.616436553728880288e+00
1.620811592905129661e+00
1.624707467770018177e+00
1.627339203249007049e+00
1.632565317165513896e+00
1.636952569412340797e+00
1.640379585982362221e+00
1.642710114997681936e+00
1.648180807048582608e+00
1.653909038407751941e+00
1.659246230279331824e+00
1.661503483062247932e+00
1.663521475172591968e+00
1.664731738909297487e+00
1.670267552208550610e+00
1.675498956395435446e+00
1.680011527974281771e+00
1.682360054430413365e+00
1.686721702267471867e+00
1.690851161656717894e+00
1.695140623722126705e+00
1.697684463846916181e+00
1.700613206042770553e+00
1.704560072489727407e+00
1.708606086441525340e+00
1.711926144421030971e+00
1.715120484998338801e+00
1.718332802076845800e+00
1.721928468647532462e+00
1.726608258900555137e+00
1.729680811957378106e+00
1.733251694073876248e+00
1.736853642789025542e+00
1.741001781829280448e+00
1.744358722298396502e+00
1.748666433917656526e+00
1.752204253961006097e+00
1.754701000214319295e+00
1.758474646618401804e+00
1.761092432783080586e+00
1.764806485679791814e+00
1.768830631624239702e+00
1.773411536818174650e+00
1.776800380072734553e+00
1.780409611960639849e+00
1.784023928747079601e+00
1.786408315434121041e+00
1.790361753438008741e+00
1.794090579973071087e+00
1.796334184190016003e+00
1.799663638102307228e+00
1.802443752917516129e+00
1.808141509707342109e+00
1.811044120889731213e+00
1.814596816627897846e+00
1.816067399921613923e+00
1.819899731277441646e+00
1.824343164159018427e+00
1.828801837957583887e+00
1.830348141536077389e+00
1.832584471445060537e+00
1.835910361900128462e+00
1.839603950166927238e+00
1.843029542549555533e+00
1.846521041271263153e+00
1.849077067655495954e+00
1.853334688394457030e+00
1.858146594378053962e+00
1.860071600839428685e+00
1.863419751386008905e+00
1.866367414690047744e+00
1.869061337378796761e+00
1.873247886912254634e+00
1.876387747893018654e+00
1.880247706980589184e+00
1.882772533473792587e+00
1.885793100097523434e+00
1.888781349645911600e+00
1.892346930924196702e+00
1.894689097090156427e+00
1.897284299356574389e+00
1.900377712705121347e+00
1.903903110400347876e+00
1.906762064703041215e+00
1.909076338980695509e+00
1.913350550525132032e+00
1.917121712124332022e+00
1.920312823589194640e+00
1.922146393359374761e+00
1.925713389273314480e+00
1.928451738155649631e+00
1.930369816674603278e+00
1.933462876940728714e+00
1.937988103876254753e+00
1.940271217026706907e+00
1.943363131270229527e+00
1.945685877907782579e+00
1.948422915050824766e+00
1.952102818566467279e+00
1.954214307504937631e+00
1.956570598609994160e+00
1.960702851514161349e+00
1.963912535587882591e+00
1.968296102218871413e+00
1.969779000848149719e+00
1.973596012510061781e+00
1.975108576246918268e+00
1.978701915592310678e+00
1.981791202031905508e+00
1.984535683316659194e+00
1.986523352213532823e+00
1.989580765818334873e+00
1.991545961168624146e+00
1.995226895024629021e+00
1.999768085242164872e+00
2.002603395769984029e+00
2.003958056678074140e+00
2.006621960728966148e+00
2.009422297289874315e+00
2.012032989934752436e+00
2.015083432905837579e+00
2.019279670575146568e+00
2.021478715576986218e+00
2.024236754835361918e+00
2.026577446032141960e+00
2.029332244212296299e+00
2.031704040655957222e+00
2.034600103538942051e+00
2.036599985764851795e+00
2.040830241423516433e+00
2.043194446182795776e+00
2.045836731307537182e+00
2.048153708712078469e+00
2.049359241598124548e+00
2.052407568010799377e+00
2.055806445651100933e+00
2.058633993590094580e+00
2.061329803392602411e+00
2.063400590694764780e+00
2.065052063619028822e+00
2.067094042298352363e+00
2.071451238822126228e+00
2.074519342376371256e+00
2.077087437241130985e+00
2.079261851680075601e+00
2.082756314624781169e+00
2.084376216280952487e+00
2.087688943570565669e+00
2.089537262707142684e+00
2.092263554375521029e+00
2.094856198610773657e+00
2.096627611359688892e+00
2.099827513526868028e+00
2.101758655445187696e+00
2.104751252524783567e+00
2.107030516354841509e+00
2.109081372712189317e+00
2.113167833749939106e+00
2.116161766083882956e+00
2.117947421413647113e+00
2.119547355169236980e+00
2.121599940879443036e+00
2.124214867151879904e+00
2.127580888233069789e+00
2.129745329054431036e+00
2.132672877686280000e+00
2.134578093968132251e+00
2.136205615058324625e+00
2.138501932890287893e+00
2.140852925419222785e+00
2.144788560180476367e+00
2.147388906107383200e+00
2.149827417890542769e+00
2.151744450114781326e+00
2.153035929630030321e+00
2.155923796664366066e+00
2.158128610035772610e+00
2.161028365794759765e+00
2.163426836777375684e+00
2.164941992432968476e+00
2.167600262504381536e+00
2.170313797859653615e+00
2.172331304470056956e+00
2.175147043846529016e+00
2.177699720647369386e+00
2.179877537434210755e+00
2.182205204649962926e+00
2.183235737173479407e+00
2.186421356526939253e+00
2.188944988243441081e+00
2.191587626941396305e+00
2.193815849725815337e+00
2.195862541861874018e+00
2.198479838681425935e+00
2.199745503641835853e+00
2.201905287551671808e+00
2.204424993748042017e+00
2.206878902751351568e+00
2.209971959645536277e+00
2.212262638283242211e+00
2.214364289433525812e+00
2.215637831788449752e+00
2.218590908974252152e+00
2.220965161038414681e+00
2.223339015625036108e+00
