5.018208071305707706e-17
-2.201253068712105551e-15
4.779735635063175765e-15
-5.941080960525369252e-16
-1.414257599918755676e-15
-6.689093723366568550e-17
4.184652624417140051e-15
1.341177169322804673e-15
1.144362382632380165e-16
6.225575610585564975e-17
2.790268016639174904e-16
-1.324662601831505501e-15
3.461120279268925692e-16
-7.133182933216630328e-17
4.141131881851833876e-17
4.229949723821846478e-17
1.524336212810339928e-16
8.548717289613705250e-18
2.053912595556539575e-17
-3.893552147360424117e-16
2.504663143554352915e-16
3.251843239127083314e-16
-1.605382493607976304e-16
-2.788103081741155569e-15
5.596634267135414530e-16
-1.403765992336047944e-15
3.144151605738443157e-16
-4.006239784359877471e-15
1.815214645262130953e-16
-4.818367926873179228e-16
-2.256639319853093241e-15
-9.585665594613601949e-16
6.844413924511627657e-15
2.749800387391587795e-15
7.817080316385727611e-16
-5.931921620572211364e-15
-1.360800361283054335e-15
5.609956943430916125e-15
4.014233390137178112e-15
9.491296637520462696e-16
-3.398170633772679199e-15
-5.227596133750011922e-15
2.755573547119638762e-16
-8.910649995641506173e-16
-3.463895836830488524e-16
6.916689443414724931e-15
3.594236019921482043e-15
9.053646721213226758e-15
-4.556577337666567650e-15
-3.972600026713734742e-15
-4.289457677941755119e-15
-7.578382366091318127e-16
5.216493903503760199e-15
1.845745778439322748e-15
1.130073812305454303e-14
-2.998157278000235127e-15
-3.036570994652265553e-15
6.316280831697440924e-15
-1.087474554850587010e-14
6.530220808542708545e-15
-7.583378369702132507e-15
-7.428502257766922231e-16
7.325251516476782704e-16
5.587863505240875724e-15
-3.543387805393649655e-15
-5.905942401795982505e-15
-1.461508691846802223e-14
-5.686895399037439233e-15
-5.412226222745175878e-15
-3.272937476594961529e-15
-5.925371304726923218e-15
1.101030377981260211e-14
-6.150080444911055003e-15
9.658940314238861236e-18
1.460942478104243569e-15
-8.580913757327835003e-16
-4.447553436648377353e-15
-5.053180096581400057e-15
3.505862267161319257e-15
-8.189005029635155210e-15
4.731881553254879937e-15
-9.647060927875372802e-15
3.096523037982023911e-15
-6.717626455099434446e-15
-6.656342144140125849e-15
7.616018926626111768e-15
6.573963595712939530e-15
2.513211860843966911e-15
1.083777512178585256e-14
2.689848344061829437e-15
8.937295348232510693e-17
1.382627345947184964e-14
-2.126854248274412388e-15
2.768341111902827692e-15
6.741496250128875690e-15
5.881517495254229188e-15
-5.545786052607581749e-15
-4.162670208529561907e-15
-1.283173567401263459e-14
1.444511177339791090e-15
6.244560424306655723e-15
-4.717115587027365058e-15
1.717070929885267028e-15
3.696709605094383404e-15
7.899236820207989416e-15
-2.872035942402817429e-15
-5.197731134387595394e-15
-2.284505917771184806e-15
-5.819345005875220169e-15
-1.416644579421699682e-14
1.678135408411662772e-14
6.907807659217724460e-16
1.457178822050764264e-14
-1.291444728934720768e-14
-9.180212146020494667e-15
-1.706412788848865516e-16
-6.347256054084482388e-15
2.153321965181476202e-14
1.298594565213306837e-14
-2.440303514816832800e-14
-3.097078149494336774e-15
-2.219224803923225494e-15
-6.608602554081244149e-15
-1.368927193823310592e-14
9.958700530887654878e-16
-1.975308805413078693e-15
9.781064846947629673e-16
1.220501477661173417e-14
-1.761213397344363282e-14
-1.803668325806029167e-15
8.536060747132978097e-15
6.737832514147612534e-15
7.854716876920519478e-15
-3.915312518643076860e-15
-1.140088023987573226e-14
6.411315922605353718e-15
9.984568727361421085e-15
6.550315845288423243e-17
-1.764477453036761365e-15
-1.093636292637256704e-14
-1.068167776452355647e-14
6.908584815334961244e-15
-4.800604358479177102e-15
-2.877698079828405942e-15
-1.870725796493388830e-16
-2.011169009108470899e-15
3.756106536911829690e-15
-1.088940049243092272e-14
5.961564575329703378e-15
8.739120538336920087e-15
-6.371680960626235706e-15
-5.451084028607055725e-15
8.978373600143641447e-15
3.762323785849730276e-15
9.400813461013512690e-15
-1.276756478318930021e-14
-1.842859198575297364e-15
-4.704570066849100840e-15
-3.126499059646903485e-15
-5.256239887785341258e-15
1.137945293550046698e-14
-1.264588433969038265e-14
-5.064837438339964445e-16
1.576438979355998471e-14
-2.074029836762747568e-14
-3.770983525441806825e-15
6.567968391379963458e-15
1.238786850876749609e-15
1.966893314886419898e-14
8.878453527927376728e-16
-4.436784273309513190e-15
6.891376358453271981e-15
7.719047623311325992e-15
1.020394879702735192e-14
2.041145030773350236e-14
-6.410316721883191040e-15
-1.077671285543146927e-14
-3.673505943879718068e-15
-3.057110120607831201e-15
-8.346989766039315188e-15
9.542255874350757735e-15
1.709443697706092426e-14
4.774847184307873546e-15
-2.936650922436001622e-15
-9.962253244566454593e-15
1.660638293543570378e-14
7.684408664943021373e-15
1.797184623342218454e-14
2.477018590241186751e-15
1.317379538789964566e-14
7.367439991412538739e-15
1.942856986403285348e-14
3.914424340223377227e-15
2.368660823037771574e-15
-2.195021941986397084e-15
-3.038314044800926852e-14
-4.702904732312163042e-15
1.004007987859267891e-14
3.091304989766286004e-15
5.480838005667009996e-15
1.526656578931806353e-14
1.846955921536164268e-14
1.726507825594580835e-14
-2.495514905831441981e-14
-9.192313576988908280e-15
2.549804811735611985e-14
4.113376306236204667e-15
1.122435477896033199e-14
1.335587196393817140e-14
5.648259637780483899e-15
-3.102962331524850195e-15
-3.377298440909725991e-16
1.417732597985832325e-14
-7.063349904967708672e-15
8.523626249257176924e-15
-8.578915355883510238e-15
-1.838740271153938008e-14
1.188449338940245142e-14
5.691780380345790370e-15
-1.149413897394424579e-14
-2.051220304721823519e-14
7.119971279223591435e-15
-6.109890371419624128e-15
1.038691355148557729e-14
-2.712396973691966274e-14
-2.791544773117493422e-15
1.844890906710361398e-14
6.548761533053948047e-15
-2.054745262825008341e-14
-4.946043574705072466e-16
4.852784840636559727e-16
-1.184663478426273268e-14
-9.599321337816490314e-15
4.210409798588443607e-15
-1.218658507440295534e-14
-2.562261514071906398e-14
-9.371947662373259630e-15
2.264188836420544066e-15
-3.611000387593321490e-15
9.614864460161242569e-15
1.393640758351466566e-14
-3.781430724103529418e-14
6.988964962317822994e-15
4.818034859965791668e-15
1.254352177681994355e-14
9.253042776435904014e-15
1.892375145473579512e-15
1.548994266187264508e-14
4.186317958954077849e-15
-1.096345236817342084e-14
-6.291633880550761909e-16
1.232702828701803771e-14
1.120303849688752976e-14
-1.189226495057482676e-14
-1.355404677383376146e-14
-1.232458579636386332e-14
6.134981411776152565e-15
-2.035405177736038223e-14
1.461164522709168674e-14
1.895050782962925978e-14
-5.410227821300850520e-15
-2.293165657363260960e-15
2.714495295208507564e-16
-7.746692176624491860e-15
4.024780508871117762e-15
1.760613876911065674e-14
2.248512487312836945e-14
7.227551890309769335e-17
-1.479549815996961017e-14
-1.201472255019098091e-14
-1.266109439512774735e-14
-2.460476267174271818e-15
-1.237987490299019506e-14
1.222477674645006165e-14
-2.612243754640530814e-15
1.069622168614614605e-14
3.454692087956345773e-14
-1.802080706880815422e-14
-8.172018617358389671e-15
1.955491324423519372e-14
-2.103561769217776694e-14
7.407630064903968825e-15
-1.921407477567527141e-14
5.724976048782082494e-15
2.684985567213971224e-14
-1.138755756358023027e-15
3.104405621456862690e-15
-1.707789465399400933e-14
2.457978265368865436e-14
-1.470912280865377392e-14
2.191602455070551368e-14
1.043065633865580748e-14
-6.469824676003099582e-15
1.070832311711455966e-14
-1.360023205165816762e-15
-1.475375377424370375e-14
-1.778011071706941958e-14
2.714362068445552718e-14
-9.181322369045118813e-15
4.557465516086267283e-15
-2.662781106721468094e-14
-2.207234395257273743e-15
5.724642981874694934e-15
-2.532862808379832138e-15
2.451261416069883195e-15
1.313282815829097741e-14
-2.000510868072069387e-15
1.559985474131053659e-14
1.111588598945445535e-14
-8.578693311278584935e-16
-1.694666629248331401e-14
-1.659028470157863788e-14
7.224443265840818943e-15
1.321431852829846331e-14
2.087441330900219283e-15
4.555911203851792531e-15
1.185951337134838445e-14
1.304401031632096481e-15
-1.719402398236979945e-15
-8.758549441267860011e-15
1.959599149614632501e-14
-2.679412247630352833e-15
-1.213762423901698566e-14
-4.512834550496336665e-15
8.015588193188704446e-15
-4.968470079802500821e-15
1.335598298624063287e-14
1.139532912475260679e-14
-1.838051932878670280e-14
3.348787913637352232e-14
3.043831853233314036e-14
9.155676217176278303e-15
2.853539626812562357e-14
-9.413136936586852395e-15
-7.978062654956374836e-16
9.038880754985712668e-15
6.449174527745071676e-15
-2.510569530045359044e-14
6.097344851241359909e-15
2.409739074948902082e-15
3.732458786487313748e-15
2.170186252925532391e-14
-1.585265252401768642e-14
2.703726131869643893e-15
-1.471156529930794831e-14
-6.597500323834992426e-15
1.154965012517550362e-14
8.700262732475038661e-15
-2.414646260717745354e-14
-1.481526012980793765e-14
-1.182065556548650461e-14
3.565703288188614964e-15
-6.217693027110726443e-15
6.363021221034159945e-15
-3.942957071956243516e-15
1.647926239911612222e-14
9.441336601412331914e-15
-1.052591347416864637e-14
-1.428324125640756246e-14
-1.551980766123506240e-15
2.220323924717604362e-14
-1.356392775875292520e-14
-7.132849866309243213e-15
-2.659716891173502545e-14
-2.446487457063995104e-14
2.337285920361864565e-14
5.432876371003203783e-15
-7.805978086139475888e-15
3.741007503776927251e-15
-4.001465825353989380e-15
1.141642336222048452e-14
-2.537903220911630276e-14
-3.255395952805883916e-15
-2.093114570556053943e-14
3.072975207629724395e-14
4.152900245912860423e-15
-6.315836742487590319e-15
-3.076638943610987866e-14
-2.171807178541484970e-14
1.667332938382060168e-14
1.419908635114097766e-14
-4.112932217026354850e-15
3.026245920523251600e-15
-7.753686581679630611e-15
8.823497488208430974e-15
-1.019928586032392608e-14
-5.699551941518166498e-15
-6.571632127361226613e-15
-2.540745391854670680e-14
-6.369793581484373394e-15
-2.358713224737130162e-14
-1.268107840957100092e-14
8.954059715904349598e-15
-2.055688952395939655e-15
5.473399511402021429e-15
1.569133711853965085e-14
2.117039876736726079e-14
-1.276689864937452510e-14
6.460609824898710959e-15
3.621658528629723397e-15
1.662026072324351824e-14
1.587174836004123721e-15
-3.572775408855477690e-14
-8.117617689151757569e-15
-1.381761371987977309e-14
5.113465206818545975e-15
2.463029780130909643e-15
1.792976878078889215e-14
7.366884879900226666e-15
1.185718190299667252e-16
-5.882294651371466564e-15
-5.573319583618286148e-15
-1.809408178843341418e-14
-1.999966858790003145e-14
-4.881650639276813182e-15
-1.461930576596159904e-14
-1.199373933502556702e-15
-1.388800185964100806e-14
1.071309707612044854e-14
1.393329895904571340e-16
-5.105804667948632105e-15
2.011280031410933551e-14
-1.750266598321559349e-15
-6.064593272014917602e-15
-1.314504061156185328e-15
5.754396958934649205e-15
1.797006987658278370e-15
4.842681811112470288e-15
4.293787547737792605e-15
1.090350032484366169e-14
1.683297945476169788e-14
1.858335707538571870e-14
8.582801136469697907e-15
-9.566125669380198979e-15
-1.691868867226276137e-15
-1.373168245777378588e-14
-3.461897435386162970e-15
-9.906520048730272252e-15
-1.361055712578718197e-14
1.847955122258326946e-14
3.196110043290900677e-15
-2.427402723270688413e-14
-1.296129870098639054e-14
-1.870337218434770004e-14
-1.005384664409803032e-14
3.353983757392598003e-15
-2.941780152809769566e-14
1.177857811285321063e-14
-6.895706228249309466e-15
-7.292277892645416474e-15
5.067724018203989633e-15
-2.798983267382481990e-15
1.021838169634747845e-14
1.179645270354967580e-14
-2.448929947718170278e-15
1.851563347088358579e-14
1.423572371095360606e-14
-1.510369607160555478e-14
2.437938739774381206e-15
2.658595565918631147e-14
-1.224131906951697658e-14
-9.789169475027392966e-15
-1.605826582817826466e-15
7.120637413038366554e-15
-7.872147378407135622e-15
-4.517053397989911894e-15
1.885869238549275954e-14
5.701550342962491066e-15
-9.974243653232406738e-15
4.755973392889245695e-15
1.169786489896296132e-14
1.916911074317795087e-15
3.237299317504493836e-15
3.718914065586886851e-15
-7.216116593156129953e-15
1.426103679591506059e-14
3.410605131648480766e-15
-1.934774562784014112e-14
3.496980482964318194e-15
5.362377208939505923e-17
1.145061823137894011e-14
-1.177169473010053453e-15
-4.326983216174084728e-15
1.577504793459638662e-14
2.698274936818734063e-14
8.062217560222961210e-15
4.077849169448200020e-16
-7.472134022634690761e-15
1.420530360007887786e-15
9.325873406851314594e-17
3.320455022048918320e-15
-1.242272951174072720e-14
-1.604982813319111223e-14
-5.461964214248382935e-15
9.043099602479287897e-15
9.970912984158531142e-15
-1.228228629912564483e-14
-3.682942839589031993e-15
1.324829135285199281e-15
1.808309058048962313e-14
8.681055874149023251e-15
-1.736932819795811292e-14
-8.949840868410774369e-15
3.554823102547288544e-15
-1.004707428364781609e-14
-2.260147624610908606e-14
1.990851927757830554e-15
-2.495337270147501739e-14
-5.833111771380571974e-16
1.611466515782922172e-14
-4.949596288383872971e-15
-1.047384401431372600e-15
