-1.001928799948128341e-05
-4.360271863214280202e-03
-5.401049128645767430e-03
-3.487449650226518132e-03
-1.668505159448632064e-03
-1.451152091616491344e-03
-1.484541273009706884e-03
-1.553103445487947435e-03
-2.036546356025984925e-03
-1.842693346126198298e-03
-1.602928757682028221e-03
-2.648755341461498432e-03
-1.716066244663908306e-03
2.810710442628239626e-04
4.355518558474027720e-04
2.644383559986641843e-03
4.558118253414272097e-03
2.357187132982082114e-03
2.160994475919795176e-03
4.128205254402978960e-03
5.386503148352380678e-03
7.459659045761578115e-03
1.041674338042055531e-02
1.474756292221232265e-02
1.146950087027990769e-02
1.412802920034632835e-02
2.015614286363792002e-02
1.876400797235994178e-02
2.444106780425057621e-02
2.603950181548145629e-02
2.756719716105896639e-02
2.594352822005000295e-02
3.008643442193438197e-02
3.142939076276371480e-02
4.020578111962479911e-02
4.354215217237206170e-02
4.429881035299668146e-02
5.051810743071419307e-02
5.394641459951661500e-02
5.148959682372084706e-02
5.876187329248965668e-02
6.015232911767553342e-02
6.205986076622208719e-02
6.433545869259153782e-02
6.506203031553907390e-02
7.079597881190193009e-02
7.331935331240110876e-02
7.761766934940701745e-02
8.360720461963015715e-02
8.739744955966254059e-02
8.799816138851934699e-02
9.382844117792307759e-02
1.001381063865345450e-01
9.942641530379169035e-02
1.009666793224073128e-01
1.065749888318091171e-01
1.126690411921172363e-01
1.215566644564098631e-01
1.222172684878354565e-01
1.195389636388747567e-01
1.264283311364061413e-01
1.279203609189409341e-01
1.331680088941738227e-01
1.385028389505385815e-01
1.398509698239652210e-01
1.429731004210797740e-01
1.522828436568744170e-01
1.506378260402475300e-01
1.565841643163951857e-01
1.586573148909577735e-01
1.641412569697099366e-01
1.732618468356603714e-01
1.733918289311297822e-01
1.749644019966030972e-01
1.837969894568635687e-01
1.838463590268313019e-01
1.903402617058717883e-01
1.933800145603843668e-01
1.940821606694026202e-01
2.043952084912872003e-01
2.107964666180072999e-01
2.096211230045178786e-01
2.166995820668629058e-01
2.267346760402446926e-01
2.222960242193336433e-01
2.220965138357707536e-01
2.276853088354503507e-01
2.325045482673180064e-01
2.405610077701610117e-01
2.385474441395566136e-01
2.418069449983215047e-01
2.517257721638533896e-01
2.557529451280470822e-01
2.588867023978496107e-01
2.638460017344648190e-01
2.714594670875664084e-01
2.702796992493255446e-01
2.796060162562311602e-01
2.785214885212661806e-01
2.832070069675347024e-01
2.887160178469080352e-01
2.953567888128937891e-01
2.957542510270118052e-01
3.002651707032572559e-01
3.021582708890301894e-01
3.090609403096330476e-01
3.138936810003790101e-01
3.149369434868558026e-01
3.234233807115006187e-01
3.227789633868101693e-01
3.273244854459679831e-01
3.297540607150794556e-01
3.327982021427804415e-01
3.406310143903434340e-01
3.467171901630317077e-01
3.452911671110125980e-01
3.514857046572665289e-01
3.576358695558277678e-01
3.593009067873904616e-01
3.625573685653709077e-01
3.708675688680122540e-01
3.713680412142497111e-01
3.758214444790030084e-01
3.812448556386535126e-01
3.868821295540441074e-01
3.902355952660747085e-01
3.959518700751763487e-01
3.977198735752230929e-01
4.022348749323444994e-01
4.063948139629512402e-01
4.080962662702196653e-01
4.152793834171091270e-01
4.175077880594478263e-01
4.196026441414447139e-01
4.231021475287183864e-01
4.312108628184955772e-01
4.320852830575761527e-01
4.374857517261634410e-01
4.470458929877268450e-01
4.457676463229899855e-01
4.496425892369806943e-01
4.563803388579072973e-01
4.591273542207442993e-01
4.638204234410351900e-01
4.663007780838734351e-01
4.687701912548596361e-01
4.747689660038603710e-01
4.795889947392235619e-01
4.866003726527874940e-01
4.863110052049609000e-01
4.898605748704644158e-01
4.906163830819582627e-01
4.966016791124313601e-01
5.011611852026937042e-01
5.011614782243679622e-01
5.103296405200390407e-01
5.117274043491535362e-01
5.161592211641149452e-01
5.190086072090007718e-01
5.245757262521670850e-01
5.263460853587761390e-01
5.313181246800564583e-01
5.358059334155532705e-01
5.400997527914895846e-01
5.470540689527360056e-01
5.484612872998042565e-01
5.488129050450359925e-01
5.539297681151510444e-01
5.587644250570973359e-01
5.608197402223927819e-01
5.669031356703461144e-01
5.724707529909394133e-01
5.729366083778620888e-01
5.767752460980094531e-01
5.820554299997990899e-01
5.847073698732260238e-01
5.884120323801775854e-01
5.930567024656595576e-01
5.947346230302280601e-01
5.982375827051278350e-01
6.034000592658140816e-01
6.051888075571095760e-01
6.105574013903543040e-01
6.165376743791368686e-01
6.184424180393246484e-01
6.209290217271533630e-01
6.234952226205553449e-01
6.277670284011684920e-01
6.309164808116257683e-01
6.377639109990234090e-01
6.418680452290953520e-01
6.411424474668768747e-01
6.466599579940611742e-01
6.501890914863829307e-01
6.530301647914933394e-01
6.563166712354518983e-01
6.632080683635767082e-01
6.650058007928845161e-01
6.686207676490502072e-01
6.700957365710185076e-01
6.760209818540878768e-01
6.790484775921737937e-01
6.813967663327900048e-01
6.855022334615393786e-01
6.883363036410129476e-01
6.901974959025627410e-01
6.947388606576158088e-01
6.986478334178888305e-01
7.036488725730959404e-01
7.055455498627961619e-01
7.093654136022121692e-01
7.158896303715965859e-01
7.164556564838209241e-01
7.195205926694590026e-01
7.255408418487115929e-01
7.290831293956842041e-01
7.310061813602677372e-01
7.330707212603678746e-01
7.375128421373960963e-01
7.418719012913741473e-01
7.432218979810776283e-01
7.463390933160544138e-01
7.532386310536777208e-01
7.539544988379901502e-01
7.555526856986586326e-01
7.616334752585488532e-01
7.650612599230158795e-01
7.675854090130060925e-01
7.712452447600605110e-01
7.747110077979360021e-01
7.778711805290134951e-01
7.801574501751855628e-01
7.839590146418147221e-01
7.888140535741112735e-01
7.900766097548894695e-01
7.946168220859364251e-01
7.975758050474869298e-01
8.003210021152350473e-01
8.040457262563102114e-01
8.082427776139027298e-01
8.107139152274420724e-01
8.124708832713780637e-01
8.173463966824244809e-01
8.202597042839777641e-01
8.231571349888928690e-01
8.269021420279447643e-01
8.302898358396008094e-01
8.323997934804361343e-01
8.342125494270462571e-01
8.380199812525268577e-01
8.406869325100981838e-01
8.436755773298570960e-01
8.476131327115250524e-01
8.496821381544685803e-01
8.540329710806719987e-01
8.576817647948424828e-01
