7.616312413546126462e-04
2.350327723079784290e-04
3.568609861750805302e-04
1.127378232397866853e-03
1.726320553632075452e-03
1.850849274391183500e-03
1.948071416667973565e-03
1.865661863189098553e-03
1.933834204237884361e-03
2.009076392803927236e-03
2.264345417840214758e-03
2.706200822237568582e-03
3.504501837967113377e-03
3.961464934901838715e-03
4.793356246380961992e-03
5.020315812898010210e-03
4.969743782394095248e-03
5.063437404887222333e-03
5.125390655329530726e-03
5.300720831045625629e-03
5.370323072830148793e-03
6.233255285870399447e-03
6.914120580734404303e-03
7.590117821236283362e-03
7.681933597206451123e-03
8.105345437326161306e-03
7.582437621216311062e-03
7.932502462448120725e-03
7.690179887487407460e-03
7.568833164068834544e-03
7.581208772361243409e-03
8.409807275323836692e-03
8.526168109295524655e-03
9.648090350655183500e-03
1.008085631814446652e-02
9.490895981436691525e-03
1.022699651386517819e-02
9.690422718365329646e-03
1.035534933866951932e-02
9.465687525235218572e-03
9.803905854896247454e-03
1.091596639346833347e-02
1.076616938349786272e-02
1.047182105865984876e-02
1.145406370323447630e-02
1.229655092189064179e-02
1.283588424637221136e-02
1.198791967287973770e-02
1.281030542882985283e-02
1.303408550943059921e-02
1.296230240244446337e-02
1.346725981562628231e-02
1.428432074062301223e-02
1.467115554314251703e-02
1.514201659677156392e-02
1.506102155970796483e-02
1.524468120410974945e-02
1.645098583581307283e-02
1.659279635606226641e-02
1.742655281836712547e-02
1.748830161161878810e-02
1.779973315750973603e-02
1.854879904409443420e-02
1.918468095065938711e-02
1.960599168299951081e-02
1.996497191413619879e-02
2.108581032704179292e-02
2.203106562900026405e-02
2.282705788487244744e-02
2.275367966308071421e-02
2.282515605707352221e-02
2.461320351841918275e-02
2.482690196551224152e-02
2.438070395974006183e-02
2.513190581437879656e-02
2.681894890505502616e-02
2.707887396267213975e-02
2.720559631152399613e-02
2.850908704885305942e-02
2.970114877520181607e-02
3.049177572864640931e-02
3.023461653318095313e-02
3.117780182935147096e-02
3.215439142753993840e-02
3.261922723462608309e-02
3.368102720277110773e-02
3.495398416665020103e-02
3.501108898474288023e-02
3.606150205927768915e-02
3.688006897229564179e-02
3.799942914594112847e-02
3.840254598462908286e-02
3.856720288281656472e-02
3.974265908354786964e-02
4.097638240707855012e-02
4.176675286310912311e-02
4.184974879404986664e-02
4.322561911248948285e-02
4.317837392636105637e-02
4.493063040937538000e-02
4.531701747936113522e-02
4.591532702661479254e-02
4.598624183689350303e-02
4.719442814158744670e-02
4.883517672217650013e-02
5.007595541906921521e-02
4.991895699067006031e-02
5.021781678004709482e-02
5.183261320637608249e-02
5.381076074686821226e-02
5.269926069199344643e-02
5.301053132899527509e-02
5.511633891356276099e-02
5.589227284084741926e-02
5.738309091524540495e-02
5.732888310058367742e-02
5.935087268222635076e-02
5.951012909593027256e-02
5.934879206798920198e-02
6.095245096418287767e-02
6.127188402687314822e-02
6.198632650709903075e-02
6.417313154654248619e-02
6.464228429910599816e-02
6.536593066822232734e-02
6.656338155711051530e-02
6.641930147733525469e-02
6.677478713420204048e-02
6.828565966107874585e-02
7.087411616669125891e-02
6.986489059010352054e-02
7.060383521474326851e-02
7.145967538993629187e-02
7.293646051968553923e-02
7.389501783527410717e-02
7.349738060812863183e-02
7.526955739304107273e-02
7.693035358419728076e-02
7.717079756823154446e-02
7.800010177424354652e-02
7.843934690233099472e-02
7.939758013308849394e-02
8.003207353680866221e-02
8.146336909524139192e-02
8.384251397241233861e-02
8.446569341234046180e-02
8.428796560781513791e-02
8.602123460964011814e-02
8.648431244318145750e-02
8.708619193174579887e-02
8.692253019876833298e-02
8.906268210071834057e-02
8.970527691243930513e-02
9.033129309890279568e-02
9.152596549263346259e-02
9.154921284038740337e-02
9.280000830533595424e-02
9.410033921839758286e-02
9.463231386843401483e-02
9.561521315956279798e-02
9.605296601214728669e-02
9.768211310536534242e-02
9.827710041273836350e-02
9.828654042766016286e-02
9.983284660696681301e-02
1.008517789218997401e-01
1.020456751048148120e-01
1.027900059050662201e-01
1.034460534601047144e-01
1.041976326006279624e-01
1.057265382695887351e-01
1.067294402992884084e-01
1.078818876213243488e-01
1.065683820172229485e-01
1.094120393136236852e-01
1.104718398806499302e-01
1.101321673788921152e-01
1.118373601253888350e-01
1.118650752438454660e-01
1.138188460598947988e-01
1.135949187487046430e-01
1.149296267356576390e-01
1.156358154668095800e-01
1.164718597230981340e-01
1.186009971195694929e-01
1.189967458105811587e-01
1.202848761924696225e-01
1.210448335553484661e-01
1.214579431724226444e-01
1.229242753027596918e-01
1.243623026812908927e-01
1.237285237964075857e-01
1.239574780328966813e-01
1.248160852106882795e-01
1.265237188443744665e-01
1.271603232901061253e-01
1.283133428563080214e-01
1.286784685593702349e-01
1.311347315545954018e-01
1.311911720783968116e-01
1.316382252989261037e-01
1.329877457071540481e-01
1.333857121186236838e-01
1.342386809845436679e-01
1.364212665657563439e-01
1.365708251357671266e-01
1.365607541883644138e-01
1.379479581806237476e-01
1.398878111433436988e-01
1.393264846431049031e-01
1.410080760479747453e-01
1.422507176444748334e-01
1.417732679257797113e-01
1.433925875944864481e-01
1.444946758443087509e-01
1.455185136159876380e-01
1.454161385522086958e-01
1.476993298617790829e-01
1.477529923332506212e-01
1.482100575678574339e-01
1.496071593497818875e-01
1.500595689741799355e-01
1.516619444261921579e-01
1.530163917529604733e-01
1.537263963624372620e-01
1.535243638219766227e-01
1.540362262840138941e-01
1.562522149317783493e-01
1.566709804568341691e-01
1.578133225662528005e-01
1.581866341824238464e-01
1.600396086595282652e-01
1.601057865705970973e-01
1.610759603637837156e-01
1.609204221784807098e-01
1.628650776906353792e-01
1.639430214393306773e-01
1.652815667336232641e-01
1.653111695815987492e-01
1.666942788134406772e-01
1.681883780828806185e-01
1.678113315805966343e-01
1.693597461531965442e-01
1.696234875890585692e-01
1.710829778864445538e-01
1.728588914632345208e-01
1.723318106306123698e-01
1.728926752640099762e-01
1.738602741118828177e-01
1.759787525172522016e-01
1.756485636136325412e-01
1.771780951822497230e-01
1.782008491623337243e-01
1.784320942095325158e-01
1.794315675099522611e-01
1.812255416287453236e-01
