4.147215609517499238e-05
-4.902847716962937044e-03
-6.168277338200113535e-03
-4.959878165293847216e-03
-4.406534038666911832e-03
-4.806439421838072310e-03
-6.299116681886771443e-03
-6.658746420608445751e-03
-6.700555754169982940e-03
-5.535991117183342546e-03
-3.865813722898029693e-03
-6.456505019998962092e-03
-4.686608300558560772e-03
-4.654243621827285592e-04
-1.263859737908361791e-03
3.537013493026312794e-03
8.013769209467521901e-03
2.958180993982300038e-03
3.379169522945347191e-03
8.669423597567815429e-03
1.240232518237648941e-02
1.707920978122399666e-02
2.427221822657037523e-02
3.322892509360141078e-02
2.525863624550154368e-02
3.107382144409479366e-02
4.436215800644106866e-02
4.250100917461668154e-02
5.583492858569669842e-02
5.879000891839643306e-02
6.314163219056724563e-02
6.154993978441548885e-02
7.108435550106520506e-02
7.167053108098422887e-02
9.002205309852472082e-02
9.783083001356314423e-02
1.015146044583550983e-01
1.144199354012430808e-01
1.201284319017248831e-01
1.171873653409595262e-01
1.321796428287874414e-01
1.357611721697074836e-01
1.411169574423077056e-01
1.473222072260543525e-01
1.503179890397703666e-01
1.599031277887575375e-01
1.650836086632280486e-01
1.752937320490913220e-01
1.859939547815185334e-01
1.968354865078213722e-01
1.987299539324452746e-01
2.080957241267908653e-01
2.204484747755156293e-01
2.186467070326686690e-01
2.246709888397180332e-01
2.410163610319590033e-01
2.516050456383709388e-01
2.630902204933922572e-01
2.689307118315215628e-01
2.685629961165996171e-01
2.784865113723199448e-01
2.841716201465012137e-01
2.962372985746516418e-01
3.026687339268065990e-01
3.090701938040240071e-01
3.231179165379917118e-01
3.274571014208103592e-01
3.287486049270363364e-01
3.389961973003968732e-01
3.476498148175843905e-01
3.547344604714645633e-01
3.704447378840317051e-01
3.762770845516340557e-01
3.772287015605650384e-01
3.948290478915749691e-01
3.989263153387039296e-01
4.086131684072660808e-01
4.152091425890064857e-01
4.160865041872425230e-01
4.286247339299118497e-01
4.406204473692485468e-01
4.477250018720888014e-01
4.582844593560993496e-01
4.720596546557778717e-01
4.730135546704257177e-01
4.785405319413927328e-01
4.890649919700362780e-01
4.972148016711493979e-01
5.089559956559580600e-01
5.108527869064117821e-01
5.179366502318532017e-01
5.310718968015154529e-01
5.397051253637801249e-01
5.436578031067640371e-01
5.520454140312137659e-01
5.640579433146175603e-01
5.679311279495962150e-01
5.814311376725376235e-01
5.836279425526172959e-01
5.948478183346849191e-01
6.003723661266766598e-01
6.114036094280193012e-01
6.161866839443813637e-01
6.291528942016617609e-01
6.335232514941002702e-01
6.346779988596480404e-01
6.487420337646822022e-01
6.533417632487298343e-01
6.632563814830109150e-01
6.682341022636052452e-01
6.767225834234961157e-01
6.838572421954929315e-01
6.898696834583896154e-01
7.015600230684105876e-01
7.124045279799740005e-01
7.126607776951053852e-01
7.222163949885679335e-01
7.351949293355721782e-01
7.419791098675970753e-01
7.456007967830768912e-01
7.539365415132817105e-01
7.602491779932353255e-01
7.660485112961762377e-01
7.716106772912464384e-01
7.845518394699252385e-01
7.948367730228043104e-01
8.007621421274447870e-01
8.042256177166000608e-01
8.131706972459740168e-01
8.228170884895188442e-01
8.259765993001431106e-01
8.343306515515350741e-01
8.442662795164257439e-01
8.484286830989020700e-01
8.520303394642364525e-01
8.644282236700799871e-01
8.739200114029940236e-01
8.789608039808088913e-01
8.862845294059716883e-01
8.910834166094188102e-01
9.005415433728503061e-01
9.061145196816136060e-01
9.141965662168600737e-01
9.228918870467343050e-01
9.284714772928027715e-01
9.360457836548164989e-01
9.416380642535273626e-01
9.495556881182289910e-01
9.581131630423599388e-01
9.637598359945626081e-01
9.687854004582958645e-01
9.757586223858111252e-01
9.815089833357071303e-01
9.886066349832818290e-01
9.977405725151881066e-01
1.004484921289072519e+00
1.007422746070530950e+00
1.014656993134810170e+00
1.028500134657488907e+00
1.031938369712163350e+00
1.040165956167602879e+00
1.044691560896867433e+00
1.051098585739624891e+00
1.058212298148421660e+00
1.063818170983044764e+00
1.071881679939785448e+00
1.079783553658453910e+00
1.084993144059625214e+00
1.089765618103311073e+00
1.096163441011774875e+00
1.104764594888967499e+00
1.114774080316758731e+00
1.118604340882959791e+00
1.125454974795759178e+00
1.131755146377075194e+00
1.136955383811767639e+00
1.143247523185203729e+00
1.148041564281087501e+00
1.154305646306307942e+00
1.160805351873072322e+00
1.164856557540702831e+00
1.171710270825558897e+00
1.181066847279874210e+00
1.186521166231478297e+00
1.190510001473789936e+00
1.198324542010889227e+00
1.204684854841241437e+00
1.211418113112234352e+00
1.217767184846775930e+00
1.220974877775067080e+00
1.229619969961585957e+00
1.232451957304400603e+00
1.240363261331898448e+00
1.247893002694557607e+00
1.251226842952554819e+00
1.259420441501622578e+00
1.263740696927016405e+00
1.271633025180930243e+00
1.276643444838384100e+00
1.283441833939608756e+00
1.289053367293955921e+00
1.291864440383223567e+00
1.299002576318875946e+00
1.306111449889254095e+00
1.309334736745196848e+00
1.316178276716521989e+00
1.323523874570305514e+00
1.328156323564647412e+00
1.333936076065152854e+00
1.339152515565304125e+00
1.345880651982957144e+00
1.348469251386118950e+00
1.353269765882735287e+00
1.362533598798515655e+00
1.366293715152774535e+00
1.371772891875778999e+00
1.378303427748036825e+00
1.383259159917555436e+00
1.388330810535587156e+00
1.394899078149229865e+00
1.401689122828719158e+00
1.406186282654544373e+00
1.411030786697705652e+00
1.416324412293694879e+00
1.423771463641323232e+00
1.427837649153522070e+00
1.433542774583465462e+00
1.439144745478197374e+00
1.444494059590694546e+00
1.448430932777985181e+00
1.453508656580335012e+00
1.458672544087474376e+00
1.463278651973377809e+00
1.470430157035393259e+00
1.476553495952338313e+00
1.478315400498029009e+00
1.483214887302950702e+00
1.489643455147627860e+00
1.495785663718045777e+00
1.501240464676762310e+00
1.504998679700692010e+00
1.509222080078318484e+00
1.514921788989261886e+00
1.520984113935697657e+00
1.525921682002424618e+00
1.530468935584485379e+00
1.536464696822477105e+00
1.541306445756176924e+00
1.545757825800657015e+00
1.551210938467457501e+00
1.554699838879532781e+00
1.559692406423909494e+00
1.564441758651967662e+00
1.568583903882152297e+00
1.575167912065150944e+00
1.579977087315236561e+00
1.585182193706602405e+00
1.589499939542336593e+00
1.592876189628427142e+00
1.598506657453846014e+00
1.602467170944363861e+00
1.607828047974042551e+00
1.612800812432272135e+00
1.617425928619527165e+00
1.621943212077987972e+00
1.627293647428505352e+00
1.632246345029456203e+00
1.636696823157749447e+00
1.641136482022795606e+00
1.645677974543201749e+00
1.650359253073693688e+00
1.656632679505012584e+00
1.660790605090147309e+00
1.664477540769645492e+00
1.667290061389479217e+00
1.671615410669014423e+00
1.677003659743098396e+00
1.683399712955487182e+00
1.688090750326036504e+00
1.689579492305958386e+00
1.694621077294926836e+00
1.701164089998921547e+00
1.707059525042090575e+00
1.708689034111976923e+00
1.710465525891688099e+00
1.717135823717350407e+00
1.722344157823182398e+00
1.726155122755732796e+00
1.731197665546098774e+00
1.734628776663527994e+00
1.739472214969452590e+00
1.742945392961776419e+00
1.747740701297194610e+00
1.753439947602866811e+00
1.755593075368526268e+00
1.759282728498787751e+00
1.763918254448663125e+00
1.769007985245046433e+00
1.772498829059540926e+00
1.776736748895111795e+00
1.782368746534979342e+00
1.786882055886222842e+00
1.789982273975706972e+00
1.794658618037786368e+00
1.798653168573100647e+00
1.802501203724769629e+00
1.805227718496865252e+00
1.808410944444841073e+00
1.813490289330410121e+00
1.816618579940950440e+00
1.820812457286737684e+00
1.825668804398564271e+00
1.829156391766355361e+00
1.832785278248033611e+00
1.837696238663140136e+00
1.841075354896553273e+00
1.846798299562701029e+00
1.850379660103817381e+00
1.854282985544456475e+00
1.856816119506878193e+00
1.861282014272561014e+00
1.865813521058188762e+00
1.870206235123978100e+00
1.873754428044460019e+00
1.877375668340935055e+00
1.881240192415769341e+00
1.884862415561772142e+00
1.889110067321007724e+00
1.891669810930304729e+00
1.894854361787110530e+00
1.900454553680615222e+00
1.903385626843217659e+00
1.906757287145477653e+00
1.909356217879902839e+00
1.914920427839015060e+00
1.919235921358702690e+00
1.921399475758798658e+00
1.924703864157015332e+00
1.928170199997216505e+00
1.931322569084729768e+00
1.935545428019828540e+00
1.939583727604092367e+00
1.942739940129238896e+00
1.946354462754850356e+00
1.949629475899453901e+00
1.953393353141305022e+00
1.956005217231369553e+00
1.960422918726718589e+00
1.962999750523397369e+00
1.967897106562450205e+00
1.970989771349117570e+00
1.974268711255398268e+00
1.978975979091788240e+00
1.981704899931953756e+00
1.985242025370845820e+00
1.987504726959123724e+00
1.991405110889675312e+00
1.995016796666188252e+00
1.997510522128014943e+00
2.000038377310503712e+00
2.003728307847914447e+00
2.008197888491460859e+00
2.011030619519546203e+00
2.015443738370446880e+00
2.018751754838656431e+00
2.022724417571184485e+00
2.024231116904358974e+00
2.027901831447326053e+00
2.031625197049137022e+00
2.034002191587656050e+00
2.037873488841187797e+00
2.040737926249049483e+00
2.044637196918954736e+00
2.047910567253472536e+00
2.051353853772059921e+00
2.053759194777052155e+00
2.056789415876159488e+00
2.060145791950891425e+00
2.062964404554743059e+00
2.066091085016697804e+00
2.070017314333115532e+00
2.072917430361853164e+00
2.076021486334821642e+00
2.078938620873221677e+00
2.081803572360527710e+00
2.085908027644674867e+00
2.088341357308807655e+00
2.091598590616518649e+00
2.096133223191060768e+00
2.098156701327245077e+00
2.100942970806574106e+00
2.102923229800882865e+00
2.107063889372219112e+00
2.111558927885782033e+00
2.113388135091917253e+00
2.115916769176647172e+00
2.119962371429859438e+00
2.122398282595451935e+00
2.125343142211113534e+00
2.127434654229333866e+00
2.130664013876490515e+00
2.133627258038971686e+00
2.136427791431781742e+00
2.139144618728427094e+00
2.142208563376974961e+00
2.144406642455737089e+00
2.146673000902883821e+00
2.150667072698627003e+00
2.153418822412546785e+00
2.157698848553165849e+00
2.160490736437037818e+00
2.162491330397295464e+00
2.165587987869588726e+00
2.169385061993182262e+00
2.171790553167242344e+00
2.173616980987060909e+00
2.177142803219712874e+00
2.180291535850856999e+00
2.182128177278505277e+00
2.183711929366953353e+00
2.188429816137142492e+00
2.191260067309663384e+00
2.194246431763245742e+00
2.196262989418062972e+00
2.198698780313746770e+00
2.201882299544144050e+00
2.203845481140548124e+00
2.206135368446799028e+00
2.210794619424188756e+00
2.213069822913956930e+00
2.215053495815685558e+00
2.217947462383369484e+00
2.221416661685945204e+00
2.223758981263223244e+00
2.226724580100991613e+00
2.228413386694587661e+00
2.231436914667138005e+00
2.234852834661650967e+00
2.237058756656978176e+00
2.239481517681852107e+00
2.240582138313134575e+00
2.244280861873861888e+00
2.247240287324971941e+00
2.249169900786681886e+00
2.251810328318129883e+00
2.254443314884993832e+00
2.257314536577893715e+00
2.259373171745292286e+00
2.262047796492489216e+00
2.264500160076218460e+00
2.267303014378667214e+00
2.269921895639232634e+00
2.272754607342207578e+00
2.275609678396923741e+00
2.277562744913154358e+00
2.279192734347954996e+00
2.282494647679161659e+00
2.284118945139469226e+00
2.287467296764232216e+00
2.289647561312126101e+00
2.292419653725523254e+00
2.295788516495445020e+00
2.297761103221219958e+00
2.299232756635037234e+00
2.301841512736238382e+00
2.303565512767346224e+00
2.305999648403373126e+00
2.309588258849197828e+00
2.311959155923569043e+00
2.314530231394605231e+00
2.316468999424299735e+00
2.318588787589931588e+00
2.322276563236283842e+00
2.323803385433834023e+00
2.325856143498723050e+00
2.326933829980094348e+00
2.329470636535481365e+00
2.333072543833786927e+00
2.335301356659585714e+00
2.337629211208652080e+00
2.339728612099950311e+00
2.343143605642951321e+00
2.344166811240936177e+00
2.347815019934330838e+00
2.349348239189583243e+00
2.350496184905811248e+00
2.354159545833983458e+00
2.355557613811662954e+00
2.358450761455136213e+00
2.359637375047312524e+00
2.362880809091524981e+00
2.365678605616654995e+00
2.368855323027430515e+00
2.370273335945108251e+00
2.371996824512919044e+00
2.373409990199763620e+00
2.374824811408971392e+00
2.378542288046683328e+00
2.381412918826730341e+00
2.382759539220078882e+00
2.385037898388418842e+00
2.387260097107117840e+00
2.389342903786579431e+00
2.392307094749018592e+00
2.393979496502845361e+00
2.396624988111691223e+00
2.398280507245409421e+00
2.400174950067537782e+00
2.402632044036045134e+00
2.404695632335253741e+00
2.407319088588643297e+00
2.408878316697451005e+00
