3.608442937546653981e-05
-4.833133167740238240e-03
-6.073339530060213251e-03
-4.773003497659608456e-03
-4.063635881340009123e-03
-4.391124904042171574e-03
-5.704090030788269705e-03
-6.023906691882313473e-03
-6.118216339355655661e-03
-5.061144082376167579e-03
-3.557908443645207194e-03
-5.954624256091123509e-03
-4.283266584775757314e-03
-3.186418803104358079e-04
-1.000295320222698838e-03
3.503341807525318843e-03
7.701622139617718410e-03
2.958324191592292835e-03
3.315031457391947635e-03
8.236510676285467569e-03
1.168896640472742547e-02
1.608910412569249104e-02
2.279320129708112611e-02
3.129027112107702485e-02
2.380213486543919510e-02
2.925992522301485571e-02
4.181518953146454859e-02
3.991196873592508382e-02
5.243958359731198254e-02
5.530898828967606429e-02
5.933141908892049232e-02
5.759542474830737363e-02
6.657180552113367566e-02
6.733244488730920352e-02
8.478102290925074169e-02
9.208055608598068875e-02
9.532368252657975882e-02
1.075998205953725001e-01
1.131601119958305784e-01
1.101236388353883516e-01
1.243955216362129940e-01
1.277248085433086155e-01
1.326995061338103188e-01
1.384849536173662077e-01
1.411339953444511464e-01
1.503474542860731289e-01
1.551635156468412213e-01
1.648539499421970977e-01
1.752903639916480460e-01
1.852554495603165596e-01
1.869651259447104030e-01
1.961229863591350542e-01
2.079437898853292999e-01
2.062479258464123277e-01
2.116346437252348833e-01
2.269330056828531561e-01
2.371572817473971972e-01
2.484147885164371961e-01
2.537154970265245169e-01
2.530238636021565624e-01
2.626673214079459084e-01
2.679279043939563620e-01
2.790610550308100790e-01
2.858789378320167329e-01
2.912882999873800394e-01
3.045378831242218642e-01
3.096098599414483510e-01
3.102332890973202861e-01
3.200211454200075911e-01
3.282733374587926689e-01
3.352901189651158464e-01
3.504219657284417533e-01
3.555460961465292669e-01
3.566090401710939606e-01
3.733833195739024724e-01
3.770175382661075103e-01
3.864590247231613485e-01
3.930199463631601775e-01
3.935014816989060860e-01
4.059853619790274037e-01
4.175295261756294396e-01
4.240509777307450712e-01
4.342477663001411137e-01
4.478435791366123797e-01
4.480819992580725719e-01
4.525322902170566541e-01
4.628375315732896622e-01
4.710419521981507596e-01
4.825282462934733507e-01
4.839264257427169924e-01
4.904046159873129973e-01
5.032599279948604121e-01
5.113957398075688054e-01
5.155144287788155921e-01
5.232936131634157162e-01
5.352076284966432729e-01
5.393560454785830682e-01
5.520303819312399884e-01
5.533660019511387196e-01
5.642922471117287619e-01
5.693829144365462058e-01
5.807249494612332086e-01
5.850706736217751169e-01
5.973166288984267380e-01
6.010571714781295372e-01
6.023903777658907721e-01
6.163587074871869076e-01
6.202261000390708601e-01
6.300244357223399039e-01
6.345426674954677271e-01
6.426449979699848658e-01
6.496477360090109343e-01
6.551460021839958792e-01
6.673051303912373999e-01
6.772079056109155948e-01
6.767294357922526427e-01
6.867033423815017690e-01
6.991951256492717759e-01
7.054860792257231505e-01
7.088263378831434203e-01
7.169816448416284071e-01
7.230844033983689911e-01
7.287998380735651871e-01
7.341968316625817614e-01
7.471156756951868871e-01
7.568331285676445086e-01
7.626079367194926739e-01
7.658585656590708446e-01
7.740017659128588523e-01
7.834030046079244469e-01
7.866037265887064756e-01
7.948189574161648174e-01
8.043595760394585126e-01
8.081141113625972539e-01
8.114489740384236427e-01
8.242743675054947650e-01
8.327486585028268662e-01
8.378253949865674954e-01
8.453647230661350820e-01
8.492706298807329857e-01
8.586243598404718069e-01
8.643497614564563669e-01
8.721066872120645241e-01
8.806882102602646700e-01
8.856454137904452573e-01
8.925683119654248543e-01
8.985173782096406159e-01
9.064627878637580016e-01
9.151069855346480875e-01
9.198134461040645693e-01
9.250313698709877741e-01
9.323282314066132503e-01
9.371488463520202261e-01
9.439714771695358886e-01
9.534865872148707844e-01
9.597907392915967506e-01
9.625128110146722316e-01
9.695886736680706663e-01
9.825655213208138727e-01
9.861763576804166709e-01
9.941487127561148274e-01
9.987696287435319231e-01
1.005027422074742161e+00
1.011786887714497984e+00
1.017573815006040272e+00
1.025135550083352776e+00
1.032650235220236468e+00
1.037710513134100898e+00
1.042487023441325267e+00
1.047944962508407407e+00
1.056779829666711690e+00
1.066908586628080968e+00
1.069805512523201552e+00
1.076842481396462325e+00
1.082980875909820728e+00
1.087700092877784019e+00
1.094098343849939869e+00
1.099291400640004523e+00
1.105183344606862850e+00
1.111217077278624732e+00
1.115990215085284731e+00
1.122304285146810132e+00
1.130695334807152674e+00
1.136548468186223237e+00
1.140050918455313145e+00
1.147988200621055999e+00
1.154185351497911682e+00
1.160764984675297429e+00
1.166732229016952171e+00
1.170073236202574973e+00
1.178493439641550067e+00
1.180692749527811225e+00
1.188733601361892989e+00
1.196702054524457326e+00
1.199381512017645868e+00
1.207464264847385005e+00
1.211984936506401045e+00
1.219973353047381304e+00
1.223890122367619071e+00
1.231130760535737334e+00
1.236471968110902431e+00
1.239036935927199323e+00
1.246339218564709528e+00
1.253183171747402014e+00
1.256474953783974335e+00
1.262996960073559549e+00
1.269751910555074526e+00
1.274419212912089483e+00
1.281032626494164495e+00
1.285698791198944813e+00
1.292017173671703212e+00
1.294714520113243506e+00
1.299204436113457373e+00
1.308276417089919930e+00
1.312353644316263113e+00
1.317759396166207519e+00
1.324123003175476265e+00
1.328785072731982764e+00
1.333549536156970472e+00
1.340503429238103728e+00
1.347235025520086227e+00
1.351693474240072357e+00
1.356632754210474578e+00
1.361215227919943871e+00
1.368221428724189170e+00
1.373104290983368170e+00
1.378178842309681240e+00
1.384027727171419642e+00
1.388842345822737245e+00
1.392245119979037549e+00
1.398167662237219666e+00
1.403310636169349479e+00
1.407526030520043658e+00
1.414370119167471351e+00
1.420466454546974511e+00
1.422964504576636147e+00
1.426959654682419032e+00
1.432790146470552806e+00
1.439500387971346385e+00
1.444743868646511720e+00
1.449066135355737694e+00
1.453128713308044384e+00
1.458554923989852536e+00
1.464185184552553975e+00
1.469285974182734877e+00
1.474206646620457528e+00
1.479641405260565534e+00
1.484398208432294419e+00
1.488390142100787239e+00
1.494425206378923843e+00
1.497696287784549884e+00
1.502276123582859002e+00
1.507112080776467744e+00
1.511528600702139125e+00
1.517795038853968048e+00
1.522618087914396234e+00
1.527396338844097423e+00
1.531555928502168706e+00
1.536036009633395150e+00
1.541485657031069323e+00
1.545011489327240195e+00
1.549974291843460916e+00
1.555023956608864388e+00
1.560021914084664729e+00
1.565043013997343246e+00
1.570271329109134584e+00
1.574973035912088815e+00
1.579073523499074483e+00
1.583612893491252560e+00
1.587857725705189349e+00
1.592389019898392988e+00
1.598509841026013678e+00
1.602166503018574550e+00
1.606729778715174195e+00
1.610067923993281358e+00
1.612698776085613961e+00
1.618475293017836103e+00
1.625416166934645190e+00
1.629673105429560787e+00
1.631362563345442718e+00
1.636519344357025396e+00
1.642585627366987433e+00
1.647796064745810085e+00
1.650466615041173757e+00
1.652130470247544336e+00
1.658812171952727788e+00
1.663868163506715625e+00
1.667727918509700480e+00
1.671835828392828738e+00
1.675959891456891615e+00
1.680994634354990636e+00
1.684027230847729095e+00
1.688668370525528539e+00
1.694946088284060348e+00
1.696669208275551455e+00
1.699956924201045050e+00
1.704590676095089519e+00
1.709944487398306512e+00
1.713648497356847988e+00
1.718334689816559901e+00
1.722977339785886297e+00
1.727494283176986167e+00
1.731035531484760304e+00
1.735621894591191205e+00
1.739622590064102692e+00
1.743125656581639538e+00
1.745835153273418650e+00
1.749632428972966336e+00
1.754670850856654196e+00
1.757566159067078360e+00
1.760986441275924852e+00
1.766336357000880319e+00
1.770193709351664202e+00
1.773839605831246446e+00
1.777703936247698291e+00
1.782092413340572223e+00
1.787567962792245169e+00
1.791804975934938371e+00
1.794870647581321643e+00
1.797594125191966929e+00
1.801036743973053911e+00
1.806088592059361453e+00
1.810543053466301622e+00
1.814527347365505250e+00
1.817678645437869500e+00
1.821983281535653809e+00
1.825571305973714642e+00
1.830096477269318234e+00
1.832320781441697077e+00
1.834947131809755216e+00
1.840782278106609215e+00
1.843811641280156843e+00
1.847493432502880895e+00
1.849902495403044300e+00
1.854812361745970195e+00
1.859079767812619188e+00
1.861697181067527129e+00
1.864849364201043080e+00
1.868408838305205322e+00
1.871523182081980874e+00
1.875620792057451247e+00
1.879857383556060801e+00
1.883385576909552217e+00
1.886834619569148108e+00
1.889902932229892141e+00
1.893634948173476884e+00
1.896086261723383570e+00
1.900380789627748479e+00
1.903360665276519370e+00
1.908418215845896881e+00
1.911676804025243870e+00
1.914970168021741026e+00
1.919467935382640489e+00
1.921979678293250782e+00
1.926107896244980688e+00
1.928706879711376665e+00
1.931622024489380696e+00
1.935312719430957173e+00
1.937650729693789264e+00
1.941597414146891909e+00
1.945205750746566320e+00
1.949571223065733161e+00
1.951190462549435622e+00
1.955987631175563290e+00
1.959413964476982128e+00
1.964011950696883835e+00
1.965156961140778424e+00
1.968474992488153941e+00
1.972132039285902527e+00
1.974956067952160277e+00
1.978523471708145465e+00
1.981639467093038398e+00
1.985246617655151091e+00
1.989017167908145867e+00
1.993057126252549827e+00
1.994918835094600773e+00
1.998392975584337483e+00
2.001656185975898339e+00
2.003906952548858200e+00
2.007684781333846313e+00
2.011543378674850668e+00
2.014544737968346322e+00
2.017529432942254175e+00
2.020723723343745171e+00
2.023769347139096730e+00
2.027382906261725903e+00
2.030065880002501988e+00
2.032638682944604813e+00
2.037035800818983944e+00
2.039715658183594460e+00
2.042466618776734411e+00
2.044539531938470933e+00
2.048425592288145580e+00
2.052908287148355715e+00
2.055204803796466972e+00
2.057487723559609627e+00
2.061600316774845343e+00
2.063698354340728347e+00
2.066382506513093631e+00
2.069106821091454051e+00
2.072613281580412803e+00
2.074753396942836670e+00
2.077992475451305499e+00
2.080582445033924532e+00
2.083976993783005049e+00
2.087011497669714277e+00
2.088672999449132206e+00
2.092267406568872889e+00
2.095698198641974486e+00
2.099712311062174042e+00
2.102640024033098687e+00
2.104776519950855462e+00
2.107809447265887925e+00
2.111061322662286965e+00
2.113739508445899418e+00
2.116365454198430029e+00
2.119131347457705594e+00
2.121813298667400094e+00
2.124239153880826514e+00
2.125633717421782976e+00
2.130194950533966569e+00
2.133675844217950424e+00
2.136899458182317968e+00
2.138591274934540820e+00
2.140678960629789795e+00
2.144332618825426362e+00
2.146093464246953797e+00
2.148926179030524519e+00
2.153641959295319985e+00
2.155281330307682985e+00
2.158403127482372952e+00
2.161407509319283271e+00
2.164538276092762725e+00
2.166616600638985979e+00
2.169598759112245201e+00
2.170845404457406591e+00
2.174691445148169144e+00
2.177305833119262068e+00
2.179797291534961712e+00
2.182163202625807763e+00
2.183710332032583246e+00
2.186945754430246414e+00
2.190134496529203112e+00
2.192472406971759380e+00
2.195664006164224968e+00
2.197206228801810823e+00
2.199957369524171646e+00
2.201899203068734767e+00
2.205112845375484021e+00
2.208275933825140758e+00
2.210988731596347456e+00
2.213083966850954099e+00
2.215798241058196005e+00
2.218966733639462952e+00
2.220941669283612807e+00
2.223042567281614090e+00
2.225856385781081581e+00
2.227913468986510548e+00
2.230526592294961752e+00
2.233327531439567526e+00
2.235871626839392778e+00
2.239287101382185341e+00
2.241264069862435537e+00
2.243025102519189851e+00
2.245645204744784795e+00
2.247650103070252481e+00
2.250077806512733147e+00
2.253611839575273113e+00
2.256453454723851060e+00
2.258206691780251241e+00
2.260347001611471729e+00
2.262337172872508795e+00
2.266085539884667988e+00
2.267540726494818415e+00
2.269899441434463760e+00
2.270814892794890572e+00
2.273726244630641435e+00
2.276842569162854879e+00
2.279435277640766255e+00
2.281802195224166940e+00
2.284153998945231745e+00
2.286826805621761771e+00
2.287972334667612184e+00
2.291451103001029388e+00
2.293840265058459948e+00
2.295522526741285319e+00
2.298541954919485875e+00
2.299895725238129796e+00
2.302641217182758826e+00
2.304339478681211695e+00
2.307197695160644102e+00
2.310675330178797005e+00
2.313459902594018125e+00
2.314087986100927363e+00
2.316267475766926154e+00
2.318121461537016703e+00
2.319909558748050049e+00
2.323081053732453327e+00
2.326008833903380424e+00
2.327841208477468449e+00
2.330220299598555478e+00
2.331993233975010238e+00
2.334197112891737813e+00
2.337102010305194266e+00
2.338668281602308330e+00
2.341514049465643676e+00
2.343341056344753870e+00
2.345171062408551332e+00
2.347786619303407818e+00
2.349865472360735730e+00
2.352599274874592972e+00
2.354237553849936049e+00
