1.018357111795310539e-04
-6.393098529762704027e-03
-8.199455905640327946e-03
-8.782317351901693103e-03
-1.139234510519380322e-02
-1.318290326625862902e-02
-1.827266705525194129e-02
-1.949729269136339996e-02
-1.859388780469176106e-02
-1.523922039426024895e-02
-1.051990541889154078e-02
-1.699847776548220682e-02
-1.337166304725401905e-02
-4.358788853228812848e-03
-7.224733020048655988e-03
2.438385461312912728e-03
1.207938060906109737e-02
2.783475332544674188e-03
4.292785241160849453e-03
1.535494386537553622e-02
2.475492572958403609e-02
3.289347733454572875e-02
4.940715320112962217e-02
6.332698210981774212e-02
4.994586922896773751e-02
6.178533181990066014e-02
8.482382269294179433e-02
8.698349144377361120e-02
1.114741536896319274e-01
1.145186380710750546e-01
1.247658643089118585e-01
1.303050852909011792e-01
1.470514553494067789e-01
1.452102181483424792e-01
1.715143952238472325e-01
1.879063110063257658e-01
2.025226657445646783e-01
2.216800938305238389e-01
2.290177595893695406e-01
2.308034344941720106e-01
2.530118826075699046e-01
2.621072223812667135e-01
2.741599975706475179e-01
2.853745979435036717e-01
2.946306439943449651e-01
3.143362379363305315e-01
3.296098872889350884e-01
3.414010835345659967e-01
3.519688820659054862e-01
3.773130730214652728e-01
3.832756202834436410e-01
3.929935402982829284e-01
4.127238414357884411e-01
4.121822073804420339e-01
4.294296936005329579e-01
4.513725376837474657e-01
4.680279266142394201e-01
4.832776327549525019e-01
4.968186343008378913e-01
5.046518765875261936e-01
5.187967736612395520e-01
5.300723308519540433e-01
5.509805716927411723e-01
5.577753131071340187e-01
5.742212480168983335e-01
5.882555361676563566e-01
5.963735376598529037e-01
6.111217163606292857e-01
6.244933347714193284e-01
6.354435787856967943e-01
6.425946646960296604e-01
6.670434923775482305e-01
6.815221819002381665e-01
6.806646357132234426e-01
7.075026688740613245e-01
7.158944584604557404e-01
7.287019664826968057e-01
7.379138937935412201e-01
7.514753176887233321e-01
7.594924596365726366e-01
7.760590543798485674e-01
7.883597761003606763e-01
7.979326577601256743e-01
8.159971772330733009e-01
8.282447155575166642e-01
8.452108359851459030e-01
8.569117263320344957e-01
8.666622126398724202e-01
8.783508722369232080e-01
8.874045961084052747e-01
9.023155530725980311e-01
9.171532765258433306e-01
9.265120080855527851e-01
9.369491635187886525e-01
9.494045201304952553e-01
9.574699270051504341e-01
9.687019018525748759e-01
9.823775459600814219e-01
9.903619884169843068e-01
1.007059834637602291e+00
1.025343413060882058e+00
1.032084378852869522e+00
1.044244048588748752e+00
1.052874733660154494e+00
1.065687071331553604e+00
1.069719371169340461e+00
1.083657475448951635e+00
1.098037924138315358e+00
1.111424906001055479e+00
1.122381408928067037e+00
1.128693423294563125e+00
1.138180993373120842e+00
1.148771625038739197e+00
1.161172841347777318e+00
1.168848521978938626e+00
1.178491804964028056e+00
1.196210629845949169e+00
1.202911462080852756e+00
1.212202500145758810e+00
1.222909720750302576e+00
1.232051331157473673e+00
1.240474334717018623e+00
1.261368428233184735e+00
1.265517327488137056e+00
1.271436309857904012e+00
1.283013755362130581e+00
1.291315577255448988e+00
1.302997553352557958e+00
1.314774569978933050e+00
1.321438601944811220e+00
1.334068601939803145e+00
1.343583029273282659e+00
1.347630926489928438e+00
1.360149761590180972e+00
1.368345049500205413e+00
1.382917205404590621e+00
1.388936224899588456e+00
1.398158030427524734e+00
1.406909310371305510e+00
1.415022237878604816e+00
1.424189120665354302e+00
1.434815596959525541e+00
1.442313074565845232e+00
1.455679295285767783e+00
1.461231195117012271e+00
1.470524456180347661e+00
1.478451039224220498e+00
1.485861637449197969e+00
1.492759583375541821e+00
1.504711555689620894e+00
1.512719596544253697e+00
1.519032646610239512e+00
1.531960484038276338e+00
1.537208871810815225e+00
1.545989223520437328e+00
1.554393897638801203e+00
1.562128764618379684e+00
1.571303255878925942e+00
1.579150033996999047e+00
1.587870387930658378e+00
1.595665050564537113e+00
1.605281511567741237e+00
1.612052639726118564e+00
1.617199126584145219e+00
1.624444736553911861e+00
1.631893940531604636e+00
1.643027666946361709e+00
1.650451762673854184e+00
1.659763922114860124e+00
1.665240587115954796e+00
1.671664782824338502e+00
1.677862747440381108e+00
1.688864220750412315e+00
1.695503991092893958e+00
1.702531570506503833e+00
1.710182890644553755e+00
1.715940551264706349e+00
1.724863208592646968e+00
1.732475207446569021e+00
1.739956567487955574e+00
1.745619107103106638e+00
1.752860333364880674e+00
1.758843831061773999e+00
1.767363474641345134e+00
1.773762091150369979e+00
1.781193540154946131e+00
1.786587331132606815e+00
1.795020763595397639e+00
1.802516641881978021e+00
1.808801096191894553e+00
1.815683515683625515e+00
1.823153152849541048e+00
1.828974255047505659e+00
1.837430087338205897e+00
1.843379575816147309e+00
1.847918986171338540e+00
1.856279010622254422e+00
1.860751391212609906e+00
1.867244684576115477e+00
1.873479984332544923e+00
1.880422317496781126e+00
1.888065858476212000e+00
1.892145499237223083e+00
1.899232241064810367e+00
1.904992049055515668e+00
1.912865544892027536e+00
1.918179918113939397e+00
1.926697476659521291e+00
1.932862030850914570e+00
1.937495625599485738e+00
1.941385551225332406e+00
1.947103592151713913e+00
1.955104808623007617e+00
1.960023646204114733e+00
1.965841484868750877e+00
1.970975679388558666e+00
1.977504072154546710e+00
1.984640692060875455e+00
1.989270380628350932e+00
1.994995518761031761e+00
1.997167119031940441e+00
2.006890005098248331e+00
2.012754902110142741e+00
2.014410210482302954e+00
2.023374677306405189e+00
2.029303373673454924e+00
2.031178052726478001e+00
2.038662040645840001e+00
2.044650644180544763e+00
2.049023624527051890e+00
2.055677786445018640e+00
2.060303882753255156e+00
2.065801194591824874e+00
2.070599877750943119e+00
2.076345775882236122e+00
2.080480282813329307e+00
2.083749454040521698e+00
2.090196583748198833e+00
2.097322730303460059e+00
2.100845721512379249e+00
2.104953361920633093e+00
2.110003682055786811e+00
2.117928189451558474e+00
2.122301800638215497e+00
2.126175694379401016e+00
2.132057349197430618e+00
2.137175609138518340e+00
2.139910687684399182e+00
2.147394532903813769e+00
2.150227586579438466e+00
2.155636536857000962e+00
2.161580278517312603e+00
2.166576970805403235e+00
2.169519008728048259e+00
2.174225526239178308e+00
2.180144557056616694e+00
2.183921753868106830e+00
2.188499561147020600e+00
2.192967401533429506e+00
2.199692757513130204e+00
2.203351144288721919e+00
2.208535781779120466e+00
2.212762205196940890e+00
2.216918928490716478e+00
2.220455825652003945e+00
2.224898967354920210e+00
2.230124599001835239e+00
2.234301670240733451e+00
2.239953368043329895e+00
2.244262155627087196e+00
2.247840767543058504e+00
2.252511630381824226e+00
2.255414490144862949e+00
2.261140515597346301e+00
2.265595295852231850e+00
2.269695918946997182e+00
2.274965393247308842e+00
2.277620488110717822e+00
2.282554259140452402e+00
2.285411300996190054e+00
2.289647128775262885e+00
2.294208559279887982e+00
2.298543712669517181e+00
2.301878380953338521e+00
2.305867329931877041e+00
2.309634187219088641e+00
2.316369537331507189e+00
2.318360198168767816e+00
2.323000085018342542e+00
2.326005994797792908e+00
2.330375729636192883e+00
2.333889637143920837e+00
2.338258526154243011e+00
2.342252591882391766e+00
2.345079353726480242e+00
2.350047070775947322e+00
2.352928921998440170e+00
2.357222135717673694e+00
2.361179545254181722e+00
2.363805424219134643e+00
2.370385115049374214e+00
2.372099599177039497e+00
2.374799243295299345e+00
2.380101370579802200e+00
2.386034599229135189e+00
2.388848948476208101e+00
2.391845966550097291e+00
2.394782507529480409e+00
2.399107168749658126e+00
2.402566947119542551e+00
2.406173505361016929e+00
2.409039333982135211e+00
2.412789540974599856e+00
2.415854501148023914e+00
2.420598189341670370e+00
2.422099659674512573e+00
2.426966930909696618e+00
2.429485500562607481e+00
2.432967892141080668e+00
2.436855036541615060e+00
2.441336903831107907e+00
2.444403700269799806e+00
2.447629523969460763e+00
2.450744483438727528e+00
2.454955876876742771e+00
2.458013776019562613e+00
2.460722509636767086e+00
2.465104903530822789e+00
2.468255857380161178e+00
2.469951421389082746e+00
2.474386850052956888e+00
2.477597516266593747e+00
2.481275480751020002e+00
2.484138850016536448e+00
2.486716371724148722e+00
2.490068638653807120e+00
2.494132879171255812e+00
2.496833544645179703e+00
2.500399886570765062e+00
2.503637733222124240e+00
2.507083005019996591e+00
2.509659677390550403e+00
2.511276314287211431e+00
2.515148893140202180e+00
2.518914963452600908e+00
2.522044706594685604e+00
2.524700778422884984e+00
2.528048439378361767e+00
2.530699211185757580e+00
2.534333805878487222e+00
2.536987571078892945e+00
2.539242433382848496e+00
2.543541638316075382e+00
2.545808780170143226e+00
2.548833352000248187e+00
2.553410222785157835e+00
2.555821990837860547e+00
2.558651662884373401e+00
2.560775816282343076e+00
2.562383185465989310e+00
2.567461560838342205e+00
2.569823716896851629e+00
2.571524768966174879e+00
2.574537901189000166e+00
2.577831186947614484e+00
2.581406827637394485e+00
2.583135793001031910e+00
2.586559609150379746e+00
2.589005454955300767e+00
2.592585886677942320e+00
2.594974831989879771e+00
2.597941944695582706e+00
2.599249118900176736e+00
2.603041050041452920e+00
2.606241892766095969e+00
2.608668820858584425e+00
2.610846284974992493e+00
2.613064906191854497e+00
2.615292066248869229e+00
2.618939428532431002e+00
2.622327369681337839e+00
2.624774266548298041e+00
2.627543373487688516e+00
2.629677734787146282e+00
2.633913451321029164e+00
2.636861156946889828e+00
2.637592079990076055e+00
2.640625675893894186e+00
2.643056322661321289e+00
2.646323616474471674e+00
2.648932976965778785e+00
2.650423853665801133e+00
2.654195455400390813e+00
2.656318213892757019e+00
2.658889991087160176e+00
2.662052281505349782e+00
2.664223406812831652e+00
2.663987275715923531e+00
2.668275549234415678e+00
2.671384305778340185e+00
2.673932856691597415e+00
2.676537574484108006e+00
2.678047509307857954e+00
2.680521447191310358e+00
2.682835759373730866e+00
2.685484303862317290e+00
2.687648553790232597e+00
2.689368215583059385e+00
2.693461113320091638e+00
2.695564163475180131e+00
2.698352898663831212e+00
2.699510512351125602e+00
2.702004591807932066e+00
2.704962867111904590e+00
2.707203900011565967e+00
2.709964551468045713e+00
2.712721182890220906e+00
2.714104983138447835e+00
2.717983889881498971e+00
2.719552072547018362e+00
2.721631731390227404e+00
2.724184852822947089e+00
2.725858135378926406e+00
2.728047586707664340e+00
2.730873394665914056e+00
2.733096778216292932e+00
2.734930898337406102e+00
2.737079161168057162e+00
2.738421270585758904e+00
2.741645993653325064e+00
2.743514095260878971e+00
2.746127809505497730e+00
2.748519702594981240e+00
2.750107057024513413e+00
2.752187741000506893e+00
2.754921756700567936e+00
2.757489488708792624e+00
2.759024989446985821e+00
2.760792533745930921e+00
2.763588544701705008e+00
2.765896403867390774e+00
2.767948087813333125e+00
2.769819883197202959e+00
2.771945971665241704e+00
2.775052683197611003e+00
2.775914657740746083e+00
2.779004710750443419e+00
2.779884344666508689e+00
2.782641640027252894e+00
2.785137519902810332e+00
2.787194118493288908e+00
2.788888192460070137e+00
2.790650337186761476e+00
2.793039165622873021e+00
2.795974018982539278e+00
2.798331718082049502e+00
2.799301823926636068e+00
2.801331553980576317e+00
2.803703083971668786e+00
2.804750499319208501e+00
2.806924220878952880e+00
2.808950476174727040e+00
2.812755352138892828e+00
2.812842193625606946e+00
2.814841224574819556e+00
2.817517842202748923e+00
2.819950882324753216e+00
2.821508050575156634e+00
2.824480986956090955e+00
2.824935593095645459e+00
2.827129832668822562e+00
2.829206140206710796e+00
2.829523646075410070e+00
2.832129668920329468e+00
2.834470489913266000e+00
2.836828273130461486e+00
2.839159372186233821e+00
2.841037367283305137e+00
2.842995087360329354e+00
2.844305441498341747e+00
2.845495277493703234e+00
2.848072372757831872e+00
2.849947188554859068e+00
2.851871561990449333e+00
2.853122069014784934e+00
2.855650992908727481e+00
2.857492100464220641e+00
2.859261864651389651e+00
2.860682424258676360e+00
2.862975396175896137e+00
2.864720324237748361e+00
2.866999706651263580e+00
2.869210244412021993e+00
2.871013328721359059e+00
2.872416170327527052e+00
2.875372896416500623e+00
2.874639151704544648e+00
2.878272232902036709e+00
2.879103619914043399e+00
2.881645339944275186e+00
2.883306674386376667e+00
2.885576532029536789e+00
2.886855147681172351e+00
2.888530458173015791e+00
2.890130980592061860e+00
2.892671503768468266e+00
2.893974677030874521e+00
2.895698168311927390e+00
2.896792607298324995e+00
2.899106464648555370e+00
2.900986794241955824e+00
2.901963641503535030e+00
