5.168618505896255185e-05
-5.037418285030080371e-03
-6.351522523952699006e-03
-5.319471377963424542e-03
-5.071998203567701195e-03
-5.610255516499474022e-03
-7.452998770123515915e-03
-7.891695462914077516e-03
-7.836489637574406766e-03
-6.460327902112120331e-03
-4.471192287631698542e-03
-7.435677649362536744e-03
-5.482668506984970935e-03
-7.713801665239068640e-04
-1.802083453608607604e-03
3.542396738720410103e-03
8.578782391074350061e-03
2.950705321110552726e-03
3.474238422528335823e-03
9.439558535007287407e-03
1.373737108289262328e-02
1.889288504035517222e-02
2.705022133817211460e-02
3.679855755669057121e-02
2.797478947233577110e-02
3.444863031426873695e-02
4.906582888846589691e-02
4.734212459368956905e-02
6.215233786285162543e-02
6.522688239571466928e-02
7.021890135114491893e-02
6.899780510152940527e-02
7.953023261458214144e-02
7.977544069478487154e-02
9.968954812027674972e-02
1.084433816457384958e-01
1.130355356847101839e-01
1.270400041712625439e-01
1.329739712054179845e-01
1.303043291469001275e-01
1.465572740902412185e-01
1.506414696606019343e-01
1.566984956732897505e-01
1.636652161798537175e-01
1.673670120234491410e-01
1.776629621165022044e-01
1.835918560085453566e-01
1.946714914937089924e-01
2.056922358563145758e-01
2.182345290985808484e-01
2.204889787079286900e-01
2.301508962340312325e-01
2.434348516511068428e-01
2.414765932425187167e-01
2.487776466526294694e-01
2.668581309509103217e-01
2.780945633730188549e-01
2.900367367686854103e-01
2.968336270791362974e-01
2.970883540329734007e-01
3.075854262812565687e-01
3.140073311748328155e-01
3.278192693185364992e-01
3.333881407586078427e-01
3.417947511810208172e-01
3.569663091549233891e-01
3.601482087514947805e-01
3.628180251622427632e-01
3.739345074611440944e-01
3.830562480629877697e-01
3.902271361585401555e-01
4.069976375216263209e-01
4.140643949654845279e-01
4.148246604556314332e-01
4.338805248472467624e-01
4.388325984624334986e-01
4.490671575206107158e-01
4.555674887603984868e-01
4.573525112134869119e-01
4.699101382942878491e-01
4.827127706706166865e-01
4.906014129139100177e-01
5.018002228505055173e-01
5.159540724042493975e-01
5.182208628206930179e-01
5.257799882571777550e-01
5.364907138162808842e-01
5.444775430302711827e-01
5.565558619753011582e-01
5.595207595615799834e-01
5.677248893201709556e-01
5.813169295816398296e-01
5.909315566233189765e-01
5.945896634909871858e-01
6.040743687430167874e-01
6.160548294039971395e-01
6.194087038080319241e-01
6.341199242813192472e-01
6.380901929895077540e-01
6.497899718791743107e-01
6.563777382890920720e-01
6.667124342318101471e-01
6.721256421788893709e-01
6.861109152507640641e-01
6.918322269949584991e-01
6.930455416590572959e-01
7.067457286378980852e-01
7.130044192301661088e-01
7.230267231014194662e-01
7.290057197040623604e-01
7.377796291981169041e-01
7.451319385851772337e-01
7.521222401474048080e-01
7.629842685392446144e-01
7.751829887680387055e-01
7.771422201252362605e-01
7.860519230592417639e-01
7.995317239735871828e-01
8.069637816989432277e-01
8.113298288877894837e-01
8.199199989347027984e-01
8.264791613732919151e-01
8.330492659010221290e-01
8.388375232126835668e-01
8.514535463465182641e-01
8.623873619297393045e-01
8.687234340289818890e-01
8.727202112763142727e-01
8.829005007743460087e-01
8.930834159665926864e-01
8.964176941787924680e-01
9.048820289630898905e-01
9.151738186620101967e-01
9.201398235993076824e-01
9.244248758009943057e-01
9.358149167108940070e-01
9.465694036191538707e-01
9.519733573300916962e-01
9.591784182920602975e-01
9.656009226723311079e-01
9.747907136851302612e-01
9.803748131577907365e-01
9.888729234784598976e-01
9.978421210636325700e-01
1.004355731799067675e+00
1.013185645334965468e+00
1.018268421982794880e+00
1.025956420737455632e+00
1.034245084934829917e+00
1.041645543766181570e+00
1.046121563051603198e+00
1.052678017631214269e+00
1.060286921176607500e+00
1.067768322235302936e+00
1.075787325339009337e+00
1.083273256697861786e+00
1.086822422654081910e+00
1.094062238507135465e+00
1.109228863753193961e+00
1.112504914750143348e+00
1.120826103689603448e+00
1.125546338070079644e+00
1.131846419543223847e+00
1.139423092911493463e+00
1.144794382126226306e+00
1.154078694326246657e+00
1.162414802261711344e+00
1.167825323494971368e+00
1.172678727816557132e+00
1.180584994413725219e+00
1.188698539602914828e+00
1.198141985086836225e+00
1.203779760260128784e+00
1.210046426649325380e+00
1.216773550308758001e+00
1.222667281844812770e+00
1.229025025448153396e+00
1.233764609400065160e+00
1.240548309039170016e+00
1.247387516942892516e+00
1.250599230613869350e+00
1.258450738167431027e+00
1.268700423822331169e+00
1.273538771694761484e+00
1.278645347036728941e+00
1.285652575602977965e+00
1.292371772621716985e+00
1.299072318446056196e+00
1.306706524943889614e+00
1.309525163161093131e+00
1.318079533209237653e+00
1.322755331124010558e+00
1.329893321690176489e+00
1.336612561978889113e+00
1.341247258906953510e+00
1.349122959794308629e+00
1.353754323083913969e+00
1.360963056571095287e+00
1.367962075485424922e+00
1.373775947284385346e+00
1.379913201142372259e+00
1.383491307598427200e+00
1.390154805803039517e+00
1.397296527743380423e+00
1.401167384295349816e+00
1.407804681298807425e+00
1.416669862608132213e+00
1.420942327631011137e+00
1.425397124378120717e+00
1.431279227379509633e+00
1.438247376251751808e+00
1.441408277142907979e+00
1.447141417474256730e+00
1.455892438983172887e+00
1.459365505959350884e+00
1.465378145827579859e+00
1.471452987249989075e+00
1.477363913210741231e+00
1.483079660418745949e+00
1.488440523128854442e+00
1.494608485711735213e+00
1.499959872640374225e+00
1.504441657182190584e+00
1.510636255484296253e+00
1.518875733081237023e+00
1.521579630314521925e+00
1.528595695389368458e+00
1.533437518529724652e+00
1.539841748082614981e+00
1.545177738786569277e+00
1.548187211380436690e+00
1.553185016122923257e+00
1.558774612919112457e+00
1.566433709201101365e+00
1.571896890561866655e+00
1.573442811139320829e+00
1.579572882877962048e+00
1.586712075215967799e+00
1.592082121787121496e+00
1.597966520284880287e+00
1.600492675588423230e+00
1.605838921385960738e+00
1.611361837274297715e+00
1.617563373064359933e+00
1.622359255229840702e+00
1.626331315279599288e+00
1.632849275290243485e+00
1.637728838143933219e+00
1.643446619814949994e+00
1.648129381883225442e+00
1.651960816253439157e+00
1.657277200169090081e+00
1.661945257794951836e+00
1.666282037061563415e+00
1.672472918231833638e+00
1.677767605621303559e+00
1.683333804865600580e+00
1.687950020998762568e+00
1.690645328643850087e+00
1.695461729259528427e+00
1.700231617579843535e+00
1.705536843947696335e+00
1.711423782338900690e+00
1.715566299992290267e+00
1.718855679804083936e+00
1.723961784048759993e+00
1.729026260033854179e+00
1.734251419365431923e+00
1.738156044743499606e+00
1.742847295125093510e+00
1.748514779862298862e+00
1.754248400005563591e+00
1.759115288378431563e+00
1.761772218643793186e+00
1.764323914419488437e+00
1.770878396624081974e+00
1.775965905472027151e+00
1.781046796620885608e+00
1.785842628559324075e+00
1.788364494886276468e+00
1.792241949353469810e+00
1.799195752059645770e+00
1.806187682651907656e+00
1.806251905165576987e+00
1.809234809385292797e+00
1.815282546180663870e+00
1.819939285472997659e+00
1.823743152024156045e+00
1.829902603353597446e+00
1.832801389550289484e+00
1.836861933954204051e+00
1.841330146896511311e+00
1.846031688641859736e+00
1.851289919072413914e+00
1.854092291097886092e+00
1.858242806689028637e+00
1.862942526573827084e+00
1.868155898552610328e+00
1.870725717874127447e+00
1.874305048412224117e+00
1.881089246449702879e+00
1.885374345543315622e+00
1.888391486979745570e+00
1.892876689358415243e+00
1.896970163103234519e+00
1.900499358437334640e+00
1.903967892117025107e+00
1.905916349291318701e+00
1.911017200461941901e+00
1.915353197891868531e+00
1.919716563461240533e+00
1.924046370976495446e+00
1.927447369487898854e+00
1.931218138712472943e+00
1.935793495506059392e+00
1.939086320381421702e+00
1.945150338324814543e+00
1.947975088189040305e+00
1.952587513365325211e+00
1.955107641999142443e+00
1.959951585270156560e+00
1.964200267708995140e+00
1.968602382000282036e+00
1.971658017980836064e+00
1.975091012784122801e+00
1.978387318367931691e+00
1.983117386823662009e+00
1.986830257716962755e+00
1.989988007409180026e+00
1.994108492890880768e+00
1.997881117144570728e+00
2.001377555329914681e+00
2.004209966561438350e+00
2.007529896682581416e+00
2.013048763151766174e+00
2.016380055415482708e+00
2.019578911125176290e+00
2.023372357871306093e+00
2.026701640373408608e+00
2.029721810586081698e+00
2.034504771660241573e+00
2.038105557527821521e+00
2.040750949724604357e+00
2.044204313644091275e+00
2.048045436459487778e+00
2.052311533774056063e+00
2.054638611905160062e+00
2.059771756348687255e+00
2.062061158319314025e+00
2.065969968056047712e+00
2.068981077492481280e+00
2.072206416631027448e+00
2.075837938970411134e+00
2.079635343457152619e+00
2.082628485693865272e+00
2.084980080272289094e+00
2.089542466746827198e+00
2.093048166585206538e+00
2.096720030059513462e+00
2.097830157869375434e+00
2.101052675096233280e+00
2.105089223013269617e+00
2.109838212468673646e+00
2.112893947716498744e+00
2.116609968045118251e+00
2.119453013162208688e+00
2.122190789617190987e+00
2.125241863061974268e+00
2.128955253228392852e+00
2.131346594935311423e+00
2.135294451596075671e+00
2.138870358778499625e+00
2.142023655981479369e+00
2.144885826735352996e+00
2.147545992582165386e+00
2.150694718427891505e+00
2.153049546607473275e+00
2.156934814731440220e+00
2.160301712921577799e+00
2.162493789444231762e+00
2.166146717614640504e+00
2.169498599227849045e+00
2.172145411598513487e+00
2.175147892462776067e+00
2.177486168527481780e+00
2.180984411555237479e+00
2.183777674873193408e+00
2.188151299249069925e+00
2.191484156011458850e+00
2.193807546120422280e+00
2.197318426360148624e+00
2.199476329010403575e+00
2.202870758752776492e+00
2.205910079088371667e+00
2.208694962946946116e+00
2.210817178440183550e+00
2.214944764968983737e+00
2.217902062695344512e+00
2.220933391363685505e+00
2.222354002058012146e+00
2.225862534257191605e+00
2.229244996317518712e+00
2.231652144851721697e+00
2.234845373631193066e+00
2.237588868986602808e+00
2.239612021849754608e+00
2.242778395190066831e+00
2.246098733656684221e+00
2.248004795028336833e+00
2.251862141563538255e+00
2.255028962369518108e+00
2.256115029877252987e+00
2.259473301700572367e+00
2.263341927291229183e+00
2.264991158645107472e+00
2.267162879063042702e+00
2.270945783394973549e+00
2.273845605459052788e+00
2.275842280406926044e+00
2.278704613536403745e+00
2.282386990358764578e+00
2.285025786060984831e+00
2.287793644228819367e+00
2.289787577339949198e+00
2.293091715180121337e+00
2.295676103126867318e+00
2.298145526941745675e+00
2.300205909076411093e+00
2.303443651519046842e+00
2.306879036249525061e+00
2.308162666681270014e+00
2.310071720839967924e+00
2.312766271435970911e+00
2.316116911372385179e+00
2.319384735659363095e+00
2.321728518096073834e+00
2.324438096685327526e+00
2.327702397253453626e+00
2.329861523099174825e+00
2.332446826925107519e+00
2.333630761259194220e+00
2.336198997616505846e+00
2.339324025047480937e+00
2.341060204058339256e+00
2.343174529527092265e+00
2.346661059025411777e+00
2.349987838817873875e+00
2.352517327235927436e+00
2.353446145705776704e+00
2.355522426192234953e+00
2.358418665461980535e+00
2.361588250625874075e+00
2.364396745481294193e+00
2.366314331991703046e+00
2.369140970478839314e+00
2.371147208653881844e+00
2.373532311214733070e+00
2.375381975684994096e+00
2.378447498490701584e+00
2.380511084384330456e+00
2.383956029510774677e+00
2.385929086430516044e+00
2.388057356498890282e+00
2.389285771306636441e+00
2.392777885686820927e+00
2.393961262339514562e+00
2.396126863381976335e+00
2.398948934924578502e+00
2.400516056221126071e+00
2.403896995655542934e+00
2.406774946142133942e+00
2.408907029294955482e+00
2.410920759985358153e+00
2.413556870887020533e+00
2.415371752414093631e+00
2.416976793528070822e+00
2.419041431735202252e+00
2.423230426915465863e+00
2.424969614881565594e+00
2.427248649360810084e+00
2.428976965431733248e+00
2.431293385555854947e+00
2.433849529846487503e+00
2.436635999597903446e+00
2.437566840918436117e+00
2.439780554056961037e+00
2.442709017351418321e+00
2.444852392747986158e+00
2.446739445712993621e+00
2.448328549519363406e+00
2.451421059214144993e+00
2.453487882567277900e+00
2.456386761363081650e+00
2.458656519313717759e+00
2.459941537980265380e+00
2.461800320388121133e+00
2.463893806950771648e+00
2.466344091751755840e+00
2.469010256549450499e+00
2.470031492152525043e+00
2.472690920254505542e+00
2.474031617771536240e+00
2.476673840085974909e+00
2.479426304729107855e+00
2.482499194611399673e+00
2.484235466608695653e+00
2.485585354987892792e+00
2.487389298600484633e+00
2.490126688558465862e+00
2.492444392894858751e+00
2.493816981835880409e+00
2.495574259002560691e+00
