2.828891166883394192e-05
-6.727268186332693856e-03
-8.643754864675293192e-03
-9.575970395207640540e-03
-1.283908192743984759e-02
-1.491131354445187143e-02
-2.071411864261724425e-02
-2.211480525216495685e-02
-2.102053243817214589e-02
-1.720422273705067215e-02
-1.189686326808303725e-02
-1.914330940421088076e-02
-1.509652330957159637e-02
-5.176843150672410729e-03
-8.354251042028717350e-03
2.137085161124437083e-03
1.275025101506224029e-02
3.013165179238772202e-03
4.795356530434245756e-03
1.678475966396002564e-02
2.734544497036348748e-02
3.593654081808101558e-02
5.423868171020525264e-02
6.857362720466536610e-02
5.478527315691340827e-02
6.767362472503211934e-02
9.199843453206639488e-02
9.548454111218131202e-02
1.213462472251042729e-01
1.245447710425235388e-01
1.356430876669018903e-01
1.431086627792057808e-01
1.607505914058047769e-01
1.590544005067937861e-01
1.854675611889982922e-01
2.034197143741581226e-01
2.202829842563698570e-01
2.396744869559437052e-01
2.475872937345022229e-01
2.505041189061741336e-01
2.732595452567555538e-01
2.834866023251387812e-01
2.969487218204823198e-01
3.085877581807431880e-01
3.186515728652010715e-01
3.408249873420151621e-01
3.582032469529434771e-01
3.694400142758618721e-01
3.802637475131371292e-01
4.073601442617244550e-01
4.140432154924856833e-01
4.235359164844719748e-01
4.447290616523503215e-01
4.449085243160817438e-01
4.636703772894930076e-01
4.851097935837047070e-01
5.028080164137934682e-01
5.186454231869198628e-01
5.333225486647387159e-01
5.432295478694392221e-01
5.576555433357136549e-01
5.703044830363994677e-01
5.904679876448739595e-01
6.004833888019526222e-01
6.159057952416499004e-01
6.291701050391391714e-01
6.402842581617639306e-01
6.567584225737885806e-01
6.690112456737831170e-01
6.813294675394111488e-01
6.881753008973662267e-01
7.141347883939409558e-01
7.304764179949480019e-01
7.294208288253075656e-01
7.562045297171983149e-01
7.657288506976150932e-01
7.777164306434254382e-01
7.890522649151168189e-01
8.043321867247944512e-01
8.115653429715417033e-01
8.287706289708283158e-01
8.423677914429658076e-01
8.512352406734191579e-01
8.693221860601137996e-01
8.830032031421546357e-01
9.007268214122444716e-01
9.135483803108824796e-01
9.238534763338654976e-01
9.364272927980283878e-01
9.458922000082009562e-01
9.614866219212522269e-01
9.755524918216157415e-01
9.844171121794675905e-01
9.965088589184364354e-01
1.010020028723634722e+00
1.017872217271078128e+00
1.030524905812927994e+00
1.044401629043191893e+00
1.051813359277144588e+00
1.068411390362766777e+00
1.087384600975648263e+00
1.095334401883067521e+00
1.108778951559856507e+00
1.116140483314285392e+00
1.128594110175115572e+00
1.134427122376207464e+00
1.149262638885274468e+00
1.163059812867318410e+00
1.177524155722237564e+00
1.189030432597809384e+00
1.196321655617677227e+00
1.205346417973826467e+00
1.216178566800046434e+00
1.228802403313583813e+00
1.236233081482624341e+00
1.245863570519617269e+00
1.264225967762604874e+00
1.270580209596736454e+00
1.280938595721772932e+00
1.291870760194485879e+00
1.303129546332908451e+00
1.310434782449312552e+00
1.332032653026444802e+00
1.336629519011221623e+00
1.340686100317483476e+00
1.352862166850286041e+00
1.361914858603829437e+00
1.374444383685767823e+00
1.387034542184293562e+00
1.393735204136953065e+00
1.406107080116245633e+00
1.415491052115831483e+00
1.420745246858708510e+00
1.432929069284107682e+00
1.441140860679034352e+00
1.455937303236952030e+00
1.463996912357182989e+00
1.471439534319096243e+00
1.480845343111997003e+00
1.488508394863975681e+00
1.498376287341100399e+00
1.508835190949531668e+00
1.516424613113317665e+00
1.529912245240346635e+00
1.535368812023091944e+00
1.544229785557149626e+00
1.552045727804035602e+00
1.560004328108839156e+00
1.565867417713203036e+00
1.579578945230646791e+00
1.588519374251899263e+00
1.594101937142517134e+00
1.606725833012889737e+00
1.612892496053950575e+00
1.621569071741242984e+00
1.630381939066994246e+00
1.638684090153867512e+00
1.646427494596615748e+00
1.653803641807541691e+00
1.663388665836551095e+00
1.671795149964858007e+00
1.681052418402511961e+00
1.688215755466074164e+00
1.693813349874305096e+00
1.701846819553346490e+00
1.708794026199895510e+00
1.718320118993678314e+00
1.726722149613912904e+00
1.736830670280641087e+00
1.741924781959993007e+00
1.748394408242142095e+00
1.754870293183394825e+00
1.765834872761023799e+00
1.771944871076488237e+00
1.779572493902355168e+00
1.786134011236733432e+00
1.792664425962789299e+00
1.801758436024068821e+00
1.809153183650657581e+00
1.817412046334336173e+00
1.822316004566344017e+00
1.829121162069645257e+00
1.836171366657218806e+00
1.843501623858039729e+00
1.850123559993964717e+00
1.858570375102266414e+00
1.863823765769059060e+00
1.872903646915947462e+00
1.879373843702946134e+00
1.887068298089639384e+00
1.893937462579715625e+00
1.900294652958149699e+00
1.906117178220873454e+00
1.915004063290674630e+00
1.919580780970437495e+00
1.925876847533506631e+00
1.932976995854756241e+00
1.939074758405330057e+00
1.943777154527104756e+00
1.953295929861379232e+00
1.958730017410073465e+00
1.966230146919048405e+00
1.970161353722583053e+00
1.976866949670087248e+00
1.983302196921264970e+00
1.990881867223099011e+00
1.996023955676863526e+00
2.004785449772445105e+00
2.011620668818310254e+00
2.015183068321824145e+00
2.018385027801859799e+00
2.024514141956077484e+00
2.032321122247878531e+00
2.038899724486797016e+00
2.043824644104584642e+00
2.047970810187662138e+00
2.055911502746276653e+00
2.063100575582301310e+00
2.066594633879326626e+00
2.072795928309957514e+00
2.077718098692130866e+00
2.086502267598527194e+00
2.090959325028316940e+00
2.094268793677300344e+00
2.103203310143395122e+00
2.108980338960921408e+00
2.110505035036251531e+00
2.117704034095771792e+00
2.122123216633378551e+00
2.128039078321546373e+00
2.133675794009688431e+00
2.139165430321087857e+00
2.143763421968394312e+00
2.151404428147802417e+00
2.154582765127904587e+00
2.160341007866859009e+00
2.163408960210829513e+00
2.168403215926923977e+00
2.175188934586654632e+00
2.179342401199440005e+00
2.183053939541109045e+00
2.188779891058910021e+00
2.195881359081185646e+00
2.201741635181654111e+00
2.203156279467950451e+00
2.209570869820046468e+00
2.215528850889793233e+00
2.219729506972815791e+00
2.225733006831280392e+00
2.228755907324499130e+00
2.234774608501315818e+00
2.240313928421009848e+00
2.244778557994392632e+00
2.249631071496252410e+00
2.251845727729288704e+00
2.257459637109894945e+00
2.261642936364391954e+00
2.266014334912993533e+00
2.271717841713624342e+00
2.277544960454314094e+00
2.283013287006466552e+00
2.286232614204564140e+00
2.289152814911485034e+00
2.294092641756180218e+00
2.298420407991960346e+00
2.303157210394998877e+00
2.308516842263959479e+00
2.312260901266411928e+00
2.317006627258565210e+00
2.321608536759499852e+00
2.326634563621778451e+00
2.329081802603093720e+00
2.332590706574465766e+00
2.339221548724199629e+00
2.342376933349795465e+00
2.347421596262611931e+00
2.352935488675137687e+00
2.355206975051156171e+00
2.360758472543079911e+00
2.362936331214157804e+00
2.366943906049212121e+00
2.372188082398529740e+00
2.376912913833125529e+00
2.378946292432898790e+00
2.384575260487542980e+00
2.387781881724980071e+00
2.393543521639973637e+00
2.396155245919851851e+00
2.400929602704933163e+00
2.404344987621934049e+00
2.408853452612100821e+00
2.410958959731817952e+00
2.416162516409594563e+00
2.419681464414886296e+00
2.422659227796536641e+00
2.428426692756348260e+00
2.431381334262745497e+00
2.434325565682616155e+00
2.438184483615331910e+00
2.441453281208215031e+00
2.447047939327342991e+00
2.449861681738492170e+00
2.452688910429891678e+00
2.456978865659605216e+00
2.462388431989862791e+00
2.465709438990554059e+00
2.468403263949698001e+00
2.472733533633036718e+00
2.475764068163424536e+00
2.479771921665413714e+00
2.484750955899347247e+00
2.486415803898117893e+00
2.489865547961894521e+00
2.494389885325908551e+00
2.498414560355518788e+00
2.499316997887028435e+00
2.503815375969372869e+00
2.507100702039717355e+00
2.510584998031764492e+00
2.514062166010632815e+00
2.517679792187591747e+00
2.520607608032550129e+00
2.525358429047314779e+00
2.528853265467946976e+00
2.532518192945294899e+00
2.534989252442823915e+00
2.539788731908827479e+00
2.542282475421906884e+00
2.544583149808398836e+00
2.546740060171029718e+00
2.551603132853358602e+00
2.553568262691999990e+00
2.559471485222978071e+00
2.560955809008587547e+00
2.564330155757128971e+00
2.566730693233718164e+00
2.572075123426054599e+00
2.573906656142137095e+00
2.576931351052543118e+00
2.580844138581689151e+00
2.584265799028198085e+00
2.586789343993493695e+00
2.588595520074298051e+00
2.591204044848163690e+00
2.595457069003728634e+00
2.598231683919817847e+00
2.600871622627396906e+00
2.604812909495352713e+00
2.607565199679697354e+00
2.611599922944775276e+00
2.612369040745978754e+00
2.615942380204498097e+00
2.619811293554309639e+00
2.621928409114895331e+00
2.625679980836797434e+00
2.629553594286829110e+00
2.631619090589073728e+00
2.634717013574765510e+00
2.637080770310642919e+00
2.638841876490090943e+00
2.643421687504903694e+00
2.646768735299787512e+00
2.648238502352984636e+00
2.650943109221318483e+00
2.653893148894731269e+00
2.657931166725910899e+00
2.660432580596808982e+00
2.663466059529304708e+00
2.664657829728283911e+00
2.667796237335184006e+00
2.671187292682233316e+00
2.673156956978229637e+00
2.676159278668804209e+00
2.679961366140513945e+00
2.683034083946706172e+00
2.685102885188183297e+00
2.687460998427317449e+00
2.689852541104688743e+00
2.693262671992791901e+00
2.695538292478266484e+00
2.697475848847635582e+00
2.701838811586827482e+00
2.704067510957615106e+00
2.705796617762020517e+00
2.708129011026238153e+00
2.711895843228109726e+00
2.713220372802248814e+00
2.716664835208578488e+00
2.718657639350353428e+00
2.721880973054461972e+00
2.723980269989110692e+00
2.726166860872667019e+00
2.728442357083407099e+00
2.731835331969119984e+00
2.734817360220935356e+00
2.737164545131781423e+00
2.740162166321784110e+00
2.741418977498345733e+00
2.744889254277624424e+00
2.746348851192796481e+00
2.750126976071068263e+00
2.751405161367642016e+00
2.753271728567628251e+00
2.756615140979354894e+00
2.757586553961454801e+00
2.761178610358497654e+00
2.764209414505966578e+00
2.766345694754621665e+00
2.769113572819544178e+00
2.772275502121007484e+00
2.772599874351105331e+00
2.775465464354665013e+00
2.779059393317201643e+00
2.780366016748803126e+00
2.783955202655786998e+00
2.785192032590939615e+00
2.788142436299187565e+00
2.789550575277027544e+00
2.793005372134245601e+00
2.794160591765859625e+00
2.797866235167043580e+00
2.799423916293745318e+00
2.802063319788015594e+00
2.804480851155774168e+00
2.806560736518759924e+00
2.809196110362805143e+00
2.810742137043372502e+00
2.812797247077972962e+00
2.815118380327570780e+00
2.816946433980099584e+00
2.819890936742893039e+00
2.821484774583243205e+00
2.824510267445503153e+00
2.826143020786526350e+00
2.828888878526922390e+00
2.830392470559069285e+00
2.833361419936067271e+00
2.835397483298016219e+00
2.837025295192390217e+00
2.838422983949172806e+00
2.841815889083012969e+00
2.844032666411382415e+00
2.845192924346995778e+00
2.847606796056553424e+00
2.851063872294945067e+00
2.852229332837417086e+00
2.854352148231696251e+00
2.856148974487910497e+00
2.858478290165881397e+00
2.860580613083931301e+00
2.862796764466343458e+00
2.865143014157802259e+00
2.866901136357204560e+00
2.869164534295843172e+00
2.871344058978626546e+00
2.873135320710854312e+00
2.876322276484794216e+00
2.876735969346642108e+00
2.879624776249267715e+00
2.881326788002881667e+00
2.883296650772005698e+00
2.885727016115695598e+00
2.887682319308000345e+00
2.888643043271651223e+00
2.891174919059644299e+00
2.892831843491468380e+00
2.895239407323708214e+00
2.898006115142971240e+00
2.899874867384522936e+00
2.902169310924836765e+00
2.903369743471365894e+00
2.905016186706089965e+00
2.906682335191526079e+00
2.907892180726765030e+00
2.910519836042342767e+00
2.912986968285208089e+00
2.915130615659693447e+00
2.917022870246998689e+00
2.919599299055078312e+00
2.920423100267373950e+00
2.921381371154211593e+00
2.923987873807128324e+00
2.926723039996241393e+00
2.928056607687763435e+00
2.929458952071717359e+00
2.931582286772859813e+00
2.933427563488345768e+00
2.935747349617430224e+00
2.936348555180146036e+00
2.938818365104091335e+00
2.939805711693150414e+00
2.942928136216886870e+00
2.944520441496903285e+00
2.947082934557171185e+00
2.947524484461713001e+00
2.950575952952892322e+00
2.951474196637326575e+00
2.954263830949889869e+00
2.954887886453975820e+00
2.958045860537716454e+00
2.960203508331303635e+00
2.960933149491358662e+00
2.962411311642266565e+00
2.964581484349356533e+00
2.966537345107623125e+00
2.969009892919217908e+00
2.969393409130562045e+00
2.971330255097021755e+00
2.972957404469934506e+00
2.975764923611134982e+00
2.977344467348981727e+00
2.978851690703639754e+00
