7.449233825288504836e-04
3.044327716516381918e-04
8.250516283799191018e-04
1.901132702505275128e-03
2.866973438375840059e-03
3.639009689600731460e-03
4.271194340216583063e-03
4.741804451943622788e-03
5.657506293378195515e-03
6.413768705576684999e-03
7.281733835858135613e-03
8.228570731680621628e-03
9.959227441165471525e-03
1.063589067138705734e-02
1.262060826936048895e-02
1.313204652422714572e-02
1.333556368456845567e-02
1.405986496561558059e-02
1.453517966970126890e-02
1.520893886001033028e-02
1.529442774633645898e-02
1.680127269176768731e-02
1.807736224462607594e-02
1.975420589418144107e-02
1.987449914394710804e-02
2.061297893333462194e-02
2.023632226150047161e-02
2.099070589537540416e-02
2.046134009993329575e-02
2.017050474004036115e-02
2.075400412724807964e-02
2.164228592296685641e-02
2.204618088567308204e-02
2.387227393201315009e-02
2.444936749326757572e-02
2.410632226953984131e-02
2.553439216634140890e-02
2.473755716771173715e-02
2.555488279922592601e-02
2.477090650591930870e-02
2.576666133961402066e-02
2.577909770906159845e-02
2.662389146925483660e-02
2.624938149858121322e-02
2.744295928760987976e-02
2.891680484337927695e-02
2.940847870009832485e-02
2.857160606235547781e-02
3.010991087464651855e-02
3.004410639065849958e-02
3.013941436796906820e-02
3.175945339188268601e-02
3.288748876471539462e-02
3.363756053450013550e-02
3.342281939496801607e-02
3.439570131156489269e-02
3.450509382005039621e-02
3.592828657798487896e-02
3.595639330983373821e-02
3.720963200723925723e-02
3.684563068209435049e-02
3.860936392840492309e-02
3.942114725862946173e-02
4.068291071460983926e-02
4.000929379898546939e-02
4.046299998033836554e-02
4.245751418327332882e-02
4.392537472452321540e-02
4.384496369922057796e-02
4.397910567755144995e-02
4.516405080994768256e-02
4.597309909762435642e-02
4.653874014886989763e-02
4.954356775271106378e-02
4.807403612315007402e-02
4.908474345341286987e-02
4.893779797494844652e-02
5.120180030152901574e-02
5.102950186581935860e-02
5.303161030321894287e-02
5.091102313043455868e-02
5.454106640501808767e-02
5.598028999833959407e-02
5.605877236596517460e-02
5.639489736912915718e-02
5.535810588419233513e-02
5.641628731719922074e-02
5.876549069619202426e-02
5.947658293008274005e-02
6.051764411365940372e-02
6.255428596146084264e-02
6.222300737566663353e-02
6.357107251867462339e-02
6.197240877666846531e-02
6.425724278939153045e-02
6.520633434211944857e-02
6.627917004579865490e-02
6.721505409920212892e-02
6.803944541830816983e-02
6.820602125741402622e-02
6.968575787807845812e-02
6.941886233902956616e-02
7.014239496317511979e-02
7.176537817969375066e-02
7.050370904498029501e-02
7.192786617519535131e-02
7.245225402719285279e-02
7.491705542301151100e-02
7.463930918288443073e-02
7.405433607253576744e-02
7.569665544896707343e-02
7.775014130467912399e-02
7.688393389064879235e-02
7.767002380185063226e-02
7.670244670706719003e-02
7.954072584728261175e-02
7.993048763221020925e-02
8.023451239841546123e-02
8.246044195602242333e-02
8.106484751697649871e-02
8.244856006519900304e-02
8.306946668511608345e-02
8.394310345914382521e-02
8.329074849835335637e-02
8.559159847369855745e-02
8.658572864257370327e-02
8.470013884401376980e-02
8.628535622037387942e-02
8.549349533165813420e-02
8.656532771842319340e-02
8.804730212223298158e-02
8.899242996589283583e-02
8.966662026848375155e-02
8.936760947146460410e-02
8.937396456957094615e-02
9.057678040346173187e-02
9.072697607089019733e-02
9.083658900516580759e-02
9.242875887618424990e-02
9.201144985965754863e-02
9.333070875416178691e-02
9.244555814670504801e-02
9.414374924237295383e-02
9.416031089801644993e-02
9.416305675549296872e-02
9.334142869761172245e-02
9.442933709739570469e-02
9.548298999285907696e-02
9.501630992418784449e-02
9.485493364455066523e-02
9.684596751732343911e-02
9.728751383799051633e-02
9.772377188592246133e-02
9.824842258196181399e-02
9.860944343636578180e-02
9.860915002724622569e-02
9.758869080432436283e-02
9.767349549851180035e-02
9.774300482056220984e-02
9.982742886107488778e-02
9.986308003165060565e-02
9.910630374046444646e-02
1.013978485167416205e-01
1.008690602437346123e-01
1.008435473960071771e-01
1.016292759669120277e-01
1.007304055645289464e-01
1.008855823336710228e-01
1.012046704542610975e-01
1.022007574005865949e-01
1.027475183426488081e-01
1.032280738967249478e-01
1.020947213138463094e-01
1.039033984426027124e-01
1.040286713480791103e-01
1.028284555754646612e-01
1.037208140683049812e-01
1.036327752781413675e-01
1.037927138789326853e-01
1.030900351070212079e-01
1.041380256787356184e-01
1.041969123929142871e-01
1.040177481034850471e-01
1.052854704277845221e-01
1.038285838710217429e-01
1.041329733083270342e-01
1.054963372040417097e-01
1.048866229903300112e-01
1.057793200017281970e-01
1.053003654974533077e-01
1.062168944678418686e-01
1.054285337842707920e-01
1.073385016489734195e-01
1.072177534194977966e-01
1.058746854347979299e-01
1.065805371546479224e-01
1.062274626924458454e-01
1.067434108228454831e-01
1.060384838432099353e-01
1.071536722916593548e-01
1.069950915985333761e-01
1.061298022143634251e-01
1.070807824287676180e-01
1.060522685670924753e-01
1.061500588798337391e-01
1.071953509875883115e-01
1.068851198104290301e-01
1.070366395955973243e-01
1.065429250944126133e-01
1.070555036630006090e-01
1.064241323472747969e-01
1.068100091161987009e-01
1.063057658365806624e-01
1.071841260229005610e-01
1.065565419021375221e-01
1.073274320838850382e-01
1.073505783976328037e-01
1.060274451627504777e-01
1.066666415436918480e-01
1.080823709318167181e-01
1.080324836185400234e-01
1.073828718866802895e-01
1.067132068718279342e-01
1.072617743858986922e-01
1.074954573512378886e-01
1.074044558559802270e-01
1.067277381628991828e-01
1.074937736958310741e-01
1.072569627169400741e-01
1.061626505745477955e-01
1.070523146851062452e-01
1.073732005965764014e-01
1.064835910705737160e-01
1.057893814958437567e-01
1.067361999183895488e-01
1.062408658129789241e-01
1.063230791584983820e-01
1.056624303950914057e-01
1.058932838716366148e-01
1.062182300358135711e-01
1.060312553815811465e-01
1.048799045867349622e-01
1.053226384306526903e-01
1.056254287750019033e-01
1.049706376208315861e-01
1.056131509027034010e-01
1.052243873664322205e-01
1.047787265230594317e-01
1.045516849977986690e-01
1.049830327819255005e-01
1.042519962407160300e-01
1.042561146615016282e-01
1.048787297262105261e-01
1.042280074950451274e-01
1.046956667374265154e-01
1.030555818090459208e-01
1.044229648209709094e-01
1.038286806474784246e-01
1.041870154542680199e-01
1.042495484036354420e-01
1.032273915038626061e-01
1.035422914809880218e-01
1.040755339212311170e-01
1.037746528745937258e-01
1.034592201445905246e-01
1.039770309566019069e-01
1.028453729325128907e-01
1.028686856777352304e-01
1.028959733732999898e-01
1.027855292465572196e-01
1.019872717605041224e-01
1.020665591585006582e-01
1.015903751777827296e-01
1.021136211815092815e-01
1.015408609605447099e-01
1.013769189284181027e-01
1.014974108015582327e-01
1.015802986321267670e-01
1.012911059566871941e-01
1.009308271492061343e-01
1.010413165694510479e-01
1.011843433177313095e-01
1.007524882665375571e-01
1.006001783918909348e-01
9.952762717447602436e-02
1.000944344566422617e-01
1.000386963972330623e-01
9.977021346325007367e-02
9.964147760837865908e-02
9.911597827097284874e-02
9.935874292447872957e-02
9.904396774326754138e-02
9.900194962642926144e-02
9.925417800943828195e-02
9.847359723378633356e-02
9.854260920739439655e-02
9.841864649594829484e-02
9.831709938800388404e-02
9.804073868948262604e-02
9.855311267671242048e-02
9.818899099119521301e-02
9.785261062887365413e-02
9.716259883448656598e-02
9.736148701962106522e-02
9.685877264322438618e-02
9.663205877065798866e-02
9.651471435604953852e-02
9.642285389563601261e-02
9.661323919117280334e-02
9.590432209842737754e-02
9.591769420550365355e-02
9.594274569163080413e-02
9.539200395044965253e-02
9.544264014871370327e-02
9.539478515004790049e-02
9.476025816770046462e-02
9.469870978241484716e-02
9.470820620411989077e-02
9.515116018960917410e-02
9.429249469420257490e-02
9.443523549408318341e-02
9.409521420036366657e-02
9.398573675563570706e-02
9.364924603839984429e-02
9.376076523534869478e-02
9.393390867697579139e-02
9.351634253004099950e-02
9.318775843304506756e-02
9.366469029544242930e-02
9.322504914545033661e-02
9.314613252840021895e-02
9.279059776579622054e-02
9.300628365859058000e-02
9.225800036108083857e-02
9.202245997042132752e-02
9.202856542011476904e-02
9.187302352921791759e-02
9.137771897391953890e-02
9.148757276744146072e-02
9.171544714008934840e-02
9.114048357589689398e-02
9.092532177973121355e-02
9.119492834969651629e-02
9.108897688723335828e-02
9.063269101990853449e-02
9.016548228681724175e-02
9.026206567840908135e-02
8.972321216422106394e-02
8.965346919930330949e-02
9.034382409452022811e-02
8.959023087982020961e-02
8.961931477811432845e-02
8.946843571488898028e-02
8.943268641103524486e-02
8.947582171362850056e-02
8.921889379075254034e-02
8.880893484271330796e-02
8.873522185288487685e-02
8.820018969314179225e-02
8.868068023227886065e-02
8.851856187233037021e-02
8.871409247045043689e-02
8.800976896995538201e-02
8.828953138185917371e-02
8.778557697348443600e-02
8.764131260925926703e-02
8.746855492158450707e-02
8.783933966565152240e-02
8.697314663831233472e-02
8.740809846949290640e-02
8.720175522674208923e-02
8.699338902244992122e-02
8.680612069703134981e-02
8.673276082588612934e-02
8.683703788889322872e-02
8.656131911041281546e-02
8.663378284677099306e-02
8.610342131047367398e-02
8.634346639170970006e-02
8.661832892596317557e-02
8.580276715968709889e-02
8.598369611750572572e-02
8.590511463975611384e-02
8.575777587893863851e-02
8.607395606970333346e-02
8.595585114381786018e-02
8.529096582658912684e-02
8.595844630490079297e-02
8.566718695789025950e-02
8.546860359609322055e-02
8.510649090639635372e-02
8.540673405413681807e-02
8.560337796551796552e-02
8.571514752682980742e-02
8.546726833017939673e-02
8.501385638839313585e-02
8.491674496156273455e-02
8.468132606033296206e-02
8.512874493098859796e-02
8.473925808319941744e-02
8.441192648299215839e-02
8.468781142811253326e-02
8.457637946658377870e-02
8.474514629911897301e-02
8.461736110105191888e-02
8.439053456444864376e-02
8.439649285456847505e-02
8.415048363491647865e-02
8.467825702178913283e-02
8.450106696112151539e-02
8.410067852930309951e-02
8.461870712566420261e-02
8.437976530983071211e-02
8.444915133868868828e-02
8.431282137333756532e-02
8.425681176198995814e-02
8.430449298099158828e-02
8.409722946989531267e-02
8.416978659379274752e-02
8.383892926661433431e-02
8.425189599645073468e-02
8.429032594072057016e-02
8.430408111886229794e-02
8.427470401154774082e-02
8.411803258893968405e-02
8.393897536079697463e-02
8.420427052310627825e-02
8.421353305196913053e-02
8.411236218818490817e-02
8.385167341120954021e-02
8.446281971703889502e-02
8.408203975141002873e-02
8.405195638673038094e-02
8.428444999207368449e-02
8.438685316383223722e-02
8.399860930257241343e-02
8.426738745275118292e-02
8.418880912048221088e-02
8.405444503932202327e-02
8.416618761966263018e-02
8.420651634722454981e-02
8.435006658436820792e-02
8.428740811677393197e-02
8.443208281752076494e-02
8.482771499737044862e-02
8.462033025938037190e-02
8.431388621061926270e-02
8.427129325886363598e-02
8.466065960034625804e-02
8.486176980675655401e-02
8.488433887697920122e-02
8.487224985195367111e-02
8.468053772601821794e-02
8.502814886116229209e-02
8.478129640145651291e-02
8.503717652755607426e-02
8.518385258189264952e-02
8.533755279310409336e-02
8.542973337608678053e-02
8.527595213382380135e-02
8.520210172895406608e-02
8.551274567814995398e-02
8.547216106606832231e-02
8.581981547039974068e-02
8.588608722842033805e-02
8.609214495632445951e-02
8.603085195332428603e-02
8.600540627914927960e-02
8.631498999792444615e-02
8.624200138951741701e-02
8.620036484528233178e-02
8.631243076950308180e-02
8.646636558798541372e-02
8.660523780249827774e-02
8.692790679063859549e-02
8.692351773866610620e-02
8.703142190604679085e-02
8.703814380794182293e-02
8.717346353415765525e-02
8.703380833906124159e-02
8.734264294458772560e-02
8.727592707425800567e-02
8.787413461917165103e-02
8.764376806339037318e-02
8.814347606734582175e-02
8.815396797511189375e-02
8.795001321903857250e-02
8.806851421146937031e-02
8.838822894946983533e-02
8.840542860385160184e-02
8.861357226270878684e-02
8.889652337252711145e-02
8.865969622687830398e-02
8.889170355182025862e-02
8.939568018311434827e-02
8.911609436360463932e-02
8.945270740820274180e-02
8.974351878413085182e-02
8.964488452035215826e-02
8.976611284686705772e-02
9.008427382752340340e-02
8.998045805754721627e-02
9.022672802224068755e-02
9.052066888481895279e-02
9.075858728124314156e-02
9.081633264301625097e-02
9.127951026548107583e-02
9.079675467775823183e-02
9.129331567836097838e-02
9.142844181055491404e-02
9.154394278587646427e-02
9.149814749193248276e-02
