5.850875339774575234e-17
5.390021762252672431e-15
-2.753020034163000740e-15
-1.899036483621330162e-16
-1.954547634852588038e-16
-2.456312930831927717e-15
1.269540028658866461e-16
-7.812361868531069860e-16
2.872424520461436314e-16
2.110589480963653885e-15
-3.111400026512001441e-16
-1.979527652906654021e-16
3.202993426043576382e-17
1.230127111284673553e-16
9.631184738623233531e-17
-1.564304241696845599e-16
-4.894418204060002703e-16
2.686739719592878749e-17
-4.352074256530613806e-17
2.758904216193513865e-16
1.190159082398167882e-15
-8.173461907290402561e-16
-9.696687897076117208e-16
-1.375899394417956576e-15
-2.308153668195700649e-16
2.300382107023324423e-16
1.915689828990707500e-15
1.643907232562469332e-15
1.439404151426515439e-15
-2.399747067727275689e-15
1.722955111915780449e-15
-1.942890293094023946e-16
4.844791234859257903e-15
-3.446798402251260926e-15
-1.382449710263244919e-15
-4.071631920510299040e-15
-6.335598712325918591e-15
-5.905720357191057991e-15
1.854738584938786463e-15
1.723510223428092917e-15
-2.526201470232081340e-15
-3.463895836830488401e-17
2.662758902260975642e-15
4.580558154998471151e-15
-1.852074049679685986e-15
5.588418616753187798e-15
8.095302206356791077e-15
2.670974552643201586e-15
3.777422818984632714e-15
1.421351925046110419e-14
-3.950173521616306782e-16
1.437738816889577641e-15
6.874945057688819304e-15
-8.457679001594442888e-16
1.198374732780394023e-15
8.952394381367411800e-15
-2.281952404814546586e-15
-9.545697565727096771e-16
-2.690292433271679253e-15
2.690736522481529464e-15
9.814371537686383660e-16
2.912781127406560772e-15
-4.606759418379624524e-15
1.751931932858496950e-15
5.135669667311049421e-15
4.279909759929978148e-15
6.710187960834445681e-16
3.762212763547268019e-15
-2.980948821118545469e-15
2.474687121889474031e-16
-7.325140494174320250e-15
1.536992755291066650e-15
-3.306244167333716402e-16
1.762479051592436008e-15
-3.335332010578895455e-15
7.552292125012627997e-15
2.553512956637860154e-17
7.356670828073675364e-15
-8.097966741615891356e-16
-1.157962614684038240e-15
2.568723012075224738e-15
1.244226943697413017e-15
2.866262782674766659e-15
4.172440171146263392e-15
5.812572645425006720e-15
-1.544320227253592764e-16
8.427591957627101452e-15
9.610756634970130386e-15
-9.467315820188559984e-15
-2.848388191978301488e-15
-3.445355112319248431e-15
-8.471001677889944285e-16
-3.310796081734679486e-15
-4.500178008015609401e-15
-1.493072332436895620e-14
-3.238742607436506726e-15
-2.694511280765254876e-15
1.132427485117659691e-16
4.097389094681602596e-15
-4.499400851898372025e-15
-9.133138689776387297e-15
-6.814881992056598689e-15
2.309707980430175499e-15
6.663558593800189311e-16
-1.013633621482768008e-15
-3.404609927315505088e-15
-1.317335129868979506e-14
7.946976410266870919e-16
-3.923084079815452987e-15
-2.188371706068892197e-14
1.948774475124537367e-15
2.129407761231050164e-16
-7.926104217403917119e-15
4.063749337035460655e-15
-7.067457730158821644e-15
-3.181677143970773752e-15
2.428501844065067281e-15
4.120037644383955760e-16
-3.071543019927958126e-15
6.720402012660997179e-15
6.451950085306634410e-15
2.575939461735288398e-15
-1.057909315704819128e-14
2.937761145460626558e-15
2.676858734673715007e-15
-7.208345031983754615e-15
1.810751548703137961e-14
4.850897461494696232e-15
-5.136890912638136614e-15
-5.405009773085111824e-15
9.692247004977616578e-17
-2.088196282556964366e-14
9.256706512417167170e-15
6.053380019466203622e-15
-1.606526023323340302e-14
-7.586264949566157497e-15
-8.672396134556948279e-15
-6.960654275189881219e-15
6.956990539208618063e-15
9.336753592492641360e-15
4.006794895872189939e-16
9.318434912586327161e-15
-4.769962202999522409e-15
-4.328759573013485572e-15
-1.192712595354805708e-15
1.779132396961813198e-15
4.968248035197575124e-16
-9.019007762844922139e-15
8.859468714206287409e-15
-1.600841681437259495e-14
-5.921707568745660063e-15
-3.084865696223460115e-15
-5.658917778816885017e-15
1.737499033538370025e-15
9.137690604177351663e-15
1.525446435834965209e-16
1.012523398458142801e-16
4.441447210012939024e-15
4.945543974343990733e-15
5.793698854006379659e-15
6.480482817039501488e-15
1.538097427200568788e-14
-2.815747635054321832e-15
7.537026558424031779e-15
3.459510455883218924e-15
1.403643867803339185e-14
1.632777246740602045e-14
9.459988348226033673e-15
1.285199724421204263e-14
-2.578437463540694700e-15
9.237943743301002365e-15
5.389522161891591092e-15
4.735489778084911570e-15
7.866596263284008577e-15
-5.657863066943491604e-15
-3.778033441648176310e-15
-5.643985279135677148e-15
1.105154856517742640e-14
2.550681887925065787e-15
-3.351041666377341095e-15
-1.052702369719327209e-14
7.597478202114871477e-15
4.662381591913344608e-15
-3.451183783198530329e-15
-4.099331984974696430e-15
-1.963162965523679231e-14
2.867373005699391989e-15
1.767086477144630319e-15
5.344724662847965906e-15
-5.974110095507967596e-16
3.999967024270745362e-15
7.293499137972503667e-15
1.715627639953254415e-14
1.380062730760300874e-15
-1.058658716246441216e-14
-6.915301664633943959e-15
-5.043188089359773269e-15
-4.701572464682612804e-15
-2.965794276832411902e-15
-1.687805450956147989e-14
-2.418176769936053328e-15
9.928002864256769056e-15
1.747568756371720274e-14
7.337352947445196909e-15
1.392691517665411943e-14
3.822775429540569974e-15
-1.351402323379602437e-14
-1.079414335691808462e-15
-5.136280289974593018e-15
-8.424483333158150370e-15
3.067324172434382503e-15
-3.681444038505787975e-15
-8.590905764549461791e-16
-1.395872306630963058e-14
-9.662326494463969020e-15
-6.216860359842257544e-15
-3.461730901932469190e-15
-3.767264278309312147e-15
1.827094031625620201e-15
8.579859045454441393e-15
-1.352856715541861394e-14
2.042016555847681201e-14
-1.105238123244589609e-14
7.883860231316930152e-15
-5.899447597101925882e-15
6.714628852932946409e-15
-1.431355034497983196e-14
-1.020805662221846410e-14
-1.477840072539038316e-14
1.096300827896357023e-14
-6.255440609947982144e-15
1.857625164802811848e-15
9.371947662373258447e-16
-1.074990096938677151e-14
5.667577518408961566e-15
-4.932554364955876698e-15
-1.704331120677693308e-14
6.725675572027967399e-15
-4.487799021291038962e-15
-9.646228260606903115e-15
-3.391453784473696879e-15
1.552646899938281507e-16
1.059280441140231274e-14
3.470612686129470647e-15
1.353434031514666392e-14
1.116157166691777938e-14
1.076710942626846156e-14
-1.578093211662689964e-14
-1.414757200279837055e-14
-1.742661570602877002e-15
-4.232725281383409310e-16
-5.247136058983414892e-15
8.000544671205034319e-15
1.315819675440366188e-14
-7.861267192765809201e-15
1.636579760599943218e-15
-1.118843906411370866e-14
5.337008612826821301e-15
5.954514659123333104e-15
3.931965864012454050e-15
5.447753359533180919e-15
5.921818591048122320e-15
-9.710621196035163582e-15
-6.555200826596773936e-15
1.210515021554670097e-14
-3.659295089164516052e-15
1.903477375719830841e-15
-1.082084422066032012e-14
1.172351105083180341e-14
-8.364642312130854268e-15
6.271982933014897077e-15
-5.383749002163540322e-15
-8.087974734394264766e-15
-9.571010650688549327e-15
8.618494806711396728e-15
1.656169645869454085e-14
-6.827871601444712625e-17
-1.194355725431250936e-14
1.092165247129628448e-14
1.483774214605659871e-14
1.837013874350646008e-14
1.179151221109009393e-14
-1.019917483802146304e-14
-1.081662537316674332e-14
1.417266304315489899e-14
-5.150879722748413722e-16
1.175892716531734540e-15
5.116906898194883828e-15
6.214750936095469929e-15
-1.088323875464425366e-14
-1.462230336812808549e-14
9.853673432758114902e-15
-1.360023205165816737e-17
-7.728262474415714615e-15
8.559819519859957134e-17
-6.986022871302566481e-15
2.019689970822469036e-14
1.362043811070634571e-14
1.279065742210150329e-14
1.942723759640330166e-15
-3.731126518857763510e-15
-5.695943716688134076e-15
2.458089287671327851e-14
-1.392330695182408779e-14
-1.028804819114270677e-14
1.534217197729503798e-14
-3.410105531287399427e-15
3.649025526186733228e-15
2.329314519045056060e-14
-1.152400397330666311e-14
-4.727163105400222580e-15
1.333505528222644971e-14
-1.183314557451353730e-14
-4.229949723821846478e-17
1.428768214850606536e-14
4.574673972967957335e-15
-2.606748150668636476e-15
1.328215315510306005e-15
-1.437133745341157118e-14
1.111255532038057975e-14
1.597050269808164626e-14
1.846400810023851563e-14
1.185618270227450886e-14
1.491551326893159151e-14
-4.978684131629052122e-15
-3.996802888650563244e-18
9.208911411207054736e-15
8.895884029413991294e-15
1.389777182225771033e-15
-1.718170050679645856e-14
3.318095798121589799e-14
1.207928201907293437e-14
1.188166232068965638e-14
2.402628096476178237e-14
-1.422806317208369377e-15
-5.311240336425271441e-14
4.210798376647062690e-15
-1.154926154711688453e-14
2.096939288875887410e-14
1.952715766861956480e-14
2.506539420465969730e-14
-9.909739695501684802e-15
-7.436662396997918032e-15
-8.580192112361828953e-15
-1.036232211149012940e-14
7.262856982492849763e-15
-6.233402682909172477e-15
7.261746759468224038e-15
2.386962849598717263e-14
-1.784145053917996049e-14
-4.687084054211254751e-15
1.554928408253886063e-14
-1.153199757908396296e-14
1.736510935046453612e-14
1.178085407005369202e-14
-6.189548873436479236e-15
-9.838740933076906243e-15
-5.532796443219467714e-15
2.800037979255876192e-15
8.780420834852975897e-15
2.169664448103958284e-14
-1.145433747851143321e-14
-1.685274142460002536e-14
2.379152430620479069e-14
-3.543110249637493224e-15
2.528760534303842160e-14
-7.719380690218713552e-15
1.730238174957321502e-14
8.618938895921245755e-15
8.706591003715402293e-15
-2.399841436684369041e-14
-8.816058993943443195e-15
-3.821032379391908833e-14
3.978295470830062484e-14
-4.429406841310879139e-14
-3.259503777996997283e-15
1.031891239122728676e-14
1.842115349148798507e-14
-2.597194681541736984e-14
2.029437728978678069e-14
-3.159328354485069293e-14
-2.178157654242340896e-14
-1.729610898948408291e-14
-1.766914392575813387e-14
-2.503247609197956043e-14
4.466366165800650686e-14
3.066213949409757172e-15
5.592026841583219430e-15
-1.546940353591708259e-14
9.687306512518034411e-15
-2.040850821671824585e-14
5.609845921128453868e-15
1.672301186417257643e-14
-5.253708579289195647e-14
4.910793993673223857e-15
1.495442658594470130e-14
-3.189198904962608973e-14
-4.859723734540466561e-15
7.657097178537241487e-15
2.358280237757526098e-15
1.252459247425008418e-14
3.018080230177133475e-14
8.642975224404381568e-15
-2.088662576227306870e-15
-3.523070724043009310e-15
2.668709697672966339e-14
-2.733113735331471533e-14
1.165101348732378004e-14
-7.278178060232675926e-15
1.906586000188781213e-14
-1.709682395656386555e-14
-2.316713487715560319e-14
4.415356968934247908e-15
2.367461782171176201e-14
5.457412299847419358e-15
-2.361771889169972400e-14
-1.018790607432151753e-14
-2.078864858034990018e-14
2.514721764157457076e-14
1.947098038357353186e-14
6.286304810032561351e-15
-1.248406933385126653e-14
-8.895439940204142266e-15
1.825684048384346304e-14
2.873751236975863124e-14
1.150468609267818544e-15
-5.575540029667536414e-16
-2.537858811990645531e-15
1.167776986221724628e-14
3.189559727445612137e-15
-6.717792988553128225e-15
1.837113794422862118e-14
1.838046381763547285e-14
-3.751227106718601863e-14
3.071992660252931016e-14
2.467120951976653552e-14
-1.486238909720327812e-14
4.605260617296380505e-15
3.338440635047845749e-15
-9.007017354178969994e-15
1.310479502691919088e-14
-9.865330774516677909e-15
-3.863742659149238225e-15
2.054134640161464508e-15
2.326000503316549763e-14
-2.200700732757354581e-14
2.543321109271801035e-14
-7.258305068091885397e-15
-1.418404282915730596e-14
-2.085953632047221570e-14
2.707445379002138177e-15
6.749489855906176331e-15
1.785060987913311601e-14
5.058176100192213253e-16
-4.427458399902661521e-15
1.558031481607713519e-14
1.585137576753936613e-14
-1.555622297644276786e-14
-4.826916644162792731e-15
2.746358696015249548e-15
-6.796563312150283700e-15
-7.341904861846160683e-16
-7.189027151355276159e-15
-1.425581874769932308e-15
-2.449934699555456109e-14
-4.595546165830910544e-15
8.221590075407902949e-15
-1.668898352846781540e-14
9.993450511558422148e-15
1.402944427297825310e-14
-3.317734975638586715e-15
-2.366884466198371203e-14
-1.151068129701116072e-14
1.233169122372146354e-14
2.222133588247743172e-14
4.942601883328734219e-15
1.222810741552393725e-14
1.436628593864952508e-15
4.487116234130894544e-14
8.392730954653870741e-15
6.403433339130515334e-15
3.273159521199886437e-15
-2.938149723519245324e-14
1.130445737018703771e-14
2.108968555347701148e-14
-1.354749645798847332e-14
-1.428102081035831417e-14
1.465183530058311683e-14
-2.859235070928889152e-14
-1.802136218032046630e-14
1.331945664873046594e-14
1.038036323564028914e-14
-3.025979466997341474e-14
-1.944910898998841597e-14
7.597589224417334523e-15
-3.884448318558497653e-15
2.069222571066120405e-14
-1.417982398166373073e-14
1.762012757922093425e-14
2.655542452600911904e-14
-6.081024572779370279e-15
-1.313982256334611458e-14
-2.736133541958452179e-14
1.903754931475987115e-14
-1.062372412263812268e-14
1.334699017974116876e-14
-1.936006910341347846e-15
2.789679598436123246e-14
-7.658984557679105377e-15
4.244937734654285969e-15
-3.017253114023787886e-15
-8.739675649849232160e-16
