-4.440892098500626408e-17
-1.152777873159038773e-14
-7.095379839228144337e-15
4.132916231469607636e-15
7.360778653264787745e-16
2.831068712794148981e-16
-5.711542350184117657e-16
1.319278020162073419e-15
-9.993395000407189787e-17
-4.554134847012392476e-16
-2.592648318255896618e-16
9.466316619466397699e-16
-3.597122599785507428e-16
-2.969846590872293918e-17
7.183142969324763033e-17
1.654787418203795753e-16
2.658984143977249934e-16
-9.348077867343817745e-17
-1.315614284180810560e-16
-2.227107387398063779e-16
9.392486788328825279e-16
7.766010057252970119e-16
-2.861377801366415917e-15
-2.267186438587032102e-15
-1.283084749559293456e-15
-1.361688539702754560e-15
-2.205569060720335945e-15
2.905453655444034658e-16
2.228217610422689307e-16
2.740696558589661429e-15
-4.555245070037017017e-16
-1.297628671181883032e-15
3.162803352552145902e-15
-9.496847752643589347e-16
2.542188681786683412e-15
-1.139088823265410636e-16
3.389288849575677741e-15
6.639133687258435796e-15
4.614086890342150243e-16
5.151434834260726609e-17
-3.640199253140962899e-15
2.595701431573615881e-15
1.116884362772907535e-15
2.297495527159298841e-15
1.444400155037328635e-15
-4.690914323646211686e-15
6.699085730588194352e-16
3.727906872086350960e-15
-1.338040789278238618e-15
-3.312905505481467101e-16
-2.342792626564005366e-15
1.834310481285683466e-15
2.172262369981581170e-15
9.186651439563319767e-15
3.574918139293004154e-17
3.076205956631383566e-15
4.404920872502771304e-15
-3.453903829608861934e-15
2.879918525877656208e-15
5.860867346996201282e-15
-4.479749904362506798e-15
2.920108599369086688e-15
1.562749929462370403e-15
-2.210231997423761780e-15
4.368505557295065842e-15
4.157563182616286257e-15
-5.919709167301334705e-15
1.498134949429186210e-15
-5.777822664754239844e-15
3.156364059009320013e-15
-1.986633080264254930e-15
-4.281019982954603478e-16
9.339418127751741837e-15
-9.215739282808498918e-15
5.197176022875282532e-15
-3.165467887811246379e-15
-9.283129820403245845e-15
-4.744205028828218853e-15
-1.469158128486469710e-15
-2.758904216193513865e-16
-1.794231430096715636e-15
-1.043276576240259628e-15
-3.383959779057477183e-16
-2.622235761862157208e-15
-1.881605982134715349e-15
-2.005284827077957873e-15
5.677236458723200794e-15
-5.484501741648273251e-17
3.320677066653843327e-16
8.300693465912445983e-15
7.539524560229437687e-15
-5.367817301760168985e-15
9.486855745421962559e-16
2.098543561146471006e-15
-3.452349517374386788e-15
-2.490008199629301180e-15
-1.235589408565829235e-14
-3.030464768016827223e-15
1.423261508648465656e-14
-8.794076578055864262e-15
-7.382983113757291388e-17
-2.103539564757284006e-15
8.723466393689704786e-15
2.770228491044690792e-15
1.000988181232287404e-14
-2.074673766117030156e-15
-2.926769937516837486e-15
2.633226969805946279e-15
-6.881495373534107450e-15
5.509814826609726891e-15
-1.758260204098860385e-15
7.540634783254063017e-16
-4.782951812387637233e-15
-2.658984143977249835e-15
1.102473667913273022e-14
2.387645636758861681e-15
-2.209454841306524009e-15
-3.779199175824032769e-16
1.478961397793909714e-14
6.807554520094072378e-15
-6.379785588705999392e-15
-2.406408405875026880e-15
2.215672090244424990e-15
-6.492140158798065285e-15
-1.741606858729482997e-15
6.724287793247185637e-15
2.407851695807039375e-15
6.289191389896587130e-15
9.016898339098133736e-15
-9.112710586123284694e-15
1.472377775257882654e-14
1.187050457929217392e-15
-6.763478666016453834e-15
-1.156630347054488002e-15
-5.112799073003770856e-15
1.387001624664208102e-15
-4.055422664350771666e-15
-2.954525513132466399e-15
4.999778369096929844e-15
1.163513729807164102e-16
-6.534661700641209077e-15
2.772004847884090847e-15
1.002908867064888945e-14
-3.518518809642046127e-15
-3.477218513125990316e-15
-5.828448834677146535e-15
-1.524447235112802431e-15
2.477684724055961870e-15
7.383871292176990627e-15
-3.576083873468860834e-15
4.872990899684737422e-15
-2.422340106278397823e-15
7.582434680131199773e-15
-1.600553023450856838e-15
1.043665154298878316e-15
4.452604951410421481e-15
8.910983062548894521e-15
1.728506227038906311e-15
-6.591061030292166537e-15
1.632083357350211361e-15
-8.284428698601687087e-15
-1.699473894944958287e-15
-2.585875957805683268e-15
8.871792189779625536e-16
-1.141725602948895420e-14
6.010802966471829096e-15
-8.360701020393435076e-15
3.851918783936980649e-16
4.516331753023905252e-15
-1.241229341530925129e-16
1.632882717927941465e-14
-9.093836794704658027e-16
-3.516631430500183421e-15
8.005818230572003750e-15
7.320422046319662893e-15
-2.395694753687393845e-15
6.494638160603471982e-15
1.550981565401343758e-15
-1.450339848219073185e-15
-6.378508832227680677e-15
-2.401245868810519707e-15
1.063499288633806819e-14
-2.017608302651296788e-15
3.108957535857825873e-15
1.404276694927375548e-14
3.038735929550284690e-15
-5.066336239423207872e-15
-5.038580663807578958e-15
-1.476374578146533172e-15
-1.542044270053111290e-14
1.448063891018591594e-15
9.870548822732417395e-15
1.563194018672220318e-16
1.886657496896759871e-15
-1.858513343222511875e-15
-1.700539709048598439e-14
-6.451394973794322336e-15
3.353928246241366480e-15
-7.392086942559216571e-15
1.994959752948943920e-15
7.108647004372414409e-15
-5.762612609316875149e-16
3.415545624108063031e-15
6.319778034225009511e-15
1.371819324802459050e-14
8.466061185430362217e-15
-2.570943458124475004e-15
4.310496404258401318e-15
5.035971639699709610e-16
-4.145905840857722460e-15
4.911293594034305196e-15
-1.660943604875342334e-14
1.115335601653555343e-14
9.695022562539179410e-16
7.416234293344813852e-15
-2.532418719169981927e-15
-1.946776073680212009e-15
9.525380484376455242e-15
-2.148181632577461796e-14
7.092715303969043860e-15
1.834976615100458585e-15
-1.158662055189552115e-14
-3.538225268329142482e-15
-1.044569986063947919e-14
-4.857836355398603461e-15
-2.686351141534260061e-15
9.504896869572121116e-15
1.170008534501221316e-15
7.855494033037757643e-15
-3.344324817078359170e-15
-1.120575854329786176e-14
-1.361577517400291987e-14
1.084726752864639880e-14
-1.174116359692334288e-15
5.627331933766299957e-15
-5.838773908806160882e-15
5.314637618880624075e-15
-3.123390435177952797e-15
7.967571047373667498e-15
-3.509137425083963724e-15
9.572787007527950171e-15
-2.694788836521411307e-15
-1.474503852350039726e-14
-1.247024705719468360e-14
1.310621056127558919e-14
1.121505666112909687e-14
5.449529716372580973e-15
-4.825306820777086456e-15
-5.243749878758307773e-15
7.658429446166791726e-15
-3.326144915050122200e-15
-7.156775172489915388e-16
-5.664829716423014594e-15
-1.507960423197118745e-14
-1.333513854895329621e-14
3.654437863431780676e-15
4.638733841488828666e-15
-9.748035711965031329e-16
8.405220963680903437e-15
6.297684596034969110e-15
-3.523875635735862447e-15
-1.817698769279729681e-14
8.030576204021144627e-15
-8.347406099673549243e-15
-1.030869833940073428e-15
1.498612345329775098e-14
3.470945753036858207e-15
-4.930889030418938900e-15
-7.483513808637099310e-15
-6.094541538104181414e-15
-8.102296611411929828e-15
-1.493666301755069917e-15
7.668227164359108972e-15
-4.039990564308482457e-15
1.737229804454898441e-14
1.062527843487259744e-14
-4.164918410154427540e-15
4.721750768155175131e-15
-1.911421021461023980e-14
-1.858513343222512112e-14
-7.442935157087049155e-16
2.037300883550585657e-14
-4.668182507217011139e-15
-5.255074153609484799e-15
2.213729199951330761e-15
-1.199085275516154124e-14
-1.709382635439737988e-15
1.141656214009856253e-14
2.800537579616957087e-17
-4.753614168961917017e-15
5.887540455162821022e-15
-2.023331502343239582e-14
3.800959547106685610e-15
1.400082827451853953e-14
5.079214826508859650e-15
-1.909916669262656730e-15
-1.590694242992185390e-14
6.703526622686695475e-15
2.636502127728590352e-15
1.917771497161879747e-15
-9.659578692478022048e-15
1.307406960471269048e-14
6.487865800153258533e-15
-4.405198428258927341e-15
-2.879668725697115538e-15
-1.633976287607197259e-14
-5.535183422722411365e-15
-2.604749749224311118e-15
9.855755100929286755e-15
1.282018935455653305e-14
1.070263322411335618e-14
-1.017610995468487493e-14
6.001588115367440276e-16
2.010891453352314784e-14
4.464290048744601039e-15
-1.510450098329840792e-14
8.351902502923280508e-15
-9.126033262418787472e-16
-2.949585020672884824e-16
1.762839874075439171e-14
-6.708369970631622575e-15
-3.494454725583295736e-15
1.124894621895577988e-14
-1.702279983639698556e-14
1.200646526644533251e-14
-4.443723167213420418e-15
4.001243780749064274e-16
-8.930189920874909931e-15
-8.566078402161280918e-15
3.308714413563507239e-15
1.681516037521646423e-15
5.328876229171441853e-15
-3.406996906818449232e-17
2.428335310611373501e-15
3.712863350102680044e-15
-9.465150885290540058e-15
-1.394877269245142783e-14
-2.124120324076272902e-15
-2.320366121466577012e-15
4.587538682265801627e-15
-2.361291717711822015e-14
-5.970973715463401542e-15
7.122497036604613696e-16
3.855943342401246829e-16
-1.274796934680466572e-14
4.206635040304718195e-15
1.152906936585651393e-14
-1.705037500077111084e-14
-2.377334440417655609e-15
-2.947794786045676593e-15
4.377817552914109235e-15
-1.768654667166913347e-15
2.154079692395782940e-14
-4.316380586288915133e-15
1.053229725656024152e-14
1.651785652700965668e-14
-1.645225622404211650e-14
7.661787870816283872e-15
-1.021627921149459379e-14
-3.145261828763068290e-15
9.362732811268869430e-15
-1.138697469649230283e-14
7.866970963554820173e-16
1.623121081983924945e-14
-9.485752461291240972e-15
3.788011571081994823e-15
-1.204703697910147793e-14
6.174033506667342743e-15
3.381239732647145577e-15
4.021782906704629627e-16
-8.422776365257788535e-15
-1.754027478817477078e-15
-5.319800155945131249e-15
1.727073345447749312e-14
3.157141215126557783e-15
7.502186372132513876e-15
8.721426358881955786e-16
-3.715604213194723273e-15
-8.045945854018298570e-15
4.061237457442245683e-15
4.181245627510321703e-15
1.025531742859797569e-14
-4.771218142796129303e-16
-1.820687350884142693e-14
4.291671185097101247e-15
-9.637554643227019079e-15
-2.448878599903281474e-14
3.659159780733389905e-15
-3.259073566574954952e-15
1.919573527908724441e-14
-6.718181566611747308e-15
-2.056240594461300645e-15
-9.612310947204604743e-16
6.084494019731323893e-15
2.050762337724165664e-15
-6.898412396871833980e-15
-3.347599975001003243e-16
-2.067367110836215864e-15
-5.494899674163278380e-15
4.667859848650479983e-15
-2.430149831367245326e-15
-1.725260125734484655e-14
-1.028566988525714240e-14
-2.528461121031888465e-14
1.345811483088876778e-15
-1.013992882714642671e-14
-6.578040466932028243e-15
6.826423974704010192e-15
3.715842911145017560e-14
3.328668937707668328e-15
9.534903248897830947e-15
-1.978829773652268587e-14
1.694460544099385437e-16
-1.070114136192401511e-14
-6.324514588255947515e-15
-1.017303775940892047e-14
6.298171185969980340e-15
1.053190520905467136e-15
1.062009356324333724e-14
1.920266029520334573e-15
1.644702169595335661e-14
9.218158354695749157e-15
-1.757840227545326431e-14
9.987240201514425305e-15
-1.323120432661362220e-14
-9.818233899505646393e-15
-5.225757326865476601e-15
2.905911622441692553e-15
-8.360092132453367810e-15
4.265962583183124879e-16
-2.625129107147738939e-14
8.004103456416000007e-15
-1.645371339176193648e-15
-3.982286722603589731e-15
-4.950821003157912824e-15
1.063223814545821747e-14
-5.468767799721164016e-15
2.418110850443966191e-15
7.515314759398705140e-15
2.365305173945842029e-14
4.431489897260831741e-15
-5.204774111700061136e-15
6.004485103572321078e-15
2.160784745575128187e-14
2.110232127927602436e-15
1.663064130852376411e-14
-1.749461686628706014e-15
1.601878352186503136e-15
4.344059834071600506e-15
-1.306889318986037503e-14
8.148932917340090335e-15
2.459850378944139513e-14
-1.298597340770868492e-14
-1.981224906355549885e-14
-1.279396033559976392e-14
-4.561795385882305557e-15
1.397301024885777535e-14
-6.680309083684221864e-15
-1.253774861709189199e-15
-1.825553597178952787e-16
1.113793085538716797e-14
9.924089328094964837e-15
-4.508539375169817895e-15
8.244890881137223056e-15
-2.410800725716200026e-14
-1.220933076861996338e-14
3.332882581030816144e-15
2.769790646839353950e-14
3.682928961801223718e-15
-1.883562750215617064e-15
2.804263071753965263e-14
1.953267408927317155e-14
-1.866740095834984360e-14
1.518229986174901685e-17
3.699533734913273918e-15
-8.552117347626619966e-15
-5.071838782289006348e-15
-3.204270182521895492e-15
1.231177659821725055e-14
-7.803924173543919008e-15
2.816857858078947162e-15
-7.912913380092590589e-15
8.479578150755174142e-15
-5.460867869011565485e-15
-8.201522794237802878e-15
-2.886565986237599124e-15
1.376018743393103641e-14
1.061832566318088272e-14
-1.516398118184270070e-15
5.591277441041597816e-15
2.186420489103113555e-14
2.186868741649306012e-15
-8.460537825882851722e-15
-7.359696185815778373e-15
1.825209428041318913e-14
5.428851812538937307e-16
2.202120430450093955e-15
2.499973839054092718e-14
1.039057728746684044e-14
1.197097976302074963e-16
-3.222352940035477790e-16
-3.126159053845611788e-15
2.408715588098075829e-14
1.245208103295425490e-14
-2.407382626579135374e-14
-2.180589042666269765e-15
-2.647604357974841977e-16
1.017874673436836043e-14
-2.067288007445711062e-14
-9.822156976646567273e-15
5.688317872287740499e-15
-1.014138772958972382e-14
