7.732021556267831494e-05
-5.508084707038375660e-03
-7.005325145089877359e-03
-6.572625732156609120e-03
-7.377024808783357382e-03
-8.386237896754021245e-03
-1.143219834905745934e-02
-1.215161852610521440e-02
-1.177794071010694957e-02
-9.680807746871654407e-03
-6.643080433994212955e-03
-1.091463688215362632e-02
-8.351600005341606320e-03
-1.999263014209216524e-03
-3.782360992373777573e-03
3.298711343396539247e-03
1.011556041768901619e-02
2.792277053860950983e-03
3.665764336078788238e-03
1.173587220153983306e-02
1.792467847708511045e-02
2.442707795156688275e-02
3.580872741273084803e-02
4.766371487185624978e-02
3.651713679743041896e-02
4.511508823770664367e-02
6.352763258060335760e-02
6.279016679089989561e-02
8.194851245450747446e-02
8.503741240736630014e-02
9.222991255839779745e-02
9.294081127940215237e-02
1.062902938426213417e-01
1.054367950183536379e-01
1.291730658489453620e-01
1.409161693900914947e-01
1.490923247924841044e-01
1.659027848984843956e-01
1.723031054372667070e-01
1.710424780574532067e-01
1.904848027546701961e-01
1.964088138898602842e-01
2.046429064921547747e-01
2.137878333337569770e-01
2.199355292456344202e-01
2.330672213982850627e-01
2.420413279149400132e-01
2.547293269331155074e-01
2.657387317979130748e-01
2.838229874311888334e-01
2.875470091894405389e-01
2.974355668345896042e-01
3.132392896392277581e-01
3.113629008541468068e-01
3.228937532858394688e-01
3.444876957855167454e-01
3.578606543718229061e-01
3.712309881808175116e-01
3.808750772878675139e-01
3.832847866406354220e-01
3.957129647959118923e-01
4.040572842202810322e-01
4.227639428116528597e-01
4.259357699032569888e-01
4.403679106856360770e-01
4.565151160349524284e-01
4.588195233416913488e-01
4.664799320926007464e-01
4.799308952399949368e-01
4.891630315951603358e-01
4.964633348922235512e-01
5.162975492853175696e-01
5.265284444716178403e-01
5.268678396715867907e-01
5.498370830103062046e-01
5.565980638955468907e-01
5.689784366121521941e-01
5.750337140701250460e-01
5.811071432403042136e-01
5.926806258086403378e-01
6.077350614311466392e-01
6.167419608433668543e-01
6.290218172681607545e-01
6.447072200771423178e-01
6.508536488437566270e-01
6.637061283058471872e-01
6.742710653005363763e-01
6.820037321682377307e-01
6.942903892512881647e-01
7.007953995563757088e-01
7.121166926747762860e-01
7.269207080519399788e-01
7.384917513103000930e-01
7.427995391221932087e-01
7.542758371327485944e-01
7.649648589520304798e-01
7.696717989286953054e-01
7.845873394681471824e-01
7.929387678583011967e-01
8.066624776512116846e-01
8.184677996670918221e-01
8.260890360584706160e-01
8.329649407454288168e-01
8.474758527870969171e-01
8.570136385046254190e-01
8.596336524897487674e-01
8.718647760354421017e-01
8.836636995340391154e-01
8.940743121039079755e-01
9.035399448063171635e-01
9.096381507241656506e-01
9.186234330018847594e-01
9.281096480755712808e-01
9.388718407169912572e-01
9.511198914369876078e-01
9.580682616045840261e-01
9.684212422662408226e-01
9.805280944292772416e-01
9.876991478178400730e-01
9.955095216818373727e-01
1.003820461351102367e+00
1.011560979516913150e+00
1.024156269054790958e+00
1.029480354678247833e+00
1.040511916407781845e+00
1.050953112907741405e+00
1.058654873058064050e+00
1.065513639094360920e+00
1.076679347986101654e+00
1.087543901562724180e+00
1.094502950574099076e+00
1.103168862897466074e+00
1.111663581057386940e+00
1.120071774403251785e+00
1.126413392159208993e+00
1.136035189876842155e+00
1.144928191272454709e+00
1.155058131838198054e+00
1.161597366776031981e+00
1.171133169566092924e+00
1.178630100508913259e+00
1.186502277266803684e+00
1.196289168743567055e+00
1.205763166103467343e+00
1.212595038993266261e+00
1.223474971415134727e+00
1.229456970923363368e+00
1.235295900185576778e+00
1.245148374796540391e+00
1.252905401065752322e+00
1.257872722982128932e+00
1.266525222650857652e+00
1.276012364216713602e+00
1.285131244243010284e+00
1.291313455605153981e+00
1.298849079380745675e+00
1.304602721453007597e+00
1.312939117696542812e+00
1.326790907652735330e+00
1.331950366480347148e+00
1.339433275933524570e+00
1.346719138226145196e+00
1.351532641758467213e+00
1.358722366471631693e+00
1.364061377993895929e+00
1.374756650912815736e+00
1.385723267844890083e+00
1.391938843901253220e+00
1.398810315046143060e+00
1.405364175332711074e+00
1.413384134337775100e+00
1.419979981797471869e+00
1.428860961044066569e+00
1.435216593283777931e+00
1.442543165794394122e+00
1.450026003802489916e+00
1.456734557829052479e+00
1.465075529390077236e+00
1.471298552646382651e+00
1.479311707322496394e+00
1.483725065485712369e+00
1.490175840820659570e+00
1.498339552966778898e+00
1.504968772606655403e+00
1.512140748751572117e+00
1.517951589234900034e+00
1.525377072815312651e+00
1.531105518184340708e+00
1.539650595028747793e+00
1.543408515403707826e+00
1.552263755909816467e+00
1.559916716048646901e+00
1.563112840961244254e+00
1.572007485273020588e+00
1.578201612191107550e+00
1.583902459420954312e+00
1.591978555382334681e+00
1.596204353344559790e+00
1.605825615000741058e+00
1.608835437107042354e+00
1.617726268594287697e+00
1.622523438668363127e+00
1.627078788455811997e+00
1.635067690859761225e+00
1.641643557811442777e+00
1.646772327091857502e+00
1.656536902217006446e+00
1.664527799369416750e+00
1.666220833811375313e+00
1.671367230027086093e+00
1.679399237694995106e+00
1.683227054171724468e+00
1.691259079650578867e+00
1.695909819284161735e+00
1.702750251463897024e+00
1.710035408293788084e+00
1.713825087348521015e+00
1.720857460691341823e+00
1.726752151826575599e+00
1.730034185550452408e+00
1.736515416935967115e+00
1.742699355226642322e+00
1.747587574006243649e+00
1.752635368718723718e+00
1.757909963853033108e+00
1.763051344896934491e+00
1.769129258394319448e+00
1.775894719434057301e+00
1.782594797559914346e+00
1.789059675764308022e+00
1.793319011778589545e+00
1.797730025969194179e+00
1.804127612746384779e+00
1.808812520197279783e+00
1.814813872931808403e+00
1.820224781295855188e+00
1.824398879156964748e+00
1.830604880749177044e+00
1.837226511291327746e+00
1.842675428182630082e+00
1.844430555764131174e+00
1.851881513946969093e+00
1.859012649940066764e+00
1.860517820206786910e+00
1.865195950618009801e+00
1.870959785459052949e+00
1.876705160643045600e+00
1.882711994706977698e+00
1.886707548459758410e+00
1.892992520035102544e+00
1.897558208708145955e+00
1.902535355565046604e+00
1.906792049486218277e+00
1.911628769123542515e+00
1.915690635534493813e+00
1.923481836678277102e+00
1.926091146428491774e+00
1.932661346026418370e+00
1.934607219307698633e+00
1.940146184418676922e+00
1.945430763648698269e+00
1.950397702793772892e+00
1.956018607115806995e+00
1.961438737428933043e+00
1.962417446276636834e+00
1.967248647545829954e+00
1.975606200662252343e+00
1.978683627204847140e+00
1.981852556519505981e+00
1.987472523235295885e+00
1.993316506936182675e+00
1.997530853427395447e+00
2.002342260869630852e+00
2.005229944689619348e+00
2.009373125606654487e+00
2.016106566330007954e+00
2.021001095659145541e+00
2.023498375060371224e+00
2.027674373489019910e+00
2.033090483654903746e+00
2.038286007820149681e+00
2.041135608131982249e+00
2.044942577991415877e+00
2.050149126840549840e+00
2.055192470114316272e+00
2.059108992365861646e+00
2.062799169708172453e+00
2.066687612875710123e+00
2.071102777143509766e+00
2.075308689372555193e+00
2.077842321973052631e+00
2.083276699620174810e+00
2.088485377424969869e+00
2.091459231170369026e+00
2.094449727774966075e+00
2.099155301615064140e+00
2.103573262961807355e+00
2.108989218395446841e+00
2.112071574027899690e+00
2.114132382593902904e+00
2.121072685198544416e+00
2.124674770906427757e+00
2.127172062428249966e+00
2.131599226899593802e+00
2.135048287787683297e+00
2.139267457984991516e+00
2.143333157219572627e+00
2.147548125496226756e+00
2.150031464569912121e+00
2.155353032593779528e+00
2.159231304390640371e+00
2.163124319917589133e+00
2.166535042958709578e+00
2.170401334469558741e+00
2.173962780236653014e+00
2.177843921608310751e+00
2.181767206550061733e+00
2.186314382189537220e+00
2.188566398114906608e+00
2.192495439426602299e+00
2.195795643891507165e+00
2.200102504895703692e+00
2.204418400607035533e+00
2.207086641927936466e+00
2.210216151413909813e+00
2.214762715416812799e+00
2.217669446974483982e+00
2.222040076388182239e+00
2.225225869381263433e+00
2.228186110008418819e+00
2.231851966578051627e+00
2.234604235808317796e+00
2.238355853362933523e+00
2.242937027953367579e+00
2.244965208976279936e+00
2.248814057165644531e+00
2.252065735596491258e+00
2.256290941157620633e+00
2.259069532781798006e+00
2.261377306368124618e+00
2.265783260636457186e+00
2.270039967393203462e+00
2.272546894447200927e+00
2.275667404069950717e+00
2.279597273193043616e+00
2.282187930059861092e+00
2.285065220518740059e+00
2.289251961384867418e+00
2.292857268293126083e+00
2.294627592712570774e+00
2.298422721707667815e+00
2.301880224161405142e+00
2.306059775594513805e+00
2.310015087022258662e+00
2.311991569201897079e+00
2.315118603772127415e+00
2.318104758309012858e+00
2.319923214956753466e+00
2.323231852975380818e+00
2.326537282550385388e+00
2.331009342178372190e+00
2.332700898449253213e+00
2.335478644028067929e+00
2.339968296471671927e+00
2.343367418867416951e+00
2.346223408546336042e+00
2.349391826078545353e+00
2.350554009122328480e+00
2.354553858753453355e+00
2.356666392126075760e+00
2.359433257037976794e+00
2.363855230104442207e+00
2.366705037342312412e+00
2.369341257568844838e+00
2.372690412670168225e+00
2.375347772211370501e+00
2.378589918671434322e+00
2.382000183170514873e+00
2.384904433343700170e+00
2.386619952094761299e+00
2.389564210261740040e+00
2.392989270191833384e+00
2.396416525654066820e+00
2.398762177349175406e+00
2.400254390155586837e+00
2.403990528695520990e+00
2.407556257612670780e+00
2.410201443761221807e+00
2.413265215822867571e+00
2.415545741871267804e+00
2.417705728151706257e+00
2.419272127717606580e+00
2.422187077539005529e+00
2.425416888017554395e+00
2.427849310629074608e+00
2.430841488295896191e+00
2.433600812724313389e+00
2.436607743751756594e+00
2.439788780679753799e+00
2.441972109997614382e+00
2.445357931923655581e+00
2.447484680739755891e+00
2.449359238290510277e+00
2.452421006333933118e+00
2.454520316342360342e+00
2.458156022301837051e+00
2.461749900263760615e+00
2.463644503393529916e+00
2.466318746289038355e+00
2.469078277836677326e+00
2.472012250760336816e+00
2.473333751779766221e+00
2.475125352056553041e+00
2.478133588445231350e+00
2.481607874116566581e+00
2.483478183393135197e+00
2.485481662159348737e+00
2.489184097450271249e+00
2.492905258410093694e+00
2.494540508530579626e+00
2.496481766722083329e+00
2.499859954958055130e+00
2.500720625755564974e+00
2.503604990740492475e+00
2.505700593110367080e+00
2.509126786872772019e+00
2.511206214945615578e+00
2.513452339166225347e+00
2.515995206057035638e+00
2.518339584965334943e+00
2.519711996573630763e+00
2.522399799582090374e+00
2.526317484776641642e+00
2.527859491105908241e+00
2.529505212495784416e+00
2.532730416210880353e+00
2.534843289975129199e+00
2.536188271674030492e+00
2.539962788331093790e+00
2.541496900291748240e+00
2.544760083412262563e+00
2.546869238081049147e+00
2.549612514596302670e+00
2.551484653191140151e+00
2.552158447263256136e+00
2.555325555446011698e+00
2.558844813815228214e+00
2.560312777986740507e+00
2.562618097589227428e+00
2.564409549033655367e+00
2.566832550087553955e+00
2.568878042924563676e+00
2.571819079131702157e+00
2.574031486201103114e+00
2.576106171514418453e+00
2.578095201206199949e+00
2.580386340894273989e+00
2.582228872598670399e+00
2.584755376031393936e+00
2.587254328860632668e+00
2.589359183516293239e+00
2.590566417629835971e+00
2.593884011596788053e+00
2.595719132718878441e+00
2.597363017487779757e+00
2.600214509205764468e+00
2.601613644988783669e+00
2.604366470398676636e+00
2.606206403470655353e+00
2.608245486569336080e+00
2.609935866855586539e+00
2.611384409956107877e+00
2.614483226329990639e+00
2.616436655651849907e+00
2.617979662545800501e+00
2.620934668226431619e+00
2.622886885306244142e+00
2.625005962100396939e+00
2.626554876664756399e+00
2.628353232937027606e+00
2.631469068933054434e+00
2.633471850433902084e+00
2.634771350265936452e+00
2.637753113819431672e+00
2.638677279442679602e+00
2.640752390330862731e+00
2.642774829518434121e+00
2.645400526157241750e+00
2.646327911282351675e+00
2.649104896660443575e+00
2.650785138108942007e+00
2.652717827854189192e+00
2.654679409485046104e+00
2.655488934652703303e+00
2.657882891329382602e+00
2.660613997861793312e+00
2.662372236339714426e+00
2.663965919608207056e+00
2.665754574676674871e+00
2.667876412565939770e+00
2.669761078676350596e+00
2.671756758193390979e+00
2.673646806445478141e+00
2.675781532891105208e+00
2.678319146093047554e+00
2.680492938827270244e+00
2.680467382148723487e+00
2.684181853006474050e+00
2.684733493783880043e+00
2.688017404000802468e+00
2.688807335746337124e+00
2.691364931797531224e+00
