1.024330185844438482e-02
8.392197837463867896e-03
7.950537501427084458e-03
8.384093279881659963e-03
8.619812694940855863e-03
8.479677284548939667e-03
7.930028361801370537e-03
7.813194181854478393e-03
7.763542075010941047e-03
8.188729576565511106e-03
8.780165281614061429e-03
7.868868119921396814e-03
8.517498572912059890e-03
1.009603703897447510e-02
9.833739164560737628e-03
1.160468678277873540e-02
1.325167353167248756e-02
1.136399223354184543e-02
1.151917866053765206e-02
1.341989009601829257e-02
1.475900836083011806e-02
1.652693522921681521e-02
1.919056882342513523e-02
2.249803340479834823e-02
1.963024594206942697e-02
2.181347402885170858e-02
2.663226733923869036e-02
2.592352681842188117e-02
3.072759856667947251e-02
3.171763196135101576e-02
3.328773357177045034e-02
3.281818863182512508e-02
3.633918485262271902e-02
3.670850291197390314e-02
4.345187700191894403e-02
4.633013693540997263e-02
4.765400295988999474e-02
5.234036255772843427e-02
5.433466846747425638e-02
5.311234899919740210e-02
5.860943860946136313e-02
5.993424618418567024e-02
6.194593488826034139e-02
6.438243004758797960e-02
6.556989336142937663e-02
6.913330867949593617e-02
7.118907097290740060e-02
7.471262785333548928e-02
7.862787054149802946e-02
8.248945769142675133e-02
8.307342475498234735e-02
8.644511082420053283e-02
9.098220725977125556e-02
9.055849968116014281e-02
9.286141512513176877e-02
9.879881255458451694e-02
1.027705900372267167e-01
1.070573787036368102e-01
1.090096927298902924e-01
1.089219868750220255e-01
1.124255752219399801e-01
1.144324778555917549e-01
1.187725407945375150e-01
1.212374482306273205e-01
1.236001761967868012e-01
1.287523739651767751e-01
1.306093813021565742e-01
1.312126303303211838e-01
1.349734398656492473e-01
1.380410850007847690e-01
1.405325977346285338e-01
1.463124175457801157e-01
1.483005260141990189e-01
1.486150135134204908e-01
1.550255002568424467e-01
1.566853360167978215e-01
1.602232563714084401e-01
1.627540563933326800e-01
1.631096022858595229e-01
1.678517065700914357e-01
1.722115578185936247e-01
1.747064531094680850e-01
1.785681349638195692e-01
1.836603433292960386e-01
1.838810225454272640e-01
1.858802174771131133e-01
1.897712791727771409e-01
1.928235287161113587e-01
1.971567238801156530e-01
1.979099531733266859e-01
2.005242810590845137e-01
2.053856154114109822e-01
2.084446019970398467e-01
2.098996832297669313e-01
2.129028556098797875e-01
2.173944709307031598e-01
2.188881955722682682e-01
2.238044876409785722e-01
2.245804076016854889e-01
2.287086649635500235e-01
2.308254114039234861e-01
2.349041845873251488e-01
2.365322222214279180e-01
2.411740668546157873e-01
2.429197325571353372e-01
2.435179771191431086e-01
2.484775801338248435e-01
2.502456621784513446e-01
2.538692913812110041e-01
2.557706891758274592e-01
2.587950255663396537e-01
2.613466602020496632e-01
2.636009686450274114e-01
2.680025246858533938e-01
2.719315000091820367e-01
2.719055546699539749e-01
2.756966688189189107e-01
2.803023577568610203e-01
2.826836581450243857e-01
2.840952481171852839e-01
2.871728127465200120e-01
2.894390823612839059e-01
2.918458482179933644e-01
2.938451136708165046e-01
2.985689997570178389e-01
3.021844915749971050e-01
3.043597583638919524e-01
3.056379397814534271e-01
3.088674523351844226e-01
3.126521122522369911e-01
3.137453714573990027e-01
3.167758062581222389e-01
3.203834186937484785e-01
3.220371587150893111e-01
3.233005935759520888e-01
3.277976617039081719e-01
3.312715314496611496e-01
3.332189228981803364e-01
3.358298212995856624e-01
3.376611106012267216e-01
3.410715147837207750e-01
3.431348244784594992e-01
3.461879432292919723e-01
3.494094125169391329e-01
3.515104214825846562e-01
3.543210672646330828e-01
3.562532282042399356e-01
3.592579217009688741e-01
3.624868909766566505e-01
3.645442523191728679e-01
3.661139668557844007e-01
3.690225493935678225e-01
3.710669054684925805e-01
3.736834442630155850e-01
3.768433524723368566e-01
3.793884349401571709e-01
3.805238448290099162e-01
3.832497102001704015e-01
3.880940516022869935e-01
3.894413326923642504e-01
3.925157460292119649e-01
3.942558310977989922e-01
3.963536904533443428e-01
3.989500682505443541e-01
4.010244673438189689e-01
4.042083396645458904e-01
4.070798069020852283e-01
4.087956305947506586e-01
4.107166826804977133e-01
4.129352999159501825e-01
4.162395022420941615e-01
4.196306022185640194e-01
4.212755369519758930e-01
4.236468768915436223e-01
4.259656061933888016e-01
4.279771689339359475e-01
4.304330941974524594e-01
4.323318464171431175e-01
4.346865739649274918e-01
4.369725366120008059e-01
4.385482122819821527e-01
4.409390371800779862e-01
4.442118825829421414e-01
4.462610553440390926e-01
4.480353253723721729e-01
4.506219329155474740e-01
4.530376975264666095e-01
4.553402702140482705e-01
4.577522936035566259e-01
4.591124073872944744e-01
4.620636548399712495e-01
4.634335254453545994e-01
4.659337688729103810e-01
4.688833354063653425e-01
4.700748972268070092e-01
4.729705397547798729e-01
4.748536082014034876e-01
4.774324135825234183e-01
4.794145637543471561e-01
4.818694664746469014e-01
4.838180645141693659e-01
4.851026204517857043e-01
4.876797177814214956e-01
4.902316493485266435e-01
4.918332816606474367e-01
4.938477275182486248e-01
4.966635285484928830e-01
4.984336611750254109e-01
5.004962828597439017e-01
5.024832786922197592e-01
5.050075148204445918e-01
5.060617789388295318e-01
5.078758853470993762e-01
5.109750881508332565e-01
5.125800627261506426e-01
5.147425359328795524e-01
5.168617004752875665e-01
5.187994782888162293e-01
5.207112392119304101e-01
5.230164001438825094e-01
5.253175476650752129e-01
5.271439632872833014e-01
5.290013772507069501e-01
5.308167848815279477e-01
5.336830944979620295e-01
5.351140707571891975e-01
5.373550462362248759e-01
5.392020697689878794e-01
5.411147453477941349e-01
5.429609407305845403e-01
5.447638504956336947e-01
5.465803644161816299e-01
5.482095841144292159e-01
5.508337217651499973e-01
5.529675262901205812e-01
5.539294174291553574e-01
5.556689792551725571e-01
5.579047433367855247e-01
5.602508557010945633e-01
5.622983889386578005e-01
5.637203603871886459e-01
5.655320929122571449e-01
5.672945919291716432e-01
5.692172529043624252e-01
5.712660620705355408e-01
5.731070550381877071e-01
5.750495807070997722e-01
5.768563702697093731e-01
5.785634055832937772e-01
5.805052354349378163e-01
5.820291736176163022e-01
5.836994155342154489e-01
5.854946746804148283e-01
5.873077360702012584e-01
5.893182223177433343e-01
5.913210372564310369e-01
5.930387121947838791e-01
5.947258761548166461e-01
5.963646168452199081e-01
5.981638183707650436e-01
5.996410975000133758e-01
6.013351769089143595e-01
6.034040263351901912e-01
6.051465896099644803e-01
6.067747432700671961e-01
6.086374080556776756e-01
6.105924135774671857e-01
6.121967284653099250e-01
6.136298729745645053e-01
6.153655168210623305e-01
6.171915210558992504e-01
6.192414253726552520e-01
6.207568062528134867e-01
6.222470139415238188e-01
6.234565670847099783e-01
6.248654218052849263e-01
6.270397228003844470e-01
6.292675318378867511e-01
6.308628800265176917e-01
6.318443853604637228e-01
6.333273387873901150e-01
6.357048551502426648e-01
6.377673265992952478e-01
6.382484057487092244e-01
6.394605938514689170e-01
6.416949976002667144e-01
6.435918952349743982e-01
6.449333353413978509e-01
6.465292036075265258e-01
6.480531603700382393e-01
6.495860038364441591e-01
6.510368994084434480e-01
6.529440271658560890e-01
6.550881271493009805e-01
6.557992460012449509e-01
6.569926531971519434e-01
6.589308466118564134e-01
6.607969256602783670e-01
6.621316931422925878e-01
6.635894751838330441e-01
6.654187927149514126e-01
6.670079371234903798e-01
6.683810975063838589e-01
6.699989516373586751e-01
6.715450755334770871e-01
6.728672120253403888e-01
6.740839389076075383e-01
6.752385927296467028e-01
6.768775559569639722e-01
6.783911024655471245e-01
6.797632449461551429e-01
6.814144293155571797e-01
6.829835928094663000e-01
6.843532482221531543e-01
6.857184657383263993e-01
6.874034437587412949e-01
6.893826245865444236e-01
6.908851289720923106e-01
6.920554746647227251e-01
6.931469844971031025e-01
6.945804783853979369e-01
6.961799987798023004e-01
6.977924488981340767e-01
6.991501936804578321e-01
7.004017003243599993e-01
7.018500912317198193e-01
7.034485878038239104e-01
7.048265224326998313e-01
7.059778739647736279e-01
7.071830264916360020e-01
7.087706155809305741e-01
7.101687464000207006e-01
7.113777105721000860e-01
7.126014020108993874e-01
7.142184129074818921e-01
7.154946515838812582e-01
7.167439639941426410e-01
7.180071039241903152e-01
7.192938457780437833e-01
7.205685313030123496e-01
7.220848961013331957e-01
7.234288360826831576e-01
7.248230876737400408e-01
7.261293932107086846e-01
7.273380276449794568e-01
7.287188728589862885e-01
7.298504686446662948e-01
7.313377104048842670e-01
7.325748786542273239e-01
7.339955807325961867e-01
7.351274924367299235e-01
7.364830909525071911e-01
7.378884724963272745e-01
7.391731934154996964e-01
7.403851103204918127e-01
7.414331449202758995e-01
7.427086030831419050e-01
7.439047572147315934e-01
7.450606625483573442e-01
7.463091366958559680e-01
7.476941030931515408e-01
7.490463824760971168e-01
7.502681709233532947e-01
7.515590650058890931e-01
7.529031999545942044e-01
7.542736086240352522e-01
7.551312398548413185e-01
7.560691265676582340e-01
7.573247747326681267e-01
7.586300902094443854e-01
7.598860408265154520e-01
7.611791602844010241e-01
7.623179775046122764e-01
7.636532344799275007e-01
7.648356190871201665e-01
7.658539309819811791e-01
7.671360295787855721e-01
7.681705861806310542e-01
7.693377708609400178e-01
7.705102513003151410e-01
7.717681489789889326e-01
7.730252717812510221e-01
7.741505885983982482e-01
7.752902422861243092e-01
7.763175883462068994e-01
7.774669420263700115e-01
7.786882366529229715e-01
7.799265828928124700e-01
7.811248731056549266e-01
7.821347020585753818e-01
7.831188304674779888e-01
7.841579086112059338e-01
7.854400190422113903e-01
7.867417776094445259e-01
7.877568922598028323e-01
7.885485742719048341e-01
7.899361902513684086e-01
7.908879656629778099e-01
7.919418106290990744e-01
7.928311005617761920e-01
7.942469173479365097e-01
7.953158103536982493e-01
7.962983237069286568e-01
7.973772812409425370e-01
7.984660263349322440e-01
7.995171963231826329e-01
8.003396597183868311e-01
8.015176303222798504e-01
8.027573128775474798e-01
8.039961975667493377e-01
8.050812790069760139e-01
8.059750527231975825e-01
8.070261225494977930e-01
8.080066784216762832e-01
8.090571247046047798e-01
8.099114638830720025e-01
8.111783976185499290e-01
8.122447144936707497e-01
8.131274539013172431e-01
8.138756216006972632e-01
8.151603433490994810e-01
8.164774873138137545e-01
8.175517113942220027e-01
8.184373239402774614e-01
8.194529825090857145e-01
8.202618629825119134e-01
8.212583610191597216e-01
8.223556989121668659e-01
8.233666196552935634e-01
8.244817035996384602e-01
8.254359886237189192e-01
8.263045343345727378e-01
8.274418704719748163e-01
8.285047865599836081e-01
8.294643375895147663e-01
8.302252483942275108e-01
8.312165408115989029e-01
8.322961117805783848e-01
8.333240834888097082e-01
8.342430257323001364e-01
8.349940409343792336e-01
8.358788227508354707e-01
8.369053877346146475e-01
8.378279948165318070e-01
8.389496592713624468e-01
8.397852646075465444e-01
8.406874624631855974e-01
8.416251174913763622e-01
8.424665050618603823e-01
8.434995309349715420e-01
8.445191149171352718e-01
8.455663714869460224e-01
8.464602150066673492e-01
8.473535969891925479e-01
8.482759629710089344e-01
8.491244440752868661e-01
8.499318960578923221e-01
8.509261303763746564e-01
8.518426315536211657e-01
8.526650029206608306e-01
8.536950184597573710e-01
8.546375573755399246e-01
8.555400058671241981e-01
8.562680166372654833e-01
8.572280412413048056e-01
8.580361638115248102e-01
8.589370290651500151e-01
8.597637474399145718e-01
8.607518704384634622e-01
8.616703721813639971e-01
8.624092629669122267e-01
8.632977670046544372e-01
8.643426720534017615e-01
8.652444536388177454e-01
8.659745966783831683e-01
8.665386205704022071e-01
8.674226121331112260e-01
8.687125851290858902e-01
8.695722843593959306e-01
8.704758503188008145e-01
8.711870362832050407e-01
8.719195854687589176e-01
8.727883167915142515e-01
8.736366339867138731e-01
8.745763734777788345e-01
8.752963951254084662e-01
8.761441686951219054e-01
8.769706406102564245e-01
8.777400118432158171e-01
8.784759585552890382e-01
8.795775839111100725e-01
8.804674736451074679e-01
8.812472035346522459e-01
8.820609916398599593e-01
8.827175870800154645e-01
8.834774702797066892e-01
8.843003565173107594e-01
8.851317108414558099e-01
8.861806784340282572e-01
8.868347398764105938e-01
8.875981527271252780e-01
8.882375777357247593e-01
8.890606460266213817e-01
8.899575599570732631e-01
8.908848903876397385e-01
8.918032394975092814e-01
8.925676639826093384e-01
8.932409928071085581e-01
8.941008095125748678e-01
8.947962921748101595e-01
8.955666976606720953e-01
8.962755812523344190e-01
