9.628103362138715551e-03
7.767782154402796090e-03
7.327012531634311161e-03
7.803313273140961327e-03
8.102235484595614670e-03
7.985983581561214434e-03
7.492760602762950882e-03
7.387833809027806453e-03
7.319792253617527465e-03
7.711598688131229146e-03
8.253725952803424651e-03
7.393726656974039177e-03
8.020254587694513812e-03
9.530898068488573641e-03
9.305831127229555536e-03
1.100218415740668483e-02
1.257157622590350868e-02
1.076411949425847177e-02
1.089917345016628777e-02
1.270553203737770191e-02
1.396391511124531019e-02
1.566424468053292940e-02
1.819286651080082029e-02
2.139386746619015636e-02
1.864175316836649485e-02
2.073153297871960926e-02
2.537225974203128828e-02
2.463926317235515251e-02
2.924114147266308403e-02
3.022737151405557876e-02
3.170348035060902014e-02
3.116574692117897449e-02
3.454662708402644888e-02
3.497450645821096465e-02
4.151271182594565984e-02
4.425323763085200340e-02
4.544132287986397262e-02
4.999167740303532559e-02
5.197376134407136195e-02
5.069785186943298605e-02
5.603585939367407287e-02
5.729547793938610106e-02
5.919604190084899048e-02
6.150967623330878820e-02
6.258772371483471708e-02
6.608026121704235756e-02
6.803844340205575381e-02
7.144919156100527913e-02
7.533661746925753022e-02
7.896068842976174118e-02
7.948645976818045911e-02
8.284752561503612445e-02
8.727512049930061244e-02
8.686137433413751441e-02
8.897486867501785968e-02
9.464430433209176929e-02
9.854611899224162419e-02
1.028342146842473881e-01
1.046375779188268712e-01
1.044210878389682240e-01
1.079005470617435125e-01
1.097853657993631271e-01
1.138727532928037744e-01
1.164983857908828968e-01
1.185715341139014778e-01
1.235166514204113775e-01
1.256614589749150412e-01
1.260271533565683888e-01
1.297027954241309622e-01
1.326739769997972163e-01
1.351940556415601458e-01
1.408670222357979729e-01
1.426403580582448483e-01
1.429767386179994215e-01
1.492320746445101598e-01
1.507552925374697206e-01
1.542768186634345395e-01
1.568022942048468149e-01
1.570502922814308866e-01
1.618460188454730886e-01
1.661422751032005096e-01
1.684438862018901306e-01
1.722492130445260894e-01
1.773633060395645167e-01
1.773350875355542422e-01
1.789983599296509909e-01
1.828846323698919973e-01
1.859909858039110742e-01
1.903174559624952467e-01
1.908925975462903157e-01
1.933423626269118178e-01
1.981968149693925652e-01
2.011389540690481925e-01
2.026873261532803894e-01
2.055496348509843751e-01
2.100667125010614311e-01
2.116321907938197577e-01
2.163678601416062774e-01
2.168536255370717147e-01
2.209696978797008604e-01
2.229467765345925778e-01
2.271947644342779682e-01
2.287124444510371946e-01
2.331839326934175005e-01
2.347474300225105837e-01
2.354375974382320602e-01
2.404282356079897875e-01
2.419373396315178393e-01
2.456232301862293632e-01
2.473977621959623230e-01
2.503275634417118645e-01
2.528597903135971214e-01
2.550027296529773224e-01
2.596221652177277961e-01
2.633037450893757070e-01
2.630280010124513290e-01
2.670220477205719201e-01
2.715356500216810631e-01
2.737785288433964848e-01
2.751537839995980006e-01
2.781950248204829723e-01
2.804216545272279482e-01
2.828224726500104258e-01
2.848503814208815932e-01
2.895981033354746437e-01
2.930684679134081816e-01
2.952619601400225391e-01
2.964637748227330616e-01
2.995195963522850890e-01
3.033158665442742263e-01
3.044031176300781016e-01
3.073943232247938750e-01
3.109481381223919150e-01
3.124713789952980325e-01
3.136920793369903926e-01
3.183874956785957000e-01
3.215926252922218787e-01
3.235927984635725285e-01
3.263320494267344940e-01
3.279178200761213580e-01
3.313034378828490500e-01
3.334590477659845065e-01
3.364247494123494553e-01
3.396751644802369352e-01
3.416209757095093891e-01
3.442720853602143638e-01
3.463484535034180301e-01
3.494479076014027630e-01
3.526921276966954455e-01
3.544998297049549163e-01
3.561204108593659656e-01
3.591412761515793139e-01
3.609500502142310996e-01
3.635118915358175329e-01
3.668391940693617181e-01
3.692637186383710413e-01
3.704088581620449960e-01
3.730504661412538114e-01
3.777115253009875051e-01
3.791619657466618332e-01
3.821514857135303034e-01
3.839799946325156421e-01
3.861073853579213289e-01
3.886792214283309455e-01
3.907885319134086211e-01
3.938629977930262482e-01
3.966027945888195294e-01
3.983474617257325989e-01
4.002940972667597963e-01
4.023089572835154559e-01
4.057130709373913402e-01
4.092232865845901180e-01
4.105842149125166207e-01
4.129768010069345130e-01
4.153338174604041533e-01
4.171980534150610542e-01
4.197066021460966190e-01
4.217936300952916939e-01
4.241285191838284341e-01
4.262380684433830780e-01
4.280237747826178829e-01
4.303155249556593898e-01
4.333904690946172034e-01
4.355491355346032267e-01
4.372230207497453391e-01
4.398949187398941696e-01
4.422586607684329540e-01
4.446207278939451335e-01
4.469312483483947607e-01
4.483944861859320286e-01
4.512629632498288412e-01
4.524441323031251350e-01
4.549937175397245070e-01
4.581652595118379523e-01
4.592159865262939733e-01
4.621489316980526563e-01
4.640178207851622383e-01
4.667772672095452657e-01
4.684555862546687099e-01
4.710589819589323102e-01
4.729687613096807963e-01
4.742151671753208064e-01
4.768357529700353314e-01
4.793485867053692839e-01
4.809632703426608424e-01
4.829299899119740558e-01
4.856588390871802163e-01
4.873995705923324095e-01
4.898207068407586795e-01
4.916383809190477683e-01
4.940546053217796385e-01
4.952796446886885140e-01
4.969887349287788192e-01
5.000536234231450772e-01
5.017441496569711168e-01
5.039056702573808666e-01
5.061006077870398023e-01
5.079776133984086339e-01
5.098793589868209075e-01
5.122634504543442935e-01
5.145905608450039859e-01
5.164327594927849985e-01
5.183566042792505657e-01
5.200072070283895398e-01
5.227759956510285022e-01
5.244624210104964490e-01
5.265885878339625625e-01
5.284937837582837084e-01
5.302841069065563628e-01
5.320280112941627726e-01
5.341335210816232637e-01
5.358673533410046597e-01
5.374778011534537825e-01
5.401055925482982634e-01
5.421763750234881440e-01
5.433474488073769537e-01
5.449133621260127125e-01
5.471220244590284665e-01
5.495103761309875212e-01
5.516253648868135739e-01
5.532106558025752241e-01
5.548658609355926474e-01
5.566686121821682320e-01
5.586079673860367967e-01
5.607433406456235891e-01
5.626593102809369640e-01
5.645682000861083072e-01
5.662691921060122313e-01
5.679337456035097320e-01
5.699770685284571980e-01
5.714949776832107808e-01
5.731260521731966762e-01
5.749346045354797319e-01
5.768960596656234063e-01
5.789134391229414645e-01
5.808650567339325166e-01
5.824798993934984237e-01
5.841587275098196752e-01
5.860010593212190422e-01
5.878349372214528579e-01
5.892923589584420085e-01
5.908997807338181030e-01
5.928729254195408416e-01
5.948211941898723376e-01
5.966548563982183584e-01
5.985393055347978386e-01
6.004243244373048682e-01
6.020717459156911255e-01
6.035069317773981146e-01
6.052456250060767040e-01
6.070337050587687466e-01
6.091241694333731083e-01
6.105661001921554032e-01
6.121641660892389591e-01
6.135055958527176889e-01
6.146296400886344102e-01
6.168869166211944366e-01
6.192324620177607208e-01
6.208608328484291894e-01
6.219120015496188980e-01
6.234614714226686116e-01
6.257736997040720395e-01
6.277818646872647124e-01
6.283449605983504327e-01
6.296251103648449199e-01
6.318977864987156412e-01
6.338202718084602338e-01
6.351222531368097002e-01
6.366723777768646952e-01
6.382058361920065481e-01
6.398795662321690170e-01
6.413682333756083320e-01
6.432721247805337494e-01
6.454643263247997753e-01
6.461679802722810617e-01
6.473714311225277074e-01
6.493917705131661000e-01
6.512110536222847079e-01
6.527080869824342102e-01
6.542005950801456082e-01
6.558472929353786895e-01
6.575163939724805173e-01
6.590160146135760622e-01
6.605711263809179723e-01
6.620864975620399662e-01
6.635151373369806427e-01
6.648477829070587042e-01
6.660549775576203313e-01
6.676171554854128942e-01
6.691804935639504848e-01
6.705729385764896966e-01
6.721840983939102454e-01
6.738907030017229349e-01
6.752178988104665658e-01
6.765537065715689913e-01
6.783931362496974371e-01
6.804513050946581210e-01
6.820224267642718274e-01
6.831956404467278698e-01
6.842089084106396379e-01
6.854727339673368780e-01
6.871235639048713928e-01
6.888593714729114303e-01
6.903644770260122243e-01
6.916077364629935609e-01
6.930955309627325756e-01
6.947111028729230364e-01
6.961165632123897939e-01
6.972544756503544772e-01
6.984666596105634229e-01
7.000557197014424249e-01
7.015182186732199510e-01
7.027832325298043470e-01
7.040312735821887546e-01
7.055898997004965700e-01
7.069835477344008634e-01
7.082828078731292498e-01
7.095719372777115064e-01
7.108517238486511403e-01
7.122035675265457888e-01
7.137197980383445106e-01
7.151217882688998273e-01
7.165345411036222467e-01
7.179088228698264906e-01
7.191214941700441177e-01
7.204864670498283274e-01
7.216478608491738722e-01
7.230928871248465395e-01
7.244080146589080282e-01
7.258991565280599190e-01
7.271347807285879483e-01
7.285278230732533666e-01
7.299953185725229776e-01
7.312440914454073626e-01
7.324637704497123369e-01
7.335391862805351604e-01
7.348667156572120662e-01
7.360099684262371156e-01
7.372304392854364119e-01
7.386018644485781159e-01
7.400604946131421613e-01
7.413547279241879950e-01
7.425231987536142775e-01
7.438041557201329201e-01
7.452625483359835989e-01
7.467245190034900171e-01
7.475639922826179395e-01
7.485261519711229328e-01
7.498062748297583680e-01
7.511322571958654049e-01
7.523696034624918205e-01
7.536199102283195339e-01
7.548643934674762468e-01
7.562831577213509071e-01
7.576200917343637320e-01
7.586516629422760394e-01
7.599143583339853514e-01
7.609721837398770727e-01
7.621648271210074155e-01
7.633976322958716532e-01
7.646990275323261033e-01
7.659655397047415715e-01
7.670841590102839280e-01
7.682849031305883925e-01
7.693035462704790328e-01
7.706294968149159930e-01
7.718153689415097052e-01
7.730557972590140769e-01
7.742347375102958118e-01
7.752651349006030035e-01
7.762560900415048648e-01
7.773260935805000882e-01
7.786686536453925056e-01
7.801006837012227635e-01
7.811550203642307899e-01
7.820732009340799484e-01
7.833893421792440526e-01
7.843157894250962769e-01
7.853735984355559863e-01
7.863200688301403840e-01
7.878241452791839849e-01
7.889296930939192487e-01
7.898848626050308797e-01
7.910070545231396855e-01
7.921389585403515454e-01
7.931944207401769864e-01
7.940280334167233445e-01
7.952359547012275431e-01
7.965570850105359035e-01
7.978695632143510963e-01
7.989892377356859754e-01
7.999042047574348446e-01
8.010736807683558336e-01
8.020683411126753315e-01
8.031198382412721992e-01
8.039392168439066788e-01
8.053228446503896132e-01
8.063946959492671596e-01
8.073251033007301514e-01
8.080485163507314939e-01
8.093895910341778466e-01
8.107377975670891912e-01
8.118995751976442188e-01
8.128558719772552843e-01
8.137783800896221109e-01
8.146887128820304858e-01
8.157115077706486028e-01
8.168271367749392331e-01
8.179579066712679980e-01
8.190520989179441713e-01
8.199958401256470797e-01
8.208878474194161168e-01
8.220046119708445120e-01
8.231296961717806671e-01
8.241762471673816925e-01
8.249105785669313962e-01
8.259811194397866929e-01
8.271432109924482523e-01
8.282177962748351607e-01
8.291204608581903557e-01
8.298910902576767112e-01
8.308075364449784006e-01
8.318918828831052270e-01
8.329232171681996144e-01
8.339339362283537671e-01
8.348375789892367171e-01
8.356702516679080928e-01
8.366992694111599072e-01
8.377413239927549160e-01
8.387075973619092517e-01
8.397437945623422717e-01
8.408082599733398554e-01
8.418064357155715660e-01
8.426139934952832089e-01
8.436339803732278986e-01
8.444976259732407398e-01
8.454741484914902738e-01
8.464050332646705366e-01
8.473257337239560316e-01
8.482601367029158901e-01
8.492115769480585996e-01
8.502209086175185337e-01
8.511258358848542427e-01
8.519274951305811916e-01
8.529052960570721043e-01
8.538467392746393880e-01
8.547265608017287075e-01
8.556051861995283003e-01
8.565877656455828104e-01
8.575798909786618296e-01
8.583746826234555094e-01
8.592685064644658421e-01
8.603905038953286732e-01
8.612293700896781479e-01
8.620514289777670980e-01
8.625886217322588090e-01
8.636101413553419759e-01
8.648327154737946998e-01
8.657424245994910228e-01
8.666617715362624486e-01
8.674200462726424643e-01
8.682099004706438361e-01
8.690770018973351663e-01
8.700013050208407206e-01
8.708760458773511237e-01
8.716242031416840952e-01
8.725824704313249747e-01
8.733690528249018481e-01
8.742984958422872488e-01
8.750411526714649835e-01
8.761638606806836371e-01
8.771093438026252853e-01
8.779192973740934658e-01
8.787232827434123816e-01
8.794313381028996401e-01
8.801806829713154645e-01
8.810392965692825928e-01
8.819566902465957314e-01
8.829296392867521659e-01
8.837245871456599344e-01
8.845171961003209793e-01
8.851666185192541558e-01
8.860335001909359631e-01
8.869830406315378779e-01
8.879813887766241365e-01
8.889657810652276115e-01
8.896400095675414121e-01
8.903566684153016997e-01
8.911862444882627798e-01
8.920261261350536097e-01
8.928348769812065600e-01
8.935249778142385635e-01
