4.015620303956809948e+03 7.556947021195964094e-05 1.081347807236595182e+00 7.965705642053704238e+00 2.418528654280743595e+01 5.259068131979357297e+00 6.669397307589963297e+00 1.748036228297239258e+00
2.647474359329021976e+00 2.611174086240463943e-13 5.453543543905082780e-01 2.297507762436218570e+00 2.505138410366905433e+00 1.076251907555176413e+00 1.732198328760828243e+00 6.364641479415137360e-01
1.094100649096536948e+01 3.266062978303665667e-06 1.059465651779535111e+00 4.430179740311896985e+00 3.330029722912643564e+01 2.938591993755255150e+00 3.348537276546148078e+00 1.401396354835178881e+00
1.486403756822210140e-02 9.787248760113020377e-07 4.593500428888478981e-01 2.100047249159474383e+00 3.596808168078377221e+00 1.167896681334910536e+00 1.388621717996042504e+00 1.093183674394700766e+00
7.243808442108093859e-04 6.176512196578862583e-07 3.804332771199825380e-01 1.071025801373429509e+00 9.273477605125165724e+00 6.887463827982597264e-01 7.198733597339852519e-01 6.421127705059311852e-01
6.390241909502498605e-05 2.411124333600488405e-16 4.502164705049233606e-01 1.030382064283248189e+00 3.207642549746054783e+00 5.948601523716858797e-01 7.655179970779446563e-01 7.944400807682766574e-01
2.792940033742921917e-05 2.698967097095173796e-18 3.389983444881973229e-01 8.391108887122533666e-01 1.982760741688171846e+00 3.678103118223851609e-01 4.346523635858820511e-01 4.329599994693321130e-01
2.032302132213785728e-05 7.209443214823038060e-14 2.049322569171852515e-01 5.580196834095467739e-01 2.028134877132095948e+00 2.763019295032030920e-01 3.370592639873354335e-01 2.960787539115997680e-01
1.728380816898369366e-05 1.094963064054374701e-07 2.126840624547821912e-01 5.892663450103832190e-01 1.522321009249319124e+00 3.266394434527447599e-01 3.733483348823545822e-01 3.279555083001457483e-01
1.301400178987030588e-05 1.238260410428846458e-07 1.792262911381108936e-01 5.154462096463278131e-01 1.136007910232723184e+00 2.517102223708072017e-01 3.047441124042801763e-01 3.415597706987091309e-01
