-9.976689480044169736e-03
-9.082652989088271442e-03
-7.823797994645364726e-03
-1.091503143300949670e-02
-1.280074493276174043e-02
-1.077369377218537379e-02
-1.442457263694049523e-02
-1.312199402435647658e-02
-2.341941418282958778e-02
-2.318106869220458791e-02
-3.229016136226649236e-02
-2.641096303118125807e-02
-2.949811347534672321e-02
-2.101701802552154510e-02
-2.102372466364893673e-03
7.237403683242816382e-03
1.872963226364512956e-02
2.106631616036524351e-02
2.662282710472830757e-02
2.083316168615288733e-02
5.849430238656897277e-03
2.313579515342803483e-02
3.198502272111779926e-02
4.443410485921332753e-02
5.546195278787498240e-02
8.989762675905589584e-02
9.970984774218936975e-02
1.173279620121399219e-01
1.251414135657133164e-01
1.044476276872925852e-01
1.131836306250710023e-01
1.328466607953477652e-01
1.341539858338009483e-01
1.595580871261546574e-01
1.775108631006401816e-01
1.958030035419562331e-01
2.180838805522830326e-01
2.286902718659462042e-01
2.629001474462070997e-01
2.479406863957509533e-01
2.659769215928395325e-01
2.765529374467597945e-01
2.783412340627697823e-01
2.914936667393923098e-01
3.104215088591388838e-01
3.304889923553377407e-01
3.617726121997026367e-01
3.577706962286196224e-01
3.855648424345893832e-01
3.918550077682069199e-01
3.989899830998210883e-01
4.213084798333815439e-01
4.335324608025704074e-01
4.464972624553865121e-01
4.572570677195008093e-01
4.720630048073833351e-01
4.832560304472721113e-01
5.051082536392067501e-01
5.205399648576239935e-01
5.362423693743404440e-01
5.434498276292077934e-01
5.584827225064592504e-01
5.730025741157380725e-01
5.881730589485896221e-01
5.969588428892999010e-01
6.117766313146835166e-01
6.336751808972524991e-01
6.500153557506540558e-01
6.573890875418600954e-01
6.683244010694371351e-01
6.821133926851228324e-01
6.971428687543207436e-01
7.098892093810386106e-01
7.264244639821085814e-01
7.364889557164916445e-01
7.475952911502847797e-01
7.660287334272146698e-01
7.792315857295485371e-01
7.861616718014158289e-01
8.044354378951367179e-01
8.103980554396771341e-01
8.325457055301859199e-01
8.431651916190868734e-01
8.556801216715820280e-01
8.673804732007267537e-01
8.736349303798515153e-01
8.900997823426736177e-01
9.059592201794263167e-01
9.173239874682169726e-01
9.313788543691597921e-01
9.446790715202167954e-01
9.598896990688114972e-01
9.693586712912083403e-01
9.721554539654356786e-01
9.935321387156513806e-01
1.003503583520655607e+00
1.016863140698451851e+00
1.024444745698505299e+00
1.032173692248456121e+00
1.051469963378763195e+00
1.059978777697316632e+00
1.071302736796262201e+00
1.082348136418778584e+00
1.094978998120947233e+00
1.102504938332551809e+00
1.117027081288330503e+00
1.128214047933313369e+00
1.142300290127772344e+00
1.147713565127607582e+00
1.160563385626047550e+00
1.168355853470558259e+00
1.183256481868617094e+00
1.188158047420855290e+00
1.200712915749082343e+00
1.211714553930475891e+00
1.224900355890047976e+00
1.234609821412915975e+00
1.244771204350069382e+00
1.256826469051075534e+00
1.265103739589259035e+00
1.274472771486423683e+00
1.286433894568576708e+00
1.291930477803336696e+00
1.303303792878623080e+00
1.315729334820608054e+00
1.324863084583135953e+00
1.332154477671242621e+00
1.342798594850460159e+00
1.352571471426694316e+00
1.358818876871875636e+00
1.371581784571011431e+00
1.379375719143431267e+00
1.391138616422517904e+00
1.398113429103226890e+00
1.409444280193077770e+00
1.414251841709064816e+00
1.425243463845398351e+00
1.433611636481090690e+00
1.445447724223902108e+00
1.453197265393538773e+00
1.460876295903060340e+00
1.468290103774521516e+00
1.480676107756621063e+00
1.488605464867496675e+00
1.495374066916441036e+00
1.503349896356762860e+00
1.512836730546697650e+00
1.518385134027995020e+00
1.528368411824616357e+00
1.536228177172686671e+00
1.541587956481419441e+00
1.553938240170350982e+00
1.558763424644485474e+00
1.570728639825508477e+00
1.576814413884568555e+00
1.582655913484456001e+00
1.591288223019472925e+00
1.598161140391546331e+00
1.604875485245035316e+00
1.614665624962400292e+00
1.622534135928880517e+00
1.626239160755066582e+00
1.634763053157064050e+00
1.643384143126687569e+00
1.649703728532667002e+00
1.658696584426010867e+00
1.663769894813023287e+00
1.671412379016710137e+00
1.679748397013047789e+00
1.685703972934997852e+00
1.693235740442871951e+00
1.701832316209108464e+00
1.705381471484563427e+00
1.713299823274708977e+00
1.719045938218396019e+00
1.727940852392817250e+00
1.736387921259322953e+00
1.740195301603573164e+00
1.746173220743180377e+00
1.752271147458985601e+00
1.757052215032846476e+00
1.765412006188361138e+00
1.772122710760108744e+00
1.776956906415144255e+00
1.783834466283279019e+00
1.790734090593747663e+00
1.796400545348615374e+00
1.801563714247290893e+00
1.808798970995602495e+00
1.815049359940519746e+00
1.822321340126332512e+00
1.824777798338100165e+00
1.831420617575501231e+00
1.839012405459836019e+00
1.842706971581471453e+00
1.850216595071884740e+00
1.855565110904176418e+00
1.860353189449822642e+00
1.867061934535093393e+00
1.870822507403034685e+00
1.877613476526384328e+00
1.882183884850146205e+00
1.888426163082177700e+00
1.894657877593243445e+00
1.897822433530470310e+00
1.903324295227935670e+00
1.909099055527209376e+00
1.913935516967994577e+00
1.920991949105663732e+00
1.924715243011146493e+00
1.930240024378091501e+00
1.935978247012883680e+00
1.939705998786744434e+00
1.944262054936955364e+00
1.949301531034579593e+00
1.956661123801656910e+00
1.958558193547347726e+00
1.963385930307194105e+00
1.970468753428894715e+00
1.973877938941036136e+00
1.979847413452580307e+00
1.983071198290362824e+00
1.988938533130597763e+00
1.994136453591200953e+00
1.996217041564652517e+00
2.001329229751018790e+00
2.006817989888766807e+00
2.011194738965594198e+00
2.015626684008445135e+00
2.020541679243739175e+00
2.023856933179202233e+00
2.028704810123709290e+00
2.033006949958895859e+00
2.037363771137802093e+00
2.042154565133926347e+00
2.045740857744305252e+00
2.050335179362902771e+00
2.054903069424277806e+00
2.058006441329429670e+00
2.062180882119020175e+00
2.065915814754101909e+00
2.068656856366443808e+00
2.073196570126434768e+00
2.076704832803765832e+00
2.080971795461342033e+00
2.085290737563509911e+00
2.088246526656245106e+00
2.092843191039417849e+00
2.096072593092777936e+00
2.101815419986203359e+00
2.103793031518659262e+00
2.108123598459952674e+00
2.112179107013783419e+00
2.114406136358383925e+00
2.118497338739754987e+00
2.122342164160578637e+00
2.126847968968391456e+00
2.130085112808368653e+00
2.132274254749410236e+00
2.135955629038674530e+00
2.140303016839101069e+00
2.143226142239511578e+00
2.146644046846294618e+00
2.149934185535759656e+00
2.153314351212127331e+00
2.156881943995262230e+00
2.160251573169316597e+00
2.163116522904479755e+00
2.166715951927545181e+00
2.169566708240917574e+00
2.173279102336467261e+00
2.175943115444961329e+00
2.178403386927878493e+00
2.181716727350599960e+00
2.184850827857982569e+00
2.188766985909053719e+00
2.191159209865102042e+00
2.194027899660298875e+00
2.196710460376337881e+00
2.199970532161834136e+00
2.202936484665552808e+00
2.206772150009417732e+00
2.209312403945274728e+00
2.211493587280863871e+00
2.214148692935701934e+00
2.217997705784469531e+00
2.220031013576513335e+00
2.223210766657392590e+00
2.225708156688360972e+00
2.228124563779648515e+00
2.231486620654056896e+00
2.233867483302388379e+00
2.235278574992976441e+00
2.239174441441844188e+00
2.241723455967187917e+00
2.244098256412390135e+00
2.247176913648616825e+00
2.249306775979419193e+00
2.251534547887314108e+00
2.254597081761888333e+00
2.257178432269198787e+00
2.259832033798023332e+00
2.262541698047690009e+00
2.264072890981080999e+00
2.266711924494357433e+00
2.269123742342880945e+00
2.270866535823929055e+00
2.272694672039721642e+00
2.276833019167134875e+00
2.279140182957002825e+00
2.280165299297981729e+00
2.282786387724773824e+00
2.285182511975196284e+00
2.287273367655317635e+00
2.289221349086162594e+00
2.291777138510251000e+00
2.294314351171623301e+00
2.296345770155352906e+00
2.298950725886265367e+00
2.300760594272066140e+00
2.302213673768456648e+00
2.304062086635007667e+00
2.307618633340672520e+00
2.308916604429127606e+00
2.311103388529055280e+00
2.313420893627664121e+00
2.315090139645655132e+00
2.316484456899936095e+00
2.319093293740913886e+00
2.321497518604166643e+00
2.322741470139895181e+00
2.325145504630768745e+00
2.326817319535567918e+00
2.329004346691073035e+00
2.330790184123104236e+00
2.332926516907193104e+00
2.334685836279986937e+00
2.335863048501226391e+00
2.338135153781193409e+00
2.339636942219562865e+00
2.341276759291605725e+00
2.343434260203781871e+00
2.346006099554820423e+00
2.347350375698713965e+00
2.348969620618291287e+00
2.350267850619244481e+00
2.352114749886865308e+00
2.353772957449642433e+00
2.355082944626366803e+00
2.356428476562219210e+00
2.358853144253796774e+00
2.360663354283758952e+00
2.361732175712266457e+00
2.363505676701119551e+00
2.364817436593920519e+00
2.366195313975372194e+00
2.368418521571868940e+00
2.369573422986175792e+00
2.371820402583523890e+00
2.373277246472297985e+00
2.374285127113570759e+00
2.375452740014887709e+00
2.377655571684587521e+00
2.379285947502347565e+00
2.380571946758543334e+00
2.381651071099711636e+00
2.383258639774108456e+00
2.384274117008297722e+00
2.386059930813082541e+00
2.387047203811006213e+00
2.388502842751115463e+00
2.390710228141138760e+00
2.391661802133028925e+00
2.392911799383990790e+00
2.393553661320899195e+00
2.395981814560307122e+00
2.396498230947134100e+00
2.398050188645401093e+00
2.399515333751109036e+00
2.400954597701764559e+00
2.401698311453032364e+00
2.403245845194223573e+00
2.404094557016040579e+00
2.405069663539173508e+00
2.406936936020260376e+00
2.408233916263578411e+00
2.409753183031860591e+00
2.410388528824531473e+00
2.411657649598131670e+00
2.412845533999225189e+00
2.414135389447831237e+00
2.416075028143883419e+00
2.416415418914856339e+00
2.417006397291243225e+00
2.418960914711759891e+00
2.419767251044315781e+00
2.420557245087152420e+00
2.421932503151205562e+00
2.423275005277866878e+00
2.424321499538682811e+00
2.424879176371393275e+00
2.426145145964945016e+00
2.426881940691086648e+00
2.428437071361505772e+00
2.429333999587826476e+00
2.430234454588866999e+00
2.431072797123532414e+00
2.432057993396199436e+00
2.433340604140212360e+00
2.434538029324324171e+00
2.435140135699372710e+00
2.435966192264712227e+00
2.436805668829682414e+00
2.437825122456308780e+00
2.438843448818993842e+00
2.439760368819069658e+00
2.440620242404255347e+00
2.442030612906716414e+00
2.441977934655171101e+00
2.442955835823601873e+00
2.443413302966916945e+00
2.445247577026267383e+00
2.445402734626612062e+00
2.446669283030087794e+00
2.447909865272855701e+00
2.448054491132109156e+00
2.449152235588977433e+00
2.449889424642987645e+00
2.450692785739920776e+00
2.451102453461797559e+00
2.452325492645902827e+00
2.452847035159698041e+00
2.453625832654988237e+00
2.454415520945625317e+00
2.455696149080355273e+00
2.456057227389921938e+00
2.456502472605742948e+00
2.457458582651448786e+00
2.458796469154465480e+00
2.458856864874235715e+00
2.459631639806492132e+00
2.460509162422302332e+00
2.461319147096103332e+00
2.461806645473568977e+00
2.462358016460394872e+00
2.463061426317799452e+00
2.463952795143734331e+00
2.464644575807695581e+00
2.464933766104021373e+00
2.465863226623651094e+00
2.466521016946493283e+00
2.466950554645601201e+00
2.467519109957304835e+00
2.468205242371491082e+00
2.468555273660204552e+00
2.469623851734237707e+00
2.470023560697437670e+00
2.470288354165121270e+00
2.470878835689359398e+00
2.471277192688002611e+00
2.472446098437893980e+00
2.472777126350119481e+00
2.473233349134174919e+00
2.473586229617209753e+00
2.474219856322617872e+00
2.474884844328409272e+00
2.475527399827780695e+00
2.476119182227812132e+00
2.476526489157752309e+00
2.476669218311787102e+00
2.477445058261208199e+00
2.477700611254985752e+00
2.478470362336479216e+00
2.478867738057058290e+00
2.478985971178230052e+00
2.479725072626348226e+00
2.480058032298841031e+00
2.480305454624526451e+00
2.480796808695048039e+00
2.481493940208530091e+00
2.482256241179042089e+00
2.482189714186391782e+00
2.482746742835842735e+00
2.483456017914407177e+00
2.483872704823368860e+00
2.484442968460826240e+00
2.484392606257531444e+00
2.484723251526340437e+00
2.485393866677747088e+00
2.485793527674817760e+00
2.486404099143582958e+00
2.486016279248317584e+00
2.487029068207534888e+00
2.487297423648044070e+00
2.487852333470736976e+00
2.487913381784020217e+00
2.488490822932274860e+00
2.488913638396951900e+00
2.488866604768460000e+00
2.489131241124360461e+00
2.489306848599114108e+00
2.490017825576491095e+00
2.489988723228664824e+00
2.490490187504451391e+00
2.490945455114971008e+00
2.491077378985123936e+00
2.491535064466842364e+00
2.492134274276400330e+00
2.492021853194859027e+00
2.492024576264258773e+00
2.492456500865287250e+00
2.492778284224427932e+00
