-1.396495621288129652e-01
-6.780082044256295626e-02
9.725998501015073461e-02
4.107288632186153338e-02
-6.907468159015031639e-02
5.493508293642146434e-02
-2.895449913940834410e-02
5.726190813680160502e-02
-7.832713645383584944e-02
-1.119895503287468008e-01
1.803333967169855889e-01
-2.483416253183521119e-02
1.544414957166968250e-01
-1.701954071736162533e-01
1.896771291828475980e-01
-1.408394040790920398e-01
1.634582422528309265e-01
-3.481627173005073100e-02
-1.881877133078976028e-01
-3.796253039307015409e-02
-2.304109166147345379e-03
1.216667414729713376e-01
-4.388691597785451814e-02
-7.437221930217970123e-02
-1.074700026002492342e-01
-1.314784494388618330e-01
-3.372267050733156885e-02
2.299957039089075422e-02
3.953543352028118102e-02
-1.064126772840716106e-01
3.960277842300951451e-02
-1.075152290061865135e-01
4.551448228687309666e-02
7.516400902448437497e-03
-1.400513271303703289e-01
9.707673188001196551e-02
-1.561126004770061956e-02
8.318286909015568109e-02
-9.270971306412408020e-02
-8.641782900069563955e-02
1.161912166339392205e-01
7.375725140113435774e-02
-3.377116541447877651e-02
-3.489747733375777455e-02
-1.295392794156933480e-01
2.219686353061956288e-02
-2.017329324527057655e-01
-4.735593519498709769e-02
-2.171873885670689841e-01
2.379938639994248761e-02
3.833058501925300926e-02
7.820336047649725786e-02
1.638109666601161307e-01
1.704325533211439592e-01
3.380749648065271840e-02
-8.687205614023832401e-02
2.975120405870932891e-02
-2.046691107928800824e-01
-2.397344837014147856e-01
-2.049268113573673999e-01
1.871538683752978910e-02
-5.021809023207565031e-02
1.518893320730066443e-01
5.178226211048973793e-02
