1.989739745714346753e-01
-1.050510482772806647e-01
-1.447696386672068514e-01
-6.996629924041919413e-02
2.331054976188367267e-01
1.288280647399146217e-01
7.407830043627310068e-02
-1.807557439356551332e-01
7.995074162973590803e-02
-1.780238057678599772e-01
-1.372778091792129229e-01
2.007154710204264725e-01
1.387269485354891418e-01
8.376819817711043947e-02
1.065865227268121135e-01
2.174538326488829332e-01
5.047634029515411791e-02
-2.225545343275037169e-01
8.252090755583750548e-02
-2.098030967080008191e-01
-2.490541776417712350e-02
1.493334095505778336e-01
-9.931206578073924207e-02
2.735131888586247312e-02
3.559113634707188334e-01
1.147302732507620299e-01
5.590787889175821701e-02
6.162308738401667957e-02
8.848841299331487720e-02
-7.950184299423541934e-02
-1.339573470337413752e-01
-1.645810710367792695e-01
-9.403704683303848455e-02
2.159137929199145961e-02
-3.912739739021625640e-02
3.910112559487561312e-01
1.797869003293384726e-01
1.642087851321054337e-01
-2.560662555027331533e-01
3.257032066836528794e-01
-1.630029664516756058e-02
-9.969488589595591754e-02
-7.960843553106848602e-02
-2.700953894608926621e-04
-1.896258772590253272e-01
1.643001827893527111e-01
-1.340269528185132064e-01
-1.148330913601509073e-01
-8.154264051512366551e-01
6.074904251274809014e-02
1.336555059551764249e-02
-3.543152955742213256e-02
8.017079737196572409e-02
9.258035743897312375e-02
1.751588610372512567e-01
1.140806193971168198e-01
-2.157332335415253766e-01
-1.882281693792600130e-01
-3.197807862668963080e-02
3.817070021825935688e-01
-1.192863051453031120e-01
2.360907244200410038e-01
1.362493510703796651e-01
2.115136808532905588e-01
