-9.976689480044174940e-03
-9.082652989088261034e-03
-7.823797994645362991e-03
-1.091503143300948629e-02
-1.280074493276173869e-02
-1.077369377218537726e-02
-1.442457263694048482e-02
-1.312199402435648005e-02
-2.341941418282960513e-02
-2.318106869220458444e-02
-3.229016136226649930e-02
-2.641096303118126848e-02
-2.949811347534670933e-02
-2.101701802552154164e-02
-2.102372466364894107e-03
7.237403683242820719e-03
1.872963226364512263e-02
2.106631616036522964e-02
2.662282710472831451e-02
2.083316168615289427e-02
5.849430238656892940e-03
2.313579515342803483e-02
3.198502272111778538e-02
4.443410485921329978e-02
5.546195278787498933e-02
8.989762675905582645e-02
9.970984774218943913e-02
1.173279620121399636e-01
1.251414135657132332e-01
1.044476276872925019e-01
1.131836306250710578e-01
1.328466607953477652e-01
1.341539858338010038e-01
1.595580871261547129e-01
1.775108631006401538e-01
1.958030035419563164e-01
2.180838805522830604e-01
2.286902718659462874e-01
2.629001474462072663e-01
2.479406863957508145e-01
2.659769215928395325e-01
2.765529374467598500e-01
2.783412340627697823e-01
2.914936667393924763e-01
3.104215088591383842e-01
3.304889923553376851e-01
3.617726121997024702e-01
3.577706962286197334e-01
3.855648424345895497e-01
3.918550077682067534e-01
3.989899830998211994e-01
4.213084798333814884e-01
4.335324608025702409e-01
4.464972624553865121e-01
4.572570677195005318e-01
4.720630048073832241e-01
4.832560304472724999e-01
5.051082536392064171e-01
5.205399648576241045e-01
5.362423693743403330e-01
5.434498276292074603e-01
5.584827225064592504e-01
5.730025741157377395e-01
5.881730589485907323e-01
5.969588428892996790e-01
6.117766313146828505e-01
6.336751808972521660e-01
6.500153557506540558e-01
6.573890875418607616e-01
6.683244010694375792e-01
6.821133926851228324e-01
6.971428687543208547e-01
7.098892093810382775e-01
7.264244639821083593e-01
7.364889557164918665e-01
7.475952911502845577e-01
7.660287334272137816e-01
7.792315857295479820e-01
7.861616718014160510e-01
8.044354378951374951e-01
8.103980554396772451e-01
8.325457055301848097e-01
8.431651916190872065e-01
8.556801216715818059e-01
8.673804732007264207e-01
8.736349303798516264e-01
8.900997823426736177e-01
9.059592201794260946e-01
9.173239874682174166e-01
9.313788543691602362e-01
9.446790715202171285e-01
9.598896990688114972e-01
9.693586712912094505e-01
9.721554539654350124e-01
9.935321387156519357e-01
1.003503583520654940e+00
1.016863140698452295e+00
1.024444745698505299e+00
1.032173692248457453e+00
1.051469963378763639e+00
1.059978777697317076e+00
1.071302736796262423e+00
1.082348136418778806e+00
1.094978998120947455e+00
1.102504938332552031e+00
1.117027081288329615e+00
1.128214047933314479e+00
1.142300290127772122e+00
1.147713565127608470e+00
1.160563385626047106e+00
1.168355853470557815e+00
1.183256481868616872e+00
1.188158047420855068e+00
1.200712915749081233e+00
1.211714553930475224e+00
1.224900355890048642e+00
1.234609821412916641e+00
1.244771204350070049e+00
1.256826469051075090e+00
1.265103739589259035e+00
1.274472771486423017e+00
1.286433894568576708e+00
1.291930477803336696e+00
1.303303792878623746e+00
1.315729334820608276e+00
1.324863084583135286e+00
1.332154477671242621e+00
1.342798594850461047e+00
1.352571471426692762e+00
1.358818876871874526e+00
1.371581784571012541e+00
1.379375719143432377e+00
1.391138616422517460e+00
1.398113429103226890e+00
1.409444280193076882e+00
1.414251841709064150e+00
1.425243463845398129e+00
1.433611636481092244e+00
1.445447724223902108e+00
1.453197265393538551e+00
1.460876295903059452e+00
1.468290103774521960e+00
1.480676107756620397e+00
1.488605464867497119e+00
1.495374066916441702e+00
1.503349896356763082e+00
1.512836730546697206e+00
1.518385134027992800e+00
1.528368411824616135e+00
1.536228177172685783e+00
1.541587956481420107e+00
1.553938240170349872e+00
1.558763424644486584e+00
1.570728639825508477e+00
1.576814413884568333e+00
1.582655913484456889e+00
1.591288223019472481e+00
1.598161140391546331e+00
1.604875485245034428e+00
1.614665624962399626e+00
1.622534135928881627e+00
1.626239160755065694e+00
1.634763053157063384e+00
1.643384143126689567e+00
1.649703728532664559e+00
1.658696584426008425e+00
1.663769894813023065e+00
1.671412379016709249e+00
1.679748397013049566e+00
1.685703972934999184e+00
1.693235740442872839e+00
1.701832316209107576e+00
1.705381471484564093e+00
1.713299823274707423e+00
1.719045938218394909e+00
1.727940852392817472e+00
1.736387921259324507e+00
1.740195301603573830e+00
1.746173220743179932e+00
1.752271147458984935e+00
1.757052215032847364e+00
1.765412006188360916e+00
1.772122710760107411e+00
1.776956906415146253e+00
1.783834466283279019e+00
1.790734090593744998e+00
1.796400545348614264e+00
1.801563714247290671e+00
1.808798970995603161e+00
1.815049359940519302e+00
1.822321340126331179e+00
1.824777798338100832e+00
1.831420617575501453e+00
1.839012405459834465e+00
1.842706971581471009e+00
1.850216595071884740e+00
1.855565110904178194e+00
1.860353189449821976e+00
1.867061934535094059e+00
1.870822507403034907e+00
1.877613476526383884e+00
1.882183884850145761e+00
1.888426163082177256e+00
1.894657877593243223e+00
1.897822433530470754e+00
1.903324295227936114e+00
1.909099055527208044e+00
1.913935516967995909e+00
1.920991949105663288e+00
1.924715243011146937e+00
1.930240024378090169e+00
1.935978247012882347e+00
1.939705998786745100e+00
1.944262054936953810e+00
1.949301531034577151e+00
1.956661123801657798e+00
1.958558193547347503e+00
1.963385930307195215e+00
1.970468753428895381e+00
1.973877938941034804e+00
1.979847413452580751e+00
1.983071198290362602e+00
1.988938533130597985e+00
1.994136453591202729e+00
1.996217041564651185e+00
2.001329229751021455e+00
2.006817989888766363e+00
2.011194738965595086e+00
2.015626684008444247e+00
2.020541679243738731e+00
2.023856933179204010e+00
2.028704810123707514e+00
2.033006949958897192e+00
2.037363771137802093e+00
2.042154565133927235e+00
2.045740857744303920e+00
2.050335179362901883e+00
2.054903069424277806e+00
2.058006441329430114e+00
2.062180882119019731e+00
2.065915814754101465e+00
2.068656856366444252e+00
2.073196570126436988e+00
2.076704832803766276e+00
2.080971795461343365e+00
2.085290737563511687e+00
2.088246526656245106e+00
2.092843191039418738e+00
2.096072593092777936e+00
2.101815419986204247e+00
2.103793031518660150e+00
2.108123598459953563e+00
2.112179107013783419e+00
2.114406136358383925e+00
2.118497338739754099e+00
2.122342164160579081e+00
2.126847968968391900e+00
2.130085112808368653e+00
2.132274254749409792e+00
2.135955629038676307e+00
2.140303016839101069e+00
2.143226142239511578e+00
2.146644046846294618e+00
2.149934185535759212e+00
2.153314351212126443e+00
2.156881943995261786e+00
2.160251573169318373e+00
2.163116522904478867e+00
2.166715951927544292e+00
2.169566708240919350e+00
2.173279102336465929e+00
2.175943115444956888e+00
2.178403386927878049e+00
2.181716727350601293e+00
2.184850827857981681e+00
2.188766985909053275e+00
2.191159209865101598e+00
2.194027899660298875e+00
2.196710460376337881e+00
2.199970532161833248e+00
2.202936484665549699e+00
2.206772150009418620e+00
2.209312403945275172e+00
2.211493587280863427e+00
2.214148692935703266e+00
2.217997705784469531e+00
2.220031013576513335e+00
2.223210766657390813e+00
2.225708156688361861e+00
2.228124563779648515e+00
2.231486620654055120e+00
2.233867483302387935e+00
2.235278574992976441e+00
2.239174441441841967e+00
2.241723455967187473e+00
2.244098256412388803e+00
2.247176913648616381e+00
2.249306775979416972e+00
2.251534547887311444e+00
2.254597081761892330e+00
2.257178432269199231e+00
2.259832033798024664e+00
2.262541698047689565e+00
2.264072890981079667e+00
2.266711924494358765e+00
2.269123742342879169e+00
2.270866535823929055e+00
2.272694672039721198e+00
2.276833019167137095e+00
2.279140182957002825e+00
2.280165299297980841e+00
2.282786387724773380e+00
2.285182511975194508e+00
2.287273367655316303e+00
2.289221349086162149e+00
2.291777138510250555e+00
2.294314351171620636e+00
2.296345770155352017e+00
2.298950725886264923e+00
2.300760594272065251e+00
2.302213673768456648e+00
2.304062086635008555e+00
2.307618633340674297e+00
2.308916604429126718e+00
2.311103388529053504e+00
2.313420893627663677e+00
2.315090139645653355e+00
2.316484456899934319e+00
2.319093293740915218e+00
2.321497518604167087e+00
2.322741470139894737e+00
2.325145504630767412e+00
2.326817319535567474e+00
2.329004346691072591e+00
2.330790184123105124e+00
2.332926516907191328e+00
2.334685836279988269e+00
2.335863048501226835e+00
2.338135153781190301e+00
2.339636942219561533e+00
2.341276759291605281e+00
2.343434260203780983e+00
2.346006099554819979e+00
2.347350375698713965e+00
2.348969620618292176e+00
2.350267850619244481e+00
2.352114749886865308e+00
2.353772957449641989e+00
2.355082944626365027e+00
2.356428476562218322e+00
2.358853144253795886e+00
2.360663354283761173e+00
2.361732175712266457e+00
2.363505676701117775e+00
2.364817436593920963e+00
2.366195313975374415e+00
2.368418521571869828e+00
2.369573422986175348e+00
2.371820402583522558e+00
2.373277246472296653e+00
2.374285127113572536e+00
2.375452740014887709e+00
2.377655571684588853e+00
2.379285947502346676e+00
2.380571946758543334e+00
2.381651071099713413e+00
2.383258639774108012e+00
2.384274117008296390e+00
2.386059930813081209e+00
2.387047203811007101e+00
2.388502842751111910e+00
2.390710228141135207e+00
2.391661802133027148e+00
2.392911799383993010e+00
2.393553661320899195e+00
2.395981814560307122e+00
2.396498230947135433e+00
2.398050188645401537e+00
2.399515333751110369e+00
2.400954597701766779e+00
2.401698311453032808e+00
2.403245845194223573e+00
2.404094557016039246e+00
2.405069663539173508e+00
2.406936936020259932e+00
2.408233916263579744e+00
2.409753183031861035e+00
2.410388528824531029e+00
2.411657649598127673e+00
2.412845533999226078e+00
2.414135389447830349e+00
2.416075028143884751e+00
2.416415418914856783e+00
2.417006397291241004e+00
2.418960914711759003e+00
2.419767251044316669e+00
2.420557245087151088e+00
2.421932503151206895e+00
2.423275005277868654e+00
2.424321499538682367e+00
2.424879176371393719e+00
2.426145145964945460e+00
2.426881940691086648e+00
2.428437071361506217e+00
2.429333999587828252e+00
2.430234454588866555e+00
2.431072797123535079e+00
2.432057993396198103e+00
2.433340604140210583e+00
2.434538029324322839e+00
2.435140135699371822e+00
2.435966192264712227e+00
2.436805668829683746e+00
2.437825122456307003e+00
2.438843448818991622e+00
2.439760368819068326e+00
2.440620242404256679e+00
2.442030612906715525e+00
2.441977934655167104e+00
2.442955835823600541e+00
2.443413302966915612e+00
2.445247577026266494e+00
2.445402734626611618e+00
2.446669283030087794e+00
2.447909865272860142e+00
2.448054491132110044e+00
2.449152235588976545e+00
2.449889424642987645e+00
2.450692785739920332e+00
2.451102453461798447e+00
2.452325492645901051e+00
2.452847035159695377e+00
2.453625832654988237e+00
2.454415520945625762e+00
2.455696149080353941e+00
2.456057227389922826e+00
2.456502472605742060e+00
2.457458582651449230e+00
2.458796469154465925e+00
2.458856864874236159e+00
2.459631639806493020e+00
2.460509162422305440e+00
2.461319147096104665e+00
2.461806645473568533e+00
2.462358016460394872e+00
2.463061426317802560e+00
2.463952795143735219e+00
2.464644575807699134e+00
2.464933766104021817e+00
2.465863226623652427e+00
2.466521016946492839e+00
2.466950554645600757e+00
2.467519109957304835e+00
2.468205242371490193e+00
2.468555273660202332e+00
2.469623851734236375e+00
2.470023560697434117e+00
2.470288354165120825e+00
2.470878835689359843e+00
2.471277192688003055e+00
2.472446098437893980e+00
2.472777126350117705e+00
2.473233349134175807e+00
2.473586229617211529e+00
2.474219856322617872e+00
2.474884844328407496e+00
2.475527399827779362e+00
2.476119182227809468e+00
2.476526489157750532e+00
2.476669218311785770e+00
2.477445058261207755e+00
2.477700611254987528e+00
2.478470362336479216e+00
2.478867738057058290e+00
2.478985971178228276e+00
2.479725072626348226e+00
2.480058032298841031e+00
2.480305454624526451e+00
2.480796808695048927e+00
2.481493940208534088e+00
2.482256241179040757e+00
2.482189714186392226e+00
2.482746742835841847e+00
2.483456017914406733e+00
2.483872704823370192e+00
2.484442968460826240e+00
2.484392606257534108e+00
2.484723251526341770e+00
2.485393866677747976e+00
2.485793527674817760e+00
2.486404099143584290e+00
2.486016279248318916e+00
2.487029068207535332e+00
2.487297423648044514e+00
2.487852333470736532e+00
2.487913381784025546e+00
2.488490822932274416e+00
2.488913638396951011e+00
2.488866604768460000e+00
2.489131241124360461e+00
2.489306848599115884e+00
2.490017825576489763e+00
2.489988723228667045e+00
2.490490187504453612e+00
2.490945455114973672e+00
2.491077378985123048e+00
2.491535064466843252e+00
2.492134274276401218e+00
2.492021853194860803e+00
2.492024576264259661e+00
2.492456500865286806e+00
2.492778284224429708e+00
