-3.428868772951370048e-01
-9.411869772889770447e-01
4.223113026253573210e-01
2.399264198742586396e-01
-3.193746254313292732e-01
-1.282766334372207329e+00
1.044260854567065300e+00
-5.703752782189014381e-01
5.046255245281863200e-01
-1.499778679363252543e-01
-7.833556344369098368e-02
-1.312985329973815896e+00
-7.803553636542981398e-01
6.401976855545897793e-01
3.691787504888106031e-01
5.794655986340074838e-01
8.413519756447849218e-01
8.142874353667961529e-01
-6.842572897314594949e-01
-7.207613306174587287e-01
1.059393171405417666e+00
-1.114556394476255569e-01
1.485849986484176766e+00
-2.050463668856795429e+00
6.396479496325905290e-01
-6.980591271161078470e-01
-1.687264083896230726e+00
1.787463311099987129e+00
-1.227728735327333176e+00
9.402486507961387019e-02
2.969412967931759906e-01
1.164145129898306985e+00
-3.614686290601477198e-02
4.894171363554786769e-01
-2.027476240761021120e-02
1.820398577356447112e-01
7.254591038653346313e-01
1.987328113100903293e+00
-4.657486577968651398e-01
2.765401945392683136e-01
-2.304328460829339342e-01
-8.869506438880270238e-01
8.247414965690039179e-02
1.615889835305831745e+00
7.972252062201785616e-01
9.871552175054808531e-01
-7.053064302041336386e-01
6.962476813275841891e-01
6.461416054765090067e-01
9.885783064748763227e-01
1.637991891193806948e+00
1.263495582354170033e+00
2.627179611712497032e+00
-1.499032964276020286e+00
-1.220408473932111493e+00
9.380050381629472245e-01
6.690270331710483909e-01
-5.322392448665613784e-01
1.677841215533992347e+00
-1.779507376347481129e+00
-1.759550180485749682e-01
-1.171138908436649029e+00
-7.433173835183852773e-01
-8.380320741975249010e-01
