4.312439294551495941e-15
2.252213693321181260e-14
-1.033470531375257850e-14
9.597878047884477819e-16
1.614486322409902621e-15
-1.010302952408892412e-15
-1.301736496372996004e-15
-8.826273045769994694e-16
3.510872148559940433e-16
-1.299023388856568339e-15
2.710907887060187654e-15
-1.372235658436693470e-16
7.482903185973555566e-17
-3.195221864871200650e-16
-5.107025913275720000e-18
1.144639938388536300e-16
-2.725597525454759386e-16
2.435274204515280631e-16
8.220923941593127830e-16
5.170863737191666311e-16
4.435340983377500621e-17
2.149391775674302999e-16
-6.501466032204916559e-16
-5.182521078950230896e-16
-7.173150962103136739e-16
-3.375077994860475799e-17
-4.292122213200855300e-16
3.304356788191853597e-15
3.864963904476326206e-15
-3.549660565482781765e-15
-1.212696609798058494e-15
3.235411938362631130e-15
-1.509903313490213003e-16
-2.832623025028624325e-15
9.401368572525825553e-16
1.716848885280342120e-15
-9.162670622231417054e-16
3.812727911167712452e-15
-2.391975506554899956e-15
-3.284206240294906637e-15
7.891465259035612500e-15
7.891465259035612303e-16
1.392441717484871312e-15
4.527489494421388498e-15
3.840927575993191182e-15
3.957945082788682909e-15
3.187672348303749430e-15
3.686051464057982287e-15
6.168177080212444688e-15
-7.488676345701605695e-15
-4.917177776064818223e-15
1.097699708907384773e-14
-2.304600954516899849e-15
-3.486322341927916682e-15
7.704947790898586824e-16
-6.628475546222034678e-15
-4.032552070043493889e-15
-1.614042233200052607e-15
3.949951477011382268e-15
-9.047096405367938612e-15
-1.745947830755767379e-14
-7.004508084662575249e-15
8.188449918122841559e-15
-4.878097925598013072e-15
1.521005543736464381e-15
5.085709631202917061e-15
-5.797806679197492631e-15
-6.715072942142797015e-15
2.937428078553238998e-15
9.671152767509738955e-16
9.910960940828771995e-16
-1.706301766546403062e-15
4.990452495690078965e-15
3.205102849790364391e-15
5.759615007150387113e-15
4.984346269054640635e-15
1.902922264207518275e-16
-6.648237516060362162e-15
-8.196998635412455062e-15
1.308841923730597012e-15
1.940891891649698588e-15
1.157507423243941961e-14
-7.905898158355740213e-16
-1.010747041618742426e-15
-4.806710585114615431e-15
-4.504174810904260510e-16
5.574429806642911084e-15
2.861044734459028357e-16
-1.037669949965902598e-14
4.369726802622153823e-15
-4.963696120796612730e-15
-8.570810727803745762e-15
5.655920176650397770e-15
1.302535856950726187e-14
-1.654154591079759429e-14
-4.900413408392978776e-15
8.421152664084274774e-15
-3.635980405647387670e-15
5.735412145213559098e-16
-3.858136032874881235e-15
1.057520737646200361e-14
-4.503175610182097437e-15
5.522804435997840926e-15
-9.386935673205698628e-16
-6.935008123321040708e-15
1.885047673511053202e-15
-4.100386696848090632e-15
-1.972977337061365776e-15
-4.356737193234038999e-15
7.082112674083873082e-16
8.797074180222352299e-15
9.548140056381270761e-15
-5.007105841059456130e-17
7.293388115670040621e-15
1.605049426700588893e-15
4.087841176669826413e-15
6.398326313217239683e-15
-1.500244373175974022e-15
-3.272715431990036620e-15
-4.183209334485127556e-15
7.482237052158780594e-15
-5.271227898617780650e-15
1.548661199279877264e-14
-2.224775919046351355e-15
4.846789636303583260e-15
7.552514169617552511e-15
-1.171118757525846370e-14
7.529088463797961872e-15
-7.331690810019608396e-15
2.490230244234225990e-16
-2.438160784379306114e-15
1.784794534387401711e-15
-1.659228310302296481e-15
4.489741911584132797e-15
6.914468997365474666e-16
-1.351518896797188004e-14
-4.081179838522075222e-15
-3.508304757815494702e-17
2.096767204307070557e-15
1.067013144506745493e-14
-1.438071883796965201e-15
-4.047429058573471025e-15
1.880084976590978722e-14
6.594724766273429544e-17
-3.844147222764604521e-15
4.181766044553114272e-15
-1.278310790553405168e-15
-9.878875495417104806e-15
2.780109475963854534e-15
-1.220135104063047101e-14
1.677347150064178934e-14
-7.565725823610591849e-15
-7.622347197866475400e-15
-1.743849509239225911e-14
7.926992395823617344e-16
-1.476607724981704503e-14
-5.414779735701813309e-15
-5.103806266504306747e-15
-3.226530154165630067e-15
1.984268305221803573e-14
5.467626351673970659e-15
-2.210120975121299128e-15
1.191513554488210533e-14
-1.962319196024964264e-15
1.093003465513220341e-14
-7.621792086354161749e-15
-1.510497282808387508e-14
-9.457601368723089233e-15
3.051170427426086652e-15
-9.978129433818595196e-16
-8.599398970687844363e-15
-3.504918577590388101e-15
3.137656801044386337e-15
1.412220340668568450e-14
-1.085909140385865677e-15
6.335210134267299509e-15
-5.273115277759643751e-15
-1.375294322869535817e-14
-1.697220142204969463e-14
-2.039923785446262492e-15
3.583577878885080136e-15
4.127365116346482169e-15
-7.466416374057870725e-15
-1.609379296496626970e-15
1.034450303194489693e-15
-1.114131009671837134e-14
-8.692380149000200277e-15
-1.375843883266725251e-15
4.119982133232724336e-15
8.088474334755346894e-15
2.641387109036941095e-15
5.177080986129567489e-15
-3.622546707049423030e-15
-8.849587729287122878e-16
1.656452752740733550e-16
-3.716527086083942411e-15
-3.960054506535470523e-15
-8.061329381803261774e-16
-6.126377183335307538e-15
9.464651284929459902e-16
5.060174501636538808e-15
1.054933917998823819e-15
5.379696688123658873e-15
1.180294750824373242e-14
2.490230244234225990e-16
-7.203126983768015129e-15
9.267586698058494379e-16
-3.223532551999142228e-16
1.845368302610950286e-14
-1.779953962000036108e-14
1.392541637557087620e-14
1.059985432760868144e-14
3.706424056559854155e-15
-6.288913834140430304e-15
1.197564269972417655e-14
-8.395839579122821823e-15
8.057110534309686348e-15
-1.338934518813061877e-14
-8.693989972385906552e-15
-1.808220240206992508e-14
1.470396027158926596e-14
1.018501949445749254e-14
4.799882713513170460e-15
-1.457078901978547838e-14
-2.689626299456904134e-15
2.494005002517951501e-15
-3.121725100641014999e-15
4.206968107212105754e-15
-1.545280570169893455e-14
-4.575229084480270198e-15
-1.107081093465467334e-14
3.025679706780692828e-14
-3.204103649068201713e-15
-7.972289495228324855e-15
1.577132868746389194e-14
-6.565303856120863178e-16
2.059241666074740238e-14
1.508793090465587723e-16
4.240829909463172997e-15
8.103406834436555553e-15
-5.504985356452607277e-15
1.798006188380440950e-16
-2.041306013111920864e-14
8.391620731629246200e-16
-5.550560011613469840e-15
3.690103778097863736e-15
-2.282168898304348815e-14
-1.056499332463545231e-14
1.395017434902001708e-14
6.643741112810630896e-15
5.881906073312848270e-15
-1.189076614949158353e-14
-2.244426866582216582e-15
-1.756700340749262086e-14
5.006550729547143490e-16
-5.757616605706061756e-16
1.714917097217494393e-14
8.508638238424736743e-15
2.667310816661938431e-15
-1.391270432193891741e-14
1.835198659705383888e-15
8.363754133711154635e-15
2.189359804560808670e-16
-1.204414346034354762e-14
1.706457197769850695e-14
-1.717526121325363346e-14
1.460986887025228432e-14
-1.964761686679139517e-14
2.747324590046673550e-14
-5.889233545275373792e-15
-2.188416114989877416e-15
1.250055614576694915e-15
-1.312400188524520629e-14
9.027334435529611128e-15
-8.261946682353027604e-15
-1.525435333604718845e-14
1.652011860642232920e-16
3.377020885153569954e-15
-3.240741008880831985e-16
-2.527705822430448274e-14
-1.281214023762800010e-14
-2.793432152259356523e-15
2.186140157789395706e-14
-1.515543246455308799e-14
-4.514777440789430500e-15
7.375100530282452610e-15
-7.557510173228365905e-15
-2.386424391431774193e-16
-9.740541706548810844e-15
-1.879119082559554957e-14
5.254130464038553643e-15
-1.328781529252864935e-14
1.120264991882891067e-14
-6.946221375869754688e-15
2.194133763566696820e-14
-1.383282377531713779e-14
-8.172684751173164791e-15
1.387451264989181268e-14
4.973743639169470252e-15
5.897060617598981442e-15
1.447231223750122695e-14
-5.790645740688660099e-15
9.467537864793484498e-15
-1.168948271512704239e-14
-6.287192988452261772e-15
2.249789243791155976e-14
1.382582937026199904e-14
6.502520744078310366e-15
-1.054534237709958629e-14
3.368583190166418708e-15
1.376898595140119097e-14
-1.704442142980156038e-14
5.698386207342310039e-15
2.305211577180443840e-15
-2.066291582281110038e-15
4.096112338203283880e-15
-6.815659148173836262e-16
8.368028492355961387e-15
-1.752603617788395261e-14
-1.711930597281252661e-14
4.906408612725954059e-15
-1.598887688913919040e-14
-5.958844528919371378e-15
4.649780560583849655e-15
-4.362066263752239953e-15
-1.378080982661344855e-14
7.490175146784850502e-15
4.970635014700519958e-15
-1.187494547139067366e-14
-1.628547297016780196e-14
-1.259659043739702620e-15
-4.692801702788073998e-15
2.135697174665551779e-14
3.112821111983521248e-14
6.912637129374843482e-15
-5.987210727198543888e-15
-2.261690834615137763e-15
4.799050046244701561e-15
1.473210442526351553e-15
1.714905994987248088e-14
3.721578600845987328e-15
-8.105627280485805424e-15
-3.724187624953856281e-15
4.787170659881212461e-15
-1.846595099053161104e-14
-9.994449712280584827e-15
2.986610958544133587e-15
-1.382893799473094933e-15
2.681393995729308575e-14
3.219979838320341527e-15
-1.025829421408275250e-14
1.094180301919323104e-14
-6.901035298767510420e-15
1.474920185984274096e-14
-3.323041841696294665e-14
6.900424676103966823e-15
7.837952509248680030e-15
-2.188749181897264975e-15
-1.684319350658824918e-15
-5.603795205644246273e-15
8.686384944667224599e-16
-7.414735492261570622e-15
4.881650639276813182e-15
2.951622279923071715e-14
9.514444787583897298e-15
-9.402589817852913534e-15
7.754075159738249694e-15
2.457289927093597708e-14
-7.587375172590781644e-15
9.950096302446809457e-15
1.784017378270163941e-15
1.342015387706396724e-14
-2.386146835675617821e-14
6.998068791119749360e-15
1.337230326470262329e-14
-1.278976924368180287e-15
7.263467605156393359e-15
2.347566585569893556e-16
2.425420975171732670e-14
1.185557207961096526e-14
-5.919542633847640925e-15
1.423949846923733384e-14
-3.088523881089599960e-14
1.560140905354501252e-15
2.590061498608520214e-14
3.673972237550060809e-14
2.766520346142442655e-14
-1.863081910968844515e-14
-1.876954147661535977e-14
1.531097471030307042e-14
6.629030657734347541e-15
-3.266770187693168918e-14
2.764399820165408499e-15
-5.333178343391864366e-15
-5.761113808233631131e-15
1.151978512581308630e-14
-3.039402063365059651e-14
-1.417926887015141866e-14
-2.419514588680726719e-14
-1.005595606784481715e-14
-8.006761920142934906e-15
-2.302835699907745862e-14
-7.470524199248984486e-15
1.212552280804857205e-14
1.158206863749455836e-14
1.023198192839913687e-14
-1.601974108922377198e-14
-9.657108446248231113e-15
2.077737981664995310e-14
7.226386156133912777e-15
8.619327473979864838e-15
-3.773925616457063338e-15
-8.932077300016772243e-15
3.536559933792205078e-15
-4.084899085654569900e-15
-1.899291834916994132e-14
4.338474024478955534e-15
-7.234879362272294758e-15
1.637295854450826550e-14
-6.957157072662311843e-15
-1.883243561096037385e-14
3.560152173065489497e-15
1.531441640167940986e-15
4.841849143844001389e-15
3.314570840018404899e-15
-1.744981936724343614e-14
2.082023442540048682e-14
-3.230693490507974168e-15
2.197730886166482464e-14
-3.654260227747840908e-14
-1.156741369356950574e-14
-2.349737071583035668e-14
8.263112416528883273e-15
-2.170053026162577367e-14
-1.197636434469018319e-14
-2.043532010276294361e-14
4.217293181341119313e-15
1.383226866380482572e-14
-5.972611294424723578e-15
1.909744584693839877e-14
-2.167394042018599885e-14
-5.656364265860247586e-15
2.311545399535930308e-14
1.578737141016972474e-14
-3.564504247322020223e-14
1.993955001111658089e-14
-2.888855821225888399e-15
-8.401446205397178813e-15
-1.498029478241846790e-14
-9.929834732247399845e-15
-1.343658517782841913e-14
-1.251332371055013867e-14
3.243072477232544606e-15
1.534272708880735005e-14
1.642241898025531416e-14
-2.342975813363068366e-14
-6.303846333821638766e-16
-1.830824380988360710e-14
3.290645533837732920e-15
-6.012190745252610068e-15
3.072209153742733245e-15
3.874678355941796563e-16
-9.873990514108754459e-15
2.951638933268441014e-15
2.467531734495764928e-14
2.500938345306735735e-14
1.130096016765946912e-14
-1.860256393371173411e-14
1.421762707565221795e-14
1.414457440063188252e-14
-1.047745223914375881e-14
-5.203781849871802201e-15
7.176481631177012335e-16
-5.148104165186850594e-15
1.840194663316196936e-16
8.296363596116407709e-15
-7.280953617794239449e-15
-1.799183024786543812e-14
-1.051836395760119554e-14
-2.920330643974011597e-15
-1.358774204263113492e-14
7.531530954452136257e-15
1.048439113304766604e-15
-2.281486111144204081e-14
-8.754885705286596855e-15
-2.649314101432764697e-14
-2.775346619188212511e-14
1.038957808674467776e-14
3.076428001236308671e-16
-1.951361294771913948e-14
-7.772227306190870902e-15
-1.959099549253551320e-15
2.536748588966020280e-14
-1.356947887387605067e-14
-1.721967013423864036e-14
1.599642640570664280e-14
2.899913642551155377e-14
1.935729354585191572e-14
-2.608246951751880099e-15
-8.089084957418890490e-15
-6.575850974854802236e-16
-3.115918634222225395e-14
-8.383072014339631513e-15
-1.647570968543732290e-15
4.729439062600703974e-15
2.418742983678612179e-14
-1.964894913442094541e-14
-3.659295089164516052e-15
1.184874420800952108e-14
3.824496275228739295e-15
-1.237998592529265810e-14
-2.033684332047869217e-14
