7.295058330655577019e-04
5.134492249223768625e-04
1.249855968801909375e-03
2.650129185140460454e-03
4.131162412215958271e-03
5.677938199782685616e-03
6.881856888564177530e-03
7.575022313774231256e-03
8.588313424792739376e-03
9.013263638410862894e-03
1.003280131743536537e-02
1.129476624344383749e-02
1.483464934313653318e-02
1.738016163162875091e-02
2.178632795380375589e-02
2.324719443047712150e-02
2.271579726241656702e-02
2.138440979253136004e-02
1.915857047296065305e-02
1.754862165223966194e-02
1.695161592641676943e-02
2.063769990175490232e-02
2.625662151147974480e-02
3.287893531814667369e-02
3.605791060597186848e-02
3.684688130489999908e-02
3.433248051942983103e-02
3.130588456362087130e-02
2.651241214618858463e-02
2.281352493405020346e-02
2.299154516931739556e-02
2.550332642832511473e-02
3.066479009415813695e-02
3.728817825250472368e-02
4.100997189571659735e-02
4.163347763476358404e-02
4.108291250737362149e-02
3.696053697581395958e-02
3.402481948558002539e-02
3.148255597323246918e-02
3.156530008111003982e-02
3.151143076295823825e-02
3.471244131160709789e-02
3.764760036271346672e-02
4.077729022777589613e-02
4.352901532044152477e-02
4.300338814870734855e-02
4.185015521596467669e-02
4.112520837733743551e-02
3.963259377068456546e-02
3.929169639398309710e-02
4.125446209377254397e-02
4.228729618033485321e-02
4.371910418378806978e-02
4.418993085529301923e-02
4.705781528737787434e-02
4.774535111905751222e-02
4.803703334462314928e-02
4.874357489093642665e-02
4.841398036232641422e-02
4.904248577097752165e-02
5.066009223990506488e-02
5.072043144716811142e-02
5.119386924276126544e-02
5.191765200813888009e-02
5.296100127170037808e-02
5.452653559643642206e-02
5.522607409304525206e-02
5.529250444790858449e-02
5.657487679410174580e-02
5.768938371967936851e-02
5.731683423967511709e-02
5.877077283159985038e-02
6.202301511026327846e-02
6.061586205536714789e-02
6.071153884156686026e-02
6.292807761856909765e-02
6.318920188111765146e-02
6.362494994418146921e-02
6.510241636169478152e-02
6.378972151571694893e-02
6.651750714260103170e-02
6.745474610020918416e-02
6.774917213047859654e-02
6.940951324807322076e-02
6.735212528840327229e-02
6.745573301931492849e-02
6.986479337760152786e-02
7.045845378598128428e-02
7.166245363916833033e-02
7.241408965189914670e-02
7.303042613162917529e-02
7.534861761057558283e-02
7.274842893409254330e-02
7.616422840327982668e-02
7.614257847795122269e-02
7.634402368228508651e-02
7.598602833410855739e-02
7.751887451571747023e-02
7.868947979728260766e-02
7.933311047462934806e-02
7.857510089230324013e-02
8.085967772222747707e-02
8.016476006406048072e-02
7.961382079275282353e-02
8.171274076389162255e-02
8.201588239629666044e-02
8.241363038465292223e-02
8.347619864453852123e-02
8.357381601223290435e-02
8.230206803499919010e-02
8.481317311249364499e-02
8.482243010763339253e-02
8.471233277809650519e-02
8.442833378031390501e-02
8.749481361108733812e-02
8.621932615336663774e-02
8.785903927575200445e-02
8.733304543532502406e-02
8.742743172765594928e-02
8.830484102014139747e-02
8.970912609117165371e-02
8.670394112507080753e-02
8.825174813903764737e-02
9.016817225513557021e-02
9.043818766804025133e-02
9.124860806349745224e-02
9.065453333484942144e-02
9.058951011856095081e-02
9.240609635397312172e-02
9.126574261174590086e-02
9.146815272174221856e-02
9.295563966600105255e-02
9.272618165518535516e-02
9.245928062447948681e-02
9.084112520028297943e-02
9.263725099650860217e-02
9.353484530129434205e-02
9.436647372359462105e-02
9.480995555247934137e-02
9.396578540650007971e-02
9.378094495886075965e-02
9.617887741308613070e-02
9.398007385704941485e-02
9.414117217720120723e-02
9.463317867222513502e-02
9.542176746623207140e-02
9.468363582721420202e-02
9.514106073324503365e-02
9.399366959135090072e-02
9.485798874534223657e-02
9.497951498828939576e-02
9.464555942811989087e-02
9.697755065100145677e-02
9.614800948623687671e-02
9.556242782428432669e-02
9.669589893320514051e-02
9.522541532475074788e-02
9.575055882324479128e-02
9.621443145545963138e-02
9.705666085362757434e-02
9.514895626047188693e-02
9.514473971264911234e-02
9.672637403269249146e-02
9.571364867357724793e-02
9.679475581046437238e-02
9.545643812054456501e-02
9.665561664429038469e-02
9.688430350748192255e-02
9.659126237851056729e-02
9.626512945028282975e-02
9.772226376681160398e-02
9.577697774538104780e-02
9.598404829809913108e-02
9.550523085685966307e-02
9.585867800746546152e-02
9.691295800185979747e-02
9.539435983045746470e-02
9.618040389518318911e-02
9.566693331446521342e-02
9.550584201344064494e-02
9.507000522260285191e-02
9.658902603426793021e-02
9.586929939104570086e-02
9.496785754162188897e-02
9.519448612254018116e-02
9.523583668624149845e-02
9.548297926347307230e-02
9.478184759025044814e-02
9.515983204331328327e-02
9.592823954186567581e-02
9.428128599423456213e-02
9.515639019837504597e-02
9.518770755576923259e-02
9.374999516493624785e-02
9.544225531055543221e-02
9.489680805691845522e-02
9.493058335852375129e-02
9.393331928736194103e-02
9.448745283356624336e-02
9.427605445406224416e-02
9.399606220467678075e-02
9.451171412482292644e-02
9.441265934014785033e-02
9.339847576665778750e-02
9.348953170071007401e-02
9.358011936629599681e-02
9.378988208414211492e-02
9.328794593388528567e-02
9.291484309599597202e-02
9.305268432435961912e-02
9.357433736152404036e-02
9.244707930467756241e-02
9.225854055550496147e-02
9.261719550726899008e-02
9.296763185664626283e-02
9.212611295433566216e-02
9.201019620307858415e-02
9.243567623027193481e-02
9.185565737778021711e-02
9.272920265873117740e-02
9.141825781840673404e-02
9.163239209254525619e-02
9.219963021231221412e-02
9.119051984454289161e-02
9.157006168516079736e-02
9.144350543101062434e-02
9.122571243681533437e-02
9.109003769985389576e-02
9.116527986882229373e-02
9.030887254965368205e-02
9.064028751059730049e-02
9.012231934561062974e-02
9.041545486314238322e-02
9.072306744993756389e-02
9.097799043481916148e-02
9.057199338497007313e-02
8.988869913042346615e-02
8.982550487961243890e-02
8.998404458408844342e-02
8.970872057081372142e-02
8.913772359152717650e-02
8.950371257234601696e-02
8.959744236259160888e-02
8.865950074218136023e-02
8.905010685169220674e-02
8.871458031186667259e-02
8.888648634243574709e-02
8.821209875448195181e-02
8.901019294298945228e-02
8.855961384531742253e-02
8.856317398646593175e-02
8.873109054887023950e-02
8.818494276323170233e-02
8.894345657285190887e-02
8.741560434506828736e-02
8.844779893088403067e-02
8.816935751767870921e-02
8.798131941075024165e-02
8.751137179110160536e-02
8.784731015779446983e-02
8.786923323851718315e-02
8.812721663773492864e-02
8.817546318033174513e-02
8.783825676952178307e-02
8.784591531161656253e-02
8.760871952585973232e-02
8.726760216528553493e-02
8.739948521337541354e-02
8.758856216325021371e-02
8.785948860972821184e-02
8.761318446405223781e-02
8.728446415796607682e-02
8.763435704222792555e-02
8.762310491127955903e-02
8.766506038149145252e-02
8.750880144132042182e-02
8.716623788705335496e-02
8.744895315753846432e-02
8.755437522849948695e-02
8.729832069323253951e-02
8.764973393243759292e-02
8.790398017775716277e-02
8.756611057925714481e-02
8.722113198253929334e-02
8.810828197994755029e-02
8.730272866318687652e-02
8.765318889133741354e-02
8.765699027128980025e-02
8.751050675567634274e-02
8.793105520709179612e-02
8.731926677932171088e-02
8.752699176359611533e-02
8.743501934425315647e-02
8.797809690852492759e-02
8.780353862471598769e-02
8.812274393001198747e-02
8.745648647884182725e-02
8.804249744831661728e-02
8.819289498307475439e-02
8.811511247715328454e-02
8.877298703652569678e-02
8.896488580577302518e-02
8.860598278857784171e-02
8.846746417250618555e-02
8.814351405106021775e-02
8.909454603549275820e-02
8.884656720555227094e-02
8.885521331685791724e-02
8.899115588494783957e-02
8.878751665391824976e-02
8.893885984758624630e-02
8.932763298563112242e-02
8.935055144151254902e-02
8.941905018246561199e-02
8.958247658362558652e-02
8.992351395813381887e-02
8.980451419471825736e-02
8.960222935484277174e-02
9.021261651509618340e-02
9.018251181812821093e-02
9.007307581117984796e-02
9.084717458809940527e-02
9.081787555157860847e-02
9.133440377542154098e-02
9.110720434237029597e-02
9.103903521148322409e-02
9.156189556062377388e-02
9.102921281112107132e-02
9.181290849981921243e-02
9.148682591683666987e-02
9.178402178910749498e-02
9.234580899640500162e-02
9.226737234122572850e-02
9.242654659064716838e-02
9.262059252738398529e-02
9.263309944629814774e-02
9.281765142645184707e-02
9.332731296314300540e-02
9.315351502306426501e-02
9.392132660995418381e-02
9.363149941043488744e-02
9.371085844185150782e-02
9.403492892743890719e-02
9.411600248653145817e-02
9.455278558415659840e-02
9.463424451742939725e-02
9.461248611040806722e-02
9.520960279760369571e-02
9.542885626993434511e-02
9.522394293965577572e-02
9.550823310268596877e-02
9.599766842170751047e-02
9.606851742851224563e-02
9.592509574205941580e-02
9.633328544790928372e-02
9.679585439283223958e-02
9.701232421670319406e-02
9.742141823330909001e-02
9.706708621567906869e-02
9.817537948912632984e-02
9.779228515846087599e-02
9.803545801056748332e-02
9.820047026792150247e-02
9.866902776232271133e-02
9.871492001316331533e-02
9.895993382667100935e-02
9.937364241488311212e-02
9.961395221272371925e-02
1.000645990630872617e-01
9.966110742796446820e-02
1.001607158148307836e-01
1.002499433705410919e-01
1.003492781358224228e-01
1.007382415099736667e-01
1.010890915998763906e-01
1.011962770993327793e-01
1.014486768185866722e-01
1.018783174940618846e-01
1.019272072218047748e-01
1.019585135416705979e-01
1.026580444846460910e-01
1.030082824757305449e-01
1.033624225240100530e-01
1.032116201994505850e-01
1.038863576931230576e-01
1.035777523804566891e-01
1.039748857921940356e-01
1.043126557750286426e-01
1.046323700263365603e-01
1.045386359819546473e-01
1.052556924867254218e-01
1.053799197424862416e-01
1.058493819318091500e-01
1.060359139996876754e-01
1.065750475133421110e-01
1.065511732849949017e-01
1.066212357065133287e-01
1.071352839147723113e-01
1.071078877937287621e-01
1.078353479049896368e-01
1.080409069494636803e-01
1.077231682678451985e-01
1.083282293361704368e-01
1.085996459558902921e-01
1.089557794979896244e-01
1.092791820580198692e-01
1.095735741307651279e-01
1.100974693676959604e-01
1.104399283061339859e-01
1.101186361480937098e-01
1.107017966001153098e-01
1.108797867856852609e-01
1.111582327087494437e-01
1.123114709262407473e-01
1.121889481377066344e-01
1.122128560678457149e-01
1.122146760180380287e-01
1.126248652426971725e-01
1.127410385074822802e-01
1.135242351697607621e-01
1.136757468831074425e-01
1.137370773782821615e-01
1.139886816086057436e-01
1.144122296479227613e-01
1.147278593650441353e-01
1.152797778525904010e-01
1.149542714205292887e-01
1.155409415380028865e-01
1.157971677539615662e-01
1.158845556302435381e-01
1.164389675509049094e-01
1.167223382902977113e-01
1.168970226719268785e-01
1.174076535597886745e-01
1.173947615178189269e-01
1.178959923670061943e-01
1.180693801367838636e-01
1.181076440059422722e-01
1.183643747361297904e-01
1.187848612918968177e-01
1.193326236450838740e-01
1.193380475823137693e-01
1.199693466802110864e-01
1.201454726039633825e-01
1.203261654509614753e-01
1.207516284803865358e-01
1.207859335689267372e-01
1.213384283317420764e-01
1.216556945682471524e-01
1.220264363399674035e-01
1.222327204102899023e-01
1.222386345811446728e-01
1.228040017293819397e-01
1.229475657577516201e-01
1.233245816850723209e-01
1.234802809042517685e-01
1.237356851843694899e-01
1.245178090695157336e-01
1.245389100029136581e-01
1.244661590975752602e-01
1.250285120418246909e-01
1.252879723562869141e-01
1.256096648422783957e-01
1.258400908475490465e-01
1.261533975493550341e-01
1.264925399243056192e-01
1.266323809055235894e-01
1.269071497346774546e-01
1.274250016029824517e-01
1.279152289899371520e-01
1.279211897089968797e-01
1.282881554879205244e-01
1.284852617911780848e-01
1.291106221541721000e-01
1.291525171553676021e-01
1.295052117240322320e-01
1.296286540596787995e-01
1.302823027051221161e-01
1.303696480064315544e-01
1.302344572530496902e-01
1.307904670753922416e-01
1.310472488194482088e-01
1.312238909977881396e-01
1.317683352751858883e-01
1.318480294719193979e-01
1.325202274392377755e-01
1.327501636806279472e-01
1.327833368354302823e-01
1.331262783822884654e-01
1.337426869027125709e-01
1.334720799238353628e-01
1.338574253805717429e-01
1.343749276636712620e-01
1.344604057566537170e-01
1.347055700838141745e-01
1.350863586141967387e-01
1.353651588314130072e-01
1.355075415070473854e-01
1.358797373966025290e-01
1.362514799917034780e-01
1.365924935456135358e-01
1.367686586241011193e-01
1.369924131371895448e-01
1.373923207723512507e-01
1.375320062581241731e-01
1.379883214794989099e-01
1.377849929445866817e-01
1.385338224708919930e-01
1.388068511182234122e-01
1.389668730041029865e-01
1.389510615139847860e-01
