6.847840766887166586e-01
-2.687509216495674313e-01
-1.047305939269959213e-01
4.021683495588869173e-01
9.779353148180650601e-01
-9.745149922952643651e-02
-7.312416214054305585e-02
-8.959549612808171970e-01
-4.434317833687507759e-01
1.356907316603887637e+00
-1.331277522150333903e+00
1.234175659399332270e+00
-1.727958706863769622e+00
8.129365285993866985e-01
-3.466976801891044069e-01
1.812494411995498655e+00
-2.996409597353468235e-01
1.923826993008972142e-01
5.030478593081445515e-01
-2.307502422532131670e-01
-1.437349934346499714e+00
9.668078050252040256e-01
-1.093048831907431247e-02
-1.851919741492976529e-02
-8.390879672621994745e-01
-1.226203955238288623e+00
1.547785482376768107e-01
-6.680348962008661462e-02
-6.854025650885747778e-01
-1.185014716961659387e+00
8.180293151288096087e-01
-2.162636394587582611e+00
-6.817196088800555609e-01
-1.225665374622029402e+00
-1.146603930561315599e+00
-2.933089557974728478e-01
-9.462188112472863510e-02
-2.088243776462377799e+00
6.838902328873623926e-01
3.755355831981418979e-01
-4.775147175999596705e-01
3.875439779619297975e-01
-6.506765813699257051e-02
3.821413567519263421e-01
5.849484254302549369e-01
-1.482859653101072706e+00
-4.211731419924346076e-01
-9.346132432530197542e-01
-7.664256860190923337e-01
-4.532229955258576526e-01
-7.584404257899739488e-01
-3.418876655808247289e-01
-7.738123608914327933e-01
2.148305584891850584e-01
1.606033905198884781e+00
-1.047078730448312012e+00
3.672037750398239320e-01
-2.266381825024725849e+00
-1.750617286775014492e+00
1.590215099646119734e+00
1.880655089351472187e+00
-5.646966697660668055e-01
-7.387961383317759312e-01
4.576377295552587765e-01
