1.138563239553269879e+00
-3.967402829036507927e-03
-5.453211301493723351e-01
-3.219923298957000357e-01
-1.132794161259094379e+00
2.187618860963766565e+00
-1.372300654647695684e+00
-4.010570953867317878e-01
3.383108068577388682e-03
-4.291636828889941468e-01
3.655514101468260862e-02
-7.408626315034125831e-01
-2.705628973817815822e-02
8.125799200626266927e-01
1.320676604308677504e+00
-3.588677883948964698e-01
2.658500822333449420e-01
7.946492293704224830e-01
-1.690301007265282429e-01
-8.178497550579644226e-01
-4.996625307036763886e-01
-6.006235882316476316e-01
-4.766187653176731653e-01
9.895597195087926790e-02
-9.976951966261082827e-01
4.304466863671235211e-01
3.623713772124835253e-01
-9.730369109142216200e-01
-1.019331728878815513e+00
1.715624083457807370e+00
1.287918925675316795e-01
-1.391685908827172691e+00
5.138521569191206728e-01
-7.606381178925631925e-01
-1.720785983603758673e+00
-6.848060704086040840e-01
-1.524604403717693568e+00
-1.160104974592738314e-01
-2.528271307313724736e-01
-1.345919874838147692e-02
4.694081661696255514e-01
1.922399257075091961e-01
3.626976651212244218e-01
-9.001079348347278408e-01
-1.007822248887529248e+00
1.233661566157211453e+00
-7.725204848789858358e-01
5.529776684125832231e-01
-1.139264446834147737e+00
-1.147567778934789784e+00
1.157015507673144317e+00
-6.539118876780566358e-01
-5.639400161288740110e-01
4.111590161439635516e-01
1.584937274303262367e+00
-3.362158187999578773e-01
-2.878289666257958790e-01
-1.518851280497834910e+00
-4.024170815672891699e-01
1.037383013720644342e+00
5.742184067158543348e-01
8.025742612233256468e-01
-7.829423611711675557e-01
-5.166573295299401458e-01
