-2.604909293917600510e-01
1.770271301990509680e-02
1.606943561640887183e-02
2.982990266692288686e-02
-1.507439193732293403e-01
-5.630445869464003467e-02
-1.210150023079869519e-01
3.875802088871143497e-02
-7.342217589616303886e-02
-1.725538193121139291e-02
3.808825520377893958e-02
-1.176911838509272536e-03
8.388839921996109339e-02
-1.597206481015999921e-03
-3.296586947891225368e-03
4.254657484471517648e-02
1.567347824708436449e-02
4.547640118901345729e-03
-2.692038802528585323e-02
8.675749489598316710e-02
1.320218383167285139e-02
-2.193884804775390190e-02
1.744751857188376601e-03
1.882274569889576948e-02
2.221673853526143910e-02
