2.420024606237784481e-01
2.279205432557011579e-01
-4.317855860077888241e-01
2.132509105759033297e+00
3.473480286358112679e-01
2.572595228116183463e-01
1.505151597875178660e-01
-4.069426396851505978e-01
5.716028591860786712e-01
-7.677517667213401564e-02
-7.719488993531168353e-01
8.635463077576779334e-01
-5.569086292719331865e-01
1.107417438948167243e+00
7.694551939213332137e-01
-1.488061241804288004e+00
3.040969767716654171e-01
8.726958599148786355e-01
1.579869083160823751e+00
-4.784237287613353207e-01
-2.918413550300167358e-01
1.982354547161123692e+00
3.374919138274137254e+00
-9.508039720720338206e-01
-2.448533193257391716e-01
2.093806875737473927e-01
-1.182555772990508958e-01
1.487675718373558664e-01
7.181454285485117106e-01
1.103069518456331055e+00
5.051063128012265313e-01
2.697954745365033435e+00
-3.091957555631902888e-01
5.173922257861318652e-01
6.976705743040331198e-01
-1.225665762660581359e+00
1.206341219348786131e+00
2.848410427647727894e-01
-6.544394422839833192e-01
-1.734338790982191236e+00
1.465830370900907953e-01
-6.491291193720902797e-01
-1.686163159131182976e+00
1.417505087198025038e+00
-4.097520931536775823e-02
-4.801598648829870641e-01
7.875184294786360395e-01
2.102093983765557006e+00
1.911027027233818565e+00
1.984103072550425506e-01
2.329279271914327654e-01
-3.369076395179423922e-01
1.773364211567429294e+00
-1.150781702411912688e+00
-9.615329860444193910e-01
8.430889034687487349e-02
2.897068584034560024e-01
-2.407578347276488895e+00
-1.638493084415231227e+00
-1.966384798135287104e+00
-3.201161386982262491e-02
6.991576387940714454e-01
-2.053163034398306497e+00
-5.998088901621265179e-02
