-2.303464047243842239e-01
-9.213611033415997076e-01
6.146336485480206058e-01
2.164176458646319468e+00
9.403956589997956028e-01
6.692014380894920622e-01
-7.159485378187264992e-02
1.420729883772657853e+00
2.839422765734807008e-01
-1.277772770808949687e+00
-4.945634088125255290e-01
1.461230674934760554e+00
2.605675112279540184e-01
4.152519266986913760e-01
-1.055802274177295219e+00
-1.021000201596387491e+00
-3.748291175996047997e-01
-4.251836395515689454e-02
7.713847984325299112e-02
-1.588111585658384728e+00
9.708824426360323362e-03
-2.829728033410139343e-01
-6.955751940964590707e-01
-2.611239188077994378e+00
9.876756685837789762e-01
-1.537766428558908993e+00
-4.281051032745603613e-01
-6.954525106026789860e-01
3.516947934398870212e-01
1.368641263807662267e-01
-3.453930665354872365e-01
3.721517415599729373e-01
1.372159965813048443e-01
-1.050970742402357772e+00
-5.331994083227571402e-01
-4.832953239239045073e-01
-1.036543809615948053e+00
-5.558284977830702661e-02
-1.357045637815248451e+00
-3.027153136511059328e-01
-5.928827357079358151e-01
-1.376527984106951374e-01
-1.307076109834003075e-01
2.124573073513758903e+00
6.250752747508452334e-01
9.704096806164848321e-02
1.069068116885976139e+00
7.247968256337624648e-01
-1.680957866933157491e-02
-6.412362064946827145e-01
1.597725499118490156e+00
-7.134570871598521213e-01
4.893045263055448846e-01
-3.570973564212578423e-03
-1.753451647112776179e-01
-4.786666092279939951e-03
1.081164050581060909e+00
-2.439880635233691031e+00
1.738096817466526112e+00
-9.563685900604630696e-02
1.499479917665661910e+00
-8.163450153960061240e-02
1.718320967607765704e-01
-9.386874386053714048e-01
