2.052110723457132302e-01
-8.888848077316580110e-02
-1.733131485369016067e-01
-8.400919950520992219e-02
2.613232861634042781e-01
1.105291840752936766e-01
3.131254870345690638e-02
-1.757795133429593259e-01
7.566889419423253327e-02
-1.812398053582202073e-01
-1.446076499662729276e-01
1.607814477752288751e-01
2.179236773502114255e-01
3.002738232280461467e-02
8.963333746074013397e-02
1.981046617402913435e-01
-2.619934672104294593e-02
-3.118476042347390065e-01
8.698559759872924457e-02
-2.067672170425447209e-01
-1.101426647424228467e-01
1.538369982669340608e-01
-9.405281434609105706e-02
3.053796458695011082e-02
3.501594390849643856e-01
2.951841749106516866e-01
-3.604585938449520605e-02
5.737160771344115839e-02
8.371707591259182346e-02
-9.111407161639378804e-02
-1.589279833322067292e-01
-1.351966448741926397e-01
-3.033236092992538241e-02
1.284405736132649377e-02
-4.733556141137491846e-02
3.469173832994649764e-01
1.705838403375839751e-01
8.482279049578009267e-02
-3.030067013878314230e-01
3.927953757648664501e-01
-4.243385586464685361e-02
-6.586836604528087391e-02
-1.860866888316296819e-01
3.465094491650566599e-02
-1.801666846783891440e-01
6.589477606033988799e-02
-1.285647859917359026e-01
-1.667172517105227902e-01
-8.004244201462041852e-01
9.056478618819134574e-02
3.320940316766256978e-02
-7.277423120041243143e-02
5.569303230719491876e-02
1.013038538853902604e-01
1.702331617899059679e-01
2.051824984452700340e-01
-2.140413677969414674e-01
-3.645491319818287002e-01
9.800667875073523078e-03
3.898197255761835511e-01
-1.565839172658853584e-01
1.866850286631220601e-01
2.051238156897474962e-01
1.286630749837015530e-01
