-5.353105585813425771e-01
5.505286643898939930e-02
-8.639429226843949872e-01
1.334373534105548487e-01
-6.862774828809821148e-01
-3.260465119540069123e-01
7.952114647308577977e-01
6.718270930924291617e-01
3.097432562127224176e-01
1.037377549180358960e+00
2.011788700787120465e-02
6.089154375019066867e-01
2.176319209150755496e-01
-1.193356038041703204e+00
-5.898529767220817011e-01
-1.786306928754196610e-01
2.199836576014840006e-01
-6.749358189193396251e-01
-4.786798698727998125e-01
1.115165145039182848e+00
-1.303400814718770562e+00
1.905640404120528542e-01
-5.744914557239321207e-01
7.179478280934588341e-02
1.971804396190391939e+00
1.252441760557571282e+00
3.711884223221779688e-01
-6.093665576604913037e-01
2.356421397855827937e+00
-3.640130624964723061e-01
1.171307139561385213e+00
7.236041195007533178e-01
-5.096708662415906366e-01
-4.001432749820923312e-02
8.545471735497776056e-01
6.420532855568998887e-01
1.703819251555623193e+00
-7.427310763147807471e-01
7.006785151677619172e-02
-2.569445055005480372e-01
1.712320022178425827e+00
5.802062306384667689e-01
-1.773763451973098704e+00
-5.659185105379574976e-01
-8.971932580171380067e-01
1.682517148298197096e+00
-1.584408464382091930e+00
-3.721000739781073902e-02
2.563122656707034763e-01
4.100138186410146601e-01
-7.072427219567752055e-02
-6.906005559343764144e-01
-1.974472764134412639e+00
-9.135099591627525439e-03
2.040012162403919582e+00
-1.412800961535775723e+00
5.361694444720611630e-01
4.557417868329279309e-01
-8.879990178345667506e-02
-4.046116498463854239e-01
-1.806022083100536357e-02
-1.864325252083689710e+00
2.767589340395381736e+00
-3.131365757080069034e-01
