8.392175843141558668e-15
1.324141490899322085e-14
-7.966786952362525590e-15
-2.216449246361662366e-15
-1.076361222374089297e-15
-1.269540028658866461e-16
3.135547377297598525e-16
-7.301659277203497891e-16
2.580139227270627938e-15
-3.682470994803566120e-16
1.641353719605831507e-15
-1.398658966422772293e-15
4.198863479132342067e-16
-7.179812300250886945e-16
6.328271240363392508e-18
-1.773026170326374967e-16
-3.008149285221861421e-16
-7.627232179174826044e-17
-4.817257703848554686e-16
2.925992781399600011e-16
7.860379014346107892e-17
3.474998067076739976e-17
4.107825191113079150e-17
8.941736240331011076e-16
-9.513501098012967326e-16
1.601607735324250843e-15
-3.497424572174168011e-15
3.288758154695869820e-15
-3.327504938255287805e-15
2.482652972091159503e-15
4.970579503549288435e-15
-6.346034808757394998e-16
5.246914014378489786e-16
-1.722622045008392890e-15
3.830269434956790262e-16
1.521227588341389487e-15
4.642952688982405078e-16
-6.128431095930864616e-17
6.890044090823721940e-16
2.966182854891030590e-15
-1.865729792882575535e-15
3.264055692397960046e-17
-4.708455847435288509e-15
2.667865928174251293e-15
-2.319033853837027168e-15
-5.964340132891266112e-15
-3.569811113379728725e-15
-1.330380250408325142e-15
6.906142324680786070e-15
-1.175504138473115655e-15
-7.707168236947836893e-16
-4.477973547523106744e-15
-7.032818771790516236e-15
7.984946037709050542e-15
-3.438582751869034982e-15
-3.048672425620679856e-16
2.209565863608986660e-15
8.736344980775356564e-15
3.009814619758799318e-15
2.413513833232627888e-15
6.097455873543822166e-15
-3.741673637591702371e-15
-3.632205647363662258e-15
4.291900168595930293e-15
2.393418796486912451e-15
-2.431388423929092764e-16
-3.192335285007175265e-15
1.808997396324230121e-15
-9.519385280043479169e-15
6.074252212329156830e-15
1.647015857031419822e-15
5.885958387352729719e-15
3.509081913932732202e-15
8.347988966761476289e-15
-7.530864820637361138e-15
4.218403404365745037e-15
-1.989408637825818058e-15
-8.825606911955219377e-15
7.330913653902371808e-15
1.182498543528254209e-15
-1.195876730974987405e-14
1.478606126426029861e-14
-8.500644632647435313e-15
-3.146150007182768712e-15
9.590106486712102086e-16
2.400080134634663248e-15
-3.176681140359960359e-15
8.547051955076767563e-15
2.170152946234793556e-15
5.112688050701308599e-15
-2.078226479795830661e-15
-9.834355552129637235e-16
-4.099054429218540393e-15
3.081535027149584519e-15
1.375011215998256352e-15
6.528555474005770747e-15
1.087485657080833314e-14
1.132094418210272033e-15
-1.205691102512673793e-14
7.538414337204812949e-16
5.151656878865651492e-15
1.188382725558767630e-15
1.159361495695065990e-14
-1.304512053934558935e-15
6.374900607397648847e-16
1.322386644631023910e-15
6.165179478045956652e-15
-7.265410495449487194e-15
1.130129323456685668e-14
-3.173794560495934974e-15
3.514410984450933155e-15
-5.142553050063724732e-16
-3.381517288403301614e-15
6.756373238658852825e-15
3.920752611463740070e-15
-6.173839217638033201e-15
-2.865374604255066632e-15
-2.691624700901229491e-15
-1.470823463023407311e-15
-3.930522574080441555e-15
-1.881539368753237679e-14
2.384870079197298947e-15
-4.412359366767759872e-15
-2.209343819004061506e-16
-6.330935775622492757e-15
7.616685060440886887e-15
1.951139250166988803e-14
-8.925304939566558005e-15
3.364863943033924424e-15
-7.641887123099876792e-15
-1.539135485728593375e-14
2.049804770365426628e-15
7.364553411548513749e-15
3.707145701525860008e-15
-9.147349544491589313e-15
-2.715050406720820130e-15
-4.652944696204030879e-16
-2.652433828131961295e-15
8.776424031964325182e-15
3.448796803695586283e-15
7.411959934700007100e-15
5.492273302820649476e-16
-1.354694134647616006e-15
-1.392086446116991341e-14
-7.442491067877199536e-15
2.635147655638547899e-14
4.722666702150490526e-15
1.567379559475057166e-14
1.727840093224131192e-15
-1.066469135224679093e-14
2.290945211314010695e-15
6.012967901369847444e-15
5.946132475287413380e-15
-1.700195539910964732e-15
-1.210198607992651836e-14
7.481237851436617916e-15
1.428268614489525039e-14
1.768585278227874495e-14
-1.839772778566839285e-14
-6.429856647116594009e-15
-3.425149053271070342e-15
-7.818079517107889501e-15
3.124722702807503036e-15
-1.058708676282549231e-15
-7.759681786012606684e-15
1.614042233200052607e-15
1.119793147097425332e-14
-4.427236355297737008e-15
5.463407504180395627e-16
-6.805667140952209474e-17
-1.997402243603119094e-15
2.061351089821528168e-15
-9.170775250311179952e-15
-1.240935132429399329e-14
-8.907430348870092834e-15
4.188427382700865463e-15
6.092903959142859575e-16
1.725286580267493169e-15
5.949130077453901417e-15
2.643218977027572673e-15
6.412648190234903957e-16
5.109690448534820563e-15
-1.393807291805160346e-14
1.588584819245397618e-14
1.540434446667404700e-15
-5.596856311740339044e-15
1.348443579018976309e-14
-6.670108909645478049e-15
1.219668810392704518e-14
-2.712519098224674993e-14
-5.267675184938980540e-15
1.638333912978851137e-14
1.049071940428802967e-14
-1.025923790365368365e-14
7.626677067662512097e-15
-9.640899190088703739e-15
3.238076473621731607e-15
-1.391353698920738710e-14
4.207079129514568011e-15
-1.514433023430683390e-14
5.288713911255626739e-15
8.477496482584002289e-15
-1.288075202054983422e-14
1.312738806547031341e-14
1.171962527024561574e-14
2.709332758144000883e-15
-8.095191184054329017e-16
6.114553308123049962e-15
-1.348154921032573810e-14
6.265432617169608143e-15
-3.163025397157070810e-15
2.668310017384101109e-15
-3.956834859764057973e-15
-1.304401031632096363e-14
-2.447486657786157783e-15
4.410027898416046955e-15
2.243316643557591252e-15
3.396283254630816493e-15
-8.918088489906494740e-15
1.326871945650509541e-14
-4.375833029257592153e-15
8.293365993949919327e-17
1.587763254207175181e-14
-4.730438263322866653e-15
-2.204958438056791955e-15
-2.046696145896475940e-15
5.511868739205283772e-15
-1.183109166191798042e-14
3.304823081862196260e-14
3.376188217885101055e-15
3.924749414352390785e-15
-3.871236664565458316e-15
-2.197719783936236159e-14
7.550737812778151667e-15
-6.938893903907228378e-16
7.302047855262117170e-15
5.219713550275173538e-15
1.234790047988099092e-15
4.916733686854968406e-15
1.604572030799999847e-14
4.022338018216942391e-16
-1.192634879743081931e-14
6.370126648391760953e-15
6.750155989720951450e-15
-7.825795567129034895e-15
-5.997979890537408052e-15
6.331268842529880317e-15
1.878941446875615030e-14
1.321254217145906246e-14
-1.919020498064583017e-14
6.450395773072159066e-17
1.865485543817157938e-14
2.535660570401887480e-14
-1.426792017866773787e-14
-2.205402527266642323e-14
7.351341757555474411e-15
1.564415263999308004e-15
7.151390590820483504e-15
-1.701327967396082277e-14
2.280398092580071341e-16
-1.300304308671229537e-14
1.339672817124437660e-14
-1.000610705403914783e-14
8.104850124368567259e-15
-9.139911050226601535e-15
-2.874078752768128005e-14
-1.614897104929013878e-14
-3.219868816017878875e-15
-8.560596675977194461e-15
-3.597755426909543712e-14
-5.700884209147715947e-15
-3.341105170306946225e-15
1.130873172883184446e-15
1.741906618946131761e-14
-1.365751955972882629e-14
-5.502820421554588140e-15
-1.894051582240763299e-14
1.619926415230565831e-15
-8.511191751381375752e-15
8.022582598243843197e-15
2.016531386317410688e-14
-1.441913255462168361e-14
-1.744937527803358396e-14
-3.055444786070893403e-15
5.207612119306759136e-15
-8.995804101630256014e-15
1.181466036115352853e-14
-1.535171989530681574e-14
2.547528854535130591e-14
2.707500890153369306e-15
-9.491185615218001228e-15
-1.773403646154747647e-14
1.211808431378358269e-15
-1.276756478318930021e-14
-3.985811680706774868e-15
1.238564806271824662e-14
-9.846234938493125545e-15
-1.573963182011084383e-15
-1.300071161836058246e-14
1.014610617744438117e-14
-6.296074772649263033e-16
3.239186696646356542e-15
-1.235800350940508075e-14
2.580713420741176489e-15
-3.210109955631424090e-14
5.137557046452911733e-15
-9.529821376474956562e-15
2.214084471319210851e-14
-1.333644306100722990e-14
-3.294120531904809766e-14
-2.008049282409274381e-14
3.221112265805459229e-14
4.652278562389256352e-15
6.379674566403537136e-15
1.873667887508645284e-14
1.135047611455775087e-14
-1.264155446989434438e-14
1.237909774687295847e-14
1.110977976281901623e-14
-4.908407014170279417e-15
-1.595779064444968905e-14
1.352207235072455732e-14
1.761923940080123303e-14
-1.334432564448206828e-14
-1.516453629335501396e-15
-1.885114286892530714e-14
-1.213806832822683627e-14
2.474354054982086274e-15
-7.051359496301756527e-15
-3.163358464064458370e-15
5.627165400312606178e-15
-2.404010324141836372e-14
-2.722044811775958882e-15
-5.563216554094197104e-15
1.048772180212154164e-14
1.363120727404520908e-14
1.528277504547759248e-14
-1.225597401344202763e-14
1.868294408069459743e-14
-5.087597010344780162e-15
-1.215416656208390060e-14
1.403832605717525416e-14
-1.511613056948135596e-14
-1.390509929422023506e-14
-2.601552306913390546e-14
6.474487612706525416e-15
-3.462996556180541837e-14
-1.462963084009061181e-14
1.561129003846417666e-14
-1.646938141419695848e-14
-9.133915845893625462e-15
-3.151590100003431922e-15
-1.896005574764103439e-14
-1.484545819607774410e-14
-3.706701612316010192e-15
-3.576028362317629311e-15
9.184097926606682336e-15
-9.408140932976039001e-15
2.999989145990866468e-14
7.188472039842964085e-15
-1.620625855736079903e-14
-2.197397819259094904e-14
2.949374078298205925e-14
2.864286585690934069e-14
2.148548006175587953e-14
-3.589428754224855038e-14
-3.787303803903796456e-15
-1.452182818439950870e-14
4.550360088728666275e-15
-1.032962604341491861e-14
-1.328692711410894814e-14
1.242028702108655124e-14
4.852784840636559727e-16
-1.111888359162094338e-15
3.828604100419852267e-15
4.888422999727026631e-15
-2.767452933483127664e-15
-1.412736594375019246e-14
-4.325428903939609976e-15
-3.228417533307492773e-15
-3.868017017794045371e-16
-6.910916283686674161e-15
7.629119558316688060e-15
-6.292077969760612120e-15
5.720979245893431779e-15
1.020650230998398935e-14
4.674260978276833707e-15
1.069977439982494616e-14
9.698020164705667841e-15
-9.060641126268365509e-15
1.667199711619105144e-14
-1.275046734861007321e-14
-1.039046626516437739e-14
-8.323564060219722971e-15
1.770694701974662267e-14
4.338307491025261754e-15
-1.836419905032471475e-15
6.876721414528219359e-15
7.306377725058155445e-15
-9.235279208041901888e-15
6.956657472301230504e-15
-6.161071652854843680e-15
2.644107155447272700e-15
9.848566406844838462e-15
6.608491531778781892e-15
-4.647837670290755032e-15
-2.754296790641319692e-14
1.334499177829684340e-14
2.948530308799490721e-15
-2.142064303711777004e-14
9.499179220995302658e-15
-4.418188037647041534e-14
1.118127812560487692e-14
1.701971896750364886e-16
-2.006173005497657801e-16
-1.338207322731932398e-14
1.035860286435763630e-14
1.504085744841177065e-14
-3.470224108070851959e-15
2.120303932429123847e-15
1.832978213656133622e-15
2.368327756130384014e-15
1.052247178279230930e-14
-5.899947197463007222e-15
5.485278897765510528e-15
7.404299395830093229e-15
-6.967093568732707108e-15
-1.858013742861430615e-14
3.652966817924152420e-15
-8.513745264338013183e-15
-2.587097203132771091e-14
-5.498601574061012911e-15
4.008460230409127342e-15
-6.983302824892234481e-15
1.408306804506764862e-14
-5.265787805797117440e-15
-1.213140699007908508e-15
2.161315570958777317e-14
8.163247855463851654e-15
1.267552729444787546e-14
-4.790723373560013360e-15
-6.894707027527146788e-15
-6.610378910920644204e-15
2.816713529085745833e-14
-1.160782581166586192e-14
1.006805749881323234e-14
3.335554055183820364e-15
5.850098183657337119e-15
-1.931454995940384663e-15
-1.256972304020109771e-14
-2.727484904596622092e-15
-8.377742943821430560e-15
-5.709765993344717799e-15
-7.747025243531879420e-15
1.949440608939312486e-15
6.967093568732707108e-15
-5.418776538590464024e-15
-6.183054068742421824e-15
1.800448679034616223e-15
-9.807155088026319606e-15
-5.448197448743030735e-15
1.608269073472001837e-15
-1.062550047947752353e-14
-1.151390094378257327e-14
1.497180157628008750e-14
4.503952766299334813e-15
-4.623412763749001714e-15
8.156586517316100462e-15
-2.180478020363807509e-15
-7.087552766904536687e-15
2.401245868810519786e-14
2.547151378706757813e-14
-2.301603352350412049e-14
-3.232414336196143094e-15
1.600430898918148119e-14
-7.105427357601002253e-16
-3.305911100426328744e-15
2.404343391049223932e-14
-5.428546501207165508e-15
8.072431612049513103e-16
3.927747016518878821e-15
4.821032462132279704e-15
2.188171865924459662e-14
2.526023834548141177e-14
2.634004125923184050e-15
1.456468279315004242e-14
1.189903731102504100e-14
6.787903572558206954e-16
4.807265696626927899e-16
-1.409217187386957419e-14
-6.328271240363391738e-17
-3.838040996129165995e-16
3.328115560918831796e-15
6.777911565336581153e-16
-9.702239012199243859e-16
1.522948434029558611e-14
-2.051037117922760598e-14
2.370215135272246720e-15
5.178857342968967544e-15
5.484945830858123757e-15
-2.075339899931805276e-15
-5.099476396708269261e-15
1.306599273220854256e-14
-5.623279619726418311e-16
-1.463562604442358788e-14
5.187628104863506350e-15
2.329636483722197315e-14
-1.406597061048842003e-14
-1.351341261113248077e-14
-1.710853680947366146e-16
-4.198175140857074181e-14
1.768918345135261897e-15
