-1.727029927314579494e-01
8.200386158108318585e-03
-4.196085671945888607e-02
1.810313194698006112e-01
5.838621983413612160e-01
1.835302595532156689e-02
-2.926316288896809240e-02
-4.216006067283249031e-02
-1.725000992845191206e-01
1.886162643569660666e-02
-1.204249479298014069e-01
1.533985835027196487e-01
-1.313691742575464894e-01
-4.432455658780524305e-02
-2.892896616389341036e-01
-1.883472151189763411e-01
2.590376192019511747e-01
-6.608462902226863722e-02
4.281477021874122713e-01
-7.175114275925315380e-03
-3.388543748260693933e-01
3.633090631734951781e-02
1.943210464519576908e-01
6.281919464686763765e-01
-2.094157026936233901e-01
-1.890463785141643926e-01
1.574743565376729437e-01
-7.575111419243762967e-02
1.916572584904041865e-01
2.497770052724100978e-02
-1.752149312811324133e-01
-1.112157686370894016e-01
-2.855593020222498835e-01
2.041326901560899798e-01
-1.368960979758107044e-01
-2.391362545123745242e-01
1.289846764346248009e-01
4.919290966131697473e-01
6.550628101997063579e-02
6.506118098860233512e-02
-1.224692815648916189e-01
-8.387798205550225927e-02
-9.897625615254990183e-02
6.200973260466918768e-02
-1.707518882412349670e-01
-1.619415463861904603e-01
-2.677072908846593879e-01
3.039806841084267616e-02
1.843873743210779625e-01
-2.511509026488667473e-01
-6.412032071060343175e-02
1.766642078629624135e-01
1.377791327777790897e-01
8.961119055698882341e-02
9.523657955703149214e-02
-3.154824165572606143e-01
-7.875658776536849370e-02
-3.734257611178051772e-01
1.693848520614818776e-01
7.091096227753765358e-02
-1.013123708004163986e-01
-2.481886814511073680e-01
6.288592530972121619e-02
2.643600251008920016e-02
