7.281410836229493515e-04
5.563255759748529736e-04
1.342803743099611844e-03
2.807481156568930256e-03
4.367457531958706188e-03
6.018361971102559327e-03
7.319667112166577429e-03
8.070640083014083907e-03
9.193896938284843931e-03
9.655485240323481710e-03
1.076520232137280486e-02
1.207334751743579203e-02
1.581846900634220274e-02
1.847031395753819666e-02
2.307140344455541059e-02
2.458210811323813250e-02
2.401032367496841458e-02
2.260508027883142285e-02
2.024711110947333484e-02
1.854480053664663355e-02
1.791248542150385148e-02
2.176154673223680211e-02
2.760666629620068049e-02
3.451715245790803327e-02
3.785293980819907922e-02
3.859325045878864158e-02
3.600799947896620584e-02
3.285411972648388801e-02
2.783162633552683368e-02
2.395929543586317739e-02
2.420397086853864205e-02
2.667791681117819697e-02
3.205413233022228608e-02
3.880410859071813795e-02
4.262429743661838577e-02
4.334606183088991760e-02
4.270158733048491639e-02
3.853500511141571411e-02
3.544996245168436505e-02
3.300076977316525328e-02
3.302980960352282919e-02
3.296345100885787055e-02
3.615981006875796516e-02
3.923774061621306680e-02
4.237217345130660229e-02
4.514187021591382909e-02
4.452321189322725609e-02
4.356071987192226130e-02
4.271107622752883665e-02
4.126505968215612302e-02
4.102137442795620453e-02
4.300352428123787457e-02
4.392072793034394740e-02
4.530970987195227784e-02
4.579351161728254654e-02
4.879056319865496955e-02
4.961818342506427865e-02
4.972964722259940601e-02
5.065881981365428360e-02
5.010962564645743411e-02
5.093936332238234443e-02
5.256276157225694967e-02
5.251240962751592412e-02
5.279531792195841372e-02
5.385433018551846751e-02
5.497391178220019381e-02
5.629277111088454300e-02
5.680025873605495240e-02
5.698632259658364951e-02
5.850068212239987325e-02
5.952313346053062643e-02
5.907193136969862701e-02
6.070279962444503907e-02
6.369300115721494848e-02
6.251686276451276503e-02
6.240842834434749686e-02
6.513930114561644613e-02
6.483067899057873285e-02
6.552366204513494774e-02
6.688808199955104117e-02
6.579519470192442265e-02
6.818345719687379791e-02
6.888494186021597299e-02
6.937965316787976511e-02
7.126507010885635429e-02
6.931381532277847146e-02
6.912240747008659147e-02
7.164403303957599112e-02
7.199311917835837793e-02
7.321070126844138326e-02
7.367594080947224844e-02
7.459424126582735182e-02
7.671375693094228954e-02
7.449732436694271598e-02
7.765299220299225202e-02
7.763938457274194294e-02
7.763723566514255103e-02
7.730540717929697270e-02
7.884733786252327847e-02
7.993003760706848815e-02
8.050255425977466406e-02
7.992601090112712303e-02
8.209590809846348258e-02
8.107110633130963639e-02
8.096307603672250885e-02
8.300997230049673992e-02
8.315961056282696051e-02
8.317986318520347033e-02
8.445617143963293771e-02
8.467895331438093920e-02
8.318819654533374242e-02
8.559232841713165785e-02
8.570187180709576413e-02
8.553489640193932819e-02
8.541301705708574665e-02
8.819582647267669440e-02
8.690662170695515054e-02
8.868930938439940903e-02
8.765017583377472665e-02
8.817680164247433672e-02
8.868692822383264507e-02
9.027111391119815864e-02
8.691275857631840240e-02
8.875738710922399799e-02
9.037622025655106528e-02
9.062527047811033687e-02
9.169369653582087887e-02
9.082186738550920846e-02
9.101126234839607143e-02
9.285699024768707954e-02
9.120969881867849183e-02
9.142450339821851790e-02
9.304475059342616483e-02
9.275912482245410318e-02
9.262498682014655427e-02
9.080279426425059974e-02
9.233450336780142653e-02
9.372186947489111186e-02
9.424050345086484870e-02
9.445136679094195964e-02
9.361919392138179363e-02
9.352939513865292376e-02
9.610904543882896334e-02
9.365383080647761427e-02
9.387542846830360110e-02
9.474163352425783724e-02
9.530704678008619646e-02
9.405069517708360138e-02
9.509849446748833146e-02
9.374577088604688080e-02
9.431902766296984542e-02
9.426209449678578378e-02
9.412478717360181490e-02
9.617914679719825888e-02
9.551781548047776071e-02
9.493630974525324451e-02
9.598301992002289396e-02
9.498942547555914995e-02
9.551204926173484377e-02
9.536376230152461553e-02
9.624402981607715901e-02
9.461746213615204737e-02
9.407673352668809164e-02
9.576255691530352609e-02
9.482885565173007625e-02
9.578090655794470332e-02
9.484515702966415940e-02
9.595928922907555336e-02
9.593557829773803614e-02
9.561970649899147190e-02
9.527003625799186637e-02
9.660933159245234381e-02
9.479419299830246781e-02
9.494928604633250113e-02
9.425747234400272401e-02
9.507530378788070502e-02
9.585554907104436306e-02
9.430847599529615377e-02
9.488863347976536633e-02
9.471047244313890445e-02
9.456126003630790922e-02
9.413228801851274141e-02
9.538273685601593443e-02
9.468293378030999408e-02
9.397888256779647620e-02
9.405289699504293388e-02
9.412054175574040282e-02
9.428752780594859551e-02
9.357032486814917394e-02
9.409287849881521615e-02
9.479277563822227637e-02
9.305294883880263490e-02
9.383333089874862365e-02
9.383034419419172822e-02
9.261184930883709088e-02
9.412194796295625387e-02
9.374272148344695021e-02
9.348840639532386698e-02
9.277271093696520810e-02
9.318504775567572340e-02
9.305115208925018866e-02
9.255632837432690996e-02
9.311305092205038325e-02
9.320965196009117770e-02
9.233913071801050365e-02
9.226749474928708228e-02
9.236436464718243700e-02
9.246145539654757051e-02
9.197433155955540840e-02
9.170127276302293684e-02
9.203439138933335040e-02
9.231949765180751111e-02
9.157067982966132780e-02
9.127583764496594032e-02
9.150526843821921164e-02
9.199605777521401018e-02
9.104379046929922392e-02
9.104974913928677582e-02
9.142081208989895347e-02
9.089678622091715288e-02
9.148894853373522318e-02
9.024870036704688014e-02
9.088592780523950532e-02
9.111062226648096452e-02
9.032592146793948229e-02
9.055306518402041205e-02
9.060761359707693308e-02
9.018843214454680401e-02
9.023894946520950866e-02
9.041918017123994067e-02
8.958829750577713968e-02
8.967704232490950056e-02
8.933633467947088569e-02
8.974723198150352799e-02
9.022107065367133971e-02
9.026404938817098045e-02
8.993288377178410009e-02
8.946901028431834824e-02
8.939285296508575618e-02
8.966544670146558982e-02
8.925551104886737808e-02
8.886999430792318078e-02
8.911941846805407352e-02
8.922932954251405757e-02
8.846418171633020633e-02
8.865876335943191633e-02
8.864783590679234382e-02
8.878442029925381895e-02
8.818806276541983624e-02
8.895789407287336970e-02
8.872834241085236773e-02
8.861391068947030436e-02
8.880093993932980379e-02
8.827866562383725191e-02
8.892092573957319224e-02
8.778418295181281139e-02
8.877378505715165236e-02
8.840586818750303943e-02
8.836624901034385859e-02
8.800048139532609670e-02
8.832040176801762843e-02
8.844840201969260407e-02
8.865312070353280338e-02
8.873981341627536212e-02
8.856249067414603826e-02
8.853354566278628934e-02
8.842082548914510787e-02
8.813544330053801890e-02
8.816278578893585460e-02
8.853798247071248406e-02
8.879909341622911623e-02
8.864719766411072177e-02
8.828576333589795155e-02
8.876985109885672520e-02
8.901482791891454638e-02
8.886580256708277725e-02
8.880098176267409160e-02
8.851899075708315190e-02
8.888310135136145984e-02
8.902924027276519492e-02
8.885409100332369858e-02
8.930524924849372881e-02
8.950107142405376581e-02
8.921745733604373452e-02
8.900591013357396497e-02
8.989857955606403439e-02
8.915876711835525603e-02
8.969782945567954247e-02
8.967631656203088608e-02
8.973182086888789599e-02
9.006131086930221907e-02
8.946739703487639750e-02
8.982557366712247415e-02
8.966403604429380725e-02
9.043368521380781844e-02
9.023837091210561157e-02
9.065403312682265846e-02
8.992856908690680107e-02
9.068759232446649277e-02
9.082565277357680655e-02
9.072076235309216308e-02
9.151104005844233613e-02
9.164637284280348350e-02
9.154227473152645733e-02
9.137134853198973505e-02
9.112991236605164080e-02
9.221180038727475048e-02
9.191565184496182372e-02
9.185835106188272592e-02
9.221548945419465182e-02
9.205790537537901497e-02
9.231161917341998424e-02
9.275374678314488031e-02
9.278346158200627414e-02
9.283771060881895743e-02
9.323302165648983397e-02
9.346372823965296006e-02
9.343221476985127949e-02
9.327025905953878482e-02
9.405213971317502586e-02
9.405302358031784882e-02
9.391005658595423522e-02
9.465093917925669620e-02
9.487528207203736741e-02
9.528032544093154033e-02
9.514149120079955224e-02
9.518328221717235749e-02
9.579124300639450806e-02
9.515242453042059567e-02
9.618409117301197908e-02
9.584810075701373500e-02
9.615110483859408419e-02
9.669631451918851706e-02
9.660597284850308553e-02
9.700293716780446218e-02
9.721657582335864467e-02
9.718681479818681856e-02
9.756466974464174380e-02
9.801239949480282376e-02
9.785893272341281146e-02
9.880028948141787726e-02
9.851163221820716243e-02
9.854439437088635678e-02
9.894394343843790351e-02
9.906461837981611618e-02
9.959307124899204056e-02
9.974011966359962178e-02
9.975018098962566693e-02
1.004294521463861278e-01
1.006422346037500193e-01
1.004943063758865218e-01
1.006515393521900947e-01
1.012520954075138563e-01
1.015193043187447158e-01
1.012987185274559498e-01
1.018104332036124521e-01
1.023340925662248879e-01
1.025516473640947224e-01
1.029511611586085562e-01
1.026096928849596773e-01
1.037284090515831342e-01
1.035488730234400967e-01
1.037870362388834955e-01
1.041083952184204825e-01
1.045336190088820005e-01
1.046386502455920048e-01
1.048776851220760697e-01
1.051264258082539871e-01
1.055431827553488244e-01
1.060462213065543474e-01
1.056629575835702356e-01
1.061955322857149053e-01
1.063740506358333282e-01
1.065603375834378030e-01
1.068570403859294832e-01
1.072423912987737343e-01
1.074351254068721118e-01
1.076184616311885445e-01
1.081297812873963926e-01
1.080628371201212135e-01
1.082363374300218534e-01
1.090266121846368286e-01
1.093075392402931695e-01
1.097708681998251501e-01
1.095591663772705060e-01
1.102119364794733741e-01
1.099375171383243921e-01
1.104354912117902626e-01
1.108566862023794980e-01
1.111303096698838672e-01
1.110863846293352747e-01
1.118130910632020997e-01
1.118699681481760411e-01
1.124562748644579446e-01
1.126445205471579836e-01
1.132077290112946666e-01
1.132448223589617442e-01
1.132228770431330800e-01
1.137639935553352577e-01
1.138276864609578803e-01
1.145807082396804871e-01
1.148045950162690926e-01
1.144112896118813782e-01
1.150083142225780813e-01
1.153411003746955960e-01
1.157848723922520751e-01
1.159998081714651019e-01
1.163274798564276347e-01
1.169478101203864778e-01
1.173264470863531056e-01
1.169301694746025522e-01
1.176131666272332565e-01
1.178020857232747187e-01
1.180713258498328616e-01
1.191628834973775947e-01
1.190681038301832084e-01
1.191558464888408386e-01
1.190218949064509868e-01
1.196311976706558589e-01
1.196684377836173818e-01
1.204033377828475082e-01
1.205902982901162351e-01
1.206431217225163027e-01
1.209695019504894165e-01
1.214535424915958450e-01
1.217972918736805604e-01
1.222400589314776437e-01
1.220298121072528469e-01
1.225468470722511499e-01
1.228015448182263325e-01
1.229151331881875031e-01
1.235145605687782144e-01
1.238194757893105596e-01
1.240118874924961007e-01
1.244219811916105894e-01
1.245082208021489056e-01
1.249793679571704064e-01
1.251846189068199222e-01
1.252272200831484605e-01
1.254552719428063123e-01
1.258736736735660000e-01
1.264846058084145575e-01
1.264722199887820808e-01
1.270787905160034315e-01
1.272295523422544428e-01
1.275244414844014795e-01
1.279093104701146399e-01
1.279155127230951206e-01
1.283808712203944880e-01
1.288600869187340459e-01
1.291374574344708037e-01
1.294202925945224236e-01
1.294098488005264447e-01
1.299716851471705015e-01
1.301319457909000388e-01
1.304916263990305858e-01
1.306361543634416700e-01
1.309689578405815735e-01
1.316370562682727952e-01
1.316864114769860650e-01
1.316738275064473773e-01
1.322530312850234424e-01
1.324440441882862585e-01
1.327655317841643368e-01
1.330687199936662068e-01
1.333146382425469123e-01
1.336826776125277227e-01
1.337321375864043982e-01
1.340030043446648056e-01
1.346320475620080559e-01
1.350125371758439941e-01
1.350730106232644612e-01
1.355086344368261475e-01
1.356483277200992710e-01
1.362022609064202638e-01
1.362637315086535073e-01
1.366399880594828808e-01
1.367190534416254655e-01
1.374347985913655923e-01
1.375331856275970877e-01
1.373719417247679930e-01
1.379511535574888259e-01
1.382613002620745324e-01
1.383442483866051675e-01
1.387872505543573942e-01
1.389503244748414301e-01
1.395863545524124172e-01
1.399336412506445859e-01
1.399267976182754225e-01
1.402043692925395157e-01
1.408061919023020359e-01
1.405001069720847595e-01
1.409236503957418951e-01
1.415043966724697233e-01
1.414974751549666343e-01
1.417128897016528555e-01
1.421002836046567908e-01
1.424210227441919940e-01
1.425133744768914135e-01
1.428780380590094212e-01
1.431650971552801688e-01
1.435991573688265854e-01
1.438289156663313251e-01
1.439410324828106214e-01
1.443012117042858922e-01
1.444740687825282754e-01
1.449199072806661714e-01
1.447366782201963131e-01
1.454115695958488885e-01
1.457114473620403361e-01
1.458882152963189849e-01
1.458951432050900332e-01
