7.322635736026886222e-02
-1.760745426540801795e-01
-1.839389864904337688e-02
1.141197013922163189e-01
-3.126115166413501872e-02
-8.518256189559010941e-03
-1.974718762523106769e-02
-1.059672556412511596e-02
4.967942607802136590e-02
1.995582005865721015e-02
-1.885436223255227903e-02
4.698367351016571186e-02
-1.185845678557958527e-01
1.695588983450229958e-01
-2.594802176273867944e-02
-6.821995563154215070e-02
-2.819544784774416848e-02
-8.163239910607075767e-02
-5.209288079030032804e-03
7.055173960687138868e-03
2.903767254188310484e-02
-2.672794510707723198e-02
-1.254881614705007174e-03
-5.355678527329372877e-03
-3.954889433042883123e-02
