8.000500117047941728e-01
5.397778483344249818e-03
-3.191598457160381708e-01
-8.353248133090773742e-01
1.580715521201249585e+00
9.066023224189768970e-02
-9.620553449246609379e-01
1.215642130325343517e+00
-3.180451838728329816e-01
1.163068085966019849e+00
-1.532044219110540173e-01
-1.916747010401348705e-01
5.099838201118487291e-01
-5.580472273036470865e-01
-3.500019690751610124e-01
3.044128360542358025e-01
-7.458210325531513529e-01
5.356007390920550781e-01
-1.261262272836003895e+00
-4.003840185597609680e-02
-4.749705357986147569e-01
5.106221196521729677e-01
2.241636428796372482e-01
-1.322678798160962454e+00
-1.397050657948796459e+00
3.587640804501436853e-01
1.444909063184419473e+00
1.912408337849374584e+00
-5.284132480312087043e-02
9.870913554414576518e-01
-1.037902954149094059e+00
-1.297492200831621201e+00
9.143417568138187956e-01
3.150739464631937548e-01
-7.614546022236065581e-02
9.949430596411034111e-01
3.608365726969253728e-01
-1.676714443085305373e-01
1.248825598951602833e+00
3.211678281789814848e-01
1.514367480607015537e+00
3.132483151000039490e-01
-8.129200404241200273e-01
-8.909749821296205630e-01
4.927419726506173520e-02
-9.735201724810909063e-01
-8.398980411466341334e-01
-1.518882309187462587e-01
3.944830961292644655e-01
-8.794548489547977521e-01
-1.675425913104016562e+00
8.066030732218582022e-01
-8.261914153284741213e-02
-4.044103903664327815e-01
-1.419454059592820006e+00
1.645632215706187340e+00
7.738160485401555100e-01
-1.681216632957166279e+00
8.675667603855768961e-01
5.767858019455138208e-02
3.899639397506026173e-01
1.480693352544179886e+00
-6.800766209604527379e-01
-7.457412819164012385e-02
