-9.161511377017166405e-03
-7.052614243335879676e-03
-4.069928032021437152e-03
-5.101822845126359300e-03
-4.411600602931687980e-03
-3.145061865323481049e-03
-4.271803968922687975e-03
-4.078173247815621363e-03
-8.131506071167048100e-03
-8.673499088328892256e-03
-1.237287358002355127e-02
-1.031403853913573539e-02
-1.111468499513478675e-02
-7.497143549324777022e-03
4.974870326868794778e-04
4.120969167541342279e-03
9.171011721453745449e-03
9.838106382241317699e-03
1.217091105596231071e-02
8.515056938539539502e-03
2.301977834599270526e-03
1.098193985039756446e-02
1.506585826052121886e-02
1.795245739495766532e-02
2.300602685391638785e-02
4.132057423106430538e-02
4.203264247605030535e-02
5.399628099228839101e-02
5.702548383462255344e-02
4.747496446467219106e-02
4.472057679953855142e-02
5.937354589869905247e-02
5.802758291902895826e-02
7.370184562268596029e-02
8.131315391219368083e-02
8.647804089683312767e-02
1.000482257031523742e-01
1.079284718138613514e-01
1.268733999074257990e-01
1.087834807444487406e-01
1.203484482748418405e-01
1.351109287755068167e-01
1.289988298565128422e-01
1.336057561381207015e-01
1.476756700633647112e-01
1.585576364689140205e-01
1.796031228346413877e-01
1.733693891482949445e-01
1.891526702659881432e-01
1.949743381197511227e-01
1.965833096344329345e-01
2.032919813529294184e-01
2.123722158303107677e-01
2.172664383720309400e-01
2.273990732769320955e-01
2.307736651164868646e-01
2.366622543684118452e-01
2.528891481151341880e-01
2.611562930429802698e-01
2.728368673397162381e-01
2.764320484739219985e-01
2.791281443790113448e-01
2.888213983801478091e-01
2.993603497364660804e-01
3.064028439813271665e-01
3.152183676718944283e-01
3.288525974451876333e-01
3.377330479539660812e-01
3.440569787563761417e-01
3.505138110389441342e-01
3.558484798597306709e-01
3.688634886049091954e-01
3.738493655566729745e-01
3.725052150111261007e-01
3.891350823157648242e-01
3.980025783523688521e-01
4.086973192584221204e-01
4.153665239747340587e-01
4.201577764321571262e-01
4.295851053059582259e-01
4.436905223168809420e-01
4.480621031816998112e-01
4.527244913051394204e-01
4.642108130567477731e-01
4.695244574791392900e-01
4.814541718973958107e-01
4.955467180063327093e-01
4.981567065189300147e-01
5.066230467073071786e-01
5.157964813325227604e-01
5.210969212305690546e-01
5.330532684831269519e-01
5.354483979250179715e-01
5.456390703688548394e-01
5.537516399164281733e-01
5.601642494711277509e-01
5.716453259057754366e-01
5.768097812585571971e-01
5.783098336401656381e-01
5.944857687427919091e-01
5.972610891769316588e-01
6.093975229474181132e-01
6.143144470861759965e-01
6.235866402372043371e-01
6.343475638657738447e-01
6.388895406052315096e-01
6.507312904133647491e-01
6.564975294203631018e-01
6.598439099693168552e-01
6.736998221371349738e-01
6.803688714915663294e-01
6.827327911132881066e-01
6.922952354474649628e-01
7.004591922231123702e-01
7.140336890439213935e-01
7.135783786758360669e-01
7.236894232177984998e-01
7.309395071981699132e-01
7.389588786964380596e-01
7.471480218149159080e-01
7.534698732629699913e-01
7.596516822260039881e-01
7.708934139922275497e-01
7.780679691033686174e-01
7.820049378847105936e-01
7.880809508221029436e-01
7.953074847516556911e-01
8.038898860996872564e-01
8.137342917770421513e-01
8.156520361362982197e-01
8.280568774607354188e-01
8.328013656874666548e-01
8.403076323372509204e-01
8.463983103135003239e-01
8.577307703867267374e-01
8.624621811177713981e-01
8.703865714046457036e-01
8.755753764604522482e-01
8.821066793284249030e-01
8.896386679384238327e-01
8.966588752187399924e-01
9.034412089241400379e-01
9.076555668846432168e-01
9.189835588082342355e-01
9.262635012852297178e-01
9.326075094436588886e-01
9.389902255579001267e-01
9.445309358958784429e-01
9.533708638404283509e-01
9.622559193940766198e-01
9.637181646613653951e-01
9.738156055123766697e-01
9.767224415153308303e-01
9.834752859942821335e-01
9.900258108419960346e-01
9.968187839611878376e-01
1.004984130151902244e+00
1.011634747679293067e+00
1.018738119774009521e+00
1.022964638312149788e+00
1.029607593590535997e+00
1.038101133436859502e+00
1.041077833425812393e+00
1.049354010820699123e+00
1.055599785052755202e+00
1.059995988344999196e+00
1.069491056847376331e+00
1.074255118050503333e+00
1.080089622200438360e+00
1.085412970805932131e+00
1.092032473771620049e+00
1.098103594195427135e+00
1.106585199464316549e+00
1.110190217783327826e+00
1.117172495650897934e+00
1.125215115250796316e+00
1.128893628704743524e+00
1.137328655612823258e+00
1.141503409994315543e+00
1.148363319386972892e+00
1.151938944519707686e+00
1.160474315659210776e+00
1.164794106937963036e+00
1.169048664727085241e+00
1.180563675950575098e+00
1.184977362276761870e+00
1.187031329729364870e+00
1.193015855281271964e+00
1.199975801937752662e+00
1.204930125045562628e+00
1.209892713338014625e+00
1.216256164705955545e+00
1.217896820015120118e+00
1.227172715067370579e+00
1.234039235072744711e+00
1.238222031249606614e+00
1.243327522497911009e+00
1.249320492892366019e+00
1.256089019835735288e+00
1.257997489028007898e+00
1.265646709547517901e+00
1.271936382631052131e+00
1.275834392783879112e+00
1.281986064494577526e+00
1.289159589856665011e+00
1.292903959347480924e+00
1.297170309744782646e+00
1.301951647263903222e+00
1.309113244984316804e+00
1.313742408281952434e+00
1.319383280173391793e+00
1.323271578784641411e+00
1.330006265988219916e+00
1.333138700627438444e+00
1.338715721578294993e+00
1.344082065588050989e+00
1.348083294054657211e+00
1.355379225877658911e+00
1.360393366064260867e+00
1.363069375739001110e+00
1.367673234559853235e+00
1.373126972881168362e+00
1.378557885242194470e+00
1.383174016576673271e+00
1.388413109778017906e+00
1.390822645630470866e+00
1.398211100234985960e+00
1.401293238679517827e+00
1.407378044206788914e+00
1.413751029670112569e+00
1.416760692391995535e+00
1.420943864928893241e+00
1.426140894450753649e+00
1.431155151105226953e+00
1.434784141918383327e+00
1.439108156341053490e+00
1.445140502661076187e+00
1.450294984740326365e+00
1.454177498193691465e+00
1.458065248203107789e+00
1.463838099030912554e+00
1.469165296953811373e+00
1.471588645525113703e+00
1.475774688100049747e+00
1.482016885282273488e+00
1.485242635447918902e+00
1.490331224106490549e+00
1.493563621770656935e+00
1.500133318594951026e+00
1.502985192621835164e+00
1.508191574102556443e+00
1.511530433696772979e+00
1.514876590022806502e+00
1.519922983850334086e+00
1.522190962392794056e+00
1.530010484922319947e+00
1.532419420506752950e+00
1.536503456009830515e+00
1.541577868727787903e+00
1.545872819149221034e+00
1.550352007514548047e+00
1.554408463678296659e+00
1.557284276049833327e+00
1.559191946346299540e+00
1.565689909088645360e+00
1.569285931714050841e+00
1.574120910956204211e+00
1.577986954359400062e+00
1.580550458258915825e+00
1.584515472685011028e+00
1.589977996701546159e+00
1.592167073475732497e+00
1.597527771751416914e+00
1.600307394461313315e+00
1.604797732903276319e+00
1.608508770535414856e+00
1.612376149109345347e+00
1.616108029565961335e+00
1.619583284139132884e+00
1.622844548901220652e+00
1.627112746907486640e+00
1.630298122776258740e+00
1.633373571856210571e+00
1.636915884595329107e+00
1.643271550389143076e+00
1.644642995306141886e+00
1.648663134059715096e+00
1.652885017848463756e+00
1.655246168071995871e+00
1.660603762005895545e+00
1.664292320624851218e+00
1.666928776094418918e+00
1.670006870181010461e+00
1.673626448746532214e+00
1.678603095535117218e+00
1.679740323604737240e+00
1.684355875465752606e+00
1.686647462755703764e+00
1.690100688959814690e+00
1.692063440263672947e+00
1.697240762972103356e+00
1.699808778828147959e+00
1.704064727293613357e+00
1.706591229530494580e+00
1.710126592546430846e+00
1.714104097553939221e+00
1.717799765033930282e+00
1.721177635651875093e+00
1.722916719682536346e+00
1.726855235794168664e+00
1.731101632109171007e+00
1.732597834673958337e+00
1.736813964429398727e+00
1.739600538230559490e+00
1.742558959203494018e+00
1.746518030733387405e+00
1.748736378195969721e+00
1.751981391509451091e+00
1.754441218536010316e+00
1.758097877839149170e+00
1.761462222131567446e+00
1.764164835126034614e+00
1.766673223320608610e+00
1.769702647104359983e+00
1.772908067748827809e+00
1.774697916119104546e+00
1.778804581290072795e+00
1.780840189859324685e+00
1.784158370254141479e+00
1.787542717614638565e+00
1.789738142730229020e+00
1.792713303210131670e+00
1.795369611916157737e+00
1.797696054204855898e+00
1.801866420576506700e+00
1.804733832383203618e+00
1.807419324679157446e+00
1.810473704347072887e+00
1.813356232985296801e+00
1.814835309049429135e+00
1.818801502187148644e+00
1.820409151229370304e+00
1.823187066180858240e+00
1.826098056418263171e+00
1.828755055609719182e+00
1.831554963988252238e+00
1.834424177198776595e+00
1.837257460758215277e+00
1.839886104431883274e+00
1.841401878151037286e+00
1.845071832179074001e+00
1.846612181469691194e+00
1.850005998872188195e+00
1.853459103926478280e+00
1.853899472512372526e+00
1.856518672736773734e+00
1.860474601538992800e+00
1.862420372109577338e+00
1.865856433963119621e+00
1.867279455919737208e+00
1.869765216672885977e+00
1.870987207454076984e+00
1.874976277673890523e+00
1.876663327148232696e+00
1.879427867255331730e+00
1.881403930246707823e+00
1.884050583411603919e+00
1.886100267552565546e+00
1.889174103873971999e+00
1.891388467726509148e+00
1.894509417431281539e+00
1.895705453696811871e+00
1.898712281766738563e+00
1.901167883977466611e+00
1.902468762932220114e+00
1.906016469949697534e+00
1.907571502979725997e+00
1.909949996873527622e+00
1.912034796772227097e+00
1.912976980681588834e+00
1.916384857131163688e+00
1.918107580184631678e+00
1.920529045759509001e+00
1.922949987263743665e+00
1.924622190717629966e+00
1.926470404428626937e+00
1.929554600242019413e+00
1.930804286448508211e+00
1.933754425192631077e+00
1.935609419388494512e+00
1.937002209661740304e+00
1.939017435684749602e+00
1.941588068890700791e+00
1.943192506134510777e+00
1.945444460162041977e+00
1.947647562699923229e+00
1.949895990654780142e+00
1.951789109047001869e+00
1.952879325703990254e+00
1.956557848062795424e+00
1.957339718703214215e+00
1.960450403927250784e+00
1.960729414641882773e+00
1.963362104416649156e+00
1.965414015652089841e+00
1.967800816668642483e+00
1.969432523618645847e+00
1.971825306152626078e+00
1.973704640354881468e+00
1.975020843707002705e+00
1.976313701111420462e+00
1.978834495809304928e+00
1.980693731201732088e+00
1.981353312935439037e+00
1.984715136042572547e+00
1.986451050144416142e+00
1.987785733870290228e+00
1.989644607482024652e+00
1.991034843683381350e+00
1.993333493121194344e+00
1.994796665930158142e+00
1.996254215962114609e+00
1.997942937261843799e+00
2.000698670823033432e+00
2.002016877517901250e+00
2.003636269637657286e+00
2.004495529199053827e+00
2.006923838545115579e+00
2.008340089688348762e+00
2.010763660357021809e+00
2.011792087032597820e+00
2.013712816351873602e+00
2.015030918900613699e+00
2.016739098104847194e+00
2.018406367320905392e+00
2.020556558944009762e+00
2.022063879515168860e+00
2.024031769624345944e+00
2.025011051935950768e+00
2.026068117787445111e+00
2.028656282527812493e+00
2.029764940860427913e+00
2.030312851226922177e+00
2.032914707684226663e+00
2.034292272759470332e+00
2.036324300619086980e+00
2.037639531631290968e+00
2.040077975353047357e+00
2.040280817737641694e+00
2.042102141302029938e+00
2.043711264246697024e+00
2.044556846820366758e+00
2.046518434010572207e+00
2.048006047303311927e+00
2.049565532990525352e+00
2.050676042712435088e+00
2.052015276123044352e+00
2.053619071669062102e+00
2.054799835489534487e+00
2.057227403051203662e+00
2.058346958296557894e+00
2.059164472659570144e+00
2.060703456825483837e+00
2.062572921203694065e+00
2.063425240154329376e+00
2.064933169639569854e+00
2.066188173129921868e+00
2.067535979516414102e+00
2.068955670038223449e+00
2.070077701650041568e+00
2.071731298604480465e+00
2.073255570952913462e+00
2.074264909443628291e+00
2.076158180754109406e+00
2.077167980329730934e+00
2.078854832909426520e+00
2.080324500195030790e+00
2.081495294934980755e+00
2.082998183771493483e+00
2.083785477392980923e+00
2.085885407938179448e+00
2.086945287274371008e+00
2.087731077127835455e+00
2.089112782788171252e+00
2.090150742202873779e+00
2.091387422007049857e+00
2.092347320063596694e+00
2.093776523420761038e+00
2.095440849777048253e+00
2.096866839397932392e+00
2.097817408024959196e+00
2.099291947482804233e+00
2.099967784972708085e+00
2.100957229822470129e+00
2.101882246450577085e+00
2.103066068823712165e+00
2.104585818895790883e+00
2.105789538262653249e+00
2.106799735541271090e+00
2.107889092840180556e+00
2.108963791489059325e+00
2.110292704376756756e+00
2.111226692555431494e+00
2.112151967882053505e+00
2.113802581053346508e+00
2.114369499404412878e+00
2.115996132807119512e+00
2.117281252389809243e+00
2.117687097669188390e+00
2.119178238046889984e+00
2.119975478892103471e+00
2.121259432429384972e+00
