-1.886394525871071814e-01
6.481095706925257133e-03
-3.830799709258055769e-02
1.801317469194163023e-01
5.506258961104952832e-01
1.818210836719173773e-02
-2.834444749426616103e-02
-3.705748442571116241e-02
-1.552785154535389067e-01
2.430343807802516631e-02
-1.272389364428286873e-01
1.496623541849528560e-01
-9.973887768297813594e-02
-3.386462199483855628e-02
-2.798684712736589364e-01
-1.932613618711683801e-01
2.487528429303374755e-01
-6.734871965871855326e-02
4.258471555925857910e-01
-7.753957084546590772e-03
-3.270672577299351680e-01
3.609351329886627963e-02
2.159722818802321531e-01
6.277956706127781894e-01
-2.040516944558245505e-01
-1.956316935469904483e-01
1.728276942644086656e-01
-8.855489398984968397e-02
1.931712833351822145e-01
2.698362367744509827e-02
-1.346221741681893902e-01
-1.164747390948034228e-01
-2.755698076144916797e-01
1.942038761793292989e-01
-1.419524617818966328e-01
-2.292195428930553502e-01
1.334882185132243437e-01
4.651174886606504466e-01
6.103127388912640838e-02
6.138613917292738004e-02
-1.031332898428373168e-01
-8.337704975899815074e-02
-1.081185690743565325e-01
4.767469360698269737e-02
-1.685863342464632986e-01
-1.379909174602517163e-01
-2.587317024199390358e-01
4.738335747383627672e-02
1.890212558456829672e-01
-2.465409919985572518e-01
-5.769100861361665250e-02
1.687885810755219151e-01
1.542283224018235754e-01
9.776340813837441912e-02
9.406877037701044664e-02
-3.174386627326586385e-01
-6.916452140969994722e-02
-3.883462759716247992e-01
1.623153928020235615e-01
7.270035433288227211e-02
-9.942423117307723490e-02
-2.452346562530010599e-01
5.147353879177857250e-02
2.539122151110237771e-02
