-8.345523452412744181e-01
1.235353910862605042e+00
-7.742482540169117744e-01
2.691772895319187175e-01
1.157404924537585866e-01
-8.162354749475817517e-01
-1.772494346168401069e+00
9.135097102756695175e-01
-1.408957230984121844e+00
6.665844337858377600e-01
-1.948170681074094857e+00
6.622112607479556656e-01
-8.790815611151208131e-01
7.281103245196282048e-01
-9.393429783524932519e-01
-3.318394598492759862e-01
1.671744920124659473e+00
5.538592645693264371e-01
9.332893815395481019e-01
-2.195300509467109085e-01
-9.336922098088697997e-01
3.365595363910637849e-01
-5.853765857192227973e-01
2.466831106480025682e+00
3.552014319723756919e-01
-1.058352618605867601e+00
5.410058617849160534e-01
-1.431602036032022074e+00
7.909479154306009452e-01
-1.158448111260436120e+00
1.552778077464217032e+00
-1.005156636769872103e+00
-7.520840812991974600e-01
1.288481321458040396e-01
2.144436986254792676e-01
-1.021835275180206670e+00
-8.365098420974972360e-01
-1.719669744641685760e+00
-4.772332438112917297e-01
1.379521293679129679e+00
-5.709814052402457651e-01
-8.918789601007877099e-01
5.830021535126848065e-01
2.284639621084656180e-01
2.326421170616454148e+00
-2.063574204989488958e+00
2.666690518243697294e-01
-7.967373814225249262e-01
-5.953534704124660015e-01
-2.599211791773124031e-02
-1.226970032912599207e+00
2.830753636091419834e-01
5.425524519351001551e-01
1.266320376490724708e+00
-4.753797916358286635e-01
9.832857055533313906e-01
3.132593312929047181e-03
2.236500294719264481e+00
-2.451266891966611683e-01
9.584480592764782481e-01
-1.269306835394154342e+00
-4.392779680175161461e-02
-2.464456272050808416e-01
-4.571124444458652958e-01
