-8.248661264522090253e-01
1.083509598885378455e+00
-7.718616917670565458e-01
2.474748544746705192e-01
2.220456291952219996e-01
-7.509715338199225432e-01
-1.764094268664690990e+00
8.695759891359008398e-01
-1.405543294646503627e+00
9.924553740944671576e-01
-1.823635500401138643e+00
8.081810867776113572e-01
-8.610610331146657526e-01
7.294675247875210822e-01
-9.477843245113756199e-01
-3.055064567884588911e-01
1.655788982192144099e+00
5.535154540153071068e-01
7.860759260111221947e-01
-2.114606024113107330e-01
-9.852425746326775036e-01
3.767776466833967497e-01
-7.071251241043786662e-01
2.505425662865911285e+00
3.762838757798122047e-01
-1.038046763676593987e+00
5.213056316858192263e-01
-1.508687154034010991e+00
9.319056934866251085e-01
-1.102115537286961988e+00
1.317962825844878560e+00
-1.239098365522186329e+00
-7.548851072070833501e-01
7.208473405440672666e-02
6.181215006697568515e-02
-1.078384708935034242e+00
-9.592542230663985148e-01
-1.718704033204521808e+00
-4.610918193725696002e-01
1.314607303599506283e+00
-5.309109266482389122e-01
-8.539460123208507669e-01
5.802747944017739856e-01
1.759504186220755828e-01
2.268368001229238207e+00
-2.062838916569586623e+00
3.038155433308538100e-01
-8.019326229067162970e-01
-6.731120795666704071e-01
-2.202491681057442557e-02
-1.223057972416804251e+00
3.004825720130823719e-01
6.875424012693664988e-01
1.279591233984788357e+00
-3.015561002121797118e-01
9.833599989311013756e-01
1.464168549963442041e-03
2.345030583324045903e+00
-2.103081305171757565e-01
9.544820864456641241e-01
-1.270863095576372004e+00
-4.646263922509313860e-02
-2.743229002667703642e-01
-4.986850572231241174e-01
