-3.109399259010841576e-01
3.689976765688703086e-02
-1.922286237826832276e-03
7.786184363046946832e-02
-1.576183733981971757e-01
-2.296049310045483044e-02
-1.215343133012822541e-01
-3.779609494722500906e-02
-4.999611925446837551e-02
-1.065320874880755324e-02
3.369650877242105769e-02
2.028095378650539900e-03
9.798738616679197877e-02
-7.433137880819564239e-03
-4.400837042589175047e-02
-3.358887003630776219e-02
-2.771591838511786726e-02
-3.608682607926402830e-02
-3.447017935956911416e-02
3.470837839413706133e-02
6.274359112914883185e-02
2.172067837917245059e-02
4.991032392293993925e-02
-6.105032892869697442e-02
2.947193883073676371e-02
