7.449357839542086876e-04
3.939479874164109659e-04
9.710493191112072727e-04
2.179772623545286111e-03
3.421450325009856193e-03
4.635114932663908852e-03
5.543195396902379779e-03
6.042316881351170697e-03
6.725570118611442876e-03
7.021875321314442406e-03
7.776806844039555952e-03
8.867646565903749070e-03
1.175930196905790315e-02
1.394294595830760514e-02
1.767653824013796365e-02
1.894364644268396042e-02
1.852567547831177400e-02
1.742495333063304869e-02
1.560069453452051641e-02
1.428671210053136451e-02
1.380053599055856318e-02
1.695443618860364640e-02
2.177134926152421435e-02
2.737196737093681997e-02
3.002532191549281068e-02
3.091632284303770517e-02
2.861819124029623199e-02
2.608558277909997503e-02
2.205414283761293268e-02
1.894470609127436173e-02
1.890907260669568227e-02
2.144979310576520040e-02
2.584600300836191120e-02
3.191724650905974209e-02
3.527018930219830845e-02
3.553598579526409673e-02
3.526886327330494564e-02
3.139515796390134755e-02
2.897034937185286735e-02
2.621011947484728002e-02
2.638334151140924941e-02
2.656339899483669761e-02
2.958282101932716707e-02
3.196674320269395075e-02
3.508961904164195622e-02
3.771231744867761804e-02
3.748148583782657389e-02
3.574412281346591586e-02
3.536191966525243507e-02
3.382888588215503950e-02
3.324548986068864148e-02
3.504320709820597096e-02
3.638232051647181248e-02
3.793154762524972995e-02
3.841950382736383091e-02
4.060471901528631827e-02
4.099471290575452953e-02
4.189537011283929469e-02
4.189925532374305650e-02
4.229758860259968944e-02
4.209814821045160249e-02
4.367059927878909342e-02
4.414786004341878650e-02
4.527642870674264408e-02
4.502780603072437104e-02
4.581139775655500984e-02
4.789097970159016809e-02
4.911757450768594602e-02
4.904044115419836647e-02
4.957549772910985197e-02
5.080677863247047565e-02
5.096622388811836157e-02
5.184279475715412172e-02
5.533091013561697996e-02
5.359069199835369418e-02
5.427240071504223912e-02
5.488383277804510796e-02
5.670025737120516773e-02
5.658743388443597533e-02
5.841444853161158884e-02
5.643088836785525170e-02
6.005840949622914815e-02
6.144071938174833214e-02
6.138161326892255937e-02
6.218086867387265237e-02
6.040406606164691605e-02
6.126720932265898589e-02
6.361507199193321138e-02
6.444835085866196245e-02
6.559587399831502685e-02
6.725692534842374337e-02
6.709170523114257878e-02
6.923233863249392273e-02
6.666094349833233401e-02
6.981731855162859324e-02
7.016795567390900212e-02
7.095692971371453384e-02
7.124157023518838672e-02
7.243165461088511836e-02
7.317075041237619537e-02
7.427531401605662331e-02
7.360385438891153820e-02
7.539916266469606776e-02
7.604671718011986326e-02
7.459299218831870470e-02
7.637129578791244933e-02
7.698744070762296443e-02
7.886426572601337726e-02
7.900720520106248312e-02
7.841429141143244075e-02
7.893834290967205458e-02
8.135383676943783171e-02
8.086308047329421322e-02
8.114407202528368945e-02
8.019469885997006220e-02
8.364585191475651382e-02
8.307645983954428659e-02
8.380724281891420435e-02
8.556939846716966891e-02
8.423428309814745552e-02
8.574536407505294056e-02
8.659015042027717879e-02
8.564842427491650700e-02
8.591807285735730826e-02
8.836774297159923075e-02
8.900223272835185162e-02
8.811611032908370222e-02
8.895010732000765974e-02
8.819911317348941293e-02
8.954987554856433385e-02
9.036532914064387967e-02
9.076879813866585434e-02
9.167409739195614415e-02
9.129142236061039972e-02
9.116458486156325813e-02
9.128052190658980658e-02
9.245216540119841064e-02
9.215389116231363642e-02
9.400647215560689607e-02
9.430109683631120177e-02
9.443249126219731282e-02
9.391605798201911603e-02
9.530067536416524099e-02
9.477614663256618555e-02
9.465839096612450876e-02
9.396266460372935947e-02
9.532261147317466765e-02
9.618492753361512770e-02
9.508861639179348735e-02
9.477536089507639094e-02
9.678461000444438245e-02
9.688919604069090585e-02
9.678963652842999255e-02
9.867651065980348468e-02
9.829561310659273854e-02
9.783423331959403835e-02
9.805011732936742830e-02
9.651500506627291864e-02
9.678050180096112176e-02
9.888952569464372344e-02
9.930996292708604845e-02
9.743726532392932294e-02
9.956602028241937075e-02
9.978070761576159076e-02
9.912061049516884825e-02
1.002758187226363146e-01
9.849599907941783417e-02
9.924102404522794352e-02
9.970582930377099029e-02
1.003313325217059099e-01
1.002590167863043474e-01
1.015315175121283692e-01
9.966395596992165540e-02
1.007440816198478667e-01
1.009707668027085142e-01
9.965643915089572591e-02
1.010360772348613267e-01
1.002620683814333669e-01
1.010199192231951010e-01
9.979555467217376963e-02
9.999852961500775572e-02
1.002614623328377530e-01
1.010739371791102015e-01
1.013927829713269085e-01
9.984171798674211507e-02
1.002611895977370271e-01
1.008712949545934739e-01
1.008921534486537236e-01
1.011024694611023095e-01
1.006525722399889272e-01
1.014180792589788882e-01
1.005038553436735371e-01
1.020031165373596477e-01
1.019735104319879210e-01
1.003649944823276491e-01
1.018304239312734366e-01
1.008574315244791103e-01
1.017777951243930556e-01
1.004712669345053794e-01
1.015195376322797910e-01
1.011277614493436006e-01
1.009986562276378730e-01
1.014590632070869053e-01
1.006503024278672803e-01
9.976356331612808159e-02
1.007444231259457534e-01
1.006250685051768984e-01
1.007708807851608462e-01
1.004232202219566411e-01
1.004275793578204151e-01
9.985731254593772921e-02
1.005277051418210638e-01
9.911499009934247872e-02
9.965747159006858868e-02
9.956016782945444066e-02
9.986389163419347181e-02
9.968691386164291179e-02
9.902058276703011586e-02
9.964667931419347868e-02
9.976438370602515315e-02
1.003917004151277798e-01
9.948376950773600569e-02
9.859470125175776034e-02
9.973450375436981874e-02
9.917337956141375477e-02
9.940100269312555914e-02
9.873922724482316060e-02
9.935643852996112191e-02
9.882934620933217507e-02
9.807179690037252928e-02
9.809937973558728597e-02
9.878855120621268804e-02
9.780506756617091124e-02
9.743760496140256577e-02
9.780495437231481737e-02
9.788396028213605660e-02
9.777132641575071725e-02
9.686467139114150748e-02
9.688958313044469806e-02
9.698129036607948394e-02
9.690638981482710412e-02
9.581367232616143370e-02
9.634245821449462233e-02
9.638411272246845407e-02
9.575831854269307997e-02
9.623658350055688815e-02
9.548610189518734470e-02
9.529057576127275553e-02
9.488775814512807882e-02
9.530162324253926842e-02
9.451898214190966596e-02
9.482921063532345762e-02
9.520876264789612797e-02
9.441111842945318355e-02
9.562637669422985320e-02
9.300032258481133463e-02
9.438204210235441594e-02
9.413839780982299899e-02
9.413026547474745431e-02
9.356776791107301872e-02
9.308144428145387339e-02
9.338376281634262754e-02
9.392044669573670901e-02
9.365500583070414387e-02
9.326027939241540721e-02
9.333525110355440912e-02
9.239647855265756271e-02
9.227461384247200027e-02
9.260006102547206630e-02
9.236010177230453977e-02
9.229675898036346360e-02
9.205137426906390141e-02
9.176354484669942135e-02
9.193195133322470958e-02
9.114686826368442740e-02
9.135568212217670681e-02
9.116149115138204306e-02
9.102325132843554212e-02
9.080417090328803120e-02
9.103306762533967811e-02
9.049818845401770562e-02
9.059665520261943328e-02
9.071357376068622802e-02
9.055799778509715514e-02
8.943403408519021158e-02
9.011406309218736310e-02
8.970549872662013369e-02
8.938877515660625939e-02
8.962244226161843186e-02
8.872697497850991211e-02
8.937584264839161519e-02
8.875669449160418500e-02
8.848217457235585393e-02
8.884982531968962927e-02
8.841405472898887508e-02
8.853673230390998738e-02
8.839620667681069577e-02
8.828424984955481059e-02
8.797764530611486278e-02
8.861419243033985538e-02
8.844206890232014784e-02
8.830481955675856254e-02
8.820305294087467385e-02
8.769673001163169612e-02
8.735341756449829798e-02
8.698858358046657191e-02
8.724307583076998385e-02
8.689122049846538520e-02
8.734924163608168146e-02
8.680406898862398635e-02
8.649820497569361832e-02
8.654415863443339074e-02
8.635956625456447933e-02
8.639663111062573231e-02
8.647422239266340516e-02
8.588721329667961535e-02
8.643828020495125664e-02
8.603789796455756089e-02
8.622922642998716303e-02
8.579976927417343191e-02
8.594109547135536653e-02
8.575259118246925105e-02
8.593185602434177950e-02
8.528628439875395040e-02
8.609037797721411089e-02
8.572913247536109727e-02
8.537721716778766401e-02
8.546255897068173735e-02
8.560486392478543205e-02
8.545368866022134968e-02
8.516323250296416181e-02
8.511160566738032451e-02
8.565770042088932668e-02
8.542921103734381350e-02
8.505715259486709701e-02
8.481870872834676445e-02
8.511070652530070002e-02
8.474243296998623665e-02
8.497160940495597503e-02
8.506681933692765429e-02
8.504562573399110370e-02
8.466307143211210251e-02
8.483349386514865698e-02
8.494154869146484932e-02
8.482076747666630889e-02
8.466229908663741588e-02
8.473081314523558949e-02
8.430090229182374273e-02
8.447832775227044622e-02
8.489945631136262827e-02
8.438406807032954038e-02
8.468320732534687090e-02
8.471000084485715009e-02
8.450510905734691380e-02
8.457550653164958021e-02
8.468303312782664294e-02
8.473609421167810352e-02
8.486058266347265566e-02
8.472027393650086169e-02
8.467752134436579148e-02
8.490952794206808874e-02
8.479290766208578967e-02
8.483212396369814445e-02
8.459214114650474847e-02
8.478977956051837739e-02
8.483964676046600040e-02
8.470465419717754241e-02
8.525100526981439775e-02
8.478295290453347066e-02
8.513368304727413072e-02
8.508274994796435897e-02
8.519927605462332409e-02
8.487070850358920115e-02
8.484845493070231059e-02
8.533042971462111159e-02
8.527309732184476521e-02
8.529638413274746866e-02
8.526706103848223639e-02
8.530306927466710376e-02
8.584280417225891024e-02
8.550835209652159208e-02
8.581134975414794752e-02
8.588238868797667958e-02
8.582181402443263274e-02
8.619046647982538112e-02
8.632108835490970300e-02
8.586817872930772866e-02
8.637656350965498830e-02
8.613026499709110217e-02
8.627416986521042885e-02
8.603474462066411366e-02
8.686358818176083407e-02
8.709935537756835489e-02
8.695320080422147546e-02
8.717331941415684682e-02
8.728102870258805379e-02
8.723750037339982055e-02
8.720531726231195435e-02
8.767226891796907340e-02
8.738235535194673054e-02
8.755268668757655581e-02
8.784760239623845557e-02
8.766198795773555430e-02
8.820966894647472301e-02
8.829726738910995132e-02
8.816903921777348441e-02
8.844309268513667055e-02
8.861996957819252840e-02
8.906085885846043437e-02
8.891906747609641670e-02
8.875780124635722357e-02
8.925014389144947380e-02
8.941623303863173444e-02
8.956769702761833984e-02
9.013815045290021755e-02
8.993706228447266582e-02
9.001857401279163284e-02
9.006925225884471198e-02
9.020494167272749553e-02
9.014075942233365502e-02
9.081789975566992301e-02
9.089039539882962093e-02
9.116223668586370676e-02
9.108418453958309902e-02
9.114690196889486951e-02
9.146731500157720407e-02
9.180621949964001827e-02
9.165513345385291333e-02
9.200176627542676344e-02
9.202331031925224669e-02
9.238060317584530223e-02
9.257269380999016972e-02
9.258862606392438688e-02
9.281587092740214984e-02
9.321358326627682267e-02
9.292358926028206068e-02
9.359549496545735425e-02
9.352451833570790685e-02
9.356327120078983262e-02
9.376380486331849229e-02
9.391091996118045016e-02
9.428577965240872438e-02
9.430612563392060110e-02
9.475273670220007993e-02
9.523231367203686959e-02
9.518923572961060509e-02
9.541248217816462873e-02
9.547641996283960653e-02
9.588146637481186063e-02
9.600038903960288195e-02
9.628592283361624149e-02
9.639316896604058216e-02
9.655505867371065587e-02
9.686259883867838483e-02
9.686292318291242487e-02
9.716611920965481652e-02
9.749753562827440101e-02
9.758456380965351007e-02
9.815006453779040463e-02
9.818568786997203257e-02
9.830740988080810538e-02
9.850083199872004813e-02
9.879998540785872585e-02
9.911655190739754318e-02
9.932025894442834957e-02
9.974415232906981565e-02
9.971134780051650603e-02
1.001484668836078729e-01
1.002545928969561795e-01
1.004379725868060208e-01
1.007998302999042473e-01
1.009878172622256653e-01
1.012660883087048019e-01
1.014272147779633343e-01
1.020132719910827462e-01
1.019807196474734196e-01
1.022079055326649139e-01
1.023992176476038185e-01
1.027263309200052849e-01
1.028341905280254071e-01
1.030523014772276869e-01
1.032329150067172047e-01
1.037062246751132011e-01
1.037433215239334794e-01
1.044914927783035657e-01
1.044626610356021029e-01
1.047406277120774554e-01
1.048131980811190245e-01
1.051481645118533814e-01
1.053541434294039958e-01
1.059640829148496416e-01
1.057750567155317234e-01
1.060735766376507544e-01
1.062888055350051375e-01
1.068086048010925271e-01
1.069516504559450965e-01
1.072766559899520356e-01
1.075502154944624061e-01
1.075996714005508642e-01
1.077999508651538152e-01
1.082837393737346027e-01
1.084013784098339511e-01
1.086794706268547905e-01
1.090161888523571293e-01
1.094397594601913132e-01
1.095530397683590756e-01
1.100144043928157483e-01
1.096686030811610535e-01
1.104213537258569161e-01
1.104447597657577523e-01
1.108138851842493944e-01
1.106983096011162349e-01
