-1.029187404059400901e+00
-5.670510055859521170e-01
-4.751155242665228706e-01
1.337869467486101582e+00
1.594649223138033811e+00
8.702698496664849070e-01
1.431865501039360611e+00
4.354059583775209408e-01
-8.621772708495298865e-01
-1.808469831599260003e+00
-5.044399585643468686e-01
-1.182560120264227965e+00
3.714278011684932768e-01
-5.429653571232783138e-01
1.459770254795162092e+00
-1.687400537322207406e+00
2.830800231028439029e+00
9.277547708944975380e-01
7.375666722005429221e-02
-8.478337069377128721e-01
-9.550792467664846741e-02
-5.922167217607875456e-01
1.245998596541768144e+00
-1.475865781149989786e+00
6.189376990861524819e-01
-7.378342598707342548e-01
6.947374971314881041e-03
2.114799667557304419e-01
-9.859335786723634198e-01
1.579650763866704000e-01
6.604578153054107004e-01
2.326667343254854581e-01
-6.076867210324490287e-01
3.739603330478447757e-02
-4.107067445921491200e-01
-2.494338267211546611e-01
8.547233260355481532e-02
3.906456172357546941e-01
-1.808349034462709115e+00
1.280518876019364871e+00
-1.537794181918001435e+00
-4.443781618635518904e-01
4.022453420632814136e-02
-6.155519778612716757e-03
5.417251388945599766e-01
7.838671129721098696e-01
-1.270753402163017631e-01
2.283875039943458474e-01
-3.040521067355386187e-01
1.983845330335488044e-01
-5.403832360258991815e-03
-1.500881133208528846e-02
2.708227686265767264e+00
-2.806052018578720011e-02
-1.440664247264940301e-01
9.938576820886817487e-01
-1.285660794981537125e-01
-2.777235351652639572e+00
3.074156786671788932e+00
-7.240952080575053795e-01
2.797422721528389999e+00
8.966563971875533001e-01
9.187745131927110842e-02
6.507995775039474573e-01
