-8.817835350782844039e-15
-3.259920111631231338e-15
1.483786184197644144e-15
-2.079891814332768458e-15
-2.430555756660623865e-16
-1.907363156306018905e-16
5.653255641391296702e-16
-3.778644064311720498e-16
-1.776625721539026773e-16
1.838709740020760749e-15
-1.534779248135720324e-15
-9.120482147295660822e-16
3.400058012914541905e-16
2.227107387398063779e-16
-4.329869796038110501e-18
-7.838174553853604742e-17
-3.180788965551073725e-16
1.152689055317068662e-16
-6.840777944105980066e-16
3.406996906818449232e-16
1.503241975342462058e-16
4.319877788816484115e-16
1.122435477896033150e-16
5.728750807065807906e-16
-1.710853680947366146e-16
-6.071809721674981459e-16
2.094657780560282943e-15
7.287503933639527594e-16
2.174330160364945537e-15
1.868144527961135342e-15
2.540079258039895797e-15
-4.187761248886090344e-15
-4.610312132058425422e-15
-3.297806472346565057e-15
1.553424056055519129e-15
5.338174347002677760e-15
8.492095915357822401e-16
1.658340131882596257e-15
-9.679479440194427945e-16
-9.192091532383984160e-16
2.285394096190884833e-15
-5.097033906054093890e-16
-4.384714813454593216e-15
3.943512183468556083e-16
-6.683542608243442147e-17
1.277955519185525236e-14
2.509104035652853939e-15
8.512079929801075385e-15
-7.622347197866475400e-15
6.187494960840922355e-15
-1.602273869139025962e-15
1.467603816251994366e-15
5.042410933242535893e-15
-5.460076835106519834e-15
9.057199434892026867e-15
-1.353583911622990873e-15
-3.952393967665557097e-17
3.683719995706269370e-15
7.438494264988549265e-18
-6.606271085729531232e-15
6.116551709567375319e-15
8.801626094623316665e-15
-1.411093464298574058e-15
1.508126956650812603e-15
3.379962976168826468e-15
-1.592059817312474463e-15
1.249889081123001135e-15
-6.512235195543780328e-15
1.310951347477384824e-15
-1.091005064068895141e-14
5.590305995895050898e-15
3.720912467031212208e-15
2.302935619979962051e-15
-6.802780561088184287e-15
2.470801341303285770e-15
1.087019363410490731e-14
-1.128674931294426710e-14
1.107980374115413744e-14
-1.073463540279817529e-14
5.898725952135919240e-15
-2.116751218750323343e-15
2.217670491688750347e-15
-2.009603594643749448e-14
7.620348796422150043e-15
-1.330635601703988807e-14
7.293166071065116107e-15
-8.441802812342303468e-15
-7.466249840604177734e-15
2.330580173293128707e-15
-8.481215729716495389e-15
-5.995759444488158181e-15
1.192601573052343254e-15
-2.541411525669445641e-15
-1.085331824413060482e-14
1.358135826023954056e-15
-8.313794097603022275e-15
-7.223333042816193218e-15
5.531353153287455219e-15
-1.342481681376739347e-15
-1.225719525876911640e-14
-7.362777054709112905e-15
2.307820601288312793e-15
-5.970557381829166698e-15
6.017408793468348765e-15
-1.373001712323684808e-14
6.141975816831291316e-15
-1.647348923938807224e-14
-2.895572670524870719e-15
6.183498157952271640e-15
1.738609256562995158e-15
-1.023015006040850450e-14
-1.621813794372428813e-14
5.411115999720550153e-15
6.325162615894441987e-15
1.770938951040079706e-14
8.883893620748040727e-15
-9.737766148987247322e-15
-1.146260864004489067e-14
1.359246049048579228e-14
-1.823652340249281953e-15
-7.958078640513122839e-15
-1.138000804701277905e-14
1.202982158332588414e-14
-1.590150233710119306e-14
6.228351168147128350e-15
1.245281655570806903e-14
1.164790486285483054e-14
2.302580348612082119e-14
-3.845368468091692503e-15
-3.281819260791962591e-15
-1.221012180252500903e-14
8.680167695729323618e-15
-2.525679665410507313e-14
1.073152677832922579e-14
1.475930488936683158e-15
-1.115774139748282402e-15
6.548428466146560488e-15
-7.554290526456953355e-15
1.098465762794376160e-14
-1.094391244294001787e-14
1.102296032229332938e-14
1.109223823902993862e-15
6.664224727614965022e-15
-6.835976229524476411e-15
-2.682853939006690685e-15
-1.156508222521779283e-14
-9.951595103530052686e-15
1.638467139741805925e-15
-2.256717035464816900e-14
-3.808064974464287234e-17
-8.064882095482061687e-15
-4.815259302404228935e-15
-2.329403336887025865e-14
-2.041444790989999198e-14
3.256062086620659035e-15
7.574496585505129866e-15
-1.397781890233318294e-14
-1.063182875071788716e-14
-1.049671460862100575e-14
-1.106259528427244739e-14
-8.195111256270592751e-15
3.018496563811368161e-14
-3.539391002504998940e-15
4.175326751010288383e-15
-8.994915923210556381e-15
4.708344825132826252e-15
9.188871885612571216e-15
-2.102984453244971538e-15
4.519273844039162554e-15
-2.209898930516374220e-15
6.154743381614480048e-15
1.366340374175933932e-14
3.794853320471247281e-15
-1.015332262710444444e-14
5.327072116756426037e-15
1.396083249005641898e-14
1.207367539279857738e-15
9.300116232680011384e-15
9.447553850350232500e-15
-7.923217637539892129e-15
-7.927991596545781008e-15
-5.520472967646128009e-15
-3.843592111252291659e-15
4.770850381419222831e-15
-1.857958231710199407e-15
6.983857936404547344e-15
-1.030653340450271554e-14
3.279154725532862509e-15
-2.112965358236351547e-14
5.864642105279926695e-15
5.607070363566890346e-15
-1.227418167104588036e-14
2.749467320484200235e-15
-2.742805982336449359e-14
-2.568523171930792202e-14
2.643107954725110021e-15
-3.294031714062839645e-15
-6.766920357392791686e-15
7.084000053225736577e-15
2.077515937060070481e-14
-5.092815058560518070e-15
-1.792566095559777839e-14
1.518651870924259250e-14
-8.577027976741646348e-15
-8.207101664936544896e-15
-1.292077556058757131e-14
1.584077313765419732e-14
1.971978136339203098e-15
5.112243961491457994e-15
1.897737522682518748e-14
9.987455307225446075e-15
1.030620033759532798e-14
-1.272704164279048257e-14
-9.240053167047790768e-15
1.073441335819325078e-14
-4.611422355083050358e-15
-7.351896869067786484e-15
-7.403744284317781156e-15
-1.814437489144893331e-15
-6.439404565128370191e-15
1.971722785043539354e-14
1.101874147479975415e-14
7.342570995660934816e-15
3.055000696861043192e-15
3.614997190481972205e-15
2.095557061210229275e-14
-1.866506948999813305e-15
-2.039701740841337583e-15
2.682298827494378217e-15
-1.475808364403974360e-14
3.943623205771018636e-15
2.566946655235824289e-15
8.400724560431172171e-15
-2.563060874649636225e-15
1.209798927703786765e-14
-9.608092099711029909e-15
7.357670028795838043e-15
2.490296857615703758e-14
-9.973466497115168573e-15
-3.212508037364614519e-14
-7.096323528799075493e-15
-9.943157408542901440e-16
-2.300426515944309444e-14
1.378219760539423031e-14
1.707112229354379509e-14
2.035593915650224612e-15
1.401212479379410000e-14
6.818434705735398798e-15
1.360855872434285661e-14
9.424683256042954724e-16
-8.807066187443979086e-15
3.518740854246971035e-15
-1.764477453036761365e-14
1.484701250831221728e-14
9.888534435731344034e-15
2.168110135869483217e-14
7.519096456576335085e-15
-5.498157484851163095e-15
1.896038881454842273e-15
1.174493835520706869e-14
7.087441744602074430e-15
-4.579892021183696032e-15
1.910871461063834585e-14
8.357869951680641608e-15
-1.386046832863030366e-14
3.463784814528026070e-15
8.835154829966995954e-16
-1.038202857017722694e-14
1.028865881380625036e-14
-1.331379451130487821e-15
1.068867216957869522e-14
2.989275493803233985e-14
-7.766787213370206903e-15
-9.853562410455651856e-15
-6.994405055138486007e-16
5.037414929631722499e-15
-2.128808240797752763e-14
-4.617306537113563385e-15
1.766375934408870297e-14
1.064592858313062652e-15
1.750466438465991885e-14
-6.143752173670691371e-15
4.127365116346482169e-15
-2.256750342155555892e-15
-6.107669925370373468e-15
-9.908740494779522912e-16
1.049194064961511687e-14
2.807476473520864602e-14
9.562350911096472778e-15
-6.533329433011658839e-15
9.104272891136134237e-15
-1.336608601576472270e-14
-1.428290818950017648e-14
4.230060746124308834e-15
1.500599644543854151e-14
4.160893851690161853e-15
2.844502411392113424e-15
6.077249814495644077e-15
4.500178008015609401e-15
-2.208966343175689053e-14
1.091238210904066433e-14
-2.017241929053170710e-14
-1.020172835097810047e-14
-2.422761991027755504e-14
-1.727662457540191147e-14
2.121192110848824269e-15
-5.812017533912694647e-15
4.449440815790239665e-15
-3.616673627249156465e-14
-3.822264726949242645e-14
3.075317778211683637e-16
2.117550579328053565e-14
-5.760614207872549792e-15
-2.849276370398001594e-14
-7.872591467616985241e-16
-9.318323890283864115e-15
-4.319766766514021463e-15
-4.491740313028458155e-15
3.706479567711084889e-15
6.164513344231181533e-15
1.670175109325100571e-14
1.383704262281071302e-14
-1.123878767828045892e-15
-2.263489395915030506e-14
-2.529176867938076531e-14
-1.215971767720702764e-14
9.790945831866792232e-15
5.883515896698554545e-15
1.227296042571879317e-14
5.643485678774595808e-15
-1.316524667061003058e-14
9.747869178511337155e-15
-1.590816367524894425e-14
-8.565259612680620295e-15
-1.128863669208612941e-14
4.900413408392978776e-15
2.067657156601399033e-14
-8.850919996916672328e-15
-1.181166275898703971e-15
1.253730452788204296e-14
-2.739486415492820068e-14
-6.978417843583884134e-15
1.143107830614553714e-14
-2.059297177225971760e-14
4.487521465534882531e-16
-5.692113447253177338e-16
6.952216580202729775e-16
-1.091060575220126349e-14
2.254019193514977825e-14
-9.938383449537013349e-15
1.831257367967964380e-14
2.037925384001937529e-15
5.514477763313152726e-15
-1.434441454506441038e-14
9.602763029192828955e-15
1.518285497326132776e-14
-6.203038083185674610e-15
-1.653610581797693029e-14
-5.591194174314750531e-15
5.259792601464141367e-15
9.276579504557957699e-15
-1.096789326027192216e-14
1.079625278066487224e-14
1.970978935617040419e-15
-1.245992198306566925e-14
1.800626314718556465e-14
-1.925237747002484077e-15
-6.374900607397649044e-15
-1.073463540279817529e-14
1.311417641147727407e-14
-2.559619183273298372e-15
3.866240660954644922e-15
2.842837076855176020e-15
-2.357114503581670034e-15
2.068123450271741616e-14
2.541744592576833201e-15
-3.183120433902786248e-15
-7.873701690641610374e-15
2.857492020780227853e-15
4.025668687290817395e-15
6.862177492905629783e-15
4.619526983162814045e-15
-6.883382752675970501e-17
1.223332546373967515e-14
1.614797184856797768e-14
1.540190197601987261e-14
8.529732475892614465e-15
2.621025618765315689e-14
1.622679768331636152e-14
4.537481501643014497e-16
-3.793632075144160088e-15
1.054267784184048700e-15
-1.063260590683512414e-15
1.003119809439567627e-14
-5.119793478058909607e-15
4.513278639706186482e-15
-1.386835091210514362e-14
1.050304287986136780e-14
1.950828387720093853e-14
1.583910780311725795e-14
-1.432687302127533119e-14
-1.526523352168851645e-14
-1.629119061874462199e-14
1.156641449284734306e-14
9.127920641560649390e-15
1.390332293738083580e-14
3.074207555187058208e-14
-8.106293414300580543e-15
8.917866445301570226e-15
7.462919171530302730e-16
8.385625527296270522e-15
1.504874003188660903e-14
-9.193756866920921564e-15
8.186229472073591688e-15
-2.019051592583309678e-15
-2.447042568576307572e-15
1.261613036263042838e-14
4.440448009290776345e-15
-6.977307620559258409e-15
4.030331623994243229e-15
8.401723761153334850e-15
-6.050271394997253329e-15
-7.556177905598815469e-16
4.652389584691718609e-15
9.605205519847004918e-15
-7.676081992258331989e-16
-9.440337400690169235e-15
3.254729818991108797e-15
-5.236699962551938288e-15
7.306377725058155445e-15
-1.924571613187708957e-15
-1.239552904763741036e-14
-4.935274411366208697e-15
-3.185229857649574355e-16
-2.077449323678592890e-15
4.993339075554103955e-15
-1.292121964979742192e-14
1.118893866447479079e-14
3.316369401318297484e-14
-3.531730463635085464e-15
3.725020292222325180e-15
6.982525668774997105e-15
6.799893981224158507e-15
1.599365084814507928e-14
7.198464047064589295e-15
7.766898235672669949e-15
-3.100741885475599535e-15
-3.237632384411881554e-14
7.456368855685013993e-15
-8.484324354185446668e-16
-1.199640387028466671e-14
-6.349587522436195305e-15
1.911537594878609389e-14
1.571631713659371663e-15
7.737699370125027751e-15
7.118305944686653637e-15
-9.762524122436389777e-15
1.088418244421518481e-14
4.866107516932061125e-16
1.019295758908356245e-14
-2.833400181145862095e-15
-1.254152337537561819e-14
-7.318701200631495150e-15
-8.684608587827824938e-15
5.087597010344780162e-15
2.631783679873933705e-14
5.270117675593155714e-15
1.326339038598689446e-14
-8.801293027715929105e-15
2.943756349793602630e-15
-1.548761119352093295e-15
9.607870055106105395e-15
4.329647751433185205e-15
7.498779375225695528e-15
-1.640243496581206374e-14
1.048539033376982872e-14
-1.390809689638672310e-14
-2.977507129742207222e-15
4.926836716379057451e-15
1.600164445392238150e-15
-7.173484029010523904e-15
2.445821323249219689e-16
5.285438753332982666e-15
5.941136471676599987e-15
-5.935918423460862079e-15
-3.452460539676849439e-15
8.952394381367411800e-15
6.177947042829146173e-15
3.505307155649006789e-15
3.628430889079936845e-15
7.030931392648653924e-15
1.820255057793929240e-14
2.038269553139571235e-14
4.285682919658028918e-15
-1.650013459197907661e-15
-1.327371546011590880e-14
1.219357947945809488e-15
1.474043109794820255e-15
-2.405964316665176669e-15
-1.085265211031582970e-14
-1.682654016121887317e-15
-2.049049818708681545e-14
2.799982468104644570e-16
-6.220801651579676736e-15
-1.569544494373076461e-14
-6.973643884577996042e-15
1.362254753445313253e-14
1.312427944100136233e-14
1.262767668208653111e-15
-4.306777157125907428e-15
6.733613666654037306e-15
1.813393879501745828e-14
