-3.413948430198597839e-01
-9.507822493519861862e-01
4.102895283072200416e-01
2.207084896092927906e-01
-3.341770426144325956e-01
-1.280755804259351649e+00
1.028517233494407712e+00
-5.731934774368906416e-01
5.175804584690861798e-01
-1.459475650081656084e-01
-8.440913868171440182e-02
-1.314590988051424603e+00
-7.835590337486210144e-01
6.385258477679977007e-01
3.655896288555443574e-01
5.882344577519461604e-01
8.157536869662297407e-01
8.160389991615366601e-01
-6.874920780873224890e-01
-7.142779170450506143e-01
1.063187577091451619e+00
-1.211769672108005264e-01
1.482715736745570556e+00
-2.055982001462610675e+00
6.335231223715345195e-01
-6.934273042298229051e-01
-1.684172027689294637e+00
1.771112410267879245e+00
-1.220908597067616341e+00
8.454965669682262819e-02
2.890970536209835906e-01
1.149052728816786884e+00
-3.265358643770435026e-02
4.884789050258906973e-01
-2.911638621647142863e-02
1.788746038604543953e-01
7.198238658437805526e-01
1.979259591113764705e+00
-4.782131541411275277e-01
2.666418281846610339e-01
-2.387856781954875440e-01
-8.787470328683708587e-01
7.344209093018880252e-02
1.606643117423768086e+00
8.078703322183120594e-01
9.569012297245882426e-01
-6.889639260073252558e-01
6.952958288728720015e-01
6.520677193769343072e-01
9.782261528257023553e-01
1.614914155214254965e+00
1.257476160277476218e+00
2.631630815076670959e+00
-1.498338128370360733e+00
-1.226751845179336886e+00
9.326131823893676343e-01
6.701911548650307804e-01
-5.224926565554439684e-01
1.680203304785340412e+00
-1.764907236733242568e+00
-1.804697458401210153e-01
-1.171762278223558829e+00
-7.454168980694523272e-01
-8.371770369043003424e-01
