-8.361953843137136522e-01
1.184497402130409105e+00
-8.523732332977801418e-01
2.731686084421328098e-01
1.887766701463323704e-01
-8.027251973554444531e-01
-1.718495617448893453e+00
9.068200052791483001e-01
-1.414691242905000923e+00
7.739223668101975484e-01
-1.919193378652973792e+00
7.210265283198584729e-01
-8.676629785515588278e-01
7.275039242825281915e-01
-9.425328303107276540e-01
-3.106247027262691307e-01
1.674126021923148189e+00
5.545491434261973218e-01
8.813449364740281178e-01
-2.198464734508560059e-01
-9.283235613420750543e-01
3.274312846675310751e-01
-5.849541168809604397e-01
2.476352594008397023e+00
3.524113037530276493e-01
-1.048723153609306680e+00
5.358484691193410310e-01
-1.462122085316335030e+00
8.678289332473344553e-01
-1.156721224684076343e+00
1.533468192182833256e+00
-1.061792949138522735e+00
-7.553326530061991173e-01
1.007376209885186280e-01
2.132883417561114159e-01
-1.042822500968921373e+00
-8.819539311141466609e-01
-1.735010534009997940e+00
-4.757972882642060863e-01
1.401638594328635579e+00
-5.675464488243587846e-01
-8.908325941246233448e-01
5.811909006504232256e-01
2.332684043924108386e-01
2.326949569194534551e+00
-2.066368185300004434e+00
2.870475671959936137e-01
-7.961242435607976953e-01
-6.608456065430255988e-01
-1.438564214105066477e-02
-1.227249772064994415e+00
3.070922689017881457e-01
6.146715291975739515e-01
1.265229700206444763e+00
-4.177311249826118900e-01
1.007716187092209781e+00
5.850522600919226199e-03
2.285396429808226326e+00
-2.595469341990613854e-01
9.590525811182097904e-01
-1.269861427979850355e+00
-4.361722985849323525e-02
-2.278589468472336232e-01
-4.174822597300950067e-01
