-9.161511377017164670e-03
-7.052614243335877942e-03
-4.069928032021438019e-03
-5.101822845126358433e-03
-4.411600602931690582e-03
-3.145061865323480615e-03
-4.271803968922690577e-03
-4.078173247815622231e-03
-8.131506071167051569e-03
-8.673499088328887052e-03
-1.237287358002355647e-02
-1.031403853913573192e-02
-1.111468499513478848e-02
-7.497143549324775287e-03
4.974870326868796946e-04
4.120969167541344014e-03
9.171011721453736776e-03
9.838106382241314229e-03
1.217091105596230897e-02
8.515056938539534298e-03
2.301977834599269225e-03
1.098193985039756619e-02
1.506585826052121192e-02
1.795245739495765838e-02
2.300602685391640173e-02
4.132057423106431232e-02
4.203264247605029147e-02
5.399628099228839795e-02
5.702548383462255344e-02
4.747496446467214942e-02
4.472057679953855835e-02
5.937354589869903859e-02
5.802758291902898602e-02
7.370184562268597417e-02
8.131315391219370858e-02
8.647804089683322482e-02
1.000482257031523603e-01
1.079284718138614069e-01
1.268733999074257990e-01
1.087834807444486296e-01
1.203484482748418682e-01
1.351109287755067057e-01
1.289988298565128699e-01
1.336057561381207293e-01
1.476756700633647945e-01
1.585576364689139650e-01
1.796031228346415265e-01
1.733693891482948890e-01
1.891526702659881154e-01
1.949743381197510672e-01
1.965833096344329622e-01
2.032919813529293074e-01
2.123722158303109064e-01
2.172664383720310233e-01
2.273990732769319567e-01
2.307736651164869202e-01
2.366622543684121227e-01
2.528891481151341880e-01
2.611562930429804363e-01
2.728368673397163491e-01
2.764320484739218875e-01
2.791281443790111783e-01
2.888213983801478091e-01
2.993603497364663579e-01
3.064028439813269999e-01
3.152183676718943173e-01
3.288525974451876888e-01
3.377330479539661923e-01
3.440569787563761972e-01
3.505138110389441342e-01
3.558484798597307264e-01
3.688634886049093620e-01
3.738493655566732521e-01
3.725052150111266558e-01
3.891350823157647687e-01
3.980025783523686300e-01
4.086973192584216208e-01
4.153665239747337257e-01
4.201577764321575148e-01
4.295851053059581148e-01
4.436905223168808865e-01
4.480621031816995892e-01
4.527244913051395869e-01
4.642108130567479396e-01
4.695244574791397896e-01
4.814541718973961437e-01
4.955467180063328203e-01
4.981567065189299592e-01
5.066230467073071786e-01
5.157964813325234266e-01
5.210969212305690546e-01
5.330532684831269519e-01
5.354483979250184156e-01
5.456390703688548394e-01
5.537516399164286174e-01
5.601642494711275289e-01
5.716453259057752145e-01
5.768097812585563089e-01
5.783098336401658601e-01
5.944857687427915760e-01
5.972610891769312147e-01
6.093975229474180022e-01
6.143144470861766626e-01
6.235866402372037820e-01
6.343475638657737337e-01
6.388895406052313986e-01
6.507312904133646381e-01
6.564975294203634348e-01
6.598439099693174104e-01
6.736998221371349738e-01
6.803688714915662183e-01
6.827327911132885507e-01
6.922952354474641856e-01
7.004591922231125922e-01
7.140336890439218376e-01
7.135783786758371772e-01
7.236894232177992770e-01
7.309395071981699132e-01
7.389588786964386147e-01
7.471480218149155750e-01
7.534698732629695472e-01
7.596516822260049873e-01
7.708934139922276607e-01
7.780679691033679513e-01
7.820049378847105936e-01
7.880809508221029436e-01
7.953074847516553580e-01
8.038898860996872564e-01
8.137342917770421513e-01
8.156520361362977756e-01
8.280568774607343085e-01
8.328013656874669879e-01
8.403076323372512535e-01
8.463983103135006569e-01
8.577307703867270705e-01
8.624621811177717312e-01
8.703865714046459257e-01
8.755753764604528033e-01
8.821066793284254581e-01
8.896386679384228335e-01
8.966588752187402145e-01
9.034412089241404820e-01
9.076555668846427727e-01
9.189835588082337914e-01
9.262635012852298289e-01
9.326075094436593327e-01
9.389902255578989054e-01
9.445309358958787760e-01
9.533708638404284619e-01
9.622559193940760647e-01
9.637181646613659503e-01
9.738156055123766697e-01
9.767224415153302752e-01
9.834752859942820225e-01
9.900258108419968117e-01
9.968187839611886147e-01
1.004984130151901800e+00
1.011634747679293511e+00
1.018738119774009743e+00
1.022964638312149122e+00
1.029607593590535108e+00
1.038101133436859946e+00
1.041077833425813726e+00
1.049354010820699123e+00
1.055599785052754314e+00
1.059995988344997864e+00
1.069491056847376331e+00
1.074255118050503777e+00
1.080089622200438138e+00
1.085412970805931909e+00
1.092032473771619605e+00
1.098103594195426469e+00
1.106585199464316549e+00
1.110190217783327826e+00
1.117172495650896158e+00
1.125215115250797204e+00
1.128893628704743968e+00
1.137328655612823036e+00
1.141503409994315765e+00
1.148363319386973780e+00
1.151938944519708130e+00
1.160474315659211220e+00
1.164794106937963925e+00
1.169048664727085907e+00
1.180563675950574432e+00
1.184977362276761648e+00
1.187031329729363760e+00
1.193015855281272186e+00
1.199975801937752662e+00
1.204930125045562184e+00
1.209892713338013515e+00
1.216256164705956655e+00
1.217896820015119896e+00
1.227172715067370801e+00
1.234039235072743601e+00
1.238222031249607724e+00
1.243327522497911675e+00
1.249320492892366241e+00
1.256089019835735288e+00
1.257997489028008342e+00
1.265646709547518123e+00
1.271936382631051465e+00
1.275834392783878890e+00
1.281986064494576860e+00
1.289159589856664789e+00
1.292903959347482257e+00
1.297170309744782646e+00
1.301951647263902112e+00
1.309113244984315916e+00
1.313742408281951324e+00
1.319383280173392237e+00
1.323271578784642521e+00
1.330006265988220582e+00
1.333138700627438222e+00
1.338715721578294771e+00
1.344082065588051655e+00
1.348083294054656545e+00
1.355379225877658245e+00
1.360393366064261533e+00
1.363069375739000888e+00
1.367673234559854345e+00
1.373126972881168140e+00
1.378557885242194914e+00
1.383174016576671939e+00
1.388413109778018129e+00
1.390822645630470866e+00
1.398211100234984627e+00
1.401293238679519382e+00
1.407378044206789136e+00
1.413751029670112791e+00
1.416760692391994425e+00
1.420943864928892131e+00
1.426140894450752539e+00
1.431155151105226730e+00
1.434784141918385547e+00
1.439108156341055267e+00
1.445140502661076853e+00
1.450294984740325033e+00
1.454177498193692575e+00
1.458065248203107789e+00
1.463838099030911888e+00
1.469165296953812039e+00
1.471588645525113925e+00
1.475774688100049747e+00
1.482016885282273266e+00
1.485242635447920234e+00
1.490331224106490104e+00
1.493563621770656269e+00
1.500133318594950804e+00
1.502985192621834942e+00
1.508191574102558219e+00
1.511530433696773201e+00
1.514876590022807168e+00
1.519922983850334752e+00
1.522190962392796054e+00
1.530010484922319280e+00
1.532419420506754948e+00
1.536503456009831181e+00
1.541577868727788792e+00
1.545872819149222366e+00
1.550352007514548269e+00
1.554408463678296659e+00
1.557284276049832217e+00
1.559191946346299318e+00
1.565689909088644027e+00
1.569285931714050397e+00
1.574120910956204211e+00
1.577986954359399618e+00
1.580550458258915159e+00
1.584515472685012361e+00
1.589977996701545493e+00
1.592167073475732719e+00
1.597527771751416470e+00
1.600307394461313537e+00
1.604797732903276986e+00
1.608508770535415522e+00
1.612376149109344015e+00
1.616108029565960669e+00
1.619583284139134438e+00
1.622844548901220874e+00
1.627112746907486196e+00
1.630298122776258740e+00
1.633373571856210793e+00
1.636915884595328885e+00
1.643271550389142854e+00
1.644642995306141220e+00
1.648663134059713320e+00
1.652885017848463312e+00
1.655246168071996316e+00
1.660603762005895101e+00
1.664292320624851662e+00
1.666928776094419362e+00
1.670006870181010017e+00
1.673626448746531548e+00
1.678603095535116996e+00
1.679740323604737462e+00
1.684355875465753272e+00
1.686647462755703319e+00
1.690100688959814468e+00
1.692063440263672280e+00
1.697240762972103578e+00
1.699808778828147293e+00
1.704064727293611803e+00
1.706591229530492804e+00
1.710126592546429958e+00
1.714104097553940331e+00
1.717799765033929837e+00
1.721177635651875315e+00
1.722916719682536124e+00
1.726855235794169552e+00
1.731101632109170785e+00
1.732597834673956561e+00
1.736813964429398505e+00
1.739600538230560378e+00
1.742558959203492908e+00
1.746518030733386739e+00
1.748736378195972607e+00
1.751981391509451980e+00
1.754441218536010538e+00
1.758097877839148948e+00
1.761462222131567223e+00
1.764164835126035724e+00
1.766673223320607944e+00
1.769702647104359761e+00
1.772908067748826699e+00
1.774697916119104990e+00
1.778804581290071907e+00
1.780840189859324463e+00
1.784158370254140369e+00
1.787542717614637899e+00
1.789738142730230130e+00
1.792713303210132558e+00
1.795369611916157293e+00
1.797696054204856786e+00
1.801866420576506478e+00
1.804733832383204062e+00
1.807419324679156780e+00
1.810473704347073109e+00
1.813356232985295025e+00
1.814835309049428691e+00
1.818801502187149755e+00
1.820409151229369860e+00
1.823187066180859572e+00
1.826098056418262505e+00
1.828755055609719182e+00
1.831554963988251128e+00
1.834424177198775485e+00
1.837257460758216832e+00
1.839886104431883052e+00
1.841401878151035287e+00
1.845071832179075333e+00
1.846612181469691860e+00
1.850005998872187751e+00
1.853459103926478946e+00
1.853899472512370750e+00
1.856518672736771514e+00
1.860474601538994133e+00
1.862420372109578004e+00
1.865856433963118732e+00
1.867279455919737430e+00
1.869765216672884867e+00
1.870987207454075874e+00
1.874976277673890968e+00
1.876663327148234472e+00
1.879427867255330842e+00
1.881403930246709599e+00
1.884050583411603030e+00
1.886100267552565990e+00
1.889174103873973554e+00
1.891388467726507816e+00
1.894509417431280651e+00
1.895705453696809872e+00
1.898712281766738341e+00
1.901167883977466833e+00
1.902468762932220114e+00
1.906016469949698200e+00
1.907571502979725331e+00
1.909949996873528510e+00
1.912034796772227985e+00
1.912976980681590167e+00
1.916384857131163910e+00
1.918107580184632344e+00
1.920529045759510112e+00
1.922949987263743443e+00
1.924622190717629522e+00
1.926470404428627381e+00
1.929554600242020079e+00
1.930804286448507989e+00
1.933754425192630411e+00
1.935609419388493402e+00
1.937002209661738750e+00
1.939017435684750268e+00
1.941588068890702123e+00
1.943192506134510333e+00
1.945444460162041977e+00
1.947647562699922563e+00
1.949895990654780364e+00
1.951789109047000093e+00
1.952879325703992031e+00
1.956557848062794758e+00
1.957339718703215103e+00
1.960450403927249896e+00
1.960729414641882329e+00
1.963362104416648934e+00
1.965414015652090063e+00
1.967800816668641373e+00
1.969432523618646957e+00
1.971825306152625856e+00
1.973704640354881246e+00
1.975020843707001372e+00
1.976313701111419796e+00
1.978834495809306482e+00
1.980693731201733199e+00
1.981353312935439037e+00
1.984715136042574102e+00
1.986451050144416586e+00
1.987785733870290672e+00
1.989644607482025984e+00
1.991034843683382904e+00
1.993333493121193456e+00
1.994796665930160362e+00
1.996254215962114165e+00
1.997942937261846019e+00
2.000698670823034320e+00
2.002016877517902138e+00
2.003636269637659506e+00
2.004495529199054715e+00
2.006923838545114247e+00
2.008340089688347874e+00
2.010763660357020477e+00
2.011792087032598264e+00
2.013712816351871826e+00
2.015030918900613255e+00
2.016739098104848971e+00
2.018406367320905836e+00
2.020556558944010206e+00
2.022063879515170193e+00
2.024031769624347721e+00
2.025011051935950768e+00
2.026068117787445999e+00
2.028656282527813826e+00
2.029764940860428801e+00
2.030312851226922621e+00
2.032914707684225331e+00
2.034292272759469444e+00
2.036324300619086536e+00
2.037639531631290524e+00
2.040077975353046913e+00
2.040280817737641250e+00
2.042102141302029938e+00
2.043711264246695691e+00
2.044556846820365870e+00
2.046518434010573095e+00
2.048006047303308375e+00
2.049565532990524908e+00
2.050676042712435088e+00
2.052015276123046572e+00
2.053619071669061658e+00
2.054799835489535376e+00
2.057227403051202774e+00
2.058346958296557450e+00
2.059164472659571032e+00
2.060703456825485169e+00
2.062572921203693621e+00
2.063425240154328932e+00
2.064933169639569854e+00
2.066188173129922312e+00
2.067535979516412326e+00
2.068955670038223893e+00
2.070077701650039792e+00
2.071731298604479132e+00
2.073255570952913018e+00
2.074264909443627847e+00
2.076158180754111626e+00
2.077167980329731378e+00
2.078854832909427408e+00
2.080324500195028570e+00
2.081495294934980311e+00
2.082998183771491707e+00
2.083785477392979590e+00
2.085885407938177227e+00
2.086945287274370564e+00
2.087731077127835011e+00
2.089112782788170808e+00
2.090150742202875556e+00
2.091387422007048080e+00
2.092347320063596694e+00
2.093776523420761482e+00
2.095440849777049142e+00
2.096866839397933280e+00
2.097817408024960084e+00
2.099291947482804233e+00
2.099967784972708529e+00
2.100957229822468353e+00
2.101882246450576197e+00
2.103066068823713053e+00
2.104585818895790883e+00
2.105789538262651028e+00
2.106799735541271090e+00
2.107889092840180556e+00
2.108963791489057993e+00
2.110292704376757200e+00
2.111226692555431050e+00
2.112151967882054837e+00
2.113802581053346952e+00
2.114369499404412878e+00
2.115996132807119068e+00
2.117281252389807911e+00
2.117687097669189278e+00
2.119178238046889096e+00
2.119975478892103915e+00
2.121259432429384084e+00
