7.748705495193404513e-02
-1.284231420292858139e-01
-1.515629544880801316e-01
2.884003583421791417e-01
1.318338234117657937e+00
1.739755123013318194e-01
4.969693102304622023e-01
-2.815341918239014363e-01
-3.262565319612968362e-01
-1.042773045914335839e-01
-3.841886717748390079e-01
-6.928660754872008054e-01
-1.016480462460261247e+00
-4.177951366768039576e-01
2.970912831903202433e-01
5.401390823666479823e-01
1.462585753628254048e+00
-3.175146924257767067e-02
-1.671076614299403351e+00
1.715517654357070043e+00
2.096105117090630021e-01
4.701302295258834585e-01
7.891179975109217093e-01
1.455365699642923172e+00
6.309956499273601249e-01
-2.258688176018638138e+00
-7.967767346379096838e-02
-9.830261801158183266e-01
5.572801324974803183e-01
9.575761910450252268e-01
-1.867163503948164882e+00
7.356975749543031018e-01
5.570399683280099490e-01
1.013593742980394730e+00
-2.132894062334393936e+00
1.821172380726613804e+00
-1.508592847303021234e+00
1.239592547610938622e+00
-1.226983694665371993e-01
-2.247340778783936954e-01
-3.588723188094347094e-01
-2.180272654342554073e-01
4.053159344348918891e-01
-1.236441308443317677e+00
2.625807560037093591e+00
-1.237585110255107868e+00
3.929397144597059355e-01
-1.271315819161396854e-01
1.006538605893138039e+00
1.682339366027656435e-01
-1.466037080003256943e+00
-1.730162413712388769e+00
-9.489673758245007473e-01
1.679509466584903299e+00
-1.135064577275375353e+00
8.453669423364584823e-01
1.592978014890555627e-01
4.079745981770556695e-01
2.160926247524325161e-01
1.654854085219006898e-01
-3.122440854999067317e-01
-1.216644103486423045e+00
2.709041963655966501e-01
6.352192846388555747e-01
