-3.966604822380759458e-15
-6.599953819141218795e-15
-3.165939732596711858e-16
2.874922522266842814e-15
5.584421813864537674e-16
-6.099565297290609781e-16
-2.017830347256221894e-16
1.250610726089007580e-15
7.490744136084970456e-16
1.215916256569471438e-15
7.344472252590605797e-16
6.717959522006822400e-16
7.320810624378282567e-16
-2.678968158420502523e-16
-4.285460875053104355e-17
1.867395127419513234e-16
-4.486411242510257990e-16
-5.056510765655275455e-16
7.938927293338338557e-16
-9.706124792785430739e-17
-9.858780458671390207e-17
3.108624468950438378e-18
9.081624341433780185e-16
8.681944052568724462e-17
-3.392841563254478443e-16
-1.354028000832840887e-15
3.614886168179509455e-16
2.533973031404457468e-15
5.393074875570391990e-15
2.242594998591585004e-15
4.071409875905373737e-15
1.309397035242909677e-15
-9.594547378810602223e-16
1.326050380612287065e-15
-5.586642259913787743e-16
-1.474376176702207963e-16
-3.487876654162391828e-15
3.914313317920914181e-15
2.045308367115694573e-15
5.259903623766604413e-15
-3.810840532025850141e-15
-5.684341886080801605e-16
5.300204719560497545e-15
3.013811422647450033e-15
-4.723110791360341131e-15
8.173461907290402955e-15
3.456346320263037503e-15
3.325117958752343957e-16
-2.794653397586444110e-15
-2.193023540542071727e-15
2.742139848521674319e-15
2.863265180508278623e-15
-1.953104344920575247e-15
1.284083950281456135e-15
1.569189223005196292e-15
-1.250111125727926241e-15
9.892087149410144144e-15
-7.488898390306530208e-15
5.019651361237720374e-15
-6.575184841040026723e-15
1.256217352363364570e-15
-3.803513060063323830e-15
3.502087508877593845e-15
7.768008458697295673e-15
8.345990565317152509e-15
-1.401545546286797560e-14
-1.040278974073771592e-15
-1.267919103042913703e-14
7.858602657506708725e-15
6.883382752675970551e-15
-2.820632616362672574e-15
3.245625990189182826e-15
-3.645972412869013866e-16
-2.085553951758356577e-15
-7.069012042393296396e-15
-6.757483461683477761e-15
9.909517650896760288e-15
3.628208844475011345e-16
-2.705058399499193737e-15
-1.067279598032655541e-14
1.061706278449037267e-15
-3.747890886529603746e-15
-1.184607967275041971e-16
-9.068301665138279379e-15
-1.077982147990042035e-14
2.921995978510949395e-15
-2.822186928597148115e-15
-5.504041666881676122e-15
5.569655847637022993e-15
-1.676547789486448988e-15
6.547429265424397809e-15
5.875966380131103720e-15
7.462919171530302730e-16
9.630962694018308474e-15
3.146483074090156271e-15
-2.461364445593972141e-16
2.843614232972413396e-15
-3.928191105728728638e-15
-6.563749543886388229e-15
-4.006239784359877471e-15
1.251598824580923915e-14
7.008282842946300661e-15
2.149613820279227907e-15
7.305267502033530361e-17
-4.586331314726521921e-15
5.948908032848976114e-15
1.987299214079030247e-16
3.482103494434341059e-15
-8.983924715266767309e-16
-2.245981178816691729e-15
7.088218900719311806e-15
7.486344877349892777e-15
-4.567679567912819373e-15
-8.259948280908702246e-15
1.178834807546991251e-15
1.023570117553162997e-14
-3.472777621027489785e-15
1.725330989188478230e-14
2.759237283100901720e-15
-6.449840661559846795e-15
-6.896039295156697026e-15
8.252287742038788376e-15
-6.025180354640724103e-16
9.945155809987227586e-15
4.243383422419810428e-15
-1.108635405699942559e-14
3.419708960450407132e-15
-1.467159727042144352e-15
6.591616141804479399e-15
6.894484982922222077e-16
-1.531463844628433516e-14
-1.197741905656357581e-14
2.308819802010475472e-15
-2.416622457701578182e-15
5.911160450011721202e-15
1.775068980691685129e-14
5.415556891819051473e-15
4.600542169441723937e-15
7.488010211886830575e-15
-2.659650277792024955e-15
-2.172817481493894033e-15
1.470135124748139858e-14
5.778710843173939872e-16
-6.815659148173836262e-16
3.006150883777536557e-15
-1.521127668269173180e-14
-1.059663468083726889e-14
-6.124656337647138217e-15
-6.052824907953890760e-15
-3.396727343840666309e-15
9.300893388797249548e-15
1.390088044672665983e-14
-1.195321619462674859e-14
-1.510203073706861541e-14
5.502487354647200581e-15
1.550426453889031093e-15
1.657307624469694782e-14
5.306421968498398131e-15
-4.499067784990984465e-15
6.932010521154552672e-15
6.379896611008462438e-15
4.682920717868910256e-15
8.740230761361544431e-16
5.305755834683623012e-15
-5.450417894792281395e-15
9.320211269425726427e-15
1.543287719840691408e-14
-1.065481036732762680e-15
1.591393683497699344e-15
-2.071443017115370907e-14
-1.579980590804552907e-14
9.835854353212881253e-15
-1.109384806241564489e-14
-3.205058440869379173e-14
-4.742761738896206358e-15
-1.180688879998115162e-14
-1.408118066592578473e-14
1.136685190417097124e-14
-1.283795292295053518e-14
-3.040678819843378919e-15
-1.574945729387877605e-14
-6.152578446716460911e-15
4.190758851052578381e-15
-1.964428619771751957e-14
5.690670157321164646e-15
8.416378705078387472e-15
-1.209021771586549231e-14
-6.724287793247185637e-15
4.747979787111944265e-15
6.738776203718543690e-15
-2.684463762392397355e-15
3.561817507602427295e-15
-1.114897063558828521e-14
-4.259925745486725362e-15
1.428790419311098829e-14
-1.770805724277124714e-17
3.539279980202536684e-15
1.380090486335916517e-14
-6.580846978465615630e-16
-2.328581771848803429e-14
1.120725734438110499e-14
3.246791724365038890e-15
3.710975970960816944e-15
-1.215416656208390099e-15
-4.794997732204820112e-15
1.277361549867350781e-14
1.507272084921851332e-14
9.534817380085769956e-15
-1.936389937284843697e-14
2.185229774909203148e-14
1.003308547353754056e-15
8.358147507436797645e-15
-1.471445187917197488e-14
5.323408380775162881e-15
2.181643754539663967e-15
-1.747302302845810227e-14
1.111555292254706779e-15
4.087730154367364156e-15
7.818024005956657978e-15
-1.011724037880412653e-14
7.688405467831672088e-15
2.898181694632740068e-15
-2.781830321652023460e-14
-1.174255137570412425e-14
-7.563838444468729537e-15
6.136535724010628106e-15
2.512212660121804232e-15
8.119283023688695367e-15
1.036531971365661743e-14
2.337019466835954596e-15
-4.860556401808935460e-16
-2.011724120620783712e-16
-4.607314529891937386e-15
-4.616085291786476192e-15
-8.531286788127090795e-15
6.456668533161291767e-15
1.191080567508606705e-14
8.612000002017338921e-16
6.804001806415271677e-16
1.085131984268627946e-14
1.680711125828793286e-15
-7.816081115663564144e-15
1.215527678510852553e-15
1.060307397438009557e-14
-1.084593526101684856e-14
-1.326211362950857574e-14
-2.636169060821202793e-15
1.182504094643377283e-14
2.401462362300321620e-14
2.134858956281959728e-14
-1.582872721783701208e-14
2.530364806574425441e-15
-5.573042027862129323e-15
-2.194489034934576989e-14
-2.355171613288575805e-15
-4.641953488260242005e-15
3.866518216710801747e-15
3.035127704720253057e-15
8.452738509134859834e-15
-1.309286012940447026e-15
-3.070588228126780586e-14
-1.138461547256497336e-14
2.000427601345222734e-14
5.786704448951240907e-15
-9.464706796080691030e-15
1.375777269885247699e-14
4.797162667102839249e-15
1.907796143285622732e-14
1.333422261495798002e-14
8.153033803637300353e-15
-8.708589405159727651e-15
1.334155008692050555e-15
2.334177295892914114e-14
1.076339017913596688e-14
-9.756639940405875961e-16
5.166256311639471802e-15
-2.197353410338110002e-15
-8.100187187665141425e-15
1.033861884991438272e-14
-3.432920614443446469e-15
-1.594274712246601734e-14
9.457490346420627765e-15
1.512384661950250135e-14
-1.095762369729413933e-14
-1.458444476298836990e-14
-1.821875983409881899e-16
-1.506134106321610635e-14
1.133643179329624185e-14
2.302547041921343363e-15
8.070877299815037759e-15
-8.517297978016813292e-15
3.666611458896795900e-14
3.547606652887225279e-15
2.488131922717684463e-14
-1.021377427079528414e-14
2.328137682638953238e-16
-1.015126871450888756e-14
2.133410115234824080e-14
-4.514888463091892757e-15
1.618433165262445004e-14
3.157862860092564031e-15
-1.564975926626743742e-14
1.009892169889781076e-14
9.704903547458343547e-15
-5.421219029244639198e-15
3.689182292987424873e-14
1.294880869195935626e-14
-2.400846188521654714e-14
5.265232694284804577e-15
1.931854676229249892e-14
2.366917772889110117e-14
-5.177525075339417503e-16
8.881451130093864764e-15
3.344047261322202739e-15
7.859546347077639881e-15
4.770017714150753932e-15
-1.024380580361139444e-14
4.601979908258613280e-14
7.684186620338095282e-15
1.198841026450736528e-14
6.541489572242653260e-15
-5.937195179939180794e-15
-3.693712002927896157e-15
2.865041537347679072e-15
1.376321279167314099e-14
1.938338378693060842e-14
2.299571644215348094e-14
-4.946043574705072072e-15
-8.252287742038788376e-16
-5.696276783595521636e-15
6.653289030822407079e-15
2.188360603838646208e-14
3.595235220643644721e-15
-9.943157408542901440e-16
1.159128348859894699e-14
7.712053218256187241e-15
4.613198711922450413e-15
2.302047441560262221e-16
3.565348016820734953e-14
1.967120910606468038e-14
1.682709527273118485e-14
-8.057221556612147816e-15
-4.658273766722231636e-15
-3.473887844052114720e-15
5.111688849979145920e-15
-5.840550265645560936e-15
-2.425426526286855665e-14
-1.021260853661942689e-14
2.295497125714973483e-15
6.360023618867671909e-15
-1.069722088686830873e-14
-8.618328273257702159e-15
8.381739746710081275e-15
-6.022959908591474232e-15
-9.398037903451949957e-16
-3.941291737419305521e-16
1.572519892079071691e-15
-8.957279362675762542e-16
-2.632338791386246153e-16
-2.625566430936032803e-15
-1.184641273965780816e-14
-3.442468532455223046e-15
-1.703159835386714013e-14
-1.034405894273504672e-14
-1.283273487473479727e-14
1.877609179246064634e-15
-2.672861931785064292e-15
1.499345092526027729e-14
2.428712786439746042e-14
-7.116196520939865233e-15
1.319155895629364779e-14
-9.414913293426253239e-15
9.086953411951981138e-15
-2.217970251905398835e-14
-8.720690836128142841e-15
1.457767240253815567e-14
-1.703193142077452611e-14
-3.961753147763147550e-14
-2.116407049612689558e-14
-1.461719634221481142e-15
-2.894684492105170692e-15
1.548761119352093374e-14
-1.425448648006977245e-14
2.095656981282445621e-15
-2.779332319846616763e-15
-3.256739322665680538e-14
-2.244648911187141490e-15
-3.389177827273215485e-15
1.062927523776124815e-14
4.310218848502245281e-15
-1.670696914146674362e-14
-1.330635601703988807e-14
1.939670646322611080e-14
-1.434241614362008502e-14
-2.621236561139994529e-15
-1.046118747183299992e-14
-2.057920500675436304e-14
6.508238392655130402e-15
-1.940336780137386120e-15
-3.750555421788703434e-15
-1.881905742351364153e-14
1.605082733391327648e-14
-6.561307053232212266e-15
-9.051204230559050795e-15
-1.019351270059587452e-14
2.169286972275585822e-14
-5.675571124186262996e-15
5.476064046661121905e-15
1.701061513870172229e-14
9.738321260499560973e-15
8.892109271130266670e-15
-9.888978524941194640e-15
-3.689271110829395133e-16
-2.556288514199422777e-15
-5.598632668579739099e-15
1.412980843440436685e-14
-6.813660746729510707e-15
-2.024158618496585329e-15
-2.758815398351543882e-14
-3.493871858495367408e-16
1.535105376149203944e-15
6.377121053446898916e-15
-1.297817409096069303e-14
-8.170131238216526965e-16
-5.706657368875767506e-15
-2.340128091304904890e-15
-7.586931083380932616e-15
-1.915789749062923847e-14
1.000688421015638600e-14
-4.620748228489901434e-16
2.465583293087547784e-14
-1.347089106928933619e-14
1.095290524943948198e-14
-3.099320800004079254e-14
3.458122677102437557e-15
1.463684728975067507e-14
1.282018935455653305e-14
3.119837721499152293e-15
6.737610469542687232e-15
1.298061658161486741e-14
-4.047207013968545722e-15
2.467770432446059057e-14
1.336553090425240905e-14
1.392175263958961304e-14
-8.382294858222394926e-15
-8.979483823168265200e-16
1.746180977590938829e-14
-8.497202941271098249e-15
-4.130584763117894719e-15
8.224421144120696416e-15
-9.653278176813273389e-15
1.176148067827398362e-14
8.766987136255010468e-15
2.105871033108996923e-15
-2.019673317477099737e-14
-3.982925100842749089e-15
2.542965837903921182e-15
3.529065928375984988e-15
-3.568922934960028303e-15
-1.631816903824301274e-14
-1.647149083794374688e-14
3.132549775131110134e-14
-3.186007013766811633e-15
-1.415667583160029613e-14
-2.053424097425704407e-14
6.452616219121410121e-16
1.180300301939496395e-14
-1.641686786513219027e-14
-2.093958340054768989e-14
6.618483539000407891e-15
-1.456368359242787816e-14
1.673661209622423406e-15
2.206823612738162367e-14
4.921618668163318754e-15
1.394495630080427917e-14
4.901856698324991271e-15
1.269451210816896478e-14
-6.192490964451735749e-15
-1.048672260139937896e-14
1.741284894052341860e-14
-1.974220786848945894e-14
-1.823485806795588410e-14
1.119326853427082906e-15
1.210920252958658163e-14
-6.798117624384758453e-15
-1.542532768183946167e-14
-2.472577698142686220e-15
-2.864264381230441302e-15
-1.430999763130103027e-14
-1.886379941140603440e-15
-2.142064303711777083e-15
6.149303288793816838e-15
1.163913410096029094e-14
2.098843321363119652e-14
-1.083277911817503917e-14
1.013944483929662998e-14
2.597189130426613674e-14
1.475741751022496848e-14
-4.558797783715817521e-15
6.225131521375715011e-15
8.731459999467006216e-15
1.139177641107380668e-14
-2.447042568576307572e-15
-2.226663298188214062e-15
9.672929124349139404e-15
2.258992992665298609e-14
9.344414131362555230e-15
-1.885491762720903413e-15
1.835009921791197341e-14
8.177458710179053670e-15
-6.273315200644447316e-15
-2.861377801366415917e-15
