-7.663362605453476473e-01
-4.184318595587427914e-01
-5.260393304402336545e-01
-4.184591711247971635e-02
-1.590603379987052479e+00
9.706995089665615417e-01
-2.843282095833303269e-01
-3.164845662571394991e-01
1.002275891156821919e+00
-8.444452976598854077e-01
-1.827326706422341129e-01
2.054908939467402273e+00
1.508905536291894611e-01
7.657326316432686575e-01
-8.577611552758166447e-01
-5.729801940374166236e-01
-1.087498572610140712e+00
-2.546917570454377416e-02
1.517195933590152368e+00
1.133640207316756410e+00
8.103284970833717071e-02
1.718879719368878956e+00
-7.714262476114164269e-01
9.237007762777944553e-01
4.916963263792790140e-01
2.202710869053360110e+00
-3.370754175032120159e-01
8.779107520296709488e-01
4.408199259551715543e-01
-1.148213759054094840e+00
-5.330914874395727976e-01
-1.443640856582034671e+00
4.483227907352376196e-01
-1.210271263331496261e+00
7.348578442996871463e-01
-9.275694709251481873e-01
-9.909644487952783132e-02
-1.673333749118694591e+00
7.229938534051106869e-01
9.998740561568976171e-01
-1.277630690246228218e+00
1.663730322883214541e+00
6.199790660642301443e-01
7.054049344740035421e-01
1.381331523412414386e+00
1.726211719950736745e+00
1.536538708626830951e+00
8.213820643071625405e-01
8.138015943678399422e-01
1.912973372575995923e-01
-1.103428172633936111e+00
1.571015745255016194e+00
-1.077187944729091518e+00
1.481602627111863191e+00
-7.668229033208256995e-01
-2.312410487725954589e+00
-2.530604566980714787e-01
-8.772095861057540578e-01
1.569506862058076990e+00
5.896551353591715505e-02
-1.357608249642057618e+00
-1.616953644801366385e+00
-4.498967322857702067e-01
5.858792465177317110e-01
