-3.879298011932519885e-01
8.089030118887823029e-02
-1.110683670396675204e-01
1.647765418966807768e-02
-1.203842031637166188e-01
-8.793837135704359043e-02
-7.619935827091904590e-02
1.244805878476364092e-02
-6.610030134170157001e-02
2.227105364562319972e-02
9.083066673791373447e-02
-4.584779721500330252e-02
2.532382389500297676e-02
-1.436372281094961539e-02
4.365136381106674013e-02
-8.692194771521754779e-03
2.599092782553918610e-02
3.394363786789798137e-02
-2.783815903659346211e-02
4.939582272997019435e-02
2.739074159070331235e-02
8.773645647337924638e-03
-1.419067753706164912e-02
3.209424767532119242e-03
6.760146436866647755e-03
