1.456197428977961950e-01
-1.340961749063845354e-01
-9.524014365464616994e-02
-4.509162530292005339e-02
-8.930272236716831416e-03
-1.156553359375392664e-01
-6.943714193437190707e-02
3.615778802697850510e-03
4.264120903519111327e-02
5.222919070382045503e-02
6.091672736536075244e-02
1.539061458968208479e-02
4.062736364643344117e-03
-1.226353032246767782e-01
1.008577409508260997e-01
3.681604605840739508e-02
1.667538490484517244e-01
1.128258895509705040e-01
-1.160921673980814528e-01
3.055511309879431828e-02
3.699241041177325079e-02
2.405156264919930745e-02
-1.239776704201702752e-02
2.517677008811382289e-02
5.987183561388710606e-02
1.266039498451569378e-01
8.091997685320065359e-02
-2.083116167626108128e-01
4.108256688494709395e-03
-1.575028035783870850e-01
-1.897743704996043002e-01
-2.001401163347863166e-01
-5.435161154625593738e-02
-9.313155048543467207e-02
1.155198820117812053e-01
-2.443315973817523912e-02
3.173974567896855822e-03
3.026257813925469636e-02
-7.385657813161991547e-02
-5.881259694398094373e-02
-9.399080217587306441e-02
2.942041047867747020e-02
9.427000015985413650e-02
7.993374206255711434e-02
9.791046755343348063e-02
-5.203283695454866131e-02
6.046990738484882971e-02
7.883080183014763709e-02
-2.377470039104301325e-02
-1.024227702267294648e-01
7.717287165960583228e-02
7.453735852074366841e-02
6.326819992336002452e-02
7.906263111126030085e-02
-9.335257134724125883e-02
5.706847230512099127e-03
1.192922659587273811e-03
9.672444265779486794e-02
1.141636738112303262e-01
6.272416175604333954e-02
-4.653009786260406400e-02
-1.543122746308228099e-01
1.012845354920582502e-01
3.913317859996971737e-02
