-1.217262277808614235e-01
-7.587270373870526330e-02
1.089670732050763563e-01
3.176287407138256302e-02
-2.979138600085672398e-02
6.667106574652355289e-02
-3.672615072902633143e-02
9.271605588581284529e-02
-9.438057482843852097e-02
-1.223203955498120554e-01
2.192109313778811130e-01
-7.593849440781071103e-02
1.554455280930939209e-01
-1.958355190470922325e-01
1.714877367920383811e-01
-1.976431524556966912e-01
1.612522636240986962e-01
-6.836846151422155959e-02
-1.687187241791942571e-01
-2.758704021063889886e-02
6.588642051995772728e-04
1.832641909228437394e-01
-6.025865667036033047e-02
-1.216579901746219911e-01
-8.844507075595962886e-02
-1.352509350241494768e-01
-2.908225043778238372e-02
-9.046004464412057272e-03
4.226358713898079739e-02
-1.693454180053877434e-01
-2.338105379100644671e-02
-6.170162571071808461e-02
8.372468854215110723e-02
-3.383420976499949134e-02
-1.948417675517290781e-01
1.433445674212130150e-01
-3.132634251328372116e-02
4.899937045780870803e-02
-1.115249721225920060e-01
-2.279137829896892703e-02
1.181066382526008568e-01
7.935524729333598426e-02
1.011238201032079592e-02
-1.041457645044263358e-01
-1.088918798571983371e-01
7.166058383984259816e-02
-2.158645346590540304e-01
-7.148540089698340004e-03
-2.701220087432560368e-01
1.466555077645460316e-02
5.686906186563726873e-02
8.751590543603648964e-02
2.898356975143664971e-01
1.708759156214429975e-01
1.160981100019585072e-01
-1.049029194497589079e-01
1.398086908991322437e-02
-7.761655900564760902e-02
-2.957441765233146946e-01
-1.768947831917746794e-01
2.018082850792840294e-03
-3.545558528851132374e-02
1.595103041806558708e-01
6.753759805891837442e-02
