5.049978797492146732e-02
1.078836267805881599e-01
-5.812320215548268110e-02
2.888478138012285160e-02
1.516474103714325339e-01
1.025947693694531128e-02
2.402927907649108075e-01
-6.768589120151648209e-02
-8.433657078795535333e-02
7.056854379562379348e-03
-7.705543886082669158e-02
8.018655344795044826e-02
-1.096994829470424870e-01
2.720654065419554971e-02
1.867670685516149565e-01
1.592798196863513260e-01
2.567172767690755267e-02
3.513648254173225294e-02
-2.632672123540871767e-01
6.449792862026546003e-02
2.411757765566167194e-02
-2.145651055102010263e-01
7.974936935788383419e-02
-1.503262800035132796e-01
2.161111240356357321e-01
1.840594982819089565e-01
-9.845438502152160931e-02
5.295631334653256792e-03
2.524487857665164148e-01
3.001187614842569795e-01
-6.187270703234639541e-02
-1.146267353101712849e-01
-4.187975663409432975e-02
1.354591729349344520e-01
-8.507830944099724346e-02
-1.659122444417074071e-01
-8.549873133283442117e-02
6.034055617551621342e-01
-5.361233687027260747e-02
-7.110651193424259719e-02
-2.320283635342688250e-02
7.817700708667177367e-03
1.365663921285674154e-01
-2.642968687362210467e-01
-2.558071123494571643e-03
2.254232389348933274e-01
3.697494357641208096e-02
-4.561740907031787418e-02
-1.120870730962451461e-01
-5.941864035052595722e-02
1.349728473673436902e-01
-9.997960633478270021e-02
-2.026749764927394393e-01
1.389672179448163125e-01
-2.149051520514141944e-01
-2.957092742750714875e-01
1.151471200180756993e-01
1.029926845949194654e-02
-2.783551856200525143e-01
-9.377444402956686131e-02
4.003926390462724805e-01
-9.701464521119481038e-04
-4.581112439387798330e-01
1.286629523834928734e-01
