-8.776535054266788228e-15
-3.488917488247977755e-15
1.799047022466027074e-16
-5.640654610061801552e-15
-3.242517365720232138e-15
9.919842725025773255e-17
-1.502659108254533829e-15
-2.646216579194060807e-16
-6.033541721794932795e-16
-8.004708007547378617e-16
1.252421777397927337e-15
2.162492407364880080e-15
1.800781745942004029e-16
9.781064846947629180e-17
8.992806499463768261e-18
8.915090887740007542e-17
1.140587624348654605e-15
2.294275880387885995e-16
-1.593170040337099510e-17
-4.077849169448200020e-16
-4.076738946423574986e-16
1.301181384860683388e-16
1.222244527809834873e-15
-8.746336987996983352e-16
1.320055176279311190e-15
4.423128530106623641e-16
1.001865257421741166e-15
-1.538935645584160682e-15
-1.142752559246673545e-15
-4.032274514287337063e-15
9.868772465893015762e-16
-1.298960938811433073e-16
9.849898674474388700e-16
4.980682533073377480e-15
3.931965864012454050e-15
4.119593555174106042e-15
-1.757483047981622762e-16
6.186495760118759677e-15
1.447675312959972906e-15
2.368438778432846271e-15
-2.928324249751313027e-15
3.541278381646861647e-15
7.679856750542058585e-15
-6.392442131186726657e-15
-1.974864716203228483e-15
-6.432632204678156546e-16
1.848521336000885482e-15
4.882427795394050558e-15
-4.879874282437413127e-15
7.353007092092412012e-16
3.985922703009237125e-15
-6.500133764575366715e-15
7.529088463797961872e-15
-1.108846348074621399e-14
4.477973547523106744e-15
4.864997293907435597e-16
2.769784401834840581e-15
-5.549782855496232464e-15
4.130473740815432462e-15
-3.874567333639333911e-15
-5.247247081285877149e-15
-3.215094857011990784e-15
-3.062994302638344228e-15
9.030554082301023678e-15
-1.907363156306018905e-15
5.280220705117244759e-15
-4.070521697485674104e-15
-1.023958695611781921e-14
-2.295275081110048575e-15
4.571010236986694180e-15
-1.725175557965030715e-15
2.071676163950542219e-16
-1.095457058397642056e-15
-1.383038128466296183e-14
3.280931082372262564e-15
4.011568854878078424e-15
1.725730669477343380e-15
1.606270672027676480e-15
-8.360756531544666599e-15
-7.366329768387913409e-16
1.043864994443310891e-14
-3.764544231898980936e-15
5.599298802394514218e-15
-4.491740313028458155e-15
-1.391631254676894904e-14
7.517431122039397287e-15
5.421441073849564500e-15
-7.166822690862772712e-15
-1.016542405807285805e-14
2.189248782258346315e-15
-2.892019956846070215e-15
1.370636937281233293e-14
-1.356137424579628698e-15
-3.642086632282825999e-15
1.928568416076359278e-15
5.084599408178292126e-15
-7.885359032400174959e-15
1.547761918629930813e-15
-8.306244581035571451e-15
-3.750111332578853617e-15
-2.607691840239567632e-15
9.447997939560081922e-17
-7.112643807261065124e-15
-9.128697797677887554e-15
9.653611243720660948e-15
-9.607870055106104606e-16
-2.009503674571533397e-16
-1.987410236381492701e-15
2.927436071331612605e-15
1.531663684772865894e-15
5.180411655203443085e-15
9.706679904297743996e-16
-4.712008561114089408e-15
-3.578248808366879380e-16
1.469824262301244829e-15
-1.759592471728410702e-14
1.467859167547658149e-14
-1.416755601724162176e-15
3.475775223193977426e-15
-8.565703701890470900e-15
-1.215938461029964008e-14
-1.792455073257315187e-15
-1.635402924193840613e-14
-1.543598582287586358e-14
-3.396283254630816493e-15
1.449396158648141832e-15
7.545408742259950714e-15
-1.097366641999997214e-14
-7.538414337204812949e-16
5.812017533912694647e-15
-4.463429625900517168e-15
-6.286304810032561351e-15
7.591705042386820510e-16
1.218170009309460499e-14
-2.536859611268482853e-16
-1.064082155721734969e-14
-1.974997942966183427e-14
-7.694844761374497188e-15
7.786438160906072918e-15
-7.483680342090792301e-15
5.574651851247836387e-15
-1.353406275939050789e-14
-4.759637128870508851e-15
-1.806033100848480919e-14
-1.114841552407597156e-14
-5.782041512247815073e-15
-8.096856518591266815e-16
-2.114197705793685518e-15
1.939981508769506031e-14
4.345857007592712579e-15
-1.482147737874583942e-16
2.370548202179634280e-15
3.157363259731482692e-15
7.318812222933956618e-15
1.198419141701379005e-14
6.359912596565208863e-15
2.912114993591785653e-15
5.830225191516547378e-15
-2.546851618490109147e-16
-1.780908753801213648e-15
4.673816889066983890e-15
-1.014321959758035460e-14
-5.320299756306212588e-15
-1.421818218716453003e-14
1.200139987389548010e-14
-8.464340339742193093e-16
6.265987728681921005e-15
-8.275158336346066941e-15
1.306732499983809280e-14
-7.238654120556020910e-17
-2.076783189863817771e-15
-1.885458456030164578e-14
-6.199818436414262060e-15
1.069166977174518326e-14
-9.525269462073993774e-15
3.299360784581040204e-15
-8.832490294707895083e-15
1.143196648456523677e-14
-1.699340668182003224e-14
5.717537554517093926e-15
-4.852562796031634030e-15
8.615552715696140214e-15
5.622613485911642600e-15
6.596945212322680353e-16
1.347233435922134947e-14
1.384259373793384006e-14
1.523692283456057231e-14
-2.550182287563984743e-16
-1.233890767338152681e-14
2.044475699847225675e-15
3.498423772896330689e-15
-2.740474513984736521e-15
1.011979389176076397e-14
1.519562253804451689e-15
9.732770145376435506e-15
-6.876610392225757102e-15
2.464584092365385184e-15
-3.910927137695807851e-15
-7.534195489711236734e-15
-2.920663710881399156e-15
-1.428279716719771343e-14
3.813782623041106654e-15
-1.873801114271600308e-14
1.551025974322328779e-14
1.621480727465041175e-15
4.525546604128294663e-15
5.022815496857902190e-15
-7.756129072333806574e-15
-2.439015656108267780e-14
-5.915601342110221733e-15
1.443067887407778358e-14
-4.944489262470597320e-15
1.007860461754717041e-15
-2.152167333235866127e-15
9.607536988198717835e-15
-6.718514633519134867e-15
-3.244327029250371344e-14
-7.851053140939256322e-15
1.174471631060214418e-14
3.598010778205207455e-15
-1.042721464727946963e-15
6.760147996942578238e-15
-1.378674951979519310e-15
1.100619595462148993e-14
9.273803946996395754e-15
1.885702705095582016e-14
2.190359005282971250e-15
4.026667888012980073e-15
-7.710942995231561516e-15
1.585886977295558543e-14
9.323430916197138977e-15
-1.049060838198556663e-14
-1.701305762935589865e-15
-6.292300014365537423e-15
-4.807376718929390550e-15
-6.010858477623059830e-15
-3.194999820266275347e-15
-1.256272863514595896e-14
-1.539446348175488326e-14
-2.360023287906187791e-14
1.121658321778795665e-14
1.335564991933324531e-14
-7.741807195316141512e-15
-1.237854263536064482e-14
1.399480531460994848e-14
2.524758180300068451e-15
-2.049138636550651509e-15
-8.532397011151714942e-15
7.101652599317276446e-15
-4.790612351257550314e-15
-5.200506691949158128e-15
3.745448395875427783e-15
-6.381117856335549631e-15
-4.192091118682128619e-15
-1.886335532219618537e-14
2.873146165427442759e-15
-2.218991657088054123e-14
-1.853939224361056399e-14
3.012257110412974886e-15
-1.070865618402194722e-14
-1.084776712900747935e-14
-6.481370995459201121e-15
-3.257505376552671925e-15
1.179389919059303837e-14
4.589439939195472214e-15
1.221167611475948378e-14
2.236544283107377724e-14
-1.116329251260594870e-15
-1.355382472922883537e-14
1.298694485285523105e-14
-1.589617326658299092e-15
6.163181076601631295e-15
-1.412936434519451782e-14
1.471400778996212585e-14
-2.155275957704816341e-14
1.084565770526069095e-14
6.632694393715609907e-15
-7.763456544296332885e-15
-1.249778058820538681e-15
4.405809050922470937e-15
1.193900533991154657e-14
-1.042721464727947042e-14
-1.667188609388858840e-14
-1.045674657973450017e-14
5.396905145005348137e-15
-9.499845354810076200e-15
-1.814670635980064544e-14
-1.029842877642295185e-15
7.638556454026002774e-15
-1.946354188930854565e-14
3.396283254630816493e-15
2.763600459587678435e-14
2.974542834266458178e-14
-4.160005673270461431e-16
-8.400391493523784612e-15
-8.634759574022155624e-15
4.369282713412303218e-15
3.004374526938136108e-15
1.025257656550593246e-14
-1.141864380826973518e-15
-1.960365203501624046e-14
-6.146527731232254104e-15
-4.442335388432638657e-15
8.563039166631370423e-15
5.334843677928802164e-15
1.475064514977475425e-14
1.693789553058877442e-14
2.029643120238233600e-14
-2.505884388881440995e-15
9.886425011984557209e-15
3.656297486998028016e-15
-3.035471873857886764e-14
1.093369839111346657e-14
-2.182520830729117769e-14
-3.887778987632373249e-15
1.820554818010577886e-14
7.084333120133124137e-15
-3.931743819407529536e-15
4.776734563449735857e-15
1.550126693672382210e-14
-1.402877813916347719e-15
-2.313516045404640062e-14
9.800160682971182432e-15
-8.171241461241152493e-16
-3.349287513998433729e-14
-9.996670158329834698e-15
1.703470697833608963e-14
1.781463865313526115e-15
-2.424271894341245669e-14
1.908795344007785411e-14
-1.995992260361845039e-14
2.172706459191431381e-15
-2.243649710464978812e-15
1.865063659067800415e-15
-7.923328659842355174e-15
1.188493747861230084e-15
-2.911315633014055589e-14
-5.914935208295446614e-15
1.542288519118528729e-14
2.860778280933118231e-14
1.118405368316643886e-14
3.680400428862639921e-14
-1.406108562918006968e-14
-3.263167513978260044e-15
-1.188971143761818933e-14
2.140143617879175463e-14
1.362676638194670934e-14
1.684141714974884834e-14
-1.414313111069987002e-15
7.519873612693573250e-15
-2.681410649074678190e-15
2.477629212904730505e-14
2.170452706451442438e-14
-2.779554364451542066e-15
-1.727051834876647235e-14
-1.867728194326900734e-14
-1.525934933965800027e-14
9.246381438288154400e-15
1.627054047048659330e-14
-4.894640248664928006e-15
2.212674488077937101e-16
1.592059817312474463e-15
-2.650479835608621314e-14
-5.430766947256415380e-15
3.498312750593868038e-16
-7.889577879893750188e-15
-5.935807401158399822e-15
-1.010336259099631208e-14
-1.443400954315165957e-15
5.133671265866723472e-16
-2.707478685692876696e-14
5.158318217013402684e-15
3.095990130930204289e-14
-1.458388965147605546e-15
2.104205698572059125e-15
-2.696765033505243898e-14
-2.740940807655079026e-14
3.991806885039750152e-15
3.960498595745321129e-15
1.338618105251043774e-14
9.376055487564371813e-15
-2.258448983383232209e-14
-2.478350857870736989e-15
-5.927924817683560649e-15
-3.753664046257654023e-16
-2.152722444748178595e-16
-3.609446075358846738e-15
-2.235989171595065336e-14
-1.228905865957585749e-14
-4.278133403090578093e-15
-1.079536460224517260e-14
1.539934846306323518e-14
-2.193067949463056630e-14
1.116973180614877538e-14
4.431788269698699796e-15
-1.362909785029842147e-15
-1.804989491205333338e-14
-7.079892228034623014e-16
2.773337115513641283e-16
-2.603917081955842219e-15
-8.082867708480989904e-15
-2.723410386096247718e-14
2.442224200649434341e-14
3.977973506152920598e-14
-9.251266419596504748e-15
4.252265206616812280e-15
9.372502773885571704e-16
-1.486499812131114550e-14
-9.540146450603970909e-15
3.004452242549860082e-14
-4.255595875690687876e-15
8.312794896880859596e-15
5.943912029238162720e-15
-5.882294651371466564e-15
-2.061206760828326997e-14
1.173861008396670506e-14
2.230549078774402125e-15
-9.810152690192807642e-15
-1.644240299469856892e-15
4.056310842770472088e-15
1.009348160607714834e-14
2.065825288610767613e-14
-7.157829884363308604e-15
-1.979538755136900227e-14
4.722444657545566012e-15
-1.145750161413161581e-15
1.201305721565404311e-14
1.265365590086275957e-14
1.840172458855704357e-14
2.178479618919482151e-15
8.658851413656521382e-15
1.455646714276781490e-14
1.165112450962624309e-14
2.497912987564632095e-14
4.338307491025261754e-15
-4.449218771185315151e-15
8.532063944244327579e-16
7.402523038990693963e-15
-5.533684621639168136e-15
1.239675029296449834e-15
-1.685818151742068936e-14
-1.045308284375323702e-14
2.723854475306097692e-14
1.130817661731953238e-14
-9.971468095670843215e-15
4.089506511206764211e-15
-7.335465568303334597e-15
-1.024957896333944442e-14
-7.452927164308675351e-15
-1.240185731887777399e-14
-7.304157279008904588e-16
-3.638866985511413449e-15
-1.295541451895587593e-14
4.355404925604488761e-15
-3.411382287765718536e-15
2.124034281791864515e-14
-4.566125255678343832e-15
6.298295218698513101e-16
1.696442986087731614e-14
-1.601274668416863283e-15
-3.790301406070284591e-16
-1.089794920972053741e-15
-4.594324920503822562e-15
2.515432306893217177e-15
-1.633482238361239072e-14
1.298960938811433073e-15
1.042999020484103236e-14
-1.076616573669753041e-14
-5.037636974236647802e-15
-4.183098312182664510e-15
-1.188005249730395010e-14
-9.634182340789721024e-15
-4.467981540301479956e-15
-3.827937966605077147e-15
1.630551249576228548e-14
1.203293020779483364e-14
9.501177622439626438e-15
1.610778177507654760e-14
-1.050026732229980586e-14
-1.274813588025836029e-14
-1.388111847688833235e-15
-2.352440464647998053e-14
-6.198708213389636335e-15
-3.542277582369024325e-15
-7.041034422172742969e-15
-7.994827022628214284e-15
-4.324762770124834857e-15
-1.087907541830190837e-15
-1.276123651194893658e-14
1.273092742337667063e-15
2.223343731344584691e-14
1.521549553018530860e-14
1.291633466848907157e-14
8.293365993949919673e-15
-1.127897775177189019e-14
3.636424494857237486e-15
9.788503341212617847e-15
6.887601600169545779e-15
5.078493181542853796e-15
-6.923017714655088563e-15
1.996625087485881718e-15
1.140376681973975725e-14
-6.841638366950064923e-15
1.526112569649740229e-15
1.063071852769326143e-14
1.347000289086963656e-14
-7.852274386266345093e-15
1.945632543964848239e-14
1.013411576877842903e-15
-6.003531005660534308e-15
3.008593374431711731e-15
2.021771638993641204e-14
