3.766647443854356098e-02
1.069084334566164779e-01
-3.072363539073578315e-02
2.409329599148772594e-02
8.501217538753497172e-02
2.100639993733390345e-02
2.317034741215516502e-01
-4.295347733693563597e-02
-9.883053585599002600e-02
6.143769023370967974e-02
-7.051601075166145927e-02
1.423339149629182787e-01
-1.028213023562347395e-01
-1.748319812626655811e-02
1.580723036278278426e-01
2.021855454593960710e-01
-4.589729503105519776e-02
3.109239577495277046e-02
-2.718612811466891710e-01
4.853182592202114065e-02
2.281529711419494344e-02
-1.671025759998059634e-01
5.803619654587399701e-02
-1.352690936526105836e-01
1.750625174692647668e-01
1.749752464339978386e-01
-8.779574413850166348e-02
-3.676170315122131299e-02
2.386321013846444961e-01
3.034491926060636779e-01
-7.302157799737055144e-02
-1.129342916657332385e-01
-5.670880697015928673e-02
1.649131527282202136e-01
-1.027739329287344905e-01
-1.704181696355244469e-01
-5.754692933669366267e-02
4.880625757036514134e-01
-2.916373429234817363e-02
-4.678561879627363834e-02
-1.168858006590764789e-02
-1.549442878961297676e-02
3.900278987881750092e-02
-2.057998172917102353e-01
4.994794784284745104e-02
1.892612234430336715e-01
-3.692613639076085252e-02
-1.642138830230472496e-02
-9.795024052489519073e-02
-4.107843895290150260e-02
2.054547668597889176e-01
-4.223678083966473512e-02
-2.456421427756941625e-02
1.936323269110512280e-01
-2.116899551273426494e-01
-2.318342150423619574e-01
1.050547208076692690e-01
1.881379733833558887e-02
-2.476922490395774001e-01
-8.742226639113888365e-02
3.385277816476648383e-01
2.021970086615344081e-02
-3.529471648305128606e-01
1.228007644780824414e-01
