8.816408328730308552e-01
7.963026919276408599e-02
-3.028228030809353433e-01
-8.382917051443007361e-01
1.625468778197475261e+00
6.178322656133778540e-02
-9.622985213151602490e-01
1.210821753400818768e+00
-3.112532440314825788e-01
1.142382705226366646e+00
-1.850136013862123396e-01
-1.087375061519080810e-01
5.228487807001533927e-01
-5.513856345287403427e-01
-3.241555377640485403e-01
3.093905318257599846e-01
-7.524222122856073502e-01
5.376357439074234135e-01
-1.294699583539105747e+00
1.927819880496425831e-02
-4.749415858093299914e-01
5.021287905342517455e-01
2.076736530405564607e-01
-1.375930196993762511e+00
-1.395229947100420365e+00
4.039213645700056587e-01
1.419832511410868747e+00
1.901150528437342002e+00
-4.565253923170481398e-02
9.989005185715245094e-01
-1.052357399045725117e+00
-1.297990899890435035e+00
8.784617796735009199e-01
3.046474616304695182e-01
-8.224008252476669445e-02
1.019225991411312870e+00
3.861896120507326557e-01
-1.594484441733968194e-01
1.297923710225049376e+00
3.319238552444277457e-01
1.519388612962489615e+00
3.338148160931737607e-01
-8.288481503652419535e-01
-8.750598928633027684e-01
5.075980727882262872e-02
-9.826400477949813750e-01
-8.472627454208152553e-01
-1.723085295015769625e-01
3.903885899840990881e-01
-8.812182922377802541e-01
-1.701719807474527446e+00
8.038826595322802193e-01
-1.256772464808236234e-01
-5.324782489984527523e-01
-1.439114110765035370e+00
1.654712249368675669e+00
7.746981833471195955e-01
-1.703895098310906464e+00
8.362568040750851805e-01
2.056364365842687503e-01
3.982686412820194977e-01
1.492320062052990171e+00
-7.413988255686645434e-01
-1.346334465607060792e-02
