6.783127977438866418e-01
-2.813818244754351383e-01
-1.049335821384867751e-01
3.972672345581591546e-01
9.778730116424015906e-01
-9.757245817031269530e-02
-7.351830280403841289e-02
-8.938936958350679474e-01
-4.321698912758900613e-01
1.357847055088141186e+00
-1.333199131273594906e+00
1.226237003418189531e+00
-1.728989103037190445e+00
8.097275787029786231e-01
-3.717199770022332483e-01
1.816244886346377818e+00
-2.893487087019090964e-01
1.994570940048084051e-01
5.043835009525187152e-01
-2.092739572157872596e-01
-1.436664067517032795e+00
9.675246947584609236e-01
-1.142934627240688866e-02
-2.882776608874966159e-02
-8.388266769298748926e-01
-1.223877366064096917e+00
1.489075684092466545e-01
-7.292778286156346990e-02
-6.848386039063927289e-01
-1.186908907199946572e+00
8.167118696195209138e-01
-2.159884605555886239e+00
-6.743125654122738011e-01
-1.234530768746246121e+00
-1.145728005994041121e+00
-2.877820225552902289e-01
-1.053924056914634644e-01
-2.082389969873524649e+00
6.815881835016301959e-01
3.719197360825640675e-01
-4.692342165474384652e-01
3.878251357013071665e-01
-6.283281057543720072e-02
3.737430209067757469e-01
5.891894148316481061e-01
-1.478074360480939653e+00
-4.213146140130349382e-01
-9.341336347110944516e-01
-7.723009703493877165e-01
-4.592716542958495962e-01
-7.581069871397685400e-01
-3.439470831319379474e-01
-7.732946940927681867e-01
2.138590628694215512e-01
1.612201473282633746e+00
-1.042325106919923750e+00
3.672312942565770233e-01
-2.270060946488227760e+00
-1.749988771971622725e+00
1.577625642859895150e+00
1.879707423677177580e+00
-5.583222000460269507e-01
-7.292687739712144790e-01
4.662722487574858521e-01
