-9.749849853761281826e-03
-8.619865376268340262e-03
-6.992622114410540490e-03
-9.631539520177234345e-03
-1.095765628566083144e-02
-9.106643124265864295e-03
-1.220474830583862663e-02
-1.115425309326248220e-02
-2.010243466358496711e-02
-2.004255008009419789e-02
-2.798996338303003095e-02
-2.298000233606330156e-02
-2.555668438207937126e-02
-1.812918201201515686e-02
-1.406821425026500046e-03
6.639671585866438464e-03
1.691303101668530443e-02
1.882567910196822347e-02
2.380273439891054249e-02
1.818388910564020661e-02
4.881494017872593273e-03
2.083876412186193294e-02
2.864898437522295574e-02
3.875948877437767476e-02
4.857334843039619321e-02
8.048922175593796469e-02
8.788457095773377636e-02
1.052438493024229760e-01
1.119398462778278536e-01
9.318263841919560697e-02
9.861668220726224621e-02
1.181600236709604984e-01
1.185525791992158295e-01
1.427807546288668294e-01
1.583967282822536515e-01
1.740455284270578107e-01
1.950944849908348988e-01
2.053125348286892471e-01
2.374484475534751615e-01
2.205422132932058077e-01
2.379857579160993553e-01
2.493033791306202562e-01
2.496393195313350299e-01
2.607116105409210682e-01
2.795829753461953615e-01
2.977540128473673553e-01
3.284441880621933874e-01
3.220426824837116508e-01
3.490638295196454299e-01
3.550171413452375413e-01
3.608446970517356078e-01
3.802300540313316435e-01
3.926350327859485234e-01
4.046978294448633773e-01
4.151980697196840930e-01
4.273519462955751025e-01
4.367277473982092428e-01
4.593169047354601076e-01
4.720761194480732059e-01
4.884803338084768298e-01
4.939782062863699585e-01
5.070662511118699811e-01
5.212395123017067311e-01
5.369352866464858209e-01
5.434752652120501404e-01
5.571315762316320086e-01
5.791565597261181253e-01
5.953059470501511630e-01
6.018456982306833458e-01
6.109894169245129181e-01
6.236789748508998477e-01
6.389673076695122633e-01
6.495593435721817022e-01
6.641439160984224932e-01
6.744032438708826849e-01
6.860659547793137580e-01
7.011147225651775949e-01
7.156995224444635539e-01
7.210607501331894875e-01
7.386109198761917627e-01
7.449178618925959006e-01
7.655717069779631734e-01
7.763622641812383263e-01
7.879261000984231211e-01
7.973644648949410607e-01
8.042727211606084392e-01
8.216041751056610831e-01
8.349365373609584084e-01
8.468813378943328418e-01
8.599482991784451746e-01
8.733062346554643085e-01
8.868285621692109100e-01
8.956146397105813062e-01
8.982897127168102402e-01
9.183352884987151521e-01
9.281007997566574907e-01
9.417710444530078551e-01
9.488646114106836782e-01
9.553623511138022995e-01
9.746066425380669473e-01
9.824794155555509612e-01
9.931440499278607614e-01
1.003250344630149726e+00
1.017011734084640739e+00
1.023580407266057923e+00
1.036707211271747031e+00
1.048231844638107813e+00
1.062496242142854319e+00
1.066556988595336763e+00
1.079583231778363572e+00
1.087793396058695405e+00
1.101326195805618191e+00
1.106015858508315297e+00
1.118419309859031596e+00
1.129231380060211620e+00
1.141379542620833742e+00
1.151299915403046326e+00
1.160552462369425886e+00
1.173392149361093928e+00
1.180250356988353122e+00
1.190339071382689573e+00
1.200629314819050109e+00
1.208798393051669473e+00
1.217996860877235799e+00
1.230564651052588498e+00
1.239197111776219939e+00
1.244965904503963605e+00
1.256693493509773107e+00
1.265565697021679981e+00
1.270708589631986962e+00
1.285276969515138923e+00
1.292962904264574053e+00
1.303346321138093122e+00
1.310574996532006820e+00
1.321553028410145991e+00
1.327164375189280099e+00
1.338120029895451868e+00
1.344631196509123994e+00
1.356868901244504100e+00
1.364752043508117296e+00
1.372833979545371674e+00
1.379284916876104328e+00
1.390294930464431644e+00
1.399497925451737013e+00
1.406058727157976973e+00
1.412957618677158855e+00
1.422462056901993011e+00
1.429333197452138160e+00
1.437797615738322099e+00
1.446317365197645088e+00
1.451689971338449014e+00
1.465139069003485561e+00
1.468927910405101178e+00
1.480536896585825435e+00
1.486125381280609670e+00
1.492204437679639950e+00
1.500629214361682617e+00
1.506509329018340226e+00
1.513412678972252623e+00
1.524354056139579638e+00
1.531596524180420582e+00
1.535485741894031086e+00
1.544482726461324340e+00
1.552883276142895230e+00
1.559264035429909878e+00
1.567875604446193671e+00
1.572122657569687165e+00
1.579852793070323225e+00
1.588636295395682074e+00
1.594929364546313622e+00
1.602122811060349594e+00
1.610691780043507437e+00
1.614441959153779749e+00
1.622400437182961452e+00
1.628588784681389345e+00
1.636150560197978665e+00
1.644603544181019616e+00
1.649307288494862300e+00
1.655882451282441936e+00
1.661063404096206453e+00
1.666316864160910516e+00
1.674532118146229154e+00
1.681069127989411660e+00
1.686424849951324800e+00
1.692941950233420423e+00
1.700029642656507356e+00
1.705809721336063456e+00
1.710823630702833054e+00
1.718225952148227043e+00
1.723780801034988208e+00
1.731571818518949701e+00
1.734399745366844492e+00
1.741114799726336981e+00
1.748858423560115227e+00
1.752395000918006707e+00
1.759929125631214175e+00
1.765108022998213011e+00
1.770868445197782748e+00
1.777150148312618860e+00
1.780557360801295896e+00
1.787695176425993626e+00
1.792872781147698102e+00
1.798956383415393656e+00
1.804737147795764551e+00
1.808308234122023350e+00
1.814083735949342246e+00
1.819794621718127559e+00
1.824886007989910297e+00
1.832163176626541601e+00
1.836080207002987352e+00
1.840672325701237622e+00
1.847062566805824702e+00
1.850244276656773712e+00
1.855313384160015122e+00
1.860593719797519752e+00
1.867683795814852887e+00
1.870211525478114201e+00
1.874963007547661542e+00
1.881700989972040272e+00
1.885889391491768041e+00
1.892420001400276552e+00
1.895537746516400501e+00
1.900246902880874389e+00
1.906264484756685862e+00
1.908242766305783489e+00
1.913781290795382839e+00
1.919230145294303913e+00
1.924095779983948651e+00
1.928123677114345513e+00
1.932759328594409798e+00
1.936595713573864730e+00
1.942108786507017015e+00
1.945915023957750734e+00
1.950360590886841994e+00
1.954512072352513563e+00
1.959249852267186620e+00
1.964160262299289750e+00
1.968063599880016890e+00
1.971322264973985883e+00
1.975572827221744987e+00
1.979787913300271818e+00
1.982342425212821224e+00
1.987172651669562473e+00
1.990827263884304754e+00
1.995168341813945645e+00
1.999989977647218531e+00
2.002994299608459983e+00
2.007362168338565844e+00
2.010871207324319787e+00
2.016271676422032755e+00
2.018747620617896921e+00
2.023208188630254867e+00
2.027122162960029783e+00
2.030145370508584790e+00
2.033787288507499458e+00
2.037528882228343274e+00
2.042474814374682701e+00
2.045618074444857548e+00
2.048717463174443587e+00
2.052419065369938345e+00
2.056478997227094929e+00
2.059499997920798187e+00
2.063278355528208152e+00
2.066517873801507310e+00
2.069818428241612995e+00
2.074009799951141542e+00
2.076900021284190601e+00
2.080060022396414077e+00
2.083845618137194933e+00
2.086778447322280350e+00
2.090848601822901554e+00
2.093434316140696527e+00
2.096292710248960134e+00
2.099762176097260458e+00
2.102447637654117241e+00
2.106688208260616424e+00
2.109182327436253335e+00
2.112867823905208109e+00
2.115412200019500588e+00
2.118356355406204816e+00
2.121635898358449790e+00
2.125446749558217885e+00
2.127824989438220626e+00
2.130634501283304783e+00
2.133729156103651103e+00
2.137270471073797751e+00
2.139532847206405020e+00
2.142320545301689361e+00
2.145508432988502800e+00
2.147707179921641618e+00
2.151572545173407569e+00
2.153737799566304290e+00
2.155658698103929183e+00
2.159443576395031705e+00
2.161877219572462039e+00
2.164599530366625224e+00
2.167677513467517247e+00
2.170542467252889018e+00
2.172123178816776523e+00
2.175834845902443249e+00
2.178311056319079508e+00
2.181279373268509403e+00
2.183921430819869780e+00
2.185335749825733753e+00
2.187872980932881184e+00
2.190466559679169922e+00
2.192270824812668550e+00
2.194582833775794217e+00
2.198750666073471915e+00
2.200922350111306436e+00
2.202243694980164701e+00
2.204893826952707858e+00
2.207331240525895577e+00
2.209813998872271146e+00
2.211943289807047019e+00
2.214324375430014147e+00
2.217324070000264769e+00
2.219375294345228511e+00
2.222140036609405733e+00
2.224115186505853714e+00
2.225501985980306685e+00
2.227471898993870436e+00
2.231014243153065291e+00
2.232189782032007574e+00
2.234749727052527835e+00
2.236905333476354230e+00
2.239138772414823730e+00
2.240535758174387215e+00
2.243359236483545072e+00
2.245759264700253777e+00
2.247176917005636376e+00
2.249243118542595621e+00
2.251620083513531156e+00
2.253566975234885916e+00
2.255522611417223988e+00
2.257519795784069583e+00
2.259230943734635400e+00
2.260896197374795413e+00
2.263252483437757423e+00
2.264848237157624844e+00
2.266560783735972251e+00
2.268894108826211564e+00
2.271322454439487437e+00
2.272980088421815648e+00
2.274924868595256999e+00
2.275978598007934117e+00
2.277881021349449142e+00
2.279702614887530121e+00
2.280978744109435130e+00
2.282899893857759377e+00
2.285022621006013388e+00
2.287015935799831201e+00
2.288170879942838631e+00
2.290090591316421786e+00
2.291327677472430047e+00
2.292971141709946092e+00
2.295300313418510818e+00
2.296461384920712945e+00
2.299004886067006925e+00
2.300338810708221882e+00
2.301474820891623807e+00
2.302666213327461797e+00
2.304940001899040691e+00
2.306599672715555549e+00
2.308082848043752744e+00
2.309390415209748859e+00
2.311040156434770232e+00
2.312292561397560675e+00
2.313715895441423864e+00
2.314998336717494887e+00
2.316565869539647160e+00
2.318698661360304669e+00
2.319835525858365166e+00
2.321377078315881359e+00
2.321775534881336256e+00
2.324531564123490046e+00
2.325252525999390141e+00
2.326620633901951507e+00
2.328097392092390194e+00
2.329718047677722836e+00
2.330773938339889995e+00
2.332289453247657018e+00
2.333077372820505868e+00
2.334364965246911616e+00
2.336114973358037528e+00
2.337358509705976140e+00
2.338940901015951201e+00
2.340039886939738967e+00
2.341133148245147400e+00
2.342451597669126251e+00
2.343737283777582725e+00
2.345999837687067213e+00
2.346483284753041243e+00
2.346986763079694338e+00
2.348981647188991051e+00
2.349635957782196360e+00
2.351032340596180603e+00
2.352275102768542236e+00
2.353642605487588302e+00
2.354389265120609309e+00
2.355190338099140579e+00
2.356339994440730390e+00
2.357368704195028641e+00
2.359190443442666929e+00
2.359925849391283581e+00
2.360967478394682129e+00
2.361952445849677229e+00
2.362868485610031932e+00
2.364247610228543017e+00
2.365579145715762444e+00
2.365982148047250710e+00
2.367374763838362206e+00
2.368132624848654277e+00
2.369167662743103531e+00
2.370246599490687167e+00
2.371222696266556795e+00
2.372069062163969733e+00
2.373645955351027403e+00
2.373457276626754542e+00
2.374426432888203209e+00
2.375101147185933126e+00
2.376855302113817014e+00
2.377423198088058243e+00
2.378626824948443907e+00
2.379638686649122370e+00
2.380152082144362247e+00
2.381170485273384152e+00
2.382135477881164753e+00
2.382742441392326604e+00
2.383316711167225321e+00
2.384786690389185893e+00
2.385291026897530475e+00
2.386063110476546623e+00
2.386911696976759423e+00
2.388264172908534988e+00
2.388487427177604872e+00
2.389095655562407217e+00
2.390204143558087857e+00
2.391430364638774009e+00
2.391640635827237293e+00
2.392467878977465379e+00
2.393537951329828939e+00
2.394092859154057340e+00
2.395106253533219043e+00
2.395479554784795351e+00
2.396250852266575748e+00
2.397113107918845909e+00
2.397879999138749607e+00
2.398086678432537866e+00
2.399368419484941839e+00
2.399750619418913100e+00
2.400218665003756691e+00
2.401354364811887798e+00
2.401885080267057493e+00
2.402186287045197322e+00
2.403143106225035464e+00
2.403740385255655809e+00
2.404075060202636394e+00
2.404882242930873826e+00
2.405280577630745764e+00
2.406656311694618022e+00
2.406730545432445467e+00
2.407136450394085081e+00
2.407724169472702958e+00
2.408350273120362317e+00
2.409089506071339315e+00
2.409695331014943598e+00
2.410395836083213172e+00
2.410905281314294157e+00
2.411074543073707943e+00
2.411880408087460737e+00
2.412012155036627359e+00
2.412808223793180051e+00
2.413601017268368398e+00
2.413622873624901466e+00
2.414318837423006237e+00
2.414831925509099086e+00
2.414995582188116607e+00
2.415655434427131265e+00
2.416330534499103067e+00
2.417032885668219500e+00
2.417117065177353474e+00
2.418012071090299919e+00
2.418492355679428663e+00
2.419163758620114013e+00
2.419504526654105980e+00
2.419594409516167222e+00
2.419923766828656397e+00
2.420572307597965711e+00
2.421028726793435837e+00
2.421624285053737946e+00
2.421755863339044801e+00
2.422369390388485755e+00
2.422713486059838495e+00
2.423326330906693027e+00
2.423522601366851159e+00
2.424050417377721978e+00
2.424642759481599796e+00
2.424535147953817749e+00
2.424704943388503064e+00
2.424891683197589742e+00
2.425649830432341503e+00
2.425774479231142422e+00
2.426403462873660821e+00
2.426722159260038758e+00
2.427059208396666445e+00
2.427256682935367671e+00
2.427996317560749517e+00
2.428088510838051661e+00
2.428049014476029388e+00
2.428474557215414276e+00
2.428887543682771266e+00
