-3.285519334122573576e-01
2.012216014502910266e-01
-2.062404547016278844e+00
1.861358180604682500e-01
2.573226004963354852e-01
7.801563518610956649e-01
-5.466676589553189913e-01
1.609640956249493993e-01
-1.053206239023852797e-01
2.063624045056612899e-01
1.674369948235429062e-01
5.482987511871223463e-01
1.552915659229915812e+00
-1.698884228895220616e+00
-5.065647641040004201e-01
2.165387965588561614e-01
-1.023554081589357567e+00
-1.789775593475158910e+00
2.991489107089582156e-01
-2.084402559165657587e-01
7.237202672831235528e-01
7.629291443834307351e-01
3.503253507444079040e-01
-2.160671642945394544e-01
-6.798011517990467656e-01
-2.099100152618156301e+00
-3.731730289778074083e-01
2.905330724196576037e-02
-3.067981647948788693e-01
-4.537484308404109434e-01
-5.301050564621870853e-01
-6.215872033010079178e-01
-7.670729631596630016e-01
3.439512115188019248e-01
-1.752030397424644559e-01
5.069089998356498539e-01
2.240746589840679481e-01
-1.090490195602439316e+00
1.982015492952184932e+00
6.688374587342980071e-01
-4.759769212883018241e-01
-4.023616230787152581e-01
-2.168440034806758732e+00
5.580812104606618362e-01
1.752079757105928781e-02
1.153357877923245844e+00
7.949839709597121828e-01
-7.556224383490618424e-01
1.723116274418249105e+00
9.202834662956048684e-01
2.640193275192541655e-01
1.185918933073449200e+00
7.205894624274532256e-02
-9.015591559296004531e-02
-1.087305615714147661e-01
-1.553699304024104499e+00
2.940128283135589604e-01
1.235545775701250681e+00
6.319667536817651365e-01
1.673102034509933000e+00
8.093356879460454900e-01
-2.039820185279518139e+00
7.980536818055856685e-01
-1.131004848949504343e-01
