-6.345665055005626776e-02
-3.364082453139236040e-02
2.761702877574696152e-02
2.391513170288343815e-01
4.992529395320800117e-02
-2.925909724861754796e-02
1.524245887207086904e-02
-1.094583582933978810e-01
1.336998622275101523e-01
9.989619351977931105e-02
1.124119921244233766e-01
2.715154556479375952e-02
-3.454419561898965790e-02
-3.479530429030616798e-03
4.958092461573389981e-02
2.866621203590694056e-02
4.849503532141365147e-02
-9.155631872390064541e-02
-7.365600779095801687e-02
-5.203706430137591127e-02
2.761763361912563108e-01
-2.085629104147912471e-01
1.092702794080419176e-01
1.191948121329728799e-01
-1.074762109729661963e-01
-5.614398951226406281e-02
2.496130116886915648e-02
-6.510930698382952353e-02
-2.771839535221358800e-02
-9.708201887281885101e-02
-1.397472858621688907e-01
1.265176991462898248e-01
1.104886214358583724e-01
3.285165374767997498e-02
1.206867838270384019e-01
1.535455325134590931e-01
-5.064637757346627384e-02
8.808029961439567401e-02
-1.554475236889000730e-02
-1.238544456533500759e-01
5.185118573879020365e-02
-1.588553701294718179e-01
6.429393610283601346e-02
1.537132458344441510e-01
-4.431585933031474689e-02
1.419153681168249526e-01
1.286755251711308931e-02
-5.021921931436339887e-02
4.000418377840056494e-02
4.724311772709944429e-02
-2.540768664570705604e-01
-3.387974468037363573e-02
1.010135153313807856e-02
2.040411288328281003e-02
-2.183512677359384369e-01
4.039930571061828291e-02
-7.272153179917356658e-02
2.865935745004414073e-02
-2.086207864741281837e-01
-2.587752534628794399e-01
1.258712795963739250e-01
1.535055848426742364e-01
1.391296901627819826e-01
-5.635185376008748637e-02
