-4.280156786227206633e-01
-1.789796646046674933e-02
-8.552225587449520106e-01
1.229800055269280046e-01
-5.691895672604554424e-01
-3.565197666069577775e-01
7.832875491443465066e-01
6.201122434802031069e-01
2.214102962460695601e-01
9.782240642321391455e-01
5.996351564751005100e-05
6.062533226775523865e-01
1.771684965993302052e-01
-1.168428552171218993e+00
-3.760275180021833696e-01
-2.002970971503317821e-01
1.069131897963696565e-01
-6.849680215790595605e-01
-3.582138145447159028e-01
1.093293911600308643e+00
-1.276061585411316202e+00
1.949798537152747091e-01
-5.682313425989995448e-01
1.809430154817958866e-02
1.942083384229283061e+00
1.256036261035197166e+00
3.662080480016081108e-01
-6.007212015681625550e-01
2.305421839841319986e+00
-3.187644421321353949e-01
1.115730077193708203e+00
7.563835144352759610e-01
-5.163317680766945639e-01
2.199684534620468754e-04
7.578199212540553953e-01
6.339007250013132255e-01
1.635473869671043357e+00
-5.069079231877345881e-01
-5.505730315237464517e-04
-2.424793418714124293e-01
1.706279313927687058e+00
5.287964139485682447e-01
-1.788690724039246671e+00
-6.248644351272317765e-01
-7.747894389104234003e-01
1.663133541815835281e+00
-1.538242923748807778e+00
-8.561001335624557340e-02
1.649050843155680512e-01
4.241024699156925593e-01
-5.969499364468519587e-02
-4.815656010268098419e-01
-1.959354478810290789e+00
-8.928105986940099506e-03
2.024697868427887570e+00
-1.440996657380985591e+00
5.115314312777160533e-01
2.605127334894112301e-01
-5.014192242614189110e-02
-4.260372380030068573e-01
6.714916263600097246e-02
-1.840311691470114530e+00
2.717974694235274491e+00
-3.282848640190573763e-01
