-4.495515071312183567e-15
5.492564736364613591e-15
-3.826883254731682946e-15
1.509292690826669062e-15
4.057310043492634668e-16
-3.081424004847122065e-16
1.462024945553252940e-15
1.095346036095179405e-15
-7.920608613432022780e-16
-1.458944076659918211e-15
-6.237232952344129807e-16
2.401412402264213388e-16
5.894729149247268525e-16
2.177147351289932061e-16
3.674838211509268331e-17
5.673239655834550030e-17
-1.550426453889031192e-16
5.835332217429823029e-16
-3.122502256758252770e-16
-5.097033906054093890e-16
1.700861673725739851e-16
2.765565554341265057e-16
6.998845947236987131e-16
-3.110844914999688678e-16
1.810995797768555478e-15
1.104227820292180665e-15
-1.430966456439364192e-15
-1.655620085472264651e-15
-1.638800206649193484e-15
2.726235903693918743e-15
6.533329433011658839e-15
3.639311074721263266e-15
-5.235811784132238458e-16
1.410427330483798938e-15
-1.513011937959163346e-15
4.751754545395670269e-16
-3.617217636531222865e-15
8.528178163658139713e-15
6.916855976868418711e-15
1.092792523138541580e-15
1.066657873138865325e-14
9.711786930211019252e-15
-8.655298699977720681e-16
5.369482636297106783e-15
-1.308952946033059466e-15
-3.596456465970731914e-15
-7.754241693191942685e-15
3.430034034579421084e-15
-2.571276525031862366e-16
-3.130828929442941267e-16
-4.706679490595888454e-15
-7.610911900712835329e-15
-7.244871369493921545e-15
6.157518939176043571e-15
6.241673844442629944e-16
2.882361016531831382e-15
9.804157485859833147e-15
2.467359649926947918e-15
4.627298544335190172e-15
1.760813717055498210e-15
1.478328570669873509e-14
4.944711307075521834e-15
5.086819854227541997e-15
-7.831180148798467371e-15
7.462919171530302730e-16
-6.357137039003646327e-16
2.773337115513641283e-16
-1.845190666927010083e-16
1.270317184776104132e-15
-2.513877994658742030e-15
-7.939537916001882548e-15
3.330669073875469691e-19
6.520672890530931574e-15
-2.330580173293128707e-15
1.268085636496607483e-14
-7.620015729514762483e-15
-9.174883075502292924e-16
-5.069056285833539871e-15
6.836753385641714378e-16
-2.404743071338088984e-16
-6.859179890739141747e-15
5.995648422185695135e-15
7.968181670037211095e-15
-3.807509862951974545e-15
5.033751193650460133e-15
-2.054911796278702279e-15
-8.104183990553792140e-15
1.695088513997689082e-15
1.897038082177004952e-15
-2.480238237012599696e-15
1.315614284180810560e-16
1.151967410351062365e-15
-7.992495554276501761e-16
8.944400775590110370e-15
-7.316924843792094306e-15
-3.115174784795726854e-15
-1.183608766552879342e-15
-1.344824251958698372e-14
2.400635246146976110e-15
2.067157556240317851e-14
-3.838040996129165995e-16
-1.483568823346104025e-14
6.872280522429719419e-16
-2.576383550945138214e-15
-7.274181257344025211e-16
-2.600142323672116708e-16
-7.096212506496613236e-15
1.458722032054993106e-15
2.681077582167290630e-15
-1.819877581965556541e-15
2.960076628255592261e-15
-4.966249633753250161e-15
-1.640576563488593736e-15
1.906252933281393871e-16
-3.713918061976073457e-15
4.833466960008081666e-15
8.971268172786039650e-15
-1.108124703108615073e-14
-1.126876369994533780e-16
1.525091164467084981e-14
-1.784439263019521700e-14
2.651145969423396433e-14
9.208744877753360167e-15
-1.618016831628210634e-14
-7.896350240343962848e-15
4.396594199818082315e-15
3.323008535005556145e-15
-9.351519558720155450e-15
-1.660116488721996509e-15
5.227152044540162106e-15
-1.490052525809914975e-14
1.225908263791097831e-15
6.570854971243989237e-15
1.720512621261605078e-14
1.517785896965051437e-15
1.972533247851515565e-15
9.115042054474997612e-15
7.520317701903422277e-15
6.066036561946930097e-15
1.304589769546282751e-14
5.448308471045492992e-15
-1.014233141916065497e-14
8.165357279210638480e-15
-1.806721439123748648e-14
-1.644173686088379261e-14
-8.666400930223972010e-16
1.857192177823208178e-14
3.845701534999080062e-15
1.074218491936562769e-14
6.328271240363391738e-17
-5.396572078097960577e-15
9.013123580814409112e-15
2.111644192837047693e-15
2.839839474688687984e-15
1.780797731498750996e-15
2.326250303497090433e-15
1.324829135285199281e-15
4.498734718083596906e-15
8.116174399219744285e-15
-8.519185357158675604e-15
2.896904938154420958e-15
8.433809206565002038e-15
1.415778605462492185e-14
-1.791677917140077574e-14
1.264766069652978271e-15
8.025358155805406720e-15
-1.332001176024277801e-14
1.382727266019401232e-14
-1.203237509628252157e-14
1.091982060330565211e-14
1.881494959832252698e-15
-3.750277866032547397e-15
-6.193712209778822942e-15
7.156497616733758365e-15
-4.230893413392777733e-15
3.981037721700885988e-15
-1.006839056572061990e-14
-1.857625164802811848e-15
9.793443833672199718e-15
1.744249189528090983e-14
-1.086486456358670636e-14
-1.241962088727177612e-14
-8.793299421938627675e-15
-5.207889675062915173e-15
-1.681432770794799454e-14
-1.085409540024784298e-14
-5.439870776058341745e-15
-7.640055255109246003e-15
-4.797051644800376203e-15
1.189737197648810320e-14
7.400635659848831652e-15
8.433365117355151433e-15
-5.822120563436783691e-15
-5.095923683029468733e-17
1.660205306563966709e-14
1.386241121892339907e-14
3.320788088956305880e-15
1.954936212911206825e-15
-1.607158850447376704e-15
-6.302736110797013238e-16
1.152133943804756145e-15
4.506117701197353951e-15
5.593303598061538935e-15
-1.260203053021768941e-14
-1.168676266871671039e-14
-9.878209361602329687e-15
1.021960294167456579e-16
7.124245637868398186e-15
1.354516498963676040e-14
-6.783462680459706817e-16
2.702338353088862132e-15
2.395200704441435816e-14
5.079270337660091370e-16
2.275257759976057191e-14
6.454448087112041107e-15
-1.500677360155577968e-14
-1.786820691407342515e-14
-8.399503315104084979e-15
2.140465582556316718e-14
-5.130229574490386211e-15
-7.301381721447342051e-15
3.084699162769766335e-15
1.811273353524711515e-15
3.970046513757097311e-15
1.463590360017974391e-14
8.871237078267313265e-16
2.553668387861307676e-14
-4.387712415621081252e-15
-6.664391261068658802e-15
5.073164111024652843e-15
-1.384470316168062689e-14
-5.149436432816400832e-15
-8.983369603754454052e-16
3.575473250805316449e-15
1.349997891253451534e-14
1.041788877387261875e-14
7.130462886806298773e-15
-3.694600181347595790e-15
-2.026989687209379585e-15
1.568634111492883627e-15
-1.138517058407728702e-14
-2.134847854051713423e-15
1.729927312510426552e-14
-1.517214132107369591e-14
1.114741632335380888e-14
-2.940037102661108346e-15
-1.088185097586347189e-14
-1.094568879977941871e-14
-2.262778853179270168e-14
-7.391698364500599066e-15
1.379385494715279490e-14
-3.435918216609934505e-15
3.183397989658942679e-15
1.525979342886785245e-14
2.847500013558601460e-15
1.415201289489687029e-15
-3.916256208214008805e-15
-7.227218823402380887e-15
1.802896720803914865e-14
1.214034428542731766e-14
4.089895089265383294e-15
6.397105067890151505e-16
-4.510314344230437044e-14
-6.787403972197125812e-15
-8.172407195417008754e-15
-1.502054036706113109e-14
8.373302051722930423e-16
-1.031003060703028570e-14
1.024980100794437052e-14
-2.633615547864564967e-15
-6.504963234732486329e-15
-1.536215599173829077e-15
-1.220246126365509516e-14
9.020728608533089882e-15
2.987388114661371358e-15
3.617328658833685122e-15
-1.289279794036701789e-14
-5.066336239423207872e-15
-5.042521955544998150e-15
1.196232002342867416e-14
1.296873719525137831e-14
-5.564881888631134902e-15
7.943756763495457777e-15
1.197086874071828767e-14
-3.051026098432885323e-14
8.374745341654944101e-15
2.932432074942425999e-15
-3.577138585342254247e-15
-5.322298157750537945e-15
-5.985434370359143833e-15
8.032463583163007925e-16
2.286015821084674892e-14
7.415512648378808787e-15
6.194322832442367327e-15
1.201261312644419408e-14
-1.084898837433456654e-14
-9.685030555317553017e-15
-1.648015057753582304e-15
4.617417559416026430e-15
-2.482347660759387704e-15
3.086031430399316100e-14
-4.258593477857175123e-15
1.201927446459194527e-15
-1.612820987872964823e-15
-1.606581534474571509e-14
-7.474243446381479164e-15
-6.021294574054536237e-16
-7.345013486315110779e-15
1.505684465996637232e-15
3.181566121668311101e-15
-7.387312983553329268e-15
-9.666545341957544249e-15
-1.065181276516113916e-14
-1.770927848809833401e-14
2.517253072653602529e-14
1.934230553501947791e-15
-5.363487431964131696e-16
1.147804074008718146e-14
-6.958544851443093604e-15
-3.948397164776906727e-15
1.398992033330159813e-14
-6.873390745454343763e-15
-5.060729613148850882e-15
-1.144462302704596403e-14
-1.147781869548225537e-14
1.343924971308751961e-14
-8.829936781751257652e-15
1.767586077505711659e-15
-3.005184989746112398e-14
5.464073637995170549e-15
-1.034794472332123439e-14
-1.250299863642112590e-14
-4.047651103178395538e-15
-1.335631605314802043e-14
2.409517030343977173e-15
3.900435530113099724e-15
6.346367875664781966e-15
2.078348604328539222e-14
1.616651257307921797e-14
2.887856620503726036e-14
-1.209876643315510581e-14
-1.740996236065939204e-14
-1.600974908200214519e-14
-7.661649092938205065e-16
4.594769009713673167e-15
-1.329802934435520065e-14
-1.232225432801215041e-14
1.493172252509111730e-14
1.993072373807081135e-14
-2.264188836420544066e-15
1.416111672369879745e-14
9.009348822530682911e-15
-5.206945985491984608e-16
-3.769873302417181889e-15
1.067446131486349321e-14
-1.089150991617771112e-14
-1.173927621778148018e-14
-2.710587310161827147e-14
1.867650478715177233e-14
1.156963413961875561e-15
-6.120659534758488291e-15
-1.650013459197907661e-15
1.306210695162235489e-14
3.164912776298933911e-15
-9.912515253063248324e-15
1.462940879548568729e-15
1.463240639765217533e-14
-3.343325616356196254e-14
-4.046052382022935252e-14
-1.745714683920596166e-15
-1.138522609522851854e-14
7.566502979727830014e-15
-1.846678365780007915e-14
2.118127895300858563e-14
2.953182143272670408e-14
5.964007065983878552e-15
-1.044320185883407170e-14
1.835132046323906376e-14
5.927924817683560649e-15
2.720557112922961010e-14
-3.960276551140395826e-15
-1.173539043719529251e-14
-7.457368056407176671e-15
6.103784144784185798e-15
-1.250988201917380161e-14
1.419775408351142743e-14
-7.892353437455312133e-15
-1.865729792882575692e-14
-1.233746438344951510e-14
1.240119118506299887e-14
4.949596288383872971e-15
-6.475042724218838278e-15
-1.524191883817138728e-14
-1.363642532226094699e-14
6.228129123542203047e-15
-1.308542163513948248e-14
3.155253835984694979e-16
3.557265593201463718e-15
3.707367746130785311e-15
4.764300065573933896e-15
-1.874944643986964552e-15
-1.313393838131560156e-14
-1.991629083875068324e-15
-6.150635556423367076e-15
7.290834602713403190e-15
-2.094246998041171645e-14
2.348343741687131228e-14
5.082267939826579209e-15
1.630717783029922485e-14
-1.839906005329794309e-14
3.729128117413438152e-15
-1.601607735324250843e-15
5.183631301974855635e-15
-1.817435091311381367e-15
2.668765208824197546e-14
9.338529949332042204e-15
3.545053139930587453e-15
1.279898409478619228e-14
-8.065215162389449246e-15
8.320233391145847375e-15
-2.509048524501622574e-14
2.671529664155514054e-15
6.502909322136929448e-15
2.846389790533976525e-15
2.299160861696236639e-15
1.306954544588734267e-14
1.314637287919140431e-14
1.107736125049996148e-14
4.950262422198648090e-15
1.084610179447054155e-14
-1.322464360242747765e-14
6.738276603357462351e-15
-5.357048138421305610e-15
-2.925881759097137458e-15
2.782996055827879919e-15
-1.304811814151207739e-14
-4.960587496327661648e-15
6.814548925149210735e-16
1.703148733156467708e-14
-3.219935429399356624e-14
-1.942934702015008849e-14
-2.904965157313199663e-14
-1.603417398854389851e-14
-2.517341890495572334e-14
-2.825739642275948619e-15
-1.530009452466174558e-14
-4.746270043654021407e-14
-7.078782005009998473e-16
8.634759574022155624e-15
-1.042477215662529445e-14
-1.447730824111204034e-15
-2.737154947141107151e-14
-2.202849014310004261e-14
1.995226206474853810e-14
-4.320654944933721885e-15
1.599431698195985440e-14
-1.585664932690633714e-14
2.248357056089389627e-14
-3.178235452594435505e-15
-2.040201341202418765e-14
-6.624589765635846220e-15
-6.038947120146076303e-15
-3.845479490394154760e-15
-1.993460951865699902e-14
-1.998512466627744424e-15
-5.833333815985497671e-15
-8.117506666849294523e-15
-1.341082800365711557e-14
1.387634451788244347e-14
2.266742349377182285e-15
-2.303379709189812262e-15
3.202882403741114126e-15
-1.786537584536063168e-14
-4.267253217449251672e-15
-1.327793430760948403e-14
9.139355938714287883e-16
-4.484301818763469587e-15
6.274536445971534508e-15
7.631562048970864023e-15
2.204014748485860799e-15
-3.281930283094425243e-15
8.046119326365896882e-15
-7.096212506496613236e-15
-1.207367539279857738e-14
6.194045276686210501e-15
1.919620018497880624e-14
1.344879763109929579e-14
-6.291522858248299258e-15
-1.335043187111750740e-14
-3.926858838099178399e-15
-3.678946036700381278e-15
1.508015934348350149e-15
1.039679453640474103e-14
7.092881837422737640e-15
1.306255104083220392e-14
3.450795205139911641e-15
1.425060069948358478e-14
-7.666978163456406807e-15
-1.131439386625743297e-14
-1.812661132305493276e-15
-1.166255980677988158e-14
1.660960258220711633e-14
-1.143718453278097468e-14
-1.994826526185988738e-14
1.607158850447376704e-15
1.052746778640312112e-14
-2.043665237039249385e-14
6.236122729319504280e-16
6.197042878852698538e-15
3.228306511005030122e-15
1.201250210414173104e-14
1.488786871561842564e-14
