-8.194704794165493800e-01
9.922880389846434612e-01
-7.950512872724819768e-01
2.448546866215606521e-01
1.773187776473568733e-01
-7.574415293572990260e-01
-1.706885321486128149e+00
8.574544564993890061e-01
-1.392227491685350094e+00
9.316161412857945079e-01
-1.822846253832743679e+00
7.507713780843376927e-01
-8.492262800116163746e-01
7.293328477643155061e-01
-9.461520130786891247e-01
-3.417501406992960455e-01
1.643286555669407845e+00
5.531209589159535867e-01
8.052734865448127888e-01
-1.995134947667741299e-01
-9.958316191017040353e-01
3.729922762203587427e-01
-7.425807394556408481e-01
2.503958573643969121e+00
3.572664554836767481e-01
-1.046386221138809303e+00
5.156192308726056384e-01
-1.547003921166744789e+00
9.539535091272307588e-01
-1.085646682849230382e+00
1.145930944747080904e+00
-1.258700884381679819e+00
-7.553397377044803740e-01
7.943243678505110261e-02
2.784836074193489455e-02
-1.086480065753276048e+00
-9.905740789882732100e-01
-1.700165713974204573e+00
-4.455041950531647976e-01
1.299771565229562498e+00
-5.233452942115391915e-01
-8.347903289433927787e-01
5.820326154370215610e-01
1.963602987801748301e-01
2.270114698316791468e+00
-2.061558190452643213e+00
3.088828257459557136e-01
-8.063330520279335945e-01
-6.630282404178017286e-01
-3.901990455945863329e-02
-1.220253072155808693e+00
2.252322659013746564e-01
6.779074244850137321e-01
1.282957046133202494e+00
-2.949249091589916105e-01
9.911416302439486348e-01
-1.021756517395848961e-02
2.391964745279043125e+00
-2.070850929880143632e-01
9.536265933375875914e-01
-1.268308065876740720e+00
-4.539277493328074120e-02
-3.083777789628999733e-01
-4.983989791395117552e-01
