-4.729861783783187792e-03
1.172871090517419931e-02
7.914512185038261255e-04
-2.064723383629926690e-02
-1.160461555167322141e-02
-3.707658705620304768e-03
-2.377226516389506147e-02
-1.553921912321227193e-02
-3.093479947147735262e-02
4.850416403341460680e-03
-1.295019722717358039e-02
-2.360281011084977912e-02
-2.738879739984650605e-02
-9.634902290008615089e-03
-6.636291770310260782e-03
-8.025233088616042995e-03
2.466508590669095127e-02
1.117492881713304242e-02
3.578533997627004071e-03
1.988726760343046199e-02
2.011125873244009807e-02
1.817149528394347222e-02
5.230363033489782154e-02
7.513903022364139261e-02
5.032591063091827049e-02
5.566866899095621740e-02
1.023362235156172889e-01
8.924352670839466595e-02
1.056773002762074892e-01
1.254844870804280033e-01
1.160167776523473304e-01
1.260789772317331414e-01
1.554425551621610724e-01
1.406381517005345638e-01
1.696686919314591424e-01
1.945283046754465173e-01
2.012989576914686329e-01
2.202296763941902213e-01
2.227526976425703575e-01
2.167168318462192322e-01
2.546983599380747698e-01
2.516309779196745366e-01
2.705469999966317873e-01
2.784891218752963971e-01
3.026825361390181879e-01
3.079520156194434088e-01
3.272686885838336779e-01
3.372702905920548222e-01
3.550642172286325171e-01
3.722102948843222237e-01
3.879007951789594233e-01
3.939395641900166334e-01
4.045636551786085389e-01
4.035671343610769402e-01
4.286844441995482091e-01
4.510180417404952569e-01
4.603603866372262265e-01
4.817987551956319781e-01
5.057526132979662803e-01
4.996117260115013337e-01
5.023686405765679375e-01
5.320669349062709941e-01
5.423065037036411962e-01
5.590767187913024960e-01
5.716740491552151360e-01
5.894825586322699484e-01
5.910113068526823277e-01
5.992306300780382289e-01
6.179659283995196928e-01
6.362565897027059325e-01
6.375276067919952716e-01
6.668458095947462638e-01
6.776707652218738609e-01
6.772106153047949828e-01
6.994831871330626782e-01
7.108467759966545785e-01
7.264898623253114307e-01
7.391746769821164742e-01
7.429449202554460063e-01
7.526223167963344007e-01
7.689302877074921660e-01
7.776382017811083180e-01
7.929383331728101503e-01
8.167211127017506289e-01
8.190670323343087755e-01
8.378956397393197975e-01
8.518563333997545284e-01
8.603213111665201085e-01
8.765211842286174670e-01
8.810087405425969243e-01
8.990357592093168870e-01
9.101951384798172562e-01
9.201723240243304680e-01
9.275087846800361691e-01
9.417979584964735196e-01
9.525861977642711143e-01
9.637072422236186986e-01
9.775682969186211269e-01
9.875823481375823887e-01
1.004127131687038377e+00
1.015446491150264086e+00
1.027177763846437886e+00
1.035759918302019411e+00
1.047931919692822955e+00
1.058327071840841294e+00
1.063977581454917276e+00
1.077620613694600493e+00
1.094694032419285756e+00
1.107248447736936425e+00
1.115523313866437993e+00
1.126706202501929210e+00
1.133084637390785465e+00
1.144877113804806834e+00
1.150979132206593203e+00
1.163616340194521870e+00
1.173405695276274585e+00
1.192140795813416698e+00
1.201038721962233824e+00
1.202691720306769518e+00
1.217128977743101137e+00
1.228078952907988297e+00
1.234912426334058733e+00
1.253407115887716028e+00
1.256650845214236867e+00
1.267220831459215269e+00
1.277577489311407799e+00
1.284417650641826558e+00
1.296516045401177264e+00
1.306356555601970504e+00
1.317271342256257860e+00
1.323594341122491524e+00
1.338368375959098744e+00
1.345758098798216951e+00
1.355483089875039626e+00
1.361912017179081946e+00
1.378829622857392412e+00
1.381083882166180610e+00
1.394800810499379873e+00
1.400415363571921423e+00
1.411616277037224920e+00
1.416550785938129886e+00
1.428660862608788662e+00
1.438003149129502001e+00
1.450189181526255533e+00
1.456418537037265759e+00
1.468221705513118813e+00
1.474517659434044337e+00
1.482141281862410898e+00
1.487462467026476443e+00
1.499878183404447674e+00
1.505714786256597160e+00
1.513674560677749747e+00
1.525992491814494700e+00
1.532226255405269022e+00
1.540653890525311986e+00
1.550905319169362695e+00
1.552567641566740209e+00
1.567274008409482278e+00
1.575357546062942316e+00
1.583677142387442949e+00
1.590791678393427055e+00
1.598400812905645063e+00
1.607491308091289817e+00
1.611797256781438037e+00
1.618690615692103263e+00
1.630663586561754919e+00
1.637694593591217052e+00
1.645051653463912578e+00
1.654632217933819094e+00
1.658583957116312124e+00
1.664012673929027297e+00
1.674252539943593909e+00
1.682190027793003528e+00
1.691215405872061650e+00
1.697589042576486573e+00
1.704520416833215313e+00
1.711542199532447350e+00
1.720298519128113490e+00
1.726816700246646796e+00
1.733476075741492428e+00
1.738159512200371681e+00
1.748529144656113754e+00
1.752853985364316136e+00
1.763257060455829972e+00
1.768167117456584059e+00
1.774342428822624163e+00
1.783058411139048838e+00
1.790649921567594172e+00
1.797120701272565402e+00
1.802330968507985798e+00
1.811238236249996358e+00
1.818505691920675460e+00
1.823552262313875794e+00
1.832687150064314485e+00
1.839907482747868306e+00
1.844577262384538230e+00
1.852461620265314135e+00
1.855516724384413951e+00
1.862585419149582533e+00
1.868997930818082631e+00
1.876761323407867277e+00
1.883172709983779836e+00
1.887814639760681201e+00
1.894166742975932349e+00
1.900379344377380209e+00
1.906056738850171239e+00
1.911638801163081602e+00
1.921206912520198484e+00
1.929700345199988121e+00
1.932347088981848149e+00
1.936178708028022610e+00
1.941752312724459584e+00
1.950410511717131978e+00
1.953556431215115241e+00
1.960760093342966082e+00
1.966304717216564191e+00
1.971657285851031505e+00
1.978552446180418922e+00
1.983853104644214493e+00
1.990624321930325458e+00
1.993183074003525457e+00
2.001297275259766639e+00
2.006743626131235914e+00
2.007852367627210199e+00
2.017462069159452032e+00
2.023823893398537077e+00
2.025737063011310291e+00
2.034802251198517098e+00
2.039183071141120962e+00
2.044153212413341247e+00
2.050486354421537261e+00
2.054143562223958774e+00
2.060006521584415662e+00
2.064148083857175298e+00
2.072119141831984646e+00
2.074866676943497801e+00
2.078224994099908685e+00
2.084919442294940417e+00
2.091883136764459028e+00
2.095257440763878876e+00
2.099033933597587609e+00
2.103759340412212353e+00
2.114294734386135133e+00
2.116105711687669366e+00
2.121533241470912934e+00
2.126348931448238666e+00
2.131463396351229722e+00
2.134964337510014243e+00
2.141000495718531127e+00
2.144606823529624950e+00
2.149503217136102151e+00
2.156269537352297760e+00
2.159883747663545517e+00
2.162716405040654877e+00
2.168445498365324298e+00
2.174847723859748339e+00
2.178035832842912356e+00
2.183218313263933563e+00
2.186726524812149908e+00
2.193142174006153411e+00
2.197679664395926213e+00
2.202768335599304628e+00
2.207432480096803040e+00
2.211326233195704205e+00
2.214652178313946340e+00
2.219778984172595671e+00
2.223738069446238530e+00
2.228983531750388991e+00
2.234119016804541502e+00
2.237986434876519048e+00
2.241028726779389135e+00
2.247275037047126833e+00
2.250639558893800185e+00
2.254460852198694187e+00
2.259352162486000903e+00
2.263074312687473277e+00
2.268618169777385063e+00
2.271009107193968646e+00
2.275679610577631795e+00
2.280530648819869555e+00
2.283546795505310811e+00
2.288789514322382423e+00
2.293293290841543097e+00
2.295761547936491009e+00
2.300145476781516596e+00
2.302516800825055832e+00
2.309445671054370042e+00
2.312543981560309714e+00
2.317297828846663688e+00
2.320476227861537399e+00
2.324256153362111554e+00
2.327848912383470470e+00
2.332327001368859509e+00
2.336177573643580807e+00
2.339306457595720090e+00
2.344366173454403235e+00
2.346886960909476016e+00
2.351940482615321404e+00
2.356266606311683720e+00
2.358070002133512144e+00
2.363111301072671200e+00
2.366409219036869516e+00
2.368425822112543599e+00
2.374976393846995215e+00
2.379271973569728971e+00
2.383018375055892868e+00
2.385784278112953682e+00
2.387921918198982141e+00
2.392371390704159495e+00
2.395098218758338948e+00
2.399965567583725701e+00
2.403777922052132698e+00
2.406702829677676903e+00
2.409458847953963367e+00
2.413991697302109607e+00
2.416110058000735084e+00
2.421142559865381294e+00
2.423707991726536726e+00
2.426579096613572073e+00
2.430209479214510804e+00
2.434126135010493019e+00
2.437741519175581573e+00
2.441310385675775851e+00
2.443617880969068512e+00
2.448024526580960814e+00
2.451558044081290522e+00
2.454257376639614296e+00
2.457744011830114150e+00
2.461019685025483739e+00
2.464035874198668985e+00
2.466632985367504194e+00
2.470213396413797557e+00
2.473094157700825413e+00
2.477206266029372550e+00
2.478962899071294412e+00
2.483718049794029881e+00
2.486378013167926504e+00
2.489877991072968033e+00
2.493528443104017445e+00
2.495822206262638954e+00
2.500150092654193301e+00
2.502743323067611492e+00
2.503754189055265478e+00
2.507801584571262232e+00
2.511771479324946377e+00
2.514860917407620633e+00
2.517500653788066867e+00
2.520503102794506844e+00
2.522978299966747162e+00
2.526068387920314517e+00
2.530051276819992090e+00
2.532077520886262700e+00
2.535920808520291114e+00
2.538217984938134553e+00
2.541456181428152217e+00
2.545211860348598698e+00
2.548608924844394164e+00
2.551439352183158871e+00
2.553105423710851696e+00
2.554701953326941055e+00
2.560092065897860980e+00
2.562013801646049416e+00
2.563545928555915232e+00
2.567245311001489672e+00
2.569828460436070827e+00
2.573235795942656168e+00
2.576195116892102455e+00
2.578416694912272433e+00
2.581515282840542103e+00
2.584911087195516544e+00
2.586901465303974579e+00
2.589562440916334474e+00
2.591252847142794025e+00
2.593881780553635608e+00
2.597935367838571707e+00
2.599772944736295166e+00
2.602373401147775489e+00
2.604693864117912927e+00
2.606823463647958139e+00
2.610195366080706680e+00
2.614004722173451700e+00
2.616141425593097036e+00
2.619106629896665428e+00
2.620962914727618998e+00
2.625448463483428974e+00
2.627900433349026788e+00
2.628792618380925372e+00
2.631817004389350068e+00
2.634244722344072809e+00
2.636859019266237336e+00
2.639533062996380242e+00
2.642099397100531988e+00
2.644977341051207631e+00
2.647499659830106822e+00
2.649737840249329679e+00
2.652959869983747776e+00
2.654355484646655050e+00
2.655046324032349858e+00
2.659119790317331589e+00
2.661732676731937364e+00
2.664442090752993320e+00
2.667802035533934024e+00
2.668451233520998667e+00
2.671076146296798015e+00
2.673188274386609109e+00
2.676202843067682302e+00
2.677684562554936587e+00
2.679588745442507136e+00
2.684060414880818257e+00
2.685593195931001098e+00
2.688809279141302522e+00
2.689779614590336987e+00
2.692017021839173463e+00
2.695028696270317159e+00
2.697027778240198348e+00
2.700271823846537522e+00
2.703163739472425942e+00
2.704436321799192466e+00
2.708532342704993212e+00
2.709993338456815337e+00
2.711091254839714804e+00
2.714248431324842059e+00
2.715966850537489208e+00
2.718306331489378280e+00
2.720894938707947297e+00
2.722835836810424848e+00
2.724269516605945185e+00
2.726963380502708478e+00
2.728612169098910467e+00
2.731429602129010537e+00
2.732922190282986996e+00
2.735407714773700150e+00
2.736954280918522109e+00
2.739157742716754829e+00
2.741750217751765195e+00
2.744812559370954919e+00
2.747005253526355606e+00
2.748440948697308261e+00
2.750190669909069907e+00
2.753589464173901824e+00
2.755441021619687181e+00
2.757031390685274808e+00
2.759221974439130420e+00
2.760991731577272290e+00
2.764108048445644172e+00
2.764691535062332228e+00
2.768039412719145442e+00
2.768245822139027368e+00
2.771763147430692076e+00
2.773654772470696805e+00
2.775843102805358065e+00
2.777836241448502719e+00
2.779117368966046886e+00
2.781843407320959471e+00
2.785246394519812707e+00
2.787480475182342765e+00
2.787450191781483788e+00
2.789501345079436145e+00
2.792434472461037043e+00
2.793560246859015717e+00
2.794891775637799114e+00
2.797531014875950905e+00
2.800583654218605556e+00
2.801339906410589720e+00
2.802751155835910168e+00
2.806181173311523391e+00
2.807608191439197931e+00
2.809786402156238427e+00
2.812832337736986599e+00
2.812722600607405532e+00
2.815145577361700902e+00
2.817064157099823163e+00
2.817365651807290927e+00
2.820363875205844195e+00
2.822931276003854073e+00
2.824938237426194210e+00
2.826944325611785214e+00
2.828931453197144563e+00
2.830358473815845599e+00
2.832587247237482675e+00
2.832936386736063739e+00
2.836199665265574321e+00
2.837107241601682261e+00
2.839820169423431739e+00
2.840853368434997694e+00
2.843196799178997480e+00
2.844950331738276272e+00
2.846779887555202837e+00
2.848246457261284004e+00
2.851024439273352140e+00
2.852955128033570986e+00
2.854067516045014852e+00
2.856810439428214110e+00
2.858303422184144793e+00
2.860059607117112268e+00
2.862417804127728616e+00
2.862100913667490421e+00
2.865097966220743420e+00
2.866597851590947599e+00
2.869454744050199846e+00
2.870033971553616947e+00
2.873118178522334976e+00
2.873694307376278623e+00
2.875070655656431828e+00
2.877380830794872502e+00
2.879663900998393089e+00
2.881201351218429796e+00
2.883385091013906276e+00
2.884082911500968294e+00
2.886206910244601520e+00
2.887658419188084746e+00
2.888759719508211532e+00
