-5.090455280172983578e-03
1.272604004076227646e-02
9.439067928454352449e-04
-2.253539048837205003e-02
-1.340775976150408895e-02
-5.104604618805765742e-03
-2.711982584357737827e-02
-1.847905991068999818e-02
-3.468795725825252890e-02
3.618167439065675135e-03
-1.473262810197925078e-02
-2.682091216036486259e-02
-3.033118953625208239e-02
-1.109716467804330690e-02
-8.083789448862375299e-03
-8.810439219096754399e-03
2.600997910585023387e-02
1.176485853342032484e-02
5.374179582514878976e-03
2.171397480251715043e-02
2.387708592070146574e-02
2.135061530594008911e-02
5.891869525124197177e-02
8.200251282132468844e-02
5.631555470899337473e-02
6.207121586154600718e-02
1.111402209184193940e-01
1.008567563552285329e-01
1.177861127200549862e-01
1.376193320268127296e-01
1.306447374285134577e-01
1.418003575661441473e-01
1.699961555593999807e-01
1.568118911844666452e-01
1.880237803659579321e-01
2.123910527099457934e-01
2.236917235475875398e-01
2.431977395176590784e-01
2.462610521493265314e-01
2.419235542838052422e-01
2.804844394328890322e-01
2.793815056765008853e-01
2.985027893774536700e-01
3.062821660873624174e-01
3.309207723345437557e-01
3.384094632186819829e-01
3.642246078420340316e-01
3.726388748401899265e-01
3.886695702717418710e-01
4.110512169278418004e-01
4.255898787950246343e-01
4.325611039257657997e-01
4.446193109307700064e-01
4.454225106073675389e-01
4.704844101417097191e-01
4.932841447121959488e-01
5.035131204046926490e-01
5.258874665551492855e-01
5.507810113735340796e-01
5.466468933209336356e-01
5.517350245924736996e-01
5.823858053663076850e-01
5.903463189200442995e-01
6.111371638647734583e-01
6.213437382703361767e-01
6.403060592232059367e-01
6.455499310060285323e-01
6.556057385412991101e-01
6.725313547314102358e-01
6.927103480787349943e-01
6.939781195320776641e-01
7.249033253042155289e-01
7.369252887110038230e-01
7.383736440725876538e-01
7.593463207851596231e-01
7.713921886349139889e-01
7.889658096871783322e-01
8.013613745979254466e-01
8.086420901851334442e-01
8.172221973991216082e-01
8.342219238171383333e-01
8.452436122153035303e-01
8.585691981361087688e-01
8.830978773425463002e-01
8.856395948740249935e-01
9.066845912282481823e-01
9.226666691769090933e-01
9.319012072644436984e-01
9.465571565901728102e-01
9.539376665910865860e-01
9.710034634439288492e-01
9.811189734943881469e-01
9.913556412006424567e-01
1.000695392384267413e+00
1.016869839465624814e+00
1.026018522291963997e+00
1.039889087791076916e+00
1.053972739037213779e+00
1.062143024408964465e+00
1.078728490015221864e+00
1.093412251192481977e+00
1.104262641514428767e+00
1.114700934839246038e+00
1.125725825088616627e+00
1.136028616456438600e+00
1.143789655480083045e+00
1.157665018070153318e+00
1.174623129222116980e+00
1.188227147193572364e+00
1.197129765252659572e+00
1.210341231154269614e+00
1.216050221374273432e+00
1.228800969857932079e+00
1.233191101042302451e+00
1.246929017136687357e+00
1.256317549185068883e+00
1.275554154672982277e+00
1.283946987091585168e+00
1.287620934225876201e+00
1.302538008059631380e+00
1.315383795181923610e+00
1.319856669492096346e+00
1.341017891759214375e+00
1.344235230066773257e+00
1.350865420947187090e+00
1.362806345516699436e+00
1.371506791855442220e+00
1.384012744861059518e+00
1.394733158655232952e+00
1.406654999454754584e+00
1.412651750960350228e+00
1.426792529242419283e+00
1.434601083401088051e+00
1.444211942083921230e+00
1.450734565176095892e+00
1.467590473871388967e+00
1.473278506976614111e+00
1.483336902875085794e+00
1.490571625031532621e+00
1.501678929737956913e+00
1.507277000881491080e+00
1.518901797130352671e+00
1.528220227005094412e+00
1.540203055105203056e+00
1.547817245535209940e+00
1.559609910488147566e+00
1.564885912239749821e+00
1.571881178531566725e+00
1.577274812948990412e+00
1.592636687743194779e+00
1.598351401517764225e+00
1.605301966323986473e+00
1.617762428738903635e+00
1.624764908461123314e+00
1.632872485283677788e+00
1.643955262837048625e+00
1.646863311391761675e+00
1.659060259857896291e+00
1.666796776364683375e+00
1.675331214290661341e+00
1.683821494880272107e+00
1.691246791467776234e+00
1.700561922603194276e+00
1.705819641899579464e+00
1.713565956897050713e+00
1.723584719315918834e+00
1.729414591660800582e+00
1.738641725388880177e+00
1.748814316692043791e+00
1.752841994002387604e+00
1.757842983602517561e+00
1.768786494824595934e+00
1.776822805991215448e+00
1.784285172048902579e+00
1.792119779345706210e+00
1.796941239170019244e+00
1.805290331902376977e+00
1.813542706291103146e+00
1.819947970098012124e+00
1.828713101384053630e+00
1.831340191903794601e+00
1.842102319364160357e+00
1.847360813348899011e+00
1.856390035034479524e+00
1.860761444076787452e+00
1.869304004109167749e+00
1.876617444928200706e+00
1.885285471612214492e+00
1.890821927532494451e+00
1.898196719102272390e+00
1.906557967546280485e+00
1.913093141860316093e+00
1.917537332441551667e+00
1.926720197637834087e+00
1.932666563552154493e+00
1.939890887175681922e+00
1.945453463397334826e+00
1.951678889442092890e+00
1.955286479544276146e+00
1.966319734702361099e+00
1.972732300468647448e+00
1.978049703136089077e+00
1.982695833018825127e+00
1.989264811038263803e+00
1.995416001432108732e+00
2.001750358304513533e+00
2.006835837872038564e+00
2.015760529276641400e+00
2.026056172371598407e+00
2.026710876448468035e+00
2.030966675318038650e+00
2.035490541849134249e+00
2.045029203084751224e+00
2.049453111402530059e+00
2.055442333311647385e+00
2.059967739886648275e+00
2.067548152341590839e+00
2.074288284300538354e+00
2.077997092510539101e+00
2.085608804253981763e+00
2.090672546185440073e+00
2.098435267802763349e+00
2.102006229884581856e+00
2.105106179032957048e+00
2.115370276730859089e+00
2.121302279341140462e+00
2.122216051073071430e+00
2.130559195071217271e+00
2.134082185831905676e+00
2.140178963697919379e+00
2.145221338973156922e+00
2.150570510248949407e+00
2.154763994284732753e+00
2.162802071105408785e+00
2.167738531394837853e+00
2.171357626582182121e+00
2.175083384720368773e+00
2.179553518233046105e+00
2.186971338657096808e+00
2.190936817984769913e+00
2.193489499432123235e+00
2.199335552174131792e+00
2.208695373654769867e+00
2.212707727100001964e+00
2.215100305563941330e+00
2.220931409281349911e+00
2.226560616680048454e+00
2.232250395083745342e+00
2.236851610302884819e+00
2.240111555116721220e+00
2.245590477496171022e+00
2.251783032624429470e+00
2.254967402878911731e+00
2.259944021221694577e+00
2.262696000056694245e+00
2.268362465368735759e+00
2.272011874067676462e+00
2.277007982474914094e+00
2.282017739799367728e+00
2.288057185920223890e+00
2.293711124086711628e+00
2.297091625717055052e+00
2.300017809330641150e+00
2.304809627300997477e+00
2.307971116817387980e+00
2.314650379310654316e+00
2.318630860456599496e+00
2.322961420139817434e+00
2.327381999432477144e+00
2.331673274107387783e+00
2.336369250968731048e+00
2.339886241803948774e+00
2.343700672296234799e+00
2.348863331911935859e+00
2.352488585871963966e+00
2.356845324622932836e+00
2.362913153873907213e+00
2.364813464917244534e+00
2.369783268945128363e+00
2.373676299428482128e+00
2.376940175826934620e+00
2.382997618413841501e+00
2.387849448927021445e+00
2.388680208574906150e+00
2.394747376832932151e+00
2.397021709433752701e+00
2.402497599807384088e+00
2.406175918034693328e+00
2.411234712953250980e+00
2.414819365551419850e+00
2.418845419261447027e+00
2.421098372937319887e+00
2.426408213866191765e+00
2.429595275745109362e+00
2.432272271431587640e+00
2.438619596568048387e+00
2.441165436638428332e+00
2.444467285710690163e+00
2.448977177753768331e+00
2.451351587759324158e+00
2.455924263543091346e+00
2.459904833086607123e+00
2.462491205575622732e+00
2.467676093187062936e+00
2.471875275741070688e+00
2.475435016225071116e+00
2.478382919819738461e+00
2.481398183275425939e+00
2.485205041882693422e+00
2.488855176749333875e+00
2.494607027819024658e+00
2.496858661474320673e+00
2.499406092056632112e+00
2.503620949701794718e+00
2.507807463357685673e+00
2.508666507984887328e+00
2.513541009086346811e+00
2.516821727907379014e+00
2.519944830669768709e+00
2.523368951209127520e+00
2.526259239387026678e+00
2.529351809503194382e+00
2.534362271040108805e+00
2.537310290454207529e+00
2.541216268022316704e+00
2.543593169944263099e+00
2.549176033464036095e+00
2.550498872044995036e+00
2.553591817351699156e+00
2.556136686669158831e+00
2.559749805287377722e+00
2.561559600690622496e+00
2.567427649242518317e+00
2.569616002171435820e+00
2.571812705678990341e+00
2.575420197220109841e+00
2.579882440368540752e+00
2.582846180860799645e+00
2.585194707999562524e+00
2.588215582856209007e+00
2.592644185670292867e+00
2.594793370636613083e+00
2.596729046884433068e+00
2.598720399314748963e+00
2.603531618081605270e+00
2.606177818750197162e+00
2.608736816222387400e+00
2.612669226513864462e+00
2.614886738454984538e+00
2.619173424854645660e+00
2.620455671053250057e+00
2.623964009387821594e+00
2.627620081199365742e+00
2.629669818109959589e+00
2.632883666083593699e+00
2.636992332319683552e+00
2.639289053648935734e+00
2.642256552208354758e+00
2.644219091523270837e+00
2.646382544861169528e+00
2.651077879252231373e+00
2.654326257111276899e+00
2.655110291747163842e+00
2.658368112132255323e+00
2.661031015297092406e+00
2.665330738753454387e+00
2.668652483691777100e+00
2.670819569128006332e+00
2.671989753603973838e+00
2.674898095044119017e+00
2.678208797472109826e+00
2.679536461306176065e+00
2.683449146219221149e+00
2.686437538746767828e+00
2.689773157741179865e+00
2.691548624963252312e+00
2.694217091304085265e+00
2.696465444265998546e+00
2.700075080284874307e+00
2.701627691187636238e+00
2.704154201770016197e+00
2.708319806728877399e+00
2.710650507567698764e+00
2.712213339890726882e+00
2.714315581884155559e+00
2.717801193258038595e+00
2.719543155909578402e+00
2.722905251511096747e+00
2.724997748634808481e+00
2.727188394244228764e+00
2.729668565285832571e+00
2.733022223690183328e+00
2.734236931849206798e+00
2.738629971239854743e+00
2.740622568862708164e+00
2.743271506853416142e+00
2.745882264954292218e+00
2.747590337784658665e+00
2.750849372937893111e+00
2.751862041888699650e+00
2.755905826208933096e+00
2.757478209741550224e+00
2.759097060544143609e+00
2.762386392262448531e+00
2.762710445227967604e+00
2.766736689048865383e+00
2.769514964886155006e+00
2.771727003320601401e+00
2.775088099254177543e+00
2.777745788154692086e+00
2.777764165902357973e+00
2.780614158842576789e+00
2.784137749051688537e+00
2.785387801139749708e+00
2.789085049378261516e+00
2.790402738361340784e+00
2.793509499800213902e+00
2.794569230519274416e+00
2.798301928686463658e+00
2.799279600038313109e+00
2.802502066459856778e+00
2.804257772693480977e+00
2.807574973027309628e+00
2.809147055607799093e+00
2.811715832283658845e+00
2.813910845037237873e+00
2.815641657513395124e+00
2.817695536127993616e+00
2.820091353858078076e+00
2.821555426844586378e+00
2.824755330310988910e+00
2.825766344716719836e+00
2.828483084243039514e+00
2.830570239157585988e+00
2.833468137183494218e+00
2.835015227292629891e+00
2.838078224266665117e+00
2.840125920527385883e+00
2.841494594118330053e+00
2.843187579415346722e+00
2.846329467548703640e+00
2.848049508053094314e+00
2.849621496001327081e+00
2.852003008614122592e+00
2.855158553124454102e+00
2.856439063966837111e+00
2.858342975161301425e+00
2.859891817937278091e+00
2.862641244818516562e+00
2.864008961697221967e+00
2.866659790653440343e+00
2.869332467349749116e+00
2.870742961181809161e+00
2.873528354769499860e+00
2.875460964224504590e+00
2.877009473881084300e+00
2.879912421812025336e+00
2.880177750438247752e+00
2.883412321362157194e+00
2.884794003676664609e+00
2.886531783153956976e+00
2.889071767067840302e+00
2.890748712754327432e+00
2.891812818709434296e+00
2.893969222367001493e+00
2.896276335626500220e+00
2.898299519936667679e+00
2.901162293052532259e+00
2.903030350998297759e+00
2.905252926647001299e+00
2.906729638586900588e+00
2.907959457292997651e+00
2.909624264570993102e+00
2.910725578099376154e+00
2.913758061491316109e+00
2.915971840095629375e+00
2.918051809260127527e+00
2.920034506344796998e+00
2.922192356039606143e+00
2.923463097761779039e+00
2.923895274492473106e+00
2.926936085085106498e+00
2.928993288284024832e+00
2.930921761844500040e+00
2.932133174205461046e+00
2.934064680650691148e+00
2.935977335250066211e+00
2.938124088643619292e+00
2.938712455710080995e+00
2.941703143317179414e+00
2.942407250059152712e+00
2.945286419737586314e+00
2.946744380371035366e+00
2.949421457317524808e+00
2.950102581036478711e+00
2.952504459070728782e+00
2.953837492320157132e+00
2.956334897701476283e+00
2.956833770760479041e+00
2.960766900815539060e+00
2.962308802376757644e+00
2.963267013394625948e+00
2.964107154562403590e+00
2.966242794242925473e+00
2.968618840516572099e+00
2.970760132647644713e+00
2.971120055986371522e+00
2.973485670757783694e+00
2.975017963141644461e+00
2.977499811470890823e+00
2.978987363797963805e+00
2.980701145653763540e+00
