8.050758013578796163e-04
1.318740008428681250e-03
1.374982750334175722e-03
1.479506226931273259e-03
2.373050741158785632e-03
3.497453725824379092e-03
4.214042316280307808e-03
4.069439650757367480e-03
4.637734498230160381e-03
5.622595510629084352e-03
6.114300913505621438e-03
7.265814079373612497e-03
9.130077819820251947e-03
1.009522489819843216e-02
1.211143167382656635e-02
1.147091465791533899e-02
1.298798123079950712e-02
1.253908556844365342e-02
1.400803813192265032e-02
1.405489919696254440e-02
1.435769388579576436e-02
1.549858470862160685e-02
1.796795554205203593e-02
1.902006317101836638e-02
1.971971792373468368e-02
2.011288922610273561e-02
1.866750289857921005e-02
1.983510431942121788e-02
2.001257417886271109e-02
1.897942127117208111e-02
1.998184361266665959e-02
2.063645435450218307e-02
2.220804041147380128e-02
2.276281319512139106e-02
2.499026988768685703e-02
2.287819041444442980e-02
2.637477557249777102e-02
2.554937370689579212e-02
2.516566493842650395e-02
2.409364656695769935e-02
2.538334638134506771e-02
2.545303420742972556e-02
2.641499423889723946e-02
2.588224316409393558e-02
2.700489018518723028e-02
2.888865970567661146e-02
3.004404803293175483e-02
2.844079610082574788e-02
2.924641072012015841e-02
2.963326022000120977e-02
3.038207130213028961e-02
3.262406321462819891e-02
3.244128855175021364e-02
3.312550574152035160e-02
3.303178880599717815e-02
3.384929099349848203e-02
3.296547704042252641e-02
3.485108110909018037e-02
3.719923430868603970e-02
3.701284315215636750e-02
3.466713622218691587e-02
3.787845590852877836e-02
3.774259098508027377e-02
3.940311508324960410e-02
3.919124909869659001e-02
3.951506815918759408e-02
4.087136229315335711e-02
4.147546640734674217e-02
4.167346743069896137e-02
4.333763497833492684e-02
4.481319449437318886e-02
4.458014651197290956e-02
4.385185225761681349e-02
4.796156016078580164e-02
4.686585519021908147e-02
4.764547634570932833e-02
4.773734856980649949e-02
4.948384892533694290e-02
4.848685342203762350e-02
4.996368642203498356e-02
4.881364161727733131e-02
5.152898577394471324e-02
5.367658243788627631e-02
5.446247488625702293e-02
5.264273328203383784e-02
5.220691489038133820e-02
5.414355394144514111e-02
5.525732792955421330e-02
5.625662442203793745e-02
5.516740236456365437e-02
5.895660008894710452e-02
5.947490402386195613e-02
5.848744733510424093e-02
5.753206358151314453e-02
6.047457316165440189e-02
6.202259478750381250e-02
6.263585400600893416e-02
6.300124615431247632e-02
6.457062514946147747e-02
6.396614049261938051e-02
6.358291898060813852e-02
6.566276785753025202e-02
6.459059228485457271e-02
6.640028300378465753e-02
6.533205771404786144e-02
6.603951207485142527e-02
6.836198694319017832e-02
7.122655763415106089e-02
6.971741096169825624e-02
6.943784665400042078e-02
7.133261203329041567e-02
7.306040168929610334e-02
7.204423133034153215e-02
7.284630235505630547e-02
7.040173496209950477e-02
7.429948341394146394e-02
7.463359594561518040e-02
7.565732358515117606e-02
7.687958739598081681e-02
7.466861541353678189e-02
7.642504874713239305e-02
7.722789961293376193e-02
7.764351963356649899e-02
7.801270159150495986e-02
8.019754223344646715e-02
8.025074731621020807e-02
7.765203752195450060e-02
7.927218566400005828e-02
7.946105877533846118e-02
8.088990993141607910e-02
8.055073249508043487e-02
8.324552096668075274e-02
8.472303974680231442e-02
8.280566861348273577e-02
8.260856341060283936e-02
8.554061774014333486e-02
8.365222974818224688e-02
8.558773477140875496e-02
8.639059296609909178e-02
8.741879631747462298e-02
8.637928520854373793e-02
8.557599443480468082e-02
8.856107749062443191e-02
8.871557389547470029e-02
8.808947230106228821e-02
8.704605804161411053e-02
8.870264660279582325e-02
8.956095144499801042e-02
8.887677241424665753e-02
8.881823652518412715e-02
9.051369979566094293e-02
9.088875812198154991e-02
9.158194222156078312e-02
9.083939617071698502e-02
9.227283108960288027e-02
9.262361140214080135e-02
8.985550803426189947e-02
9.146608819260518275e-02
9.127773229521750353e-02
9.422858507988189636e-02
9.281439019196209561e-02
9.246782712331236276e-02
9.515571312161115458e-02
9.375678454903305092e-02
9.425200904046522610e-02
9.615745101612854784e-02
9.391700699970804977e-02
9.374097152084381879e-02
9.518171731234310873e-02
9.517679793368501173e-02
9.525971764604672376e-02
9.697799328740017155e-02
9.498697040492984356e-02
9.775011801096594732e-02
9.653977396123296362e-02
9.589817424617017028e-02
9.656449391146970651e-02
9.719828620816219067e-02
9.694492097389081908e-02
9.635935506261344985e-02
9.764337911991616270e-02
9.848750965066388474e-02
9.725567510747021305e-02
9.968402071240936579e-02
9.807541799399724369e-02
9.730301235129018567e-02
9.997431081875296499e-02
9.817432079614980822e-02
1.009349515695697613e-01
9.919188426245854895e-02
9.962352992860565304e-02
9.937350964751753835e-02
1.007143604214393168e-01
1.010265879853802506e-01
9.957793113633642279e-02
1.002460096974926024e-01
1.000057167317457973e-01
1.008242863045672455e-01
1.008534351038219562e-01
1.013736245262149976e-01
1.011010766627629537e-01
9.864852719744422738e-02
1.011495723814933023e-01
9.926009268087339354e-02
9.996074652064655675e-02
1.010471477581607602e-01
1.015293931595720317e-01
1.015933291931953725e-01
1.013718171747203939e-01
1.017732562812730529e-01
1.000099372223880734e-01
1.005684894559589621e-01
1.008964999230094611e-01
1.021390548149739286e-01
1.007188823242777254e-01
1.013722665516055832e-01
1.006660119334121944e-01
1.004634901396637831e-01
1.006149651420104874e-01
1.024645225523835995e-01
1.018653367442843433e-01
1.008158824692272221e-01
1.018865820140159029e-01
1.003803249301185585e-01
1.012853200332335390e-01
1.017622795022979088e-01
1.009310323701585188e-01
1.019778115775824834e-01
1.015208904055870387e-01
1.004112361152806193e-01
1.021826714894321503e-01
1.009963306868625482e-01
1.012592419969272073e-01
9.967192362814783491e-02
1.015139904857887132e-01
1.006718452508906653e-01
1.003609565305606383e-01
1.005713695556237630e-01
1.008033926874532943e-01
1.009021603168693132e-01
1.007391901527731615e-01
9.882757439920608622e-02
1.006129851069868936e-01
1.011470606160443236e-01
9.978783035679865410e-02
9.974766410152222096e-02
1.001361426821752582e-01
9.949029516424924557e-02
9.988744341585971409e-02
9.957720210331598432e-02
9.962981397183490184e-02
9.931830641061148435e-02
9.991559579266565128e-02
9.977087005131744790e-02
1.005430611171870686e-01
9.862848944820105934e-02
1.006771434343355920e-01
9.863152011829698362e-02
9.903438766731713361e-02
9.957836000255695930e-02
9.929346815841157137e-02
9.918417659609503334e-02
9.980196686969665387e-02
9.969428924737992748e-02
9.893004399706280261e-02
9.915043446645409320e-02
9.839129933536643058e-02
9.853582225581028475e-02
9.885702800557631675e-02
9.878059867446878362e-02
9.807796143544782186e-02
9.845922773326662436e-02
9.756595815060975507e-02
9.826897191704409007e-02
9.801079601327075674e-02
9.776758840094351699e-02
9.766327092475453331e-02
9.794499301014780723e-02
9.806129778182108570e-02
9.747526126195123208e-02
9.800887707330463439e-02
9.802558431690566731e-02
9.702017063563185550e-02
9.737554007318950655e-02
9.630441429746436355e-02
9.665036826615361343e-02
9.718856064359811253e-02
9.625138286855029757e-02
9.601129452015028098e-02
9.549652642716387196e-02
9.656015151205037117e-02
9.627131473843004994e-02
9.626478179835762372e-02
9.602145196172771902e-02
9.586255215406372376e-02
9.492708445651777682e-02
9.526908664668394533e-02
9.574864908767695415e-02
9.508987514413448638e-02
9.599713227550440986e-02
9.461052595737348692e-02
9.476208795000516660e-02
9.435841426993227254e-02
9.483581877553025341e-02
9.385679345997449685e-02
9.378632166692617289e-02
9.360729807809464731e-02
9.394368616528865623e-02
9.374347292035911661e-02
9.341038949371328892e-02
9.351824333210492779e-02
9.351589884337836722e-02
9.230696562006084072e-02
9.327127148028101222e-02
9.310549945343250811e-02
9.235668122955127679e-02
9.232356652978233880e-02
9.224430973423479452e-02
9.269257993900979764e-02
9.181038413953915289e-02
9.259052451009255891e-02
9.206394257541022919e-02
9.217575253708670813e-02
9.202044382765799113e-02
9.149697678678556101e-02
9.224996853013449349e-02
9.193073375546419179e-02
9.080195517546554851e-02
9.130201484821877378e-02
9.095575212840945056e-02
9.110219856144782802e-02
9.073660149342696601e-02
9.106228240425226494e-02
9.039792036736683800e-02
9.004268425165005973e-02
9.038630113882729911e-02
9.010651901367103256e-02
8.979626048546103523e-02
8.959109157927042100e-02
9.007108709636289789e-02
8.936377699925565632e-02
8.984535198572847492e-02
8.946641242238721758e-02
8.961179025833015954e-02
8.877272523951346139e-02
8.863957577979772462e-02
8.852872144423803991e-02
8.825117564784638879e-02
8.786538058228601789e-02
8.824720977395296428e-02
8.804906418613181462e-02
8.831383440511766936e-02
8.792002546028535037e-02
8.793979116026333365e-02
8.811278784308709811e-02
8.816694955840806425e-02
8.722055065225815806e-02
8.702136294896617441e-02
8.716540623980847946e-02
8.746866203011563479e-02
8.756596242180694767e-02
8.795076810091181918e-02
8.725507275373678429e-02
8.723702690584933528e-02
8.638558314826949580e-02
8.667615448069601602e-02
8.621532649737141674e-02
8.678604734112461971e-02
8.609914903054334545e-02
8.655554967889178553e-02
8.595618868466795015e-02
8.614436675617963279e-02
8.601809757054477978e-02
8.610553376010858517e-02
8.599487597243965498e-02
8.577445915370511542e-02
8.549541379852797218e-02
8.522507560429365414e-02
8.536712276765388852e-02
8.583870099679158372e-02
8.497317092044891218e-02
8.507437790899458063e-02
8.496331281103283728e-02
8.520439026706386199e-02
8.531137610733093013e-02
8.501491464420425637e-02
8.467061011548440708e-02
8.538353067760819093e-02
8.499229129267044103e-02
8.481958312341897344e-02
8.425720560465106701e-02
8.440263917461171550e-02
8.470925717225985530e-02
8.463639228650969570e-02
8.469701694699106886e-02
8.430958021258412594e-02
8.397396229870238149e-02
8.400445544333499936e-02
8.431262150091042851e-02
8.407352262409754917e-02
8.349036532165782232e-02
8.379596862319248218e-02
8.406605043519407849e-02
8.399551263248747346e-02
8.372087158348401337e-02
8.378506565786966731e-02
8.386574635513274756e-02
8.319007731507906123e-02
8.404461285096391510e-02
8.388907814185689316e-02
8.327640676534110720e-02
8.374811482356120385e-02
8.367104285861107216e-02
8.381438432376639436e-02
8.373436042865536888e-02
8.338789929562041847e-02
8.342413950966663660e-02
8.336788893738286688e-02
8.360475411514735333e-02
8.283218949558111832e-02
8.389082365711379718e-02
8.310468724442235389e-02
8.336851051852436911e-02
8.362055238655520528e-02
8.344046790758248566e-02
8.344758293824704187e-02
8.342275857632514002e-02
8.347492189505496818e-02
8.327244568268998837e-02
8.328883019303448543e-02
8.370699615169815977e-02
8.305303742517737564e-02
8.321500247982401011e-02
8.356813531627424463e-02
8.348769539484117430e-02
8.273767807713791611e-02
8.337749566991375927e-02
8.324090112575995015e-02
8.316775303360562921e-02
8.328240443349770039e-02
8.305012395186860130e-02
8.353120818386590429e-02
8.355417313712221183e-02
8.354246584492974748e-02
8.362135350875550543e-02
8.329241739727895333e-02
8.342056511113683792e-02
8.322662395273895675e-02
8.385632588711174062e-02
8.374458067260694139e-02
8.383749721888406059e-02
8.371193452828241954e-02
8.334540261542214279e-02
8.398659447385616039e-02
8.356114930824831699e-02
8.382934498788492672e-02
8.428011308201918683e-02
8.444515150926812375e-02
8.396307665188353087e-02
8.400572031255768013e-02
8.384409693830466304e-02
8.426250498849517656e-02
8.418767623179053416e-02
8.455455191739427723e-02
8.440685386276476632e-02
8.451911127489694642e-02
8.439296905870716237e-02
8.444509963614141301e-02
8.479361828801593171e-02
8.489253647384201185e-02
8.465108922358061116e-02
8.471379227941011614e-02
8.511381073976610756e-02
8.501689698978302789e-02
8.516414157394015805e-02
8.520055887288542629e-02
8.542722713581275829e-02
8.525754914748459590e-02
8.529067872515617987e-02
8.513989368460682383e-02
8.548824192911176623e-02
8.535850951433607281e-02
8.566102480988450896e-02
8.573270959673044700e-02
8.634595225706313826e-02
8.612652769552842091e-02
8.610026873213155740e-02
8.616762724956461561e-02
8.638198968852635329e-02
8.651857567122149539e-02
8.648650118932726949e-02
8.679113463577860232e-02
8.647114588042517647e-02
8.659251267148670994e-02
8.727260582550848411e-02
8.725187086431995809e-02
8.726948352028002232e-02
8.749799269649685685e-02
8.716506465272140514e-02
8.748806233741589222e-02
8.788335935003115107e-02
8.752434749659303292e-02
8.786735089446687241e-02
8.788128205745437960e-02
8.816401293788998783e-02
8.851184569659102663e-02
8.879302686877821316e-02
8.850574767580431101e-02
8.846322303302263379e-02
8.884727288581827087e-02
8.875071040502584274e-02
8.889349256458133064e-02
