-4.659955507981215599e-03
1.153737819000885158e-02
7.586636311879483945e-04
-2.029603767782515999e-02
-1.127727950084107290e-02
-3.453101564284361078e-03
-2.316136895183567787e-02
-1.500788739031810003e-02
-3.025092570656332316e-02
5.062736203674898100e-03
-1.262423430457948990e-02
-2.301542065775983789e-02
-2.683889467114409025e-02
-9.362458196405087224e-03
-6.363311575991530480e-03
-7.869062975826920589e-03
2.441240788948992324e-02
1.108219465440307867e-02
3.289382655995132330e-03
1.957781842373193873e-02
1.947032523899462284e-02
1.762259950369030742e-02
5.112532911725962276e-02
7.387730864026796629e-02
4.927370871584740158e-02
5.452762527342705501e-02
1.007172522648087515e-01
8.714433699164449154e-02
1.034770941713493986e-01
1.232529681640064934e-01
1.133619533287930081e-01
1.232245062579220840e-01
1.527409809787805828e-01
1.377268312276688500e-01
1.662825164931051314e-01
1.912406229366729327e-01
1.971587397103858330e-01
2.159441553269922376e-01
2.184163542235965094e-01
2.120878106401662966e-01
2.499147990789664375e-01
2.465285771947302862e-01
2.653939569151418931e-01
2.733676009663816298e-01
2.974299946866461597e-01
3.023255233357765026e-01
3.203961447145772246e-01
3.307178878488289953e-01
3.488563993404742991e-01
3.650043873719211462e-01
3.808590322633669811e-01
3.867044434193045999e-01
3.971230774167220368e-01
3.958087549160314578e-01
4.208816223604524009e-01
4.431148468030949306e-01
4.523456590877497074e-01
4.736008266263379562e-01
4.972667538081983474e-01
4.907977785775314850e-01
4.932267085962546704e-01
5.227019572692329641e-01
5.332876340860392972e-01
5.494041667051898781e-01
5.623313424690230544e-01
5.799459766904780933e-01
5.808513944292319486e-01
5.887366759177886655e-01
6.077179287713280198e-01
6.256393091222629543e-01
6.269475793663246144e-01
6.559330794519382390e-01
6.666256014935652008e-01
6.657389719131510120e-01
6.882048881831387410e-01
6.994851361992797667e-01
7.147073961894109262e-01
7.275228969651500455e-01
7.306231524427394541e-01
7.405233213484925248e-01
7.567975562517381682e-01
7.649754137610479399e-01
7.807355864311790183e-01
8.042444684837869451e-01
8.066005839563734625e-01
8.249574046433800767e-01
8.385184441770054953e-01
8.468466661801141715e-01
8.634632564856049575e-01
8.674157052766092724e-01
8.855253120108117493e-01
8.968425158097934613e-01
9.068639510303839746e-01
9.138145709810190365e-01
9.277958712787791606e-01
9.388786386000477213e-01
9.494234240198485830e-01
9.633904857374414599e-01
9.736522838001056002e-01
9.901023533303225932e-01
1.000778863999660429e+00
1.012642206542516909e+00
1.020906613728025381e+00
1.033421629443539880e+00
1.043633859205679526e+00
1.049089428636430732e+00
1.062658615810559759e+00
1.079613126867408290e+00
1.092000713555646652e+00
1.100185794993465471e+00
1.110963940094026547e+00
1.117565297869894003e+00
1.129110694619740451e+00
1.135630212123020399e+00
1.148188336352448102e+00
1.157980346672304206e+00
1.176422387068306596e+00
1.185618024836155415e+00
1.186806741771746498e+00
1.201138098028026846e+00
1.211840120457007508e+00
1.219078918302515246e+00
1.236907038496619649e+00
1.240232009208826369e+00
1.251561471449419205e+00
1.261605432218130041e+00
1.268205849787503281e+00
1.280117618927602008e+00
1.289900390080069625e+00
1.300800571339411071e+00
1.306994909686228334e+00
1.321744341773243070e+00
1.329365209494329569e+00
1.339074893067090599e+00
1.345408158923115494e+00
1.362096738232079884e+00
1.363904534448666883e+00
1.378344122237658675e+00
1.383678669889177870e+00
1.394889402095564890e+00
1.399696843993518236e+00
1.411764456127554856e+00
1.421321248620736721e+00
1.433293801901742492e+00
1.439356802163893390e+00
1.451099009561024777e+00
1.457593335879443508e+00
1.465266739464545553e+00
1.470812448074054757e+00
1.482330869998034650e+00
1.488345552985768760e+00
1.496633007880139310e+00
1.508719358332776705e+00
1.515055678789072768e+00
1.523443067972995557e+00
1.533345466241829547e+00
1.534859159350884905e+00
1.549954484473443195e+00
1.558307977676471445e+00
1.566515974214997220e+00
1.573392096054379907e+00
1.580932215544660790e+00
1.589845713571142793e+00
1.594099196846706867e+00
1.600914682041454595e+00
1.613267089479345495e+00
1.620401959604246933e+00
1.627581436870727316e+00
1.637058606117017145e+00
1.640960316307910505e+00
1.646477616367859831e+00
1.656484076244399306e+00
1.664421408986000328e+00
1.673838500210816482e+00
1.679798836981621246e+00
1.687203225189479294e+00
1.694076188101526936e+00
1.702849678002651856e+00
1.709278727499195405e+00
1.715893819597941183e+00
1.720958226064346341e+00
1.730817101676401570e+00
1.735259112799541814e+00
1.745792432108116632e+00
1.750801427351774242e+00
1.756601167094687277e+00
1.765695892688004864e+00
1.772968390326834287e+00
1.779458870157273553e+00
1.784203961724503351e+00
1.793415457264335044e+00
1.800701913923853148e+00
1.805755951254517155e+00
1.814960369857905764e+00
1.822355266528813855e+00
1.826761122414308325e+00
1.834911187830798207e+00
1.837446398192763786e+00
1.845135611858598867e+00
1.850848835869263853e+00
1.858792975369854661e+00
1.865326327708649812e+00
1.869947530399954205e+00
1.876340732955627644e+00
1.882631420822643786e+00
1.887995185033113588e+00
1.893883058832501520e+00
1.903639599599957544e+00
1.911480671993966318e+00
1.914810713992761704e+00
1.918472295826265883e+00
1.924296354088115502e+00
1.932731249583954813e+00
1.935776447488080088e+00
1.943032949551938282e+00
1.948872989737876704e+00
1.953898550090183539e+00
1.960727845512381551e+00
1.966291588689415448e+00
1.972666536181441721e+00
1.975365366094809394e+00
1.983268258985857235e+00
1.989110281292182592e+00
1.990056266085990178e+00
1.999423453230645631e+00
2.005615913572590614e+00
2.007983936435147498e+00
2.016890048059457374e+00
2.021467897831365601e+00
2.026549948039241933e+00
2.033070645341981120e+00
2.036335189294537162e+00
2.042432776528138483e+00
2.045966020371011940e+00
2.054664213552781504e+00
2.057297638348716706e+00
2.060753726007506614e+00
2.067680896968048909e+00
2.074493610421368039e+00
2.077944849675126715e+00
2.081889191182050070e+00
2.086646461763758786e+00
2.097121414595777722e+00
2.098576890362869207e+00
2.104316370050963503e+00
2.108922433057583312e+00
2.114124589834750712e+00
2.117478365596335177e+00
2.123481986823132051e+00
2.127548270975367029e+00
2.132297799193569876e+00
2.139177858915640051e+00
2.142606238871245683e+00
2.145338816818351368e+00
2.151316379274656576e+00
2.157955765016955851e+00
2.161164304850898166e+00
2.166284548661602027e+00
2.169677547234386772e+00
2.175949712640970812e+00
2.180451684485852581e+00
2.185424126966633462e+00
2.190745301063825146e+00
2.194475248874305784e+00
2.198240129809187593e+00
2.202668310193576673e+00
2.207039911155587397e+00
2.212064576043845321e+00
2.217069000799175349e+00
2.221062437712175708e+00
2.223738794168929278e+00
2.230697670555251477e+00
2.233906319259170825e+00
2.237589757682436176e+00
2.242765102981739034e+00
2.245953445789699021e+00
2.251480062808203009e+00
2.254309971605550356e+00
2.259025617676579500e+00
2.263977634561112673e+00
2.266796445445514063e+00
2.271634958502295021e+00
2.276352247171379073e+00
2.279013710511204494e+00
2.283352829672810280e+00
2.285774696099841297e+00
2.292626807909152298e+00
2.296047238143998914e+00
2.300248302418710367e+00
2.303811386248682869e+00
2.307377232941881129e+00
2.311376266811050684e+00
2.315770696578658416e+00
2.319790625663594508e+00
2.323068426949032705e+00
2.327576660443075873e+00
2.330245800845180959e+00
2.335728737206726802e+00
2.339783525646830231e+00
2.341577407537116073e+00
2.346398285319567734e+00
2.349899913137338814e+00
2.351960355283582604e+00
2.358736008149666219e+00
2.362142944478865303e+00
2.366436342034327289e+00
2.369355918286875529e+00
2.371555144056926245e+00
2.376064201612955173e+00
2.378375159060102551e+00
2.383398026959145710e+00
2.387720385885712560e+00
2.390607331704399208e+00
2.393187630070323202e+00
2.397237729017042351e+00
2.400127371871702664e+00
2.404792435923381877e+00
2.407618415706497927e+00
2.410438604788118777e+00
2.413767822246440709e+00
2.417955606407875102e+00
2.421647793620886002e+00
2.424969300156208263e+00
2.427471187455389590e+00
2.431512130041979969e+00
2.435483497571591549e+00
2.437940354246079355e+00
2.441257915792232946e+00
2.444509933158987902e+00
2.448224744198899128e+00
2.450426182031957278e+00
2.454270810465172925e+00
2.456507251835279071e+00
2.461077238530760880e+00
2.463127230300436121e+00
2.467933136833127428e+00
2.470445060106698953e+00
2.473810590829404354e+00
2.477647953387277724e+00
2.479732908061471175e+00
2.484193723597067471e+00
2.486943376640967873e+00
2.487591186563363532e+00
2.491856908633137913e+00
2.495728931883743229e+00
2.498975001155229858e+00
2.501739090151556599e+00
2.504289863435728680e+00
2.507322962011399259e+00
2.510141414655232328e+00
2.514103814035930196e+00
2.516191332669373448e+00
2.519833403139573935e+00
2.522418891073876512e+00
2.525817859265503174e+00
2.529106769510126362e+00
2.532870288206978682e+00
2.535696170812864025e+00
2.537136718406398206e+00
2.538954668658726987e+00
2.544109442354193895e+00
2.545963253418526140e+00
2.547615455857432654e+00
2.551771013375582875e+00
2.554159190953882330e+00
2.556920974105261646e+00
2.560307912266647890e+00
2.562452646415727120e+00
2.565691236650840423e+00
2.568910839028186288e+00
2.571016259648924329e+00
2.573769645231125391e+00
2.575427316834302260e+00
2.577895667877149855e+00
2.582257782203158047e+00
2.583817452225111388e+00
2.586568398510806333e+00
2.589054312624951226e+00
2.591184076831408944e+00
2.594511440195864882e+00
2.598209665180479355e+00
2.600219503785148323e+00
2.603297194911194268e+00
2.604975200763658627e+00
2.609736950033852754e+00
2.611976554953258312e+00
2.613274850972372221e+00
2.615959762873991234e+00
2.618493392419098953e+00
2.621170820734907370e+00
2.623855889346115244e+00
2.626258156521602327e+00
2.629151921212971033e+00
2.631304923666522910e+00
2.634006137062946173e+00
2.637170404378322175e+00
2.638350238903754086e+00
2.639485119484485942e+00
2.643421986422668901e+00
2.645946625217996839e+00
2.648486417023386608e+00
2.652076263918946353e+00
2.652490005024892739e+00
2.655200810626872077e+00
2.657798217109763161e+00
2.660788383766816700e+00
2.661718716903718196e+00
2.663990442526702473e+00
2.667999735989071919e+00
2.669788217611156256e+00
2.673251318529267451e+00
2.674145335943562518e+00
2.676279817981025655e+00
2.679292557993152801e+00
2.681099404108231443e+00
2.684576638614466493e+00
2.687515741033226213e+00
2.688868393074983487e+00
2.692669745771244294e+00
2.694498045926776886e+00
2.695524365273741285e+00
2.698309476727041467e+00
2.700192752836453103e+00
2.702972412929383950e+00
2.705130554622742878e+00
2.707108852261842280e+00
2.708437939716365150e+00
2.711253713304665247e+00
2.713381680333799117e+00
2.715856101278423029e+00
2.717376102900972867e+00
2.719802716758263905e+00
2.720878086882851044e+00
2.723625294551315079e+00
2.726296019247886449e+00
2.729484021505787172e+00
2.731377380526156973e+00
2.732773742367842207e+00
2.734366475530163765e+00
2.738007611461717339e+00
2.740026459067713471e+00
2.741638898615308850e+00
2.743746575891100825e+00
2.745299887160053132e+00
2.748360321004352791e+00
2.748900453768813534e+00
2.752617816671965034e+00
2.752789371610077307e+00
2.756088382618455235e+00
2.758115097949600969e+00
2.760274376979012789e+00
2.762410124479533824e+00
2.763357007027664736e+00
2.766227459603896932e+00
2.769927885488497221e+00
2.771924833179494563e+00
2.771874824712183383e+00
2.774225106002642605e+00
2.776896382435686483e+00
2.778410957941320536e+00
2.779448423365020737e+00
2.782315364276348735e+00
2.784910786518395298e+00
2.786287222680996933e+00
2.787674963314529020e+00
2.790693014878891542e+00
2.791877643410650922e+00
2.794414311990992328e+00
2.797215978464934860e+00
2.797163265204249072e+00
2.799512085245424942e+00
2.801758493348840862e+00
2.802298967008615804e+00
2.805320677910662752e+00
2.807739227789060266e+00
2.809650901828200098e+00
2.811366114145885220e+00
2.813569911171712068e+00
2.814787155993193846e+00
2.817513696085905295e+00
2.817524993579746173e+00
2.821043199806956725e+00
2.821761940402799596e+00
2.824449722676165120e+00
2.825605702658672946e+00
2.827847643661514088e+00
2.829632786649410203e+00
2.831732824846369123e+00
2.833159098543811538e+00
2.835814385726460607e+00
2.838012423916397520e+00
2.838592345682150686e+00
2.841641817461446173e+00
2.843090492779151823e+00
2.844979993725470280e+00
2.847187460157540873e+00
2.847191335045440752e+00
2.849687938683930888e+00
2.851690786555553192e+00
2.854512395109746414e+00
2.854826203288149955e+00
2.857871659250414087e+00
2.858495704440124907e+00
2.859587244597073141e+00
2.862326816706095567e+00
2.864377300861906228e+00
2.866239430804336408e+00
2.868528379378382009e+00
2.869074874757809646e+00
2.871257727160027695e+00
2.872589600211197691e+00
2.873463010863666955e+00
