-3.794713283563445633e-03
8.992567153483843612e-03
2.040485905727576846e-04
-1.601898693055306064e-02
-7.458662069872989790e-03
-6.980324827615852793e-04
-1.583378422250335954e-02
-8.786022260839725789e-03
-2.185209271410953197e-02
7.163390867170491179e-03
-8.718688344417347552e-03
-1.597433321351253779e-02
-1.994890344889707276e-02
-6.077429726525319584e-03
-3.061373009421697409e-03
-5.775832908283683349e-03
2.096840606308266949e-02
1.019619982747322490e-02
5.840827307461951990e-04
1.594909356744853707e-02
1.242570062746967477e-02
1.142457103704851498e-02
3.686829082823429166e-02
5.756030755994076542e-02
3.664390239536978455e-02
4.062593609169860842e-02
7.979618312346513365e-02
6.164753294173822007e-02
7.620792514008081775e-02
9.449677713674217716e-02
8.062830955142046008e-02
8.815314475069725708e-02
1.178156635735413543e-01
1.021200878262140121e-01
1.229175655038902970e-01
1.485427125367658197e-01
1.440140786815450602e-01
1.598402450223034843e-01
1.630442411779821077e-01
1.535781590265553054e-01
1.881461397870566321e-01
1.816288321434143260e-01
1.996264930207949095e-01
2.072760553456446386e-01
2.278729722560013105e-01
2.302326424441905328e-01
2.328023811070978610e-01
2.461583955070743013e-01
2.685921774001697182e-01
2.723322849371265786e-01
2.881014681827527846e-01
2.909337400712503907e-01
3.012187577639616753e-01
2.968360998536295203e-01
3.190646840455478861e-01
3.389991349035046397e-01
3.476819958537292754e-01
3.659060236006208555e-01
3.823186524957452592e-01
3.742562084717006021e-01
3.758067249233127960e-01
4.006997443392033564e-01
4.120684489703836384e-01
4.240110679726888931e-01
4.359093251035264238e-01
4.515779293576602793e-01
4.472962102044145127e-01
4.519656920484270701e-01
4.700064911779398003e-01
4.834631213613468925e-01
4.854209988852853375e-01
5.102051917122435443e-01
5.212490094392165929e-01
5.134539372029133242e-01
5.359496595585404588e-01
5.466708772042376818e-01
5.551353653351619455e-01
5.717864768758513794e-01
5.669786383037251909e-01
5.795800971543273450e-01
5.944579627650526943e-01
5.968929525759066879e-01
6.172077044066103246e-01
6.344909833358338691e-01
6.389624205876647256e-01
6.497454350972281523e-01
6.584375864110437737e-01
6.677701812606284815e-01
6.884049185455125563e-01
6.874517067422164507e-01
7.023564047469029736e-01
7.127827159470006002e-01
7.246396155930489025e-01
7.287420007946872058e-01
7.391279814670494996e-01
7.525312788733438119e-01
7.556808734893285528e-01
7.733156687843021349e-01
7.827353536899408493e-01
7.959836906412122159e-01
7.996080630436664949e-01
8.111188945756729884e-01
8.194090287099415892e-01
8.352832618231108563e-01
8.408670482877097507e-01
8.471807911015096781e-01
8.588839187102501604e-01
8.699104784691729098e-01
8.811336287829995007e-01
8.860316655759313820e-01
8.970063209051470920e-01
9.034011218180606484e-01
9.118961309006610172e-01
9.227448003528708753e-01
9.381802909326298900e-01
9.425314328639815553e-01
9.557728375552688727e-01
9.673198765535617749e-01
9.671183046368825309e-01
9.783963463122676840e-01
9.907737573582958701e-01
1.000076644693786987e+00
1.006571726899064378e+00
1.011574217182222846e+00
1.028955584747327068e+00
1.038075011814721504e+00
1.043201310108335722e+00
1.050529974179755355e+00
1.061655999040233223e+00
1.073540397235356547e+00
1.075593293933002181e+00
1.085585229194135248e+00
1.100987728204048777e+00
1.106499841915485227e+00
1.109473757522900117e+00
1.124222984186856733e+00
1.127723451642523411e+00
1.140423958633811630e+00
1.147145626410304819e+00
1.156224714323207392e+00
1.162150438277573361e+00
1.170961649487968881e+00
1.181013789089578436e+00
1.188595944110904190e+00
1.195750560832155696e+00
1.205938100719248451e+00
1.213852126761175487e+00
1.222681358483309833e+00
1.228117822342118082e+00
1.234209268288344985e+00
1.243181758469998233e+00
1.252081406544180320e+00
1.258560235282963014e+00
1.267554804531181967e+00
1.275654772924535552e+00
1.280913346841178635e+00
1.285025696450523780e+00
1.296905545462518905e+00
1.312243490809413382e+00
1.317943216819307262e+00
1.322924199243229904e+00
1.329141475628726088e+00
1.336747207094722611e+00
1.342695567173272098e+00
1.347994785022574193e+00
1.358822844646947914e+00
1.369778934543669724e+00
1.374452512594057429e+00
1.382170928859896453e+00
1.386990918792601057e+00
1.394798449899660620e+00
1.402897585542540071e+00
1.412399049637654835e+00
1.420851275956032334e+00
1.426947511337181895e+00
1.433680381436134743e+00
1.440691511068809216e+00
1.449383544602402152e+00
1.454574492808769826e+00
1.462198487883002773e+00
1.465996084287776613e+00
1.473549015629057601e+00
1.481788976358061172e+00
1.487322541218030647e+00
1.497139907130051961e+00
1.500977096627439167e+00
1.509005830520093516e+00
1.516637103559070221e+00
1.524433781785072384e+00
1.526309659494455406e+00
1.535781079933477233e+00
1.544687174086899040e+00
1.548267830769076703e+00
1.556843251410583662e+00
1.563096448932304705e+00
1.568450739689787321e+00
1.576660914234058852e+00
1.579758171087420449e+00
1.590225580557860896e+00
1.592799055151028487e+00
1.600963689482391761e+00
1.605138090112002036e+00
1.611502875423123538e+00
1.617734983140286742e+00
1.625273209308753408e+00
1.629447349761056429e+00
1.639059983750308147e+00
1.648687191429875298e+00
1.648566080505923015e+00
1.655722094068010186e+00
1.662627410032760489e+00
1.667543861219624057e+00
1.673769027206222670e+00
1.679924450477937370e+00
1.686931986414483386e+00
1.693827738851369169e+00
1.694800949260584888e+00
1.704347828847419422e+00
1.709089777743555638e+00
1.713189994823631768e+00
1.720241599769567475e+00
1.723978287992187219e+00
1.730854554965726155e+00
1.735044607155830532e+00
1.740726150512129422e+00
1.745937505308264193e+00
1.752799715598709396e+00
1.760952965872655929e+00
1.766033657762718256e+00
1.771309251815666341e+00
1.777201698162713450e+00
1.779240192521825970e+00
1.787180680260403998e+00
1.790814910197010779e+00
1.798784911381059448e+00
1.804041441783721833e+00
1.806391211655608675e+00
1.814515968060348872e+00
1.821215438530427333e+00
1.825922848183313185e+00
1.828109686902409603e+00
1.835755693310823444e+00
1.843722227660279822e+00
1.842906084664255539e+00
1.848708583049661680e+00
1.853833817023478270e+00
1.859263643940249233e+00
1.866566956116844533e+00
1.870988193492043816e+00
1.876673716601497732e+00
1.879437009558729166e+00
1.886968992149915314e+00
1.888888751643925001e+00
1.895110265917586023e+00
1.900826575617279524e+00
1.907336227277975027e+00
1.911085986097484701e+00
1.916371543246760512e+00
1.919149751494708012e+00
1.923462497064176713e+00
1.928391396755795295e+00
1.934180253866697452e+00
1.940695599811775196e+00
1.946092888079026251e+00
1.946948653718494349e+00
1.952372228855770997e+00
1.959027354788575481e+00
1.962745145949669423e+00
1.966278591091580763e+00
1.970787459431783795e+00
1.977983314618809274e+00
1.982566023609677375e+00
1.986689122389463380e+00
1.988727635085111523e+00
1.992829058014923049e+00
2.000106890769107970e+00
2.004980050764160193e+00
2.008197347591225590e+00
2.013187896798368737e+00
2.017087227944444283e+00
2.022398846726114474e+00
2.024975003440706800e+00
2.029178754051054856e+00
2.035012578086214496e+00
2.039291014450016259e+00
2.043000107318795333e+00
2.047605421053183772e+00
2.050529329267727796e+00
2.056158070975765639e+00
2.059142641946198893e+00
2.061916699802899267e+00
2.067187313405197013e+00
2.072531504757770371e+00
2.076261029699901339e+00
2.079683320719321493e+00
2.083055116762265957e+00
2.088346390282065812e+00
2.094317731211940536e+00
2.096834771697204225e+00
2.098875924985399433e+00
2.104396063518338522e+00
2.108625677576698720e+00
2.110835178819157054e+00
2.115922788582193625e+00
2.119055390135071715e+00
2.124090274573818160e+00
2.127960613917127652e+00
2.132653508646390250e+00
2.134081823960026547e+00
2.140155577863311454e+00
2.144156540465077754e+00
2.148678067808159398e+00
2.150407605144017964e+00
2.154798375006512501e+00
2.157140638997687265e+00
2.162257718786972926e+00
2.166384824420013455e+00
2.170680488701715039e+00
2.172965940061994949e+00
2.176177260968580995e+00
2.180117236837148642e+00
2.184927354682971945e+00
2.189494786003822746e+00
2.192378570663137793e+00
2.194241510844499476e+00
2.199460853023181617e+00
2.202562354197515671e+00
2.206138159465448112e+00
2.208249699344650541e+00
2.213070222004335008e+00
2.216195908389156255e+00
2.218288848656688739e+00
2.222380086295625112e+00
2.227967924129743871e+00
2.228932432206269354e+00
2.232801951492964676e+00
2.235925512647777502e+00
2.240822428501453967e+00
2.243784288790057868e+00
2.245467207350822836e+00
2.250135531357655427e+00
2.255313464272230117e+00
2.257110973079320626e+00
2.260088195716047021e+00
2.263654301117830059e+00
2.266394866714272815e+00
2.269955753482553185e+00
2.274035301284468069e+00
2.277376813922139309e+00
2.278606485020165273e+00
2.281985243185728152e+00
2.286681470476938038e+00
2.291494809840080915e+00
2.295062385792874249e+00
2.296150946178824093e+00
2.299471132208346980e+00
2.301726602716755554e+00
2.304661565065881490e+00
2.308583447974710712e+00
2.311680023525899408e+00
2.315898179739533269e+00
2.318012475775921732e+00
2.321094073512584455e+00
2.324550182572184820e+00
2.327380145838917169e+00
2.330284388314778798e+00
2.334065128119718668e+00
2.336031258711798397e+00
2.339115159240925390e+00
2.341809126572276689e+00
2.343829270238297457e+00
2.349025243198706203e+00
2.350750788667083313e+00
2.354055799177053654e+00
2.357729680862170607e+00
2.360227029235629548e+00
2.363334366167279654e+00
2.367136876065485396e+00
2.368882420569838665e+00
2.371084425919259164e+00
2.373998044668816032e+00
2.376885567756738205e+00
2.380673646815060884e+00
2.383189520223104374e+00
2.385866958045894659e+00
2.388039113182140127e+00
2.392552526387456080e+00
2.395184668408749662e+00
2.397791500144302645e+00
2.400309167510747077e+00
2.402645637830379766e+00
2.403955781212515852e+00
2.406854477142952309e+00
2.410055567078127847e+00
2.412493006397136597e+00
2.415318648297929638e+00
2.418309033275287234e+00
2.421798030538918844e+00
2.424954903176043786e+00
2.425992121453018679e+00
2.429717761382658381e+00
2.432433525028867116e+00
2.435012892348627389e+00
2.437510485389907888e+00
2.438653426051286655e+00
2.443891251103232687e+00
2.446620407998019608e+00
2.448089358753518407e+00
2.451144544734657149e+00
2.454443059823185891e+00
2.456698553624885317e+00
2.458852432008805877e+00
2.461051134300327625e+00
2.463521817388091950e+00
2.466834170695087369e+00
2.468977927506084136e+00
2.470197907174102703e+00
2.474692625468695617e+00
2.478495028442888160e+00
2.478930268532030912e+00
2.481158015495954938e+00
2.484413007717002131e+00
2.485555235526475837e+00
2.488765822857353704e+00
2.490241510611897358e+00
2.494811518777563908e+00
2.496622417593572063e+00
2.498605502746985341e+00
2.500954123306290189e+00
2.503138987395550075e+00
2.505079021228449943e+00
2.506816524999418316e+00
2.510929767309427962e+00
2.512166927503432401e+00
2.514458460753142610e+00
2.517726338373969419e+00
2.520281528196063547e+00
2.521545260482192408e+00
2.525085653951119724e+00
2.526381423115117819e+00
2.529523218074418711e+00
2.532442106034905382e+00
2.534834388739676481e+00
2.536106184492054272e+00
2.536947664612426490e+00
2.539640628139239631e+00
2.543773552190361720e+00
2.545726149388239712e+00
2.547103888708731834e+00
2.549299507745372839e+00
2.551117075005858492e+00
2.553801594647576501e+00
2.556382824947204035e+00
2.558348233147977879e+00
2.560980377568713884e+00
2.562271298084531246e+00
2.565215167501392113e+00
2.567218626037273133e+00
2.569888482633595927e+00
2.572544618509637893e+00
2.573859826213073632e+00
2.574736163499696140e+00
2.578006109129293399e+00
2.580148771461181489e+00
2.581154083145247302e+00
2.584356292412401501e+00
2.585585789157700543e+00
2.589323173793872446e+00
2.591041952394004699e+00
2.592867733877886049e+00
2.594207432148065262e+00
2.595491291474908202e+00
2.599244623445242652e+00
2.600906700172300301e+00
2.602325274240794073e+00
2.605876809453524512e+00
2.607320584257772911e+00
2.609035277250247198e+00
2.610501989116942756e+00
2.613175829817044438e+00
2.615005363445120246e+00
2.617299670490731867e+00
2.618847661522973436e+00
2.622129459537976715e+00
2.622700130835831533e+00
2.624819632114236523e+00
2.627769918303262120e+00
2.629746140599123816e+00
2.630855003565567785e+00
2.633363154974016851e+00
2.634834150940132957e+00
2.637388788202545964e+00
2.639434688534038287e+00
2.639377337063410600e+00
2.641525099025544776e+00
2.644728583456777304e+00
2.646999685375869937e+00
2.647980607061441116e+00
2.650403974869969037e+00
2.651536165795469469e+00
2.653720141838916913e+00
2.656060336870206928e+00
2.657736228594181238e+00
2.659242558985915661e+00
2.662391297539153712e+00
2.664400662370174366e+00
2.664320365709312632e+00
2.668607662848367479e+00
2.669355289500623840e+00
2.671883169579917006e+00
2.672520871135335430e+00
2.675241546253428915e+00
