7.013825796802033215e-04
7.084778856822737236e-04
6.864438433981018056e-04
6.672833800461324370e-04
1.384824538361384329e-03
1.664737179757811835e-03
1.586255462652290133e-03
1.223850127669972318e-03
8.765416968250382048e-04
1.215421260065790467e-03
9.342381415610184368e-04
1.400743243377063378e-03
2.042591839120517280e-03
2.703793171115679260e-03
3.322100419981656363e-03
2.813339004805083185e-03
3.647319829213554587e-03
3.009852158891855329e-03
3.237550488255119992e-03
3.189477239968801364e-03
3.045215349966284672e-03
3.762076698914882614e-03
4.795324373911500834e-03
5.115612985520790260e-03
5.307977247835275053e-03
5.504137150262398970e-03
4.929706843113492928e-03
4.685499944513522169e-03
5.147254089004740622e-03
4.774485019685885921e-03
4.478515468742424836e-03
5.406081687889970760e-03
6.483393150518995326e-03
6.528702441787694911e-03
7.034087896574010845e-03
6.202492434504888220e-03
7.287241851522874639e-03
6.997909128472827936e-03
7.388980699554719561e-03
6.101869332306377944e-03
6.898579314617171894e-03
7.649765799689496257e-03
7.874191749093904097e-03
7.929173259390166761e-03
8.877764093577999310e-03
9.542343365100139363e-03
9.618712218629529159e-03
8.880999397556977454e-03
9.964045103126742756e-03
9.911878125602903780e-03
1.022114892375441259e-02
1.025816005116138817e-02
1.063338051053309974e-02
1.054033400012754917e-02
1.195837523547148458e-02
1.219060122740471888e-02
1.204121719804268978e-02
1.312366175466433971e-02
1.344603852407733405e-02
1.365330711668502270e-02
1.433287588022759060e-02
1.466577204152443026e-02
1.466205615290507892e-02
1.544911145001598256e-02
1.603865421606616090e-02
1.663958315597788631e-02
1.729669353024234149e-02
1.770977094494841780e-02
1.821073190114104456e-02
1.865349373365536578e-02
1.843776805784830969e-02
2.038847544692716854e-02
2.083266655751180030e-02
2.004429910779444851e-02
2.080797894948707705e-02
2.216973057262026231e-02
2.276390809372652591e-02
2.323481081209619395e-02
2.439259385969470145e-02
2.488048688565347791e-02
2.474045931062242992e-02
2.540730934565426855e-02
2.558696614114114309e-02
2.672212887925667565e-02
2.787579909723176749e-02
2.915374462846999359e-02
2.887876403834354483e-02
3.019736658338121466e-02
3.098823057641771420e-02
3.194765806177867623e-02
3.236368773782516417e-02
3.246097522961497589e-02
3.403637400792926260e-02
3.473315537176050599e-02
3.530865600783036906e-02
3.572678772353202192e-02
3.640100053241495520e-02
3.847096594322469559e-02
3.735747540014548035e-02
3.919559953532500418e-02
3.992289559969594559e-02
4.061959220854493430e-02
4.079659388934924608e-02
4.262035297764584646e-02
4.327923960866489339e-02
4.458680612045821945e-02
4.489819514003028089e-02
4.511636402770881349e-02
4.625552489891049390e-02
4.744048528852642249e-02
4.771826998717981078e-02
4.789917323162421608e-02
4.940739607683056200e-02
5.096112262190295034e-02
5.303121296659380618e-02
5.264344898926272276e-02
5.431376452299148394e-02
5.511526334169884050e-02
5.538978984353665896e-02
5.624194661320864458e-02
5.633838711013644529e-02
5.828859865147064528e-02
5.937227828090474446e-02
6.031722254375854880e-02
6.117922111642122573e-02
6.218266915764074365e-02
6.307881317706964808e-02
6.414430878880920950e-02
6.399413619592758673e-02
6.533360476508305592e-02
6.596923811429661333e-02
6.694087285743832716e-02
6.685272573987863232e-02
7.047563706864372335e-02
7.107140309448521653e-02
7.044412793905302506e-02
7.311311220428966251e-02
7.414078556852324309e-02
7.452305118762130032e-02
7.552386612925703069e-02
7.578780701726102464e-02
7.743472467278431082e-02
7.755416935315039006e-02
7.932072049904488609e-02
8.111982446575650985e-02
8.310181759431577164e-02
8.360571351425295783e-02
8.397358990492147235e-02
8.650335687586878375e-02
8.575263085353704295e-02
8.814664122579696226e-02
8.923439605379522577e-02
8.970362128975929716e-02
9.085359951243202059e-02
9.265427552756752561e-02
9.131043769662824938e-02
9.307101607409379307e-02
9.533840132402240930e-02
9.698145651190162586e-02
9.743567425786649194e-02
9.837272507319781700e-02
1.007898511699882316e-01
1.015055574809380495e-01
1.027046537549445165e-01
1.038357848371693065e-01
1.050585336104798012e-01
1.065777734926536546e-01
1.082588566576378475e-01
1.086539858327194435e-01
1.097733661577705716e-01
1.103691032932511279e-01
1.120175149331901071e-01
1.130737415852868660e-01
1.133505053223672343e-01
1.157210043354199441e-01
1.183738301045962615e-01
1.171159646719676511e-01
1.193473218873207647e-01
1.201572956318253116e-01
1.216147435156494927e-01
1.236481803920338463e-01
1.245172905012788267e-01
1.258444039715461704e-01
1.275643997045950995e-01
1.283299733379756891e-01
1.306382753924910656e-01
1.329168828191542584e-01
1.332194394419242700e-01
1.356642252111066871e-01
1.356054821615655381e-01
1.380970045030392168e-01
1.378489672765876861e-01
1.398505147129439907e-01
1.406295815711007813e-01
1.425633114347673591e-01
1.434543332886486777e-01
1.451624987274142409e-01
1.470555297433014386e-01
1.479497186128382602e-01
1.488978701956712170e-01
1.509324015587365508e-01
1.528754304403034947e-01
1.542726366521147419e-01
1.562025293089663314e-01
1.572815024078768331e-01
1.590189547953949067e-01
1.603617093620968159e-01
1.604911179888321160e-01
1.638673526411837389e-01
1.645469468157686188e-01
1.671201994336941610e-01
1.686411612398479865e-01
1.684617351260855878e-01
1.718771859604255603e-01
1.734917060252100518e-01
1.757541719062388763e-01
1.752684929721666784e-01
1.787982704111449328e-01
1.788750237494071416e-01
1.798187899814076285e-01
1.846942877561753849e-01
1.846119062746765238e-01
1.869651326335370067e-01
1.889939163149639278e-01
1.889104510779548440e-01
1.898988273457845322e-01
1.919520115994186038e-01
1.950627791011317613e-01
1.970905774094313112e-01
1.986200628048694627e-01
2.004413204861057451e-01
2.022264721032001611e-01
2.033099796656116509e-01
2.054363268597212411e-01
2.070188746520104373e-01
2.093359560356890248e-01
2.112559354811651968e-01
2.145482971782933790e-01
2.151704585786582413e-01
2.174557585929414172e-01
2.198236701156772444e-01
2.216376648660788318e-01
2.234422414312625393e-01
2.257738197225430121e-01
2.271912371289824817e-01
2.303494407749525352e-01
2.321062409582516917e-01
2.341442538237139270e-01
2.359786202599896132e-01
2.392417284953033407e-01
2.410005197768890772e-01
2.427108616944669006e-01
2.464708687128965570e-01
2.481451834170348425e-01
2.493200563766562461e-01
2.532274371026956294e-01
