-5.030615600406488849e-03
1.257198710786787584e-02
9.232122940149843117e-04
-2.223848350516755695e-02
-1.311994513118466127e-02
-4.875240670776892667e-03
-2.658473954059431890e-02
-1.800937432849753286e-02
-3.409811249367090957e-02
3.826935221861145400e-03
-1.444873740086755932e-02
-2.630871997807610399e-02
-2.987124561272324480e-02
-1.086802205095419374e-02
-7.860857053844892695e-03
-8.698245116055705259e-03
2.579296545319503114e-02
1.164959934763820648e-02
5.062917428822258196e-03
2.140978198280913194e-02
2.325925860559607816e-02
2.083122292591019220e-02
5.786470571964080073e-02
8.092328862066032469e-02
5.534227926818115206e-02
6.103326079387048908e-02
1.097400154909564385e-01
9.900156725953795922e-02
1.158544948120736329e-01
1.357088463442579496e-01
1.283295718393842322e-01
1.393036948230433614e-01
1.677083557414723314e-01
1.542237497102069144e-01
1.851458853292881623e-01
2.095675872544557894e-01
2.201772597439987655e-01
2.396194782039993143e-01
2.425598236739677782e-01
2.379549083623720696e-01
2.764512485808462983e-01
2.750177770670421129e-01
2.940955256879724811e-01
3.019052757250641483e-01
3.265068292323755617e-01
3.336172862929031591e-01
3.584633461496474771e-01
3.670991104205146294e-01
3.833870587374031413e-01
4.049790747965423821e-01
4.197213503971294335e-01
4.265566173843608477e-01
4.383617610729212410e-01
4.388790953955379881e-01
4.639698006732604907e-01
4.867070946618350935e-01
4.967579227659718044e-01
5.189909862002367591e-01
5.438091885870264264e-01
5.393324903114062874e-01
5.440140913607229844e-01
5.745311141751341388e-01
5.828787019972058170e-01
6.030055763311121808e-01
6.136307486062035910e-01
6.324173094114088345e-01
6.370430075602556697e-01
6.468135878868388478e-01
6.640491356411284407e-01
6.839647488832871769e-01
6.852020509683139915e-01
7.158996781528886855e-01
7.276879671793425874e-01
7.288938027149260979e-01
7.500657256370248938e-01
7.619845295038152333e-01
7.792951951625112228e-01
7.917008264039183674e-01
7.984452811329081356e-01
8.071875341621376210e-01
8.240116374034776037e-01
8.347494430384768682e-01
8.483209324296916432e-01
8.727939223167739957e-01
8.752882023495228703e-01
8.960190811850786696e-01
9.117242250394160807e-01
9.208344883795723801e-01
9.356370613430354810e-01
9.425728205293656403e-01
9.598303253007921532e-01
9.701122118296492403e-01
9.802520995875759757e-01
9.893093292250805249e-01
1.005183813310982277e+00
1.014567942314086091e+00
1.028047652999250383e+00
1.042013056533815707e+00
1.050507155034452023e+00
1.067147967465622127e+00
1.081312564201531989e+00
1.092326295102498568e+00
1.102455028685073390e+00
1.113571613874020372e+00
1.124016789540994710e+00
1.131312186494933592e+00
1.145212677320349703e+00
1.162250454846208925e+00
1.175675525429345836e+00
1.184480482450589678e+00
1.197423991182208214e+00
1.203115300135733978e+00
1.215769192256169973e+00
1.220349717321143501e+00
1.233876423488241780e+00
1.243336398499157447e+00
1.262596304854460838e+00
1.270907702667951389e+00
1.274388319529541347e+00
1.289218529105498057e+00
1.301754843656854455e+00
1.306574463769314409e+00
1.327438061477162146e+00
1.330642080315217912e+00
1.337794373631502109e+00
1.349487305113561408e+00
1.357889626058303767e+00
1.370387712449127937e+00
1.380902233622231856e+00
1.392569370714853427e+00
1.398749145377956804e+00
1.413026353044988914e+00
1.420604882753868647e+00
1.430233128000516718e+00
1.436780233859042077e+00
1.453802875515209925e+00
1.458827306067000951e+00
1.469401134384450192e+00
1.476372999153849896e+00
1.487539144711393035e+00
1.493011551882028609e+00
1.504795354615166669e+00
1.513962336148884757e+00
1.526144366137887287e+00
1.533468291718347976e+00
1.545311126515875877e+00
1.550728972733647071e+00
1.557836549066026421e+00
1.563044708569517161e+00
1.578217199816216221e+00
1.583861365450961678e+00
1.590852374236618516e+00
1.603436839389040358e+00
1.610135905547888324e+00
1.618407134863685704e+00
1.629456079452831885e+00
1.632116577148538639e+00
1.644705982498125607e+00
1.652403172740756654e+00
1.660919299709979979e+00
1.669176716133747185e+00
1.676691756599378635e+00
1.686111301538018914e+00
1.691146279866122981e+00
1.698719465838577136e+00
1.709022114490330368e+00
1.715106767562611934e+00
1.723928616392412128e+00
1.734023782188386154e+00
1.738004885134516231e+00
1.743129881977584228e+00
1.754021164393887888e+00
1.762053650565832630e+00
1.769676815109565426e+00
1.777410737238689142e+00
1.782451250116009467e+00
1.790550591700194039e+00
1.798894507210551996e+00
1.805397039515624025e+00
1.813698586808638380e+00
1.816520639038996077e+00
1.827476174575397128e+00
1.832516988856385476e+00
1.841722909449731826e+00
1.846313977704417075e+00
1.854415879074019280e+00
1.861828689955338456e+00
1.870462560013988362e+00
1.876201161686952279e+00
1.883330420475728406e+00
1.891687343349785611e+00
1.898354530749619906e+00
1.902885546390503224e+00
1.912101622471378715e+00
1.918216977573937720e+00
1.925007342311661152e+00
1.930934369680159524e+00
1.936736024494196018e+00
1.940860527647007894e+00
1.951169975410903534e+00
1.957830385032093501e+00
1.963294708522287157e+00
1.967878078773498185e+00
1.974422745112651922e+00
1.980552412340826240e+00
1.986934462914262234e+00
1.991942635938715567e+00
2.000870879516060352e+00
2.011257370374512465e+00
2.011856568199639206e+00
2.016137081204291803e+00
2.020801784948141222e+00
2.030303041720824542e+00
2.034384512159784997e+00
2.040683479222911156e+00
2.045286708315448454e+00
2.052532165282144661e+00
2.059391236251884916e+00
2.063259990853918424e+00
2.070895654972669586e+00
2.075442164579927695e+00
2.083420842117428506e+00
2.087153638920044241e+00
2.089946245272168657e+00
2.100179016388659559e+00
2.106194118825297945e+00
2.107063472343039034e+00
2.115675439677956682e+00
2.119289938583782451e+00
2.125108147403957481e+00
2.130402492261934899e+00
2.135454334029011747e+00
2.140007332170168031e+00
2.147587132816680899e+00
2.152683497502706711e+00
2.156247221596861774e+00
2.159800741093282461e+00
2.164596273750427180e+00
2.172074760675170246e+00
2.175897725225729218e+00
2.178609678311465903e+00
2.184178139852195777e+00
2.193864889236573745e+00
2.197497448795695085e+00
2.200296807072136929e+00
2.206212888249882820e+00
2.211680765137054916e+00
2.216945255645782265e+00
2.221869155233317628e+00
2.225017593180794506e+00
2.230429004629381762e+00
2.236647175894939998e+00
2.239972540184468119e+00
2.244565813531647969e+00
2.247765930133086787e+00
2.253498243726931083e+00
2.257011603454823767e+00
2.262068449219287292e+00
2.266948198553476068e+00
2.273181613737333073e+00
2.278573100810882934e+00
2.282346178650012991e+00
2.285286007432902444e+00
2.289997488965887840e+00
2.292892383324586003e+00
2.299782819447655946e+00
2.303560919464345602e+00
2.308037296105173386e+00
2.312648863388597320e+00
2.316750946432589053e+00
2.321533430654980190e+00
2.324979503945829862e+00
2.328846413634411583e+00
2.333824721843366312e+00
2.337480940092269144e+00
2.342077316382644270e+00
2.348134709774651441e+00
2.349895236378609642e+00
2.354816308450278228e+00
2.358782466172920866e+00
2.362111103524631162e+00
2.368325243263592839e+00
2.372978648899349619e+00
2.374018254517683779e+00
2.379693039242688268e+00
2.381962234486791008e+00
2.387724788236668338e+00
2.391262134357504010e+00
2.396496277029023236e+00
2.399689849925882523e+00
2.403895948449487285e+00
2.406054586475649071e+00
2.411318794219453832e+00
2.414590634958154514e+00
2.417409031945638276e+00
2.423742090254474846e+00
2.426120285698365020e+00
2.429501034236352108e+00
2.434145310664855621e+00
2.436482810885010952e+00
2.441231388505971100e+00
2.444989866671748224e+00
2.447429116398215587e+00
2.452766294026034188e+00
2.457293236511171930e+00
2.460746199641798526e+00
2.463650276066328360e+00
2.466530473726599837e+00
2.470463835211278880e+00
2.474113107814217560e+00
2.479571529158748344e+00
2.481950695728697198e+00
2.484449726222613730e+00
2.488505105043231858e+00
2.493116880036621907e+00
2.493519464435961286e+00
2.498804149709304312e+00
2.501821605937473603e+00
2.504755749532443065e+00
2.508477674008695146e+00
2.511378855398109344e+00
2.514518524621845330e+00
2.519299490810020359e+00
2.522180836748345367e+00
2.526365461764780829e+00
2.528711986882216323e+00
2.534034712329356509e+00
2.535617449529965484e+00
2.538935159305069078e+00
2.541230034225893775e+00
2.544900982566552727e+00
2.546740625616187081e+00
2.552478245917634503e+00
2.554690894492899655e+00
2.556739190089779346e+00
2.560595668335139408e+00
2.564701480136116540e+00
2.567885108155459672e+00
2.570274942466128643e+00
2.573396777929696011e+00
2.577432040860201390e+00
2.579957040755876729e+00
2.581682745869356754e+00
2.583951495666175102e+00
2.588661244380940474e+00
2.591201547946910821e+00
2.593830408357087336e+00
2.597925610401178531e+00
2.599577394892080839e+00
2.603952437970178391e+00
2.605747905670761977e+00
2.609039691511360726e+00
2.612756257253907588e+00
2.614672502673380361e+00
2.617849505893633300e+00
2.622129444176362068e+00
2.624342619037406177e+00
2.627501041551536076e+00
2.629322805372102945e+00
2.631389631681527508e+00
2.636492967925152531e+00
2.639522965679085509e+00
2.639941673317460324e+00
2.643118938234760851e+00
2.646046586500850228e+00
2.650506508685356977e+00
2.653636926434218779e+00
2.655741352039263425e+00
2.657007391783106520e+00
2.660204927029547584e+00
2.663358407963462238e+00
2.664658223619585709e+00
2.668324442542121755e+00
2.671374750750043603e+00
2.674656871359333721e+00
2.676815260876019398e+00
2.679165047662351640e+00
2.681032267015106996e+00
2.684650812605287928e+00
2.686587608373635305e+00
2.689129386328772853e+00
2.693049765590460609e+00
2.695654660961239735e+00
2.697283580571424366e+00
2.699504891602487966e+00
2.703029250043804677e+00
2.704332021973158362e+00
2.708053264313830866e+00
2.710106813240702905e+00
2.712082294781515746e+00
2.715026198974693106e+00
2.717829974235520751e+00
2.719660147038220455e+00
2.723946462508715083e+00
2.725701082318932933e+00
2.728617415468929774e+00
2.731081801042551493e+00
2.732450128083151242e+00
2.735717704067513800e+00
2.737013442450748624e+00
2.740984471347241325e+00
2.742615966675408412e+00
2.744468030960216520e+00
2.747398541793685478e+00
2.747935017191232010e+00
2.751745402282423925e+00
2.754637872900529416e+00
2.756568845032947301e+00
2.760271366137844851e+00
2.762829225572506431e+00
2.763062370607381801e+00
2.765723140522768020e+00
2.769100468887799593e+00
2.770399438946207660e+00
2.774290641506294008e+00
2.775447723525590327e+00
2.778607226187286727e+00
2.779668836484284533e+00
2.783589668442604914e+00
2.784471220093981625e+00
2.787635267000901695e+00
2.789534532726008376e+00
2.792691732273782979e+00
2.793719698468727142e+00
2.796559513523711349e+00
2.799125568307214262e+00
2.800862742204551115e+00
2.802553651211559416e+00
2.804786510025485402e+00
2.806544532122818847e+00
2.809658183749944804e+00
2.810790913670706548e+00
2.813568462426268901e+00
2.815561457466087436e+00
2.818320452931664111e+00
2.819892161010438159e+00
2.823151577381112443e+00
2.825040627789789927e+00
2.826531549478931371e+00
2.828065560306331161e+00
2.831347009354682864e+00
2.832869064297819151e+00
2.834724695455200116e+00
2.837116549643365015e+00
2.840244647195687921e+00
2.841129693477916440e+00
2.843395844590168586e+00
2.844943904828859615e+00
2.847651099067584290e+00
2.849253741090759018e+00
2.851794330598377059e+00
2.854276346240038897e+00
2.855714583628397030e+00
2.858468865920670954e+00
2.860459125857548912e+00
2.862098114333742949e+00
2.864735927199268062e+00
2.865253131007991172e+00
2.868343121614570279e+00
2.869590489808295786e+00
2.871518507174232404e+00
2.873805205530444606e+00
2.875904045734365866e+00
2.876762913837372704e+00
2.878764716877319163e+00
2.881274102071997856e+00
2.883387928488668095e+00
2.885908137527147588e+00
2.888032949718180475e+00
2.890092237352990701e+00
2.891668819626545872e+00
2.892968992783805593e+00
2.894306383918367587e+00
2.895651059598400412e+00
2.898685392194647381e+00
2.900779374092684826e+00
2.903030268292668747e+00
2.904855893793342858e+00
2.906977944273716474e+00
2.908313309497384758e+00
2.908770560553615603e+00
2.911592518245463168e+00
2.913840767094922235e+00
2.915964236317397429e+00
2.916900238620854235e+00
2.918919340814784213e+00
2.920856794387189037e+00
2.922965142202687883e+00
2.923396908444446662e+00
2.926558254607742882e+00
2.927350547529454783e+00
2.930258197879803905e+00
2.931597575298071856e+00
2.934343397783739427e+00
2.934837086426249630e+00
2.937820332649236477e+00
2.938423951941844248e+00
2.941329777763170394e+00
2.941509834618907249e+00
2.945426952949107502e+00
2.947333097227060605e+00
2.948281757531000302e+00
2.948939280929920415e+00
2.951285829509930903e+00
2.953548891493923634e+00
2.955536138681416514e+00
2.956321032837223139e+00
2.958607535765825247e+00
2.959421709788634836e+00
2.962382743845990429e+00
2.963784354436498347e+00
2.965514507119423993e+00
