7.989873620550193463e-04
1.541065878015389443e-03
1.724547260725039317e-03
2.010132717660549889e-03
3.100780179335980991e-03
4.597313923458237403e-03
5.803481227302862387e-03
5.796185988189129189e-03
6.954261842691209991e-03
8.150003036480970436e-03
9.191428806183746247e-03
1.059401359028056336e-02
1.311187577158950610e-02
1.416514113410466055e-02
1.665784445613256032e-02
1.608152104343393493e-02
1.765922348878623538e-02
1.735406886716156505e-02
1.933441175405226087e-02
1.946051705416153646e-02
2.002116358040915978e-02
2.108904504280496514e-02
2.397806511231657597e-02
2.536079727242614157e-02
2.638722308243748177e-02
2.664585857648646069e-02
2.490045753433427558e-02
2.670367331082831516e-02
2.659865334638262732e-02
2.529798892059776858e-02
2.702689482449547459e-02
2.715438153641832816e-02
2.885376213377563448e-02
2.930583585444351130e-02
3.187614930389839202e-02
3.011472356015650401e-02
3.357505538726341526e-02
3.275777849175667833e-02
3.201201786810001226e-02
3.173707019949902064e-02
3.286327929355439825e-02
3.257255345563145332e-02
3.346737820883090991e-02
3.329250135436829378e-02
3.390400592584644213e-02
3.594627306568752567e-02
3.713631578887922891e-02
3.623104009474088782e-02
3.633605451077510234e-02
3.769362118974938641e-02
3.789074170425420218e-02
4.002772140535088702e-02
4.036797544431929008e-02
4.134226544048658775e-02
4.012355439348640890e-02
4.229025142432579071e-02
4.146626722035245960e-02
4.236229227931082031e-02
4.488848134033345677e-02
4.418702995830959407e-02
4.378175310145164534e-02
4.661861079230162491e-02
4.544029881770284690e-02
4.659529118641649037e-02
4.653370167571550808e-02
4.804081714748958259e-02
4.966276089326843862e-02
4.933676852768306004e-02
4.896154593407633232e-02
5.149813458155540202e-02
5.210031151598448762e-02
5.173180387568854233e-02
5.159890497074183513e-02
5.748621699503472099e-02
5.474573739454997867e-02
5.489312154768064000e-02
5.792324232376797055e-02
5.691810325344940497e-02
5.672308890364461537e-02
5.817969729852022487e-02
5.711655842487667334e-02
6.078339753514080263e-02
6.117878443172125591e-02
6.264563440938225591e-02
6.063824235000388196e-02
6.031509088561895493e-02
6.209883006473003453e-02
6.298926368828068612e-02
6.282416453586178728e-02
6.387772889966852885e-02
6.526811410735319785e-02
6.605931370224860100e-02
6.752618574226883219e-02
6.403430249441599553e-02
6.832783421598306872e-02
6.868488907182926373e-02
6.933430022941157456e-02
6.836702469588450126e-02
6.992507472912440347e-02
7.093479671078628535e-02
7.095661909415681978e-02
7.210703656418203378e-02
7.138808638716034882e-02
7.216604333488149670e-02
7.165167581514880757e-02
7.248324792152301133e-02
7.363442348741552901e-02
7.543147834914409877e-02
7.549537302398708072e-02
7.615545731879465319e-02
7.534804465873957968e-02
7.753124860751393899e-02
7.779038657238780685e-02
7.587145879626051859e-02
7.577538237013799194e-02
7.952039493036619500e-02
7.774038272677083472e-02
8.014101538665180380e-02
8.017473094421551094e-02
8.011371469599740114e-02
8.030530443782350758e-02
8.010604652184158403e-02
7.905150882379705091e-02
8.003016876396489010e-02
8.158806423093151183e-02
8.135879019804326262e-02
8.233511416098918123e-02
8.232961996466205135e-02
8.091732970351493692e-02
8.395933894815955922e-02
8.241785141624866085e-02
8.454269619059780194e-02
8.459541292372781129e-02
8.425543596343565422e-02
8.430413955545823512e-02
8.299190957796571955e-02
8.496784453436581619e-02
8.625167994649178549e-02
8.583204139921464526e-02
8.754792287636127546e-02
8.568882403652282320e-02
8.617473743330227032e-02
8.836359491417941636e-02
8.761615732668823209e-02
8.728012686629313399e-02
8.813498814792466995e-02
8.794692789106334230e-02
8.735798282196051423e-02
8.727799922321945181e-02
8.794457611803546682e-02
8.659972288414748143e-02
8.752428051736189929e-02
8.819100570637398995e-02
9.058587694295974768e-02
8.932931517417654066e-02
9.040535009463457339e-02
8.921794820896343514e-02
8.872689918726464620e-02
8.793008904564918182e-02
8.947819449244935608e-02
9.046394215012286411e-02
8.831587392227674416e-02
8.905230248178166996e-02
9.001837705201666540e-02
8.912123305609545576e-02
9.263040542554551449e-02
8.944399461914785687e-02
9.028302305675864337e-02
9.033313356486018242e-02
8.996400078785830867e-02
9.027286617783293610e-02
9.275864794272775660e-02
8.921744015498861424e-02
8.997624714266176660e-02
8.974602051852401119e-02
8.971021563375580765e-02
9.141759461228332606e-02
8.998263563305837487e-02
9.059093292661843377e-02
8.914632619823137372e-02
8.909697561014975897e-02
8.991157874322262822e-02
9.053341329149432182e-02
9.113867231007767578e-02
8.886054671916913950e-02
8.897556368170971008e-02
9.092684443449522425e-02
8.986856058302253314e-02
8.938353461006219580e-02
8.985994300665772760e-02
9.099346207177096135e-02
8.907849580177949755e-02
9.000119682164643697e-02
9.034464774712674950e-02
8.936281296559342446e-02
9.148476434235537635e-02
9.016404735206297316e-02
9.038616703030261101e-02
8.940284890286760711e-02
9.056111317473099220e-02
9.082534269329776977e-02
9.030876734333942446e-02
9.056303678785471156e-02
9.046631922618089683e-02
8.941797681702516598e-02
8.895999765565446027e-02
8.895867770076411329e-02
8.946725945358682819e-02
9.089040654836663680e-02
8.888586574420899444e-02
8.876899262761701881e-02
8.945187599375156728e-02
8.856347350994529799e-02
8.817472438414475366e-02
8.883937335009510494e-02
8.886410293761039247e-02
8.892823733958644949e-02
8.811905091881978846e-02
8.880054837167664084e-02
8.886378733264632679e-02
9.001018126967387512e-02
8.882515990845205045e-02
8.766127421476221926e-02
8.869529720736658851e-02
8.801318822665106512e-02
8.874180256293542901e-02
8.854823398283852287e-02
8.873087617233382796e-02
8.770012180496157550e-02
8.859785875372908071e-02
8.663835131087153918e-02
8.802686575660628732e-02
8.725036074792161256e-02
8.744356563713601149e-02
8.764984493921218478e-02
8.787700439794926544e-02
8.819311550458658333e-02
8.689059737201297595e-02
8.653669440636625743e-02
8.645019748348020672e-02
8.655617140491687900e-02
8.529421843994403063e-02
8.703009932976937812e-02
8.681189939550126855e-02
8.609452110737539354e-02
8.640385711225652410e-02
8.604840354302017991e-02
8.595352634390020230e-02
8.473277960893073335e-02
8.576640279187483507e-02
8.620079764840338221e-02
8.550164719397503055e-02
8.592479109709590113e-02
8.504521238581626286e-02
8.578819424951450445e-02
8.456904971822538919e-02
8.527941227712464156e-02
8.589550833677300767e-02
8.525155606434878242e-02
8.453261155739708044e-02
8.566946615378358276e-02
8.547929597533179824e-02
8.535606005056103895e-02
8.505351411470404854e-02
8.478822900182746147e-02
8.501970022219673684e-02
8.461167474460949689e-02
8.472913227292745708e-02
8.463580967446042436e-02
8.433843350211625567e-02
8.488656373974962088e-02
8.480404716896676465e-02
8.474367700376875256e-02
8.483473470084590407e-02
8.448401674118316551e-02
8.478378256009688752e-02
8.502192023789451047e-02
8.401500145203594228e-02
8.386185020310565896e-02
8.546618781050943636e-02
8.422283208861393311e-02
8.525188033334671345e-02
8.532440404838911863e-02
8.446985119489781868e-02
8.488097721540592555e-02
8.476664722022761445e-02
8.412117782085393181e-02
8.446205840431021683e-02
8.467436577700239442e-02
8.428393207786104291e-02
8.508629582251366064e-02
8.409442578542404567e-02
8.411442975261711197e-02
8.389948925032118809e-02
8.448634433647636555e-02
8.486656699420373762e-02
8.460260426338414574e-02
8.438108625465991219e-02
8.480899422256339693e-02
8.475532689602917336e-02
8.478996763098259337e-02
8.514978833701548899e-02
8.576735557168624347e-02
8.488380566760302115e-02
8.482024490069106637e-02
8.477336608435016851e-02
8.506452897143504388e-02
8.468000221879047607e-02
8.518281852752389305e-02
8.443164089407514949e-02
8.464612241560444394e-02
8.499822829018900683e-02
8.506695586158678768e-02
8.526587675781673037e-02
8.562510082781506215e-02
8.525673611615008918e-02
8.597025807192844316e-02
8.557269456347423031e-02
8.506512682860659091e-02
8.548558012414211871e-02
8.543686055245516831e-02
8.537978515687508207e-02
8.678374639086026965e-02
8.584661901590687205e-02
8.627468101285225288e-02
8.645798156222152253e-02
8.634697382899823859e-02
8.648852422185160371e-02
8.610372558776679952e-02
8.639441933880365188e-02
8.642459090736305527e-02
8.653271483282225229e-02
8.674110498036098627e-02
8.722878838182904215e-02
8.753367776580224524e-02
8.718071082302532304e-02
8.659118602330762027e-02
8.735058891039412798e-02
8.800002991754045378e-02
8.743917409571326516e-02
8.811143010379615670e-02
8.826803658292804722e-02
8.811571434212879528e-02
8.822180506706707448e-02
8.823529525728215916e-02
8.865713726114024529e-02
8.895019742587251255e-02
8.817126707442604627e-02
8.907113701274696482e-02
8.844879663566529437e-02
8.902260194051180020e-02
8.909036829203803576e-02
8.911726014834084331e-02
8.950787103099423769e-02
8.930083615502994177e-02
8.966353744053208452e-02
8.977596013131143582e-02
8.996696973339063375e-02
9.053374076117681746e-02
9.024326549202564551e-02
9.118866797129493440e-02
9.070059821467095496e-02
9.117878424731097609e-02
9.086737438592389082e-02
9.131824299447482973e-02
9.139016432826750636e-02
9.133770897136292422e-02
9.220884042298141403e-02
9.199986956459825505e-02
9.221846931822309801e-02
9.239342101515891914e-02
9.255030405889090594e-02
9.243840186095357569e-02
9.236514711262268362e-02
9.264198293689264452e-02
9.329766744369830112e-02
9.309671110870133826e-02
9.305998918637412021e-02
9.353349723878882915e-02
9.366657696776028996e-02
9.404257614721009406e-02
9.424204283776814461e-02
9.448281947890121990e-02
9.472959262733582353e-02
9.475288809405583990e-02
9.534239849861583793e-02
9.480709302102571789e-02
9.539111042950830510e-02
9.578885713055095008e-02
9.542806491187633133e-02
9.528109170400551886e-02
9.619461129702017166e-02
9.622966879627997683e-02
9.647070845233861325e-02
9.665819583600807063e-02
9.706823621982001160e-02
9.724443523913040011e-02
9.731622097824453588e-02
9.768018685788371069e-02
9.782375972236825867e-02
9.852583535720743635e-02
9.862031783863675627e-02
9.797842460356516459e-02
9.870719363436181171e-02
9.900378763677633587e-02
9.901553169578067304e-02
9.950987698399897663e-02
9.975860397498735599e-02
1.004414290557963108e-01
1.002826561945181771e-01
1.000226750009716170e-01
1.006003934381664300e-01
1.007185590952355964e-01
1.009417573907316901e-01
1.019001334011479382e-01
1.018358905550862253e-01
1.015278163019901203e-01
1.018604604217317883e-01
1.025315506527226389e-01
1.020909866911678954e-01
1.031988322380605477e-01
1.030478690121621049e-01
1.030242414695284048e-01
1.030362587804573432e-01
1.033714327546631229e-01
1.042018984980050550e-01
1.042973212530337590e-01
1.037566394349918181e-01
1.047935765377706191e-01
1.047353323341261855e-01
1.046790557513108261e-01
1.052781708052755033e-01
1.056354437890529713e-01
1.056854467010429344e-01
1.061129944542801851e-01
1.055854312426953157e-01
1.062650951422551560e-01
1.064093928074824336e-01
1.063870146366484859e-01
1.069374686330470392e-01
1.071955499003600099e-01
1.072124748214715179e-01
1.075378836344528105e-01
1.079604325953251870e-01
1.081936803993806540e-01
1.080623975904693168e-01
1.088496272605784521e-01
1.088027593648465546e-01
1.094654793902889584e-01
1.092086556894015792e-01
1.099593407206738566e-01
1.100453021091033490e-01
1.098804389866609860e-01
1.104063706221171115e-01
1.103630367428881653e-01
1.109942242627148107e-01
1.112885936996352160e-01
1.117061893431922637e-01
1.118572791593923366e-01
1.117791088037385083e-01
1.121089935475946264e-01
1.124440688065714289e-01
1.125630365110872055e-01
1.133297112517696326e-01
1.128973789466714839e-01
1.134711227815542595e-01
1.136656057697387617e-01
1.137350452684701696e-01
1.140965820226572808e-01
1.140698660851059976e-01
1.146272441438097867e-01
1.148684704429209363e-01
1.155462394038499346e-01
1.153670477636852959e-01
1.160041832030200420e-01
1.159952526657713201e-01
1.160161422637002449e-01
1.161829889599959170e-01
1.170139676905306153e-01
1.167513480884438681e-01
1.169725108517573886e-01
1.172515487393226835e-01
1.174754476705506534e-01
1.173682078947667490e-01
1.182785208460687548e-01
1.178659422850348026e-01
1.188338218117824946e-01
1.186741036171170688e-01
1.192648062008490328e-01
1.194989603835204389e-01
1.199132158701809447e-01
1.191874230824297026e-01
1.196136475926341536e-01
1.202616086350805497e-01
1.206197137136195141e-01
1.210778270664659290e-01
1.210996801237463061e-01
1.213241547347814614e-01
1.216638772793416923e-01
1.216565554028482682e-01
1.219627643975638442e-01
1.223590273113626115e-01
1.225209998581294202e-01
1.227378928657136548e-01
1.231204955341159007e-01
1.231913369640468825e-01
1.236526170940770164e-01
1.233136271750941981e-01
1.242570463663064118e-01
1.244909657147116600e-01
1.245135913285694979e-01
1.243415432353412731e-01
