7.945113229963760883e-04
1.609411608520201287e-03
1.853100641385982406e-03
2.220494017289048605e-03
3.394738913192163823e-03
5.022247181557044221e-03
6.422830562294331788e-03
6.464079196758986019e-03
7.855699536884048345e-03
9.105682342592307313e-03
1.036881019400115803e-02
1.184343750836931199e-02
1.459899252517051112e-02
1.567209476943885738e-02
1.831128799646670677e-02
1.775996498720912656e-02
1.933512672668833907e-02
1.907605734723175767e-02
2.120018864575873296e-02
2.136120711658226132e-02
2.200045878112568201e-02
2.304693333340387951e-02
2.602524704690922092e-02
2.751016004389872718e-02
2.866708698505543787e-02
2.885752705522695583e-02
2.698936100612059352e-02
2.902810137869974577e-02
2.879485956836253663e-02
2.744374394554485383e-02
2.933896822262288887e-02
2.929642284289416670e-02
3.105184854276715409e-02
3.140303881651939494e-02
3.403636465357532531e-02
3.246962817561131753e-02
3.577523171524926021e-02
3.497698143220193123e-02
3.414246982568935190e-02
3.415183999028904849e-02
3.515082966844473855e-02
3.485485906817840235e-02
3.566683878744095898e-02
3.567272345171671605e-02
3.610051824078247540e-02
3.815240793646135914e-02
3.921528195278264906e-02
3.862342302007860939e-02
3.848084225550511134e-02
4.019481531620194836e-02
4.021158652209711609e-02
4.221159024190737630e-02
4.269799038906705452e-02
4.372851841282072993e-02
4.222023508023902555e-02
4.478972614199393937e-02
4.418206250854193884e-02
4.469988411862965000e-02
4.706257048390419251e-02
4.619778905724935408e-02
4.675165380374412399e-02
4.920964748451542997e-02
4.774706770743949308e-02
4.858704550594977745e-02
4.871631199351882796e-02
5.061343530253957501e-02
5.194518775213965989e-02
5.169292038261270872e-02
5.112302030549772947e-02
5.377866560893654335e-02
5.426007156778023949e-02
5.376548044377486152e-02
5.404660803848882616e-02
5.965030776245934530e-02
5.679004563032321456e-02
5.675067863550679881e-02
6.087445124198026525e-02
5.871478977500603491e-02
5.914791974545434428e-02
6.040894927174939033e-02
5.955634386992587209e-02
6.285896293687254222e-02
6.284259388473255326e-02
6.445305549376711962e-02
6.283245942497514558e-02
6.290107421146304278e-02
6.405818249832252731e-02
6.528480718263893201e-02
6.430639754785150153e-02
6.625019347809622816e-02
6.642709423293707838e-02
6.750431090430400460e-02
6.932372809967705940e-02
6.625868533434189911e-02
7.031577413834518009e-02
7.018600005668343411e-02
7.077687567551702030e-02
6.983987783345088629e-02
7.099646555474364851e-02
7.217772901111590977e-02
7.303070467053388026e-02
7.306038510553912457e-02
7.295227496694242642e-02
7.339451038453466414e-02
7.340094014961555391e-02
7.449197967794367325e-02
7.471819515441417703e-02
7.594676295705873881e-02
7.646557571311793366e-02
7.729982982435262828e-02
7.641811058294026293e-02
7.819663241808445797e-02
7.862131021628297745e-02
7.633638973929497695e-02
7.745681658433373196e-02
8.025029551413688511e-02
7.839973560646767980e-02
8.096403411802303995e-02
8.018308737368472217e-02
8.110259824624650726e-02
8.089595626556822516e-02
8.068707356373444606e-02
7.912341172690365299e-02
8.019685454688377235e-02
8.103856932925537770e-02
8.136255050743469719e-02
8.307488515840394383e-02
8.243752411891736021e-02
8.133328623355416676e-02
8.445717515943565457e-02
8.244035964020046681e-02
8.410079526538494221e-02
8.396357950315064267e-02
8.392227403530788665e-02
8.408512180488632304e-02
8.197758967381088557e-02
8.460401191267120924e-02
8.569585454549941139e-02
8.512448243530926217e-02
8.641946919421221451e-02
8.499325788682206284e-02
8.522122068414299256e-02
8.795445184976485864e-02
8.609730638626642008e-02
8.644421122505548116e-02
8.862124657163270025e-02
8.736846966314547325e-02
8.559524873264175160e-02
8.678608947667970641e-02
8.753929056790621388e-02
8.538143431084953272e-02
8.580980088969134001e-02
8.671936038102096012e-02
8.927828974571799803e-02
8.765791216409957176e-02
8.857928243297637227e-02
8.818554580687128219e-02
8.787868158973115296e-02
8.777379409135215027e-02
8.746386955544654951e-02
8.910364135879182690e-02
8.729107388870008255e-02
8.661591780076481617e-02
8.843592232030614286e-02
8.752424331881489272e-02
8.999971250782230758e-02
8.780812025221784722e-02
8.930825657222313252e-02
8.875561795621937644e-02
8.873817221553716161e-02
8.850343990813359929e-02
9.074702340701458481e-02
8.740029446779613853e-02
8.779017974999787921e-02
8.786553133530194959e-02
8.813275153756612579e-02
8.967949034367098116e-02
8.763952700820837327e-02
8.842926509747923991e-02
8.791403066507399999e-02
8.745299908130364785e-02
8.833255959955964298e-02
8.838386973958112236e-02
8.875045018550019316e-02
8.694869697364177030e-02
8.748343914848538683e-02
8.853952949365924419e-02
8.789543705833129106e-02
8.681933401469793532e-02
8.816092813621377589e-02
8.931893064898305257e-02
8.690429054478276960e-02
8.753336976103960609e-02
8.752745786416099572e-02
8.691246179238643066e-02
8.887879522981825819e-02
8.787957039202032306e-02
8.798999452049038883e-02
8.697592060996162111e-02
8.816665863877320986e-02
8.871717504739816407e-02
8.752813349768402695e-02
8.813949410121134365e-02
8.873805573444228101e-02
8.770168829590595239e-02
8.704197082799336460e-02
8.689006241698500610e-02
8.700857884499138550e-02
8.840901096489739430e-02
8.656205994094516576e-02
8.746994878786851224e-02
8.708696497781165391e-02
8.677544333529456366e-02
8.604047154206874437e-02
8.643404234743370940e-02
8.717330879153020740e-02
8.712282255015488253e-02
8.599462211179172144e-02
8.671195598742022226e-02
8.681776898511875395e-02
8.783834860824156487e-02
8.656179324042054257e-02
8.594677545868971424e-02
8.698407766912764905e-02
8.626615062954533231e-02
8.702163772092878780e-02
8.656899227805203711e-02
8.657993730006695310e-02
8.610500298490282589e-02
8.709085517940688692e-02
8.502337826818756605e-02
8.668171536667852728e-02
8.546986613573263891e-02
8.626550908345199942e-02
8.655201666046233311e-02
8.645219849942931134e-02
8.709261389826267186e-02
8.564910251030496968e-02
8.572631076969615405e-02
8.566499027532029076e-02
8.521765667323290272e-02
8.477592695396005129e-02
8.579535218647395267e-02
8.580073628601765645e-02
8.521876013003000516e-02
8.527613955939201962e-02
8.538925499021655929e-02
8.553774920727605369e-02
8.437391151262246813e-02
8.549713047847365410e-02
8.600121629566279124e-02
8.504540754743157571e-02
8.565527090187391446e-02
8.487456225523433428e-02
8.493666468814918546e-02
8.435705708616182685e-02
8.536006305154728024e-02
8.568263650229474004e-02
8.548004890173920012e-02
8.489119535674372052e-02
8.569748030042083353e-02
8.577503390500057501e-02
8.558176635457587222e-02
8.548746528339941364e-02
8.494337447734891244e-02
8.577080304870483840e-02
8.559353837186949032e-02
8.525515838778520428e-02
8.517776992061476538e-02
8.556022698548590433e-02
8.567559103973680645e-02
8.566231825216193141e-02
8.545532877234703062e-02
8.593250115315889670e-02
8.613758237044349952e-02
8.611639412923050019e-02
8.621947416972276790e-02
8.551300136778562655e-02
8.538299958422816693e-02
8.674716847061245129e-02
8.611759125915231794e-02
8.688714647369301380e-02
8.675776992301710566e-02
8.653228613160270088e-02
8.667393887076663139e-02
8.708330689667399815e-02
8.615227953793802573e-02
8.696668386937020379e-02
8.676075696790405689e-02
8.713410241152964864e-02
8.784198490318129160e-02
8.683048621183220295e-02
8.711810096270578008e-02
8.688908015499748061e-02
8.753761359186547353e-02
8.800578183584772951e-02
8.761893228614467399e-02
8.731374963510801779e-02
8.810428368897246787e-02
8.779090941952373550e-02
8.810843828002420941e-02
8.865778573759598713e-02
8.913609630281424390e-02
8.873675642854317314e-02
8.880703527117882190e-02
8.815150817750484757e-02
8.950966361302294116e-02
8.892277673442942898e-02
8.944338170453168535e-02
8.889253376837730203e-02
8.909198683283675591e-02
8.949291735406247894e-02
8.953767706326312692e-02
8.987058984418969110e-02
9.003039246312576072e-02
9.005710587449981819e-02
9.052573049238649139e-02
9.041898590740456154e-02
9.001210189689887176e-02
9.066037094962375864e-02
9.066714970712121124e-02
9.053878276036056438e-02
9.198492141889065554e-02
9.164903352267406156e-02
9.173239397476515289e-02
9.205333249715265398e-02
9.190738772896824005e-02
9.246699042869857554e-02
9.185621512380839904e-02
9.252577219819678456e-02
9.263583204224851153e-02
9.266688531299008269e-02
9.281459058592107791e-02
9.342446853887853564e-02
9.375748954264703783e-02
9.353465577473658865e-02
9.288392193659940343e-02
9.414740169590606056e-02
9.467728485117586634e-02
9.400771700598302416e-02
9.525475819098266905e-02
9.503424516505525055e-02
9.494217775913413315e-02
9.511260420145124794e-02
9.540642383943166716e-02
9.610528562940007236e-02
9.608507755457708355e-02
9.541671177196861531e-02
9.673787893331403653e-02
9.630642144433192164e-02
9.664368972408611536e-02
9.640142233813045469e-02
9.693520402852440210e-02
9.739774284973451435e-02
9.691764460857897612e-02
9.760573849921377887e-02
9.775298081134727035e-02
9.811895779434015585e-02
9.860735011561658214e-02
9.834716484591710106e-02
9.948221526610406817e-02
9.904108450026391508e-02
9.938626054233820617e-02
9.945578198307178375e-02
1.000100980505722464e-01
9.995144680429482453e-02
1.000594242267529160e-01
1.008510989343388564e-01
1.008960559921965039e-01
1.012976390903759794e-01
1.009772073772647188e-01
1.014842489592869546e-01
1.016241296619251333e-01
1.015621334160965311e-01
1.014420040875425588e-01
1.023731447305089859e-01
1.023544369918290287e-01
1.025172392576596259e-01
1.030643956343639117e-01
1.028814887140582085e-01
1.033113136972052953e-01
1.033108730173182971e-01
1.039811609974419515e-01
1.044544513523490009e-01
1.043110197698248753e-01
1.047195966699124847e-01
1.045258817695761261e-01
1.050343524539771173e-01
1.055909431138710719e-01
1.054325123969111627e-01
1.053204611515938527e-01
1.061040570899642599e-01
1.058107850417931151e-01
1.066294294772400786e-01
1.065985674192383159e-01
1.071437236992548586e-01
1.071769975099210737e-01
1.072251405862091056e-01
1.077138185310299867e-01
1.080198751149623881e-01
1.087587902050314720e-01
1.090297878808758336e-01
1.082862430352248551e-01
1.088502684224537803e-01
1.092423646563186884e-01
1.093921219189695621e-01
1.099015335145154815e-01
1.102522187575802060e-01
1.110870171565659509e-01
1.110222344128576483e-01
1.104773531172987960e-01
1.111714573524971855e-01
1.113227171505104113e-01
1.116328247143110325e-01
1.126277482989829631e-01
1.126962015962215541e-01
1.123050490306418403e-01
1.125183569746043000e-01
1.132929927822778626e-01
1.130512301445170953e-01
1.140135392368363393e-01
1.139790452955634498e-01
1.136852096538434886e-01
1.138694400806634782e-01
1.145704502631454957e-01
1.151088622239704179e-01
1.153645799029580227e-01
1.147066492928211501e-01
1.157048826800587543e-01
1.157528163198623811e-01
1.157086914418168633e-01
1.163496058899628066e-01
1.168176495221961431e-01
1.169212804541881340e-01
1.173022023216923476e-01
1.167591689270474214e-01
1.174484213870585214e-01
1.177034796513546921e-01
1.178190986152008318e-01
1.180613043688928804e-01
1.184753617885525162e-01
1.185799657624753839e-01
1.187991184307287812e-01
1.193527283873158790e-01
1.194385845593940593e-01
1.195566645353593332e-01
1.201125926873769234e-01
1.201666884849577066e-01
1.206034631248910916e-01
1.206889170782260157e-01
1.214563689763960841e-01
1.214261662922889728e-01
1.211678294023021962e-01
1.218626501759958458e-01
1.217876638924656196e-01
1.223523948720249693e-01
1.225922310570270179e-01
1.230623958597333867e-01
1.233531695186318999e-01
1.230566609280199925e-01
1.234552128367417401e-01
1.239923672747292732e-01
1.240035783433572625e-01
1.246683601882904446e-01
1.243084471500307681e-01
1.248831906149988902e-01
1.252364727294904556e-01
1.250320173472529994e-01
1.256142476768307981e-01
1.255743948958123191e-01
1.261966601224224771e-01
1.261932946461722937e-01
1.269317190041210630e-01
1.268226416804366929e-01
1.273492889512625459e-01
1.274714252040264062e-01
1.275582472687319668e-01
1.276687540663541953e-01
1.286228402092869094e-01
1.283610639140206899e-01
1.284432035047535781e-01
1.287892109335375679e-01
1.290154057605928939e-01
1.289080630225054591e-01
1.295261569504829180e-01
1.292064123013952348e-01
1.302129080594713606e-01
1.301550458115471598e-01
1.308201393095874687e-01
1.308535407931348815e-01
1.312152658081187917e-01
1.306108455727905959e-01
1.310773906013722734e-01
1.319328357864037737e-01
1.319485957466372816e-01
1.322638846735178508e-01
1.323273962473541787e-01
1.326657430082268663e-01
1.329567463913199354e-01
1.330816449473980478e-01
1.331999658794112418e-01
1.337941785612102308e-01
1.337731359925017349e-01
1.339725402939170307e-01
1.342938045567894090e-01
1.343172409745651275e-01
1.347722159457456492e-01
1.344528981115771515e-01
1.354854362290365821e-01
1.356764051101723434e-01
1.355912967612004638e-01
1.354710855983012052e-01
