-4.300180584684704967e-03
1.049213506910981475e-02
5.576954280503717111e-04
-1.844839586485506888e-02
-9.581437336128787938e-03
-2.187682959637106579e-03
-1.994433823277927745e-02
-1.223289191847527595e-02
-2.658943267833778490e-02
6.100731599638604258e-03
-1.089921149583249899e-02
-1.991298426969514285e-02
-2.387158299677610146e-02
-7.915950716030840245e-03
-4.905542681495751040e-03
-6.987146824148904138e-03
2.301998869075600612e-02
1.067400515834132473e-02
1.942475964675621216e-03
1.799333169393193058e-02
1.624618286826773339e-02
1.483130175142548419e-02
4.491875958266231678e-02
6.701767768900566968e-02
4.375304456100138212e-02
4.849897718652455142e-02
9.192135308903248703e-02
7.604965234353931736e-02
9.173051682093985582e-02
1.111289189303280439e-01
9.921029734360750640e-02
1.080138331933011980e-01
1.380298478326804079e-01
1.222973843040645742e-01
1.479117679329642610e-01
1.733252350737093384e-01
1.746539937466420889e-01
1.924081547296180861e-01
1.949293965164798359e-01
1.870772726255646168e-01
2.238550961707845566e-01
2.189260698844874842e-01
2.375081369135436660e-01
2.455496407826894267e-01
2.684932722256621607e-01
2.718154527142381260e-01
2.830161918539979005e-01
2.950039129834768903e-01
3.151072434669564548e-01
3.257657102696999707e-01
3.421506971838520483e-01
3.468127926835423702e-01
3.566000704710208247e-01
3.537223093836361909e-01
3.781071832408513522e-01
3.996694932468252137e-01
4.085163726505989246e-01
4.286420883772411594e-01
4.500797466678874148e-01
4.422228629513277887e-01
4.435549433016729437e-01
4.714548608243234185e-01
4.833254228833166466e-01
4.966674946316989026e-01
5.104065706826144133e-01
5.271549005410179900e-01
5.250808980333063758e-01
5.313311199668214746e-01
5.508671679587859860e-01
5.668324585774772162e-01
5.684395174594670808e-01
5.955004704436146490e-01
6.060417962238986433e-01
6.024539507605060074e-01
6.255214772586369376e-01
6.365006491632317909e-01
6.490417551950499186e-01
6.631666674751368618e-01
6.625932049239345867e-01
6.737360544049548761e-01
6.899156486493649432e-01
6.950958622234684192e-01
7.134820860330891579e-01
7.346630592383741609e-01
7.375913463328780395e-01
7.529728337932996007e-01
7.644428808319170265e-01
7.725113384405464245e-01
7.913476612231886698e-01
7.926438517869417444e-01
8.105159301104684078e-01
8.221416259242956270e-01
8.327003649988899969e-01
8.378580485459841132e-01
8.503560355728417841e-01
8.629246898526002907e-01
8.700416188058124334e-01
8.851024102952776973e-01
8.962217272233521381e-01
9.115411685141008302e-01
9.187332313491144431e-01
9.310382026446805126e-01
9.381243796019872461e-01
9.525886854956492344e-01
9.612662022981918186e-01
9.664717901296105973e-01
9.797058434642994529e-01
9.950993851539320367e-01
1.006572729084253437e+00
1.014118729223254745e+00
1.023428336660387572e+00
1.030795039014813730e+00
1.041056210044801755e+00
1.049968354973335627e+00
1.062730103361988920e+00
1.071720429044812350e+00
1.087843126785781989e+00
1.098632340275113028e+00
1.097982652991626562e+00
1.111287564954490215e+00
1.121950795711272653e+00
1.130664254081348963e+00
1.144168525073245624e+00
1.148320288924195021e+00
1.163207025814625650e+00
1.171862066641680800e+00
1.177536675685457279e+00
1.187945981021318209e+00
1.198072029022013041e+00
1.209521027300349605e+00
1.214030941920533735e+00
1.227735746556640528e+00
1.238393417085886572e+00
1.246939243926765695e+00
1.252165137050276877e+00
1.267395310707369216e+00
1.268216282141705120e+00
1.284984994433527206e+00
1.289518738568197875e+00
1.300515738131369892e+00
1.304894522578906590e+00
1.316075012038745884e+00
1.326831332347502057e+00
1.336906371137865479e+00
1.342819936441346895e+00
1.353630916704643194e+00
1.361518168523896399e+00
1.369170105140526950e+00
1.375923855383010430e+00
1.382918984629867731e+00
1.390190841403036615e+00
1.400226803501560369e+00
1.409842321592706504e+00
1.417422794936743280e+00
1.426091120545945667e+00
1.433589676278037128e+00
1.434954738836252686e+00
1.450275904501919344e+00
1.461444733541776397e+00
1.468723800041713767e+00
1.474334028684592957e+00
1.481482863272749029e+00
1.489556589546336962e+00
1.494064118516627904e+00
1.500684690996055615e+00
1.513861192034383851e+00
1.521724881629443527e+00
1.528116766617165778e+00
1.537567209808132995e+00
1.540404831372119032e+00
1.547128267042096494e+00
1.555771802670076198e+00
1.564359663271401857e+00
1.574313306378368083e+00
1.579242873954193938e+00
1.588150620278398595e+00
1.594338787785195111e+00
1.603638809743118010e+00
1.609151881914570925e+00
1.616426700017481677e+00
1.622480336819534852e+00
1.629426848711122533e+00
1.635434937117100640e+00
1.644913200181642443e+00
1.652179281393454824e+00
1.656113382672665724e+00
1.666666142173122589e+00
1.672252989122506639e+00
1.678881231019515141e+00
1.681740970197410423e+00
1.692452080021668026e+00
1.699898962323959317e+00
1.704081565141972510e+00
1.714068446732536888e+00
1.721377293992537583e+00
1.725971956589802625e+00
1.734396040246377169e+00
1.735870093195650110e+00
1.746195801100153266e+00
1.749161447558729154e+00
1.757894169940562801e+00
1.763673442979470929e+00
1.768529772259065158e+00
1.775003833500158557e+00
1.782489030036543687e+00
1.785993325674498200e+00
1.794518697550111730e+00
1.804750238801488438e+00
1.809138904983681240e+00
1.814381836978414153e+00
1.818765594833731125e+00
1.825331512389227084e+00
1.832583432158289671e+00
1.835696117440629438e+00
1.843454710319200718e+00
1.850671676281636868e+00
1.853734405503779659e+00
1.861193783722710382e+00
1.866446826866334563e+00
1.871473103034845487e+00
1.876498906945168965e+00
1.882811656702250813e+00
1.889414346243667664e+00
1.891398350900680203e+00
1.898296698094056101e+00
1.903463938293210145e+00
1.908058601319317704e+00
1.916380603918500070e+00
1.921694167296858824e+00
1.928052210590753601e+00
1.934850128933141900e+00
1.936748334948553918e+00
1.943869277605484669e+00
1.946821035037739955e+00
1.956065619686480295e+00
1.959904879840829395e+00
1.962632781536881588e+00
1.970838364087224681e+00
1.976977854593579886e+00
1.981178751026038576e+00
1.985491388910930022e+00
1.990112570275879511e+00
2.000771272318545790e+00
2.000064233064599684e+00
2.004858464447793143e+00
2.010577836611684877e+00
2.016768876953113576e+00
2.020747385014997732e+00
2.025368975307006103e+00
2.031214338385956886e+00
2.035701569135049294e+00
2.042456598676791302e+00
2.045346638161325892e+00
2.049749044030559908e+00
2.054105492871055372e+00
2.062619967804098842e+00
2.065684652507044028e+00
2.070303026489136666e+00
2.073174973720633751e+00
2.078642889615816891e+00
2.084162980174331548e+00
2.088611501173654350e+00
2.094335019306399204e+00
2.099254912343834878e+00
2.102369413862646752e+00
2.106382056346931098e+00
2.112333472851077421e+00
2.115887558464107254e+00
2.120260605738764514e+00
2.123886853995599733e+00
2.128213561279635346e+00
2.134568286802340342e+00
2.138698708733273168e+00
2.141684202596044084e+00
2.147689532671329005e+00
2.151492587679997293e+00
2.155527585054135109e+00
2.159351605384082884e+00
2.164412556258199949e+00
2.168858606108586606e+00
2.173261784764233262e+00
2.176726405206370618e+00
2.181998139157723671e+00
2.184679078020684617e+00
2.189955185653899683e+00
2.192032540926037942e+00
2.197695234422843313e+00
2.203024337539212674e+00
2.206427599014091800e+00
2.210268233525206405e+00
2.213701208468371817e+00
2.218493038026184472e+00
2.223371401497975963e+00
2.227317834058703205e+00
2.231543776374813604e+00
2.233995810848698138e+00
2.237793445197297615e+00
2.243439826205787302e+00
2.247362489109934192e+00
2.249156758284208024e+00
2.252930936729770739e+00
2.257699732878245324e+00
2.259098971141456413e+00
2.266004419008792237e+00
2.266494212404225550e+00
2.273548368658804275e+00
2.277237011312557513e+00
2.281195324802344437e+00
2.282709447830837846e+00
2.286157583115061342e+00
2.292428212097858520e+00
2.296157860003530615e+00
2.298780969138286334e+00
2.302700544885426304e+00
2.305590248419419730e+00
2.308398122128720420e+00
2.313196573349922236e+00
2.317093273589431401e+00
2.319042112200450312e+00
2.321466504576375378e+00
2.325782597505767324e+00
2.330804218180658971e+00
2.333822070812827221e+00
2.338154842538182177e+00
2.339540230376782937e+00
2.344363213902400211e+00
2.348004303829469119e+00
2.349495470092865634e+00
2.352659582490260082e+00
2.358647217116337735e+00
2.360697111771859813e+00
2.363399140478447347e+00
2.365922258815271295e+00
2.369312797672876503e+00
2.372952907492301478e+00
2.378229109452063117e+00
2.381512638256509717e+00
2.384540010744460314e+00
2.387939005017658101e+00
2.389170076197601134e+00
2.392997076696573799e+00
2.398108775769334233e+00
2.398423668716974877e+00
2.401212245734265061e+00
2.405020418882167998e+00
2.409145271959641121e+00
2.411759930411359498e+00
2.414688262800027907e+00
2.418213609468551351e+00
2.420001286829491338e+00
2.424253030312402135e+00
2.428002685543217520e+00
2.429753509046944426e+00
2.433415890497549139e+00
2.438430673485887823e+00
2.439906682707273955e+00
2.442517427779774764e+00
2.444972706955176101e+00
2.447487715309033529e+00
2.450946775659671228e+00
2.454640756738997176e+00
2.457725680908668942e+00
2.459461561899284554e+00
2.464218962323475370e+00
2.465944736162526407e+00
2.468266483423234181e+00
2.471771742217757417e+00
2.474086212242104121e+00
2.477471040123212287e+00
2.479785014919285047e+00
2.482698724695065806e+00
2.484982073715118478e+00
2.488513061965717643e+00
2.490955572528200435e+00
2.495139376653559005e+00
2.496367315422626465e+00
2.498084787572722121e+00
2.501733453188935474e+00
2.505468969251867239e+00
2.507456848488299528e+00
2.509891644213360973e+00
2.512628001533496747e+00
2.515390139034280548e+00
2.517406058790558454e+00
2.521230710142138065e+00
2.524141661851877938e+00
2.526882430508569755e+00
2.528828413903344341e+00
2.532398838304260380e+00
2.533683940487295505e+00
2.537284375614405452e+00
2.538857339187164719e+00
2.540427001486801561e+00
2.544844671952324333e+00
2.546123788754869555e+00
2.549671649383769001e+00
2.552180369064553478e+00
2.555011531017592485e+00
2.556437250007423057e+00
2.559730402664556426e+00
2.561038010478073002e+00
2.564638829834571254e+00
2.566808741262202709e+00
2.569046214549935758e+00
2.571711440598246412e+00
2.574640562713549130e+00
2.576622278303359881e+00
2.579182099502837389e+00
2.581739440627099036e+00
2.585770313516265517e+00
2.587312669357527906e+00
2.588545076346003171e+00
2.592506372232027623e+00
2.593319775511400582e+00
2.595514760869324977e+00
2.599800760470738936e+00
2.600398842941706423e+00
2.603696681388119938e+00
2.607518463593360369e+00
2.609023142948922125e+00
2.611416584743590175e+00
2.612713437540583161e+00
2.616484288829897586e+00
2.617842637855205989e+00
2.620194197650989931e+00
2.623171114798680925e+00
2.624947411904644312e+00
2.626207915583929964e+00
2.630004882620122775e+00
2.631974471822108086e+00
2.633731717326304178e+00
2.635101282581497006e+00
2.636997067971300623e+00
2.639563274828187645e+00
2.642852818699043205e+00
2.644963040371981045e+00
2.646839199422642341e+00
2.649197516286712961e+00
2.650944897050775406e+00
2.653914065479025641e+00
2.655505459289524861e+00
2.657628890179330128e+00
2.659692965174607071e+00
2.661628463594586158e+00
2.662682551915068530e+00
2.664714124275268325e+00
2.668318496389728622e+00
2.670944516561808868e+00
2.671780026454143364e+00
2.674505006309262800e+00
2.676635208059384929e+00
2.679197607520805935e+00
2.679420687726981942e+00
2.682853985169108668e+00
2.684290223289995225e+00
2.686139274470229932e+00
2.689517524601830800e+00
2.691891314460223672e+00
2.692714831620666605e+00
2.694645681541126603e+00
2.695717215492489771e+00
2.698894097952134974e+00
2.700825752754293152e+00
2.702867831729407033e+00
2.705981439468869265e+00
2.707537995007986087e+00
2.708330392394591168e+00
2.711235062418030584e+00
2.712822126843239978e+00
2.714950988235344198e+00
2.717980592279588326e+00
2.719177009523479960e+00
2.721155244608234547e+00
2.722416168152033578e+00
2.725434138883219504e+00
2.726872815176370590e+00
2.727952746775115678e+00
2.730970469346670537e+00
2.731597518528873891e+00
2.734674682022025127e+00
2.736204978364818796e+00
2.737685761767048476e+00
2.740173036334069501e+00
2.742144000710461604e+00
2.744815308485542449e+00
2.745676096752186268e+00
2.748202654931247046e+00
2.750133891364837435e+00
2.750783497374917896e+00
2.753822473095341117e+00
2.754841162529977794e+00
2.756102776337657101e+00
2.758102389255307152e+00
2.759875393717673209e+00
2.762189772973802082e+00
2.765262804221047421e+00
2.766567867808403580e+00
2.767779247367666784e+00
2.769388280624494936e+00
2.772942589970126992e+00
2.775160624409726218e+00
2.775279659282767764e+00
2.776934969419744270e+00
2.777989508437893384e+00
2.780682740456899893e+00
2.782275885104868340e+00
2.784591177416258834e+00
2.785428222222327665e+00
2.788187271900723463e+00
2.789641989951540779e+00
2.789631501395591684e+00
2.793236425622777297e+00
