-4.922060373918070789e-03
1.225009708662632910e-02
8.753548185342085747e-04
-2.162687637075965189e-02
-1.253627693359700424e-02
-4.417520493835217811e-03
-2.550382167408124859e-02
-1.705775760863225549e-02
-3.289005100883561628e-02
4.225950065923436000e-03
-1.387654074500109004e-02
-2.527335735063394179e-02
-2.893043979584167952e-02
-1.040134160845754274e-02
-7.398070082634091924e-03
-8.446907133686379701e-03
2.537038823446668631e-02
1.145709549848807247e-02
4.464851955937489472e-03
2.080641229701167896e-02
2.201577994873709504e-02
1.978249883898109893e-02
5.570763696180100477e-02
7.871021245058014426e-02
5.338935139966149296e-02
5.896347967127223838e-02
1.069196123763756917e-01
9.524909761464538105e-02
1.119567890028711488e-01
1.318081834111545780e-01
1.236048767532714199e-01
1.342280966220252836e-01
1.630407341672928112e-01
1.489914997674297303e-01
1.792508902626560041e-01
2.038354790038009456e-01
2.129972493050415749e-01
2.322748793987285676e-01
2.350159978557137819e-01
2.298525821877622499e-01
2.681877479114779805e-01
2.661004256604239115e-01
2.851155466586718368e-01
2.929679880124100855e-01
3.174624503540766640e-01
3.238433968035561716e-01
3.466214210343618318e-01
3.557528923940441734e-01
3.726049355462376922e-01
3.925277341821608590e-01
4.076645188402445719e-01
4.142107261897650106e-01
4.255188814374981643e-01
4.254544579065492327e-01
4.505960800492694873e-01
4.731895309880865264e-01
4.829255178009416727e-01
5.048574080811714104e-01
5.294400536921008982e-01
5.243010826766261179e-01
5.281680570026702215e-01
5.584103229390214862e-01
5.675315560662441694e-01
5.863209096961029543e-01
5.977737902903588196e-01
6.161764089586672100e-01
6.195750781029779608e-01
6.287526704317205617e-01
6.466112300570739935e-01
6.659420107032915093e-01
6.671503444372971492e-01
6.973556163201900526e-01
7.087168991189606304e-01
7.093473344651751722e-01
7.309583879682997054e-01
7.426364541627475946e-01
7.593521066325928937e-01
7.718213071007400394e-01
7.774415805896902620e-01
7.865308033502794727e-01
8.030735904199346464e-01
8.131268481045238472e-01
8.272838035157273895e-01
8.515767339538156122e-01
8.540013696822634781e-01
8.740369298054347924e-01
8.891180049341211866e-01
8.979844824220155619e-01
9.132068201595602286e-01
9.192091638746410220e-01
9.368338454034030871e-01
9.474606470861689500e-01
9.574615035153454246e-01
9.658867833611138876e-01
9.811360476371346895e-01
9.910545494732354577e-01
1.003682315023412430e+00
1.017491035824003465e+00
1.026635042079904858e+00
1.043310525995450933e+00
1.056391369865855356e+00
1.067715897111217727e+00
1.077237207769051075e+00
1.088631804748982468e+00
1.099231788680242738e+00
1.105733077220160565e+00
1.119593647252744129e+00
1.136735887607836615e+00
1.149801157018070841e+00
1.158393428728491381e+00
1.170715473645795646e+00
1.176550572622848012e+00
1.188932580154894447e+00
1.194011683231556153e+00
1.207122038801683894e+00
1.216733435508572825e+00
1.235939148302463764e+00
1.244279966532227277e+00
1.247182585806149824e+00
1.261863348697112031e+00
1.273753635568908749e+00
1.279350707979029833e+00
1.299430672039750823e+00
1.302629981956956895e+00
1.311009726101044048e+00
1.322201430159444469e+00
1.329945889532188064e+00
1.342373706676883272e+00
1.352542923877168013e+00
1.363799858767590800e+00
1.370171189992790417e+00
1.384742976881084831e+00
1.392027504649671954e+00
1.401702229437240321e+00
1.408250954306847991e+00
1.425450941394671212e+00
1.429254166806344539e+00
1.440956866831758054e+00
1.447397906492107866e+00
1.458620912003758319e+00
1.463873442175418260e+00
1.475887317101495011e+00
1.484928867254418305e+00
1.497326980292479792e+00
1.504156968352103219e+00
1.516028303231636176e+00
1.521789407053275589e+00
1.529128083458360488e+00
1.534147371519875236e+00
1.548605751686056520e+00
1.554198190038603711e+00
1.561420391997931922e+00
1.574065720255548806e+00
1.580375539454510481e+00
1.588844480658785141e+00
1.599727826522836516e+00
1.601935104869430804e+00
1.615340383400100999e+00
1.623065266837381504e+00
1.631542195433525411e+00
1.639331176534863932e+00
1.646981034398219856e+00
1.656429757645351053e+00
1.661090245974305102e+00
1.668353538905354538e+00
1.679252349892794482e+00
1.685812260354677239e+00
1.693911465357592627e+00
1.703835199643266129e+00
1.707760789467714702e+00
1.713048200812596011e+00
1.723789789289418728e+00
1.731803212503973510e+00
1.739816559097470572e+00
1.747202722640580852e+00
1.752853535917866523e+00
1.760451610610867856e+00
1.769002222498744947e+00
1.775624513730549747e+00
1.783045942066567413e+00
1.786501632119578131e+00
1.797608566069072600e+00
1.802178034115510918e+00
1.811870989166005197e+00
1.816690910877046372e+00
1.823977487456053259e+00
1.831752459295863833e+00
1.840120394242715562e+00
1.846259362523680725e+00
1.852726209154482051e+00
1.861143079295943137e+00
1.868123478481905408e+00
1.872883309388939432e+00
1.882043813008057231e+00
1.888607629164991586e+00
1.894452330665296280e+00
1.901203541186490042e+00
1.905993040773730662e+00
1.911239905493895552e+00
1.919982941529045029e+00
1.927109474335686023e+00
1.932950650501480183e+00
1.937533405945386145e+00
1.943974831573711315e+00
1.950106006414636051e+00
1.956365917741684113e+00
1.961443858137137175e+00
1.970515821204883666e+00
1.980565860722259597e+00
1.981537456090599392e+00
1.985761720483739001e+00
1.990711938711604345e+00
1.999997785164720376e+00
2.003560900987778393e+00
2.010393173183081750e+00
2.015255615654644394e+00
2.021716124278001736e+00
2.028739848413669389e+00
2.033060493699826221e+00
2.040602072836750214e+00
2.044058263282308108e+00
2.052300965771234331e+00
2.056570834719174456e+00
2.058653673390083760e+00
2.068719229790213276e+00
2.074987186971485098e+00
2.075985552064058215e+00
2.085038595407307849e+00
2.088895298430490044e+00
2.094179516894870030e+00
2.099922851240975330e+00
2.104457916830352993e+00
2.109626151368062974e+00
2.115961263777716539e+00
2.121842543708429840e+00
2.125174838743311589e+00
2.128464100218176114e+00
2.134040344559974933e+00
2.141447679366637047e+00
2.144997380374312534e+00
2.148123717249011744e+00
2.153173001163781297e+00
2.163420328613776977e+00
2.166291194617476989e+00
2.170099769882814833e+00
2.175876315139939177e+00
2.181056882238117112e+00
2.185458654653400057e+00
2.191020041321422251e+00
2.194006554814332599e+00
2.199262585356464683e+00
2.205637355604749494e+00
2.209250202760450144e+00
2.213048413530803060e+00
2.217273657565420830e+00
2.223229441877701884e+00
2.226526228682101038e+00
2.231673055887284374e+00
2.236020672631680029e+00
2.242509565549061890e+00
2.247447987664583646e+00
2.252064327472668825e+00
2.255260684914012437e+00
2.259776712823630795e+00
2.262296145540623193e+00
2.269120140307997247e+00
2.272615944060577764e+00
2.277590311512291965e+00
2.282501220285202415e+00
2.286340561979081532e+00
2.290857819667204254e+00
2.294803065845896661e+00
2.298640729118288650e+00
2.303077015881187073e+00
2.307136756249280829e+00
2.311838808915022359e+00
2.317753181472647750e+00
2.319428043276809515e+00
2.324137647773114601e+00
2.328448185466758247e+00
2.331836292117783760e+00
2.337996950126810969e+00
2.342342589856130530e+00
2.343928663460704165e+00
2.348907866929192512e+00
2.351157256676345231e+00
2.357528744567070511e+00
2.360669012964760949e+00
2.366187957305420753e+00
2.368843214426683996e+00
2.373139177102269404e+00
2.375580927930559305e+00
2.380514821023672845e+00
2.383999057702053115e+00
2.387015530078802961e+00
2.393109309376234783e+00
2.395293684378951404e+00
2.399186617489863949e+00
2.403883959030400863e+00
2.406088090158496673e+00
2.411134074147539774e+00
2.414431344681476688e+00
2.416614776436638135e+00
2.422390597455011285e+00
2.427417791375751310e+00
2.430743765242128429e+00
2.433471994704157648e+00
2.435976886625838667e+00
2.440154977918072898e+00
2.443641535887176808e+00
2.448571766630948332e+00
2.451373806977930947e+00
2.453888809509748636e+00
2.457541302726137022e+00
2.462691387088518091e+00
2.462902556643645102e+00
2.468591249761744599e+00
2.471196191549200449e+00
2.473904346383867914e+00
2.477991134375547855e+00
2.481154365613506219e+00
2.484455068549978662e+00
2.488712285059315743e+00
2.491331548173187471e+00
2.495917864752147608e+00
2.498493958037880436e+00
2.502837064338335527e+00
2.505346443161833747e+00
2.508841548410378319e+00
2.510865488917018773e+00
2.514426841618173647e+00
2.516647329026508562e+00
2.521717711005120321e+00
2.524265400421356276e+00
2.525974745166968738e+00
2.530340212474898376e+00
2.533732691824231331e+00
2.537329973855019460e+00
2.540101135310898428e+00
2.543029350342243866e+00
2.546818370217345695e+00
2.549638744912316568e+00
2.551151112960136302e+00
2.554053911809595068e+00
2.558438920212961598e+00
2.561019961359649599e+00
2.563716343999523861e+00
2.567685813383605353e+00
2.568965032205116739e+00
2.573158274962885628e+00
2.576023879002439898e+00
2.578768250662330619e+00
2.582587474829826757e+00
2.584400685208252835e+00
2.587543540481309190e+00
2.592030544090322408e+00
2.594264184949327756e+00
2.597440438236153337e+00
2.599251705468670792e+00
2.601013341715564753e+00
2.606565800195873805e+00
2.609238844094527554e+00
2.609665253413824271e+00
2.612671251078976908e+00
2.615861583873725138e+00
2.620368284287960758e+00
2.622918073715077902e+00
2.625226221608095489e+00
2.627135372731717933e+00
2.630812141000130833e+00
2.633224859968076981e+00
2.634951283270106526e+00
2.637907322785259634e+00
2.640843171510256049e+00
2.644146203607616652e+00
2.646675037468423142e+00
2.648829125821418717e+00
2.650403961367569394e+00
2.653567712464514727e+00
2.656173669437894347e+00
2.659367976231757691e+00
2.662471428803800944e+00
2.665362580196800391e+00
2.667301371713356239e+00
2.670148684582121845e+00
2.673481583549529805e+00
2.674147999542104248e+00
2.678210195972094976e+00
2.680312674016199992e+00
2.682137329326063746e+00
2.685576974941831896e+00
2.687717261595055973e+00
2.690515644696109820e+00
2.694245005888176170e+00
2.695731487932980563e+00
2.698943306337415748e+00
2.701072937574207522e+00
2.701811913850717950e+00
2.705276740275792235e+00
2.707382904557740666e+00
2.710879261822228603e+00
2.713214670701397768e+00
2.714857706148877448e+00
2.717217986875609892e+00
2.718287386699095975e+00
2.721778488606923396e+00
2.724563186809211945e+00
2.725954431672144462e+00
2.730431462721536917e+00
2.732604411761743624e+00
2.733794575796706372e+00
2.735686582177490944e+00
2.738642485748315369e+00
2.740675365326558754e+00
2.744130477775922117e+00
2.745844592713702959e+00
2.748622729087971006e+00
2.749776059835289388e+00
2.754118684207912615e+00
2.754890379868128569e+00
2.757335495146270077e+00
2.759998427525507392e+00
2.762597867634910109e+00
2.763229954271115840e+00
2.766593089068108302e+00
2.769162462284527670e+00
2.770951143272830652e+00
2.772609395036552904e+00
2.774251144577343897e+00
2.776876352052788377e+00
2.779410311728631289e+00
2.780986373851622506e+00
2.783842534634356713e+00
2.785505149261517488e+00
2.788045568386342765e+00
2.789912862931498871e+00
2.793110451447469167e+00
2.794874205611441731e+00
2.796491818227640813e+00
2.798368325137364998e+00
2.801276046496548044e+00
2.802874593675911630e+00
2.804920382490725839e+00
2.807348445771060241e+00
2.810306421260120757e+00
2.810923515013223017e+00
2.813616316576761367e+00
2.814867040229491302e+00
2.817785597745339210e+00
2.819867928930798406e+00
2.821979632463401444e+00
2.824194289618304321e+00
2.825551829508305079e+00
2.828492689252211978e+00
2.830650303015505465e+00
2.832616648889231481e+00
2.834206734499575386e+00
2.835549177675611876e+00
2.838433658281323435e+00
2.839330018476255990e+00
2.841339615195184631e+00
2.843278780660634553e+00
2.846431967913947592e+00
2.846731780028628034e+00
2.848444021360654776e+00
2.851670826137296721e+00
2.853682414532394684e+00
2.855696417046069246e+00
2.858172869053946297e+00
2.859454102958789878e+00
2.861616708984072499e+00
2.863173039421583077e+00
2.863602550726725759e+00
2.865804641955473464e+00
2.868690946204948133e+00
2.870752552625522647e+00
2.873075973508599557e+00
2.874631543416751089e+00
2.876596646457453055e+00
2.877964308330469567e+00
2.878876629112877339e+00
2.881491342901250530e+00
2.883641016681797620e+00
2.885790043339976574e+00
2.886661510712708267e+00
2.888804962608344074e+00
2.891029632046935305e+00
2.892826687401268693e+00
2.893444842070669321e+00
2.896417143709508313e+00
2.897673000627972506e+00
2.900372396710513279e+00
2.901765073058083289e+00
2.904475065330306194e+00
2.905214209192406472e+00
2.908469835744200704e+00
2.908019704221230128e+00
2.911470835206182439e+00
2.911586076896284236e+00
2.915198606890528676e+00
2.917282892217456070e+00
2.918484346737859170e+00
2.919093170909810908e+00
2.921452029249555160e+00
2.923513592613714351e+00
2.925295823394539863e+00
2.926625696573668112e+00
2.928681644065791900e+00
2.929339998424217217e+00
2.932015867307638857e+00
2.933479591905359118e+00
2.935169602255423893e+00
