-4.450367833649540236e-03
1.092957580720894419e-02
6.474689817250175788e-04
-1.921470616673541520e-02
-1.027527495613215179e-02
-2.695525020887416193e-03
-2.126728207201864299e-02
-1.336581981696735762e-02
-2.809943792682644687e-02
5.692812022168669030e-03
-1.160675433811794374e-02
-2.118470635447285838e-02
-2.510182436988543653e-02
-8.510596702633745070e-03
-5.507701428446964802e-03
-7.363138889446387177e-03
2.360430481627371138e-02
1.083084182548837461e-02
2.461134338553596854e-03
1.863488433109671341e-02
1.753442023351486218e-02
1.596062527169258768e-02
4.746607273660134046e-02
6.988120524052339466e-02
4.601395021400392360e-02
5.097325286815884704e-02
9.558871954702920226e-02
8.060605939710829837e-02
9.658023059413259337e-02
1.161762403580683944e-01
1.050427067115625723e-01
1.142823501719619494e-01
1.441678688199457825e-01
1.286490153340497100e-01
1.555489837882526871e-01
1.807993154231144484e-01
1.840321536887347120e-01
2.022567963543910885e-01
2.046941102431757420e-01
1.974529611590555289e-01
2.347181344447345219e-01
2.303981595944511740e-01
2.491058197081038317e-01
2.571491340016994198e-01
2.806279265146637281e-01
2.845068809738696136e-01
2.985712659394225699e-01
3.098962595036333090e-01
3.291743466333121870e-01
3.421125981876634858e-01
3.583712272075911809e-01
3.635440533372711891e-01
3.734959548096642434e-01
3.712288973825322302e-01
3.959959855346133484e-01
4.178666145148766109e-01
4.268334353361653566e-01
4.474598455324081403e-01
4.699735285689389253e-01
4.625911386078555565e-01
4.642406974937010600e-01
4.928668775465150365e-01
5.043465386249702531e-01
5.186699002937597003e-01
5.322899023506950655e-01
5.493608448631718266e-01
5.484445539579254625e-01
5.553115020240073640e-01
5.747913977178330525e-01
5.915669861528399798e-01
5.930301499291997791e-01
6.209035043427685308e-01
6.314083457216032036e-01
6.290193218995371316e-01
6.519241383704481585e-01
6.630043000777177120e-01
6.767364329661609279e-01
6.902142134747345503e-01
6.911586253035283400e-01
7.017778348408710842e-01
7.180252143554618494e-01
7.244318742571606018e-01
7.417453469197460292e-01
7.640323487466360586e-01
7.666312264267470811e-01
7.833166386848181562e-01
7.956544674154145680e-01
8.037101219736315638e-01
8.216680865075778328e-01
8.240080336254542726e-01
8.421260613685015439e-01
8.537672073276668661e-01
8.640359425754405853e-01
8.698466049513673415e-01
8.829476067880414059e-01
8.949429298671766064e-01
9.035204432515253625e-01
9.180427409815458129e-01
9.289111904739226766e-01
9.448286645219662327e-01
9.534528296827535776e-01
9.656392836776613864e-01
9.730564355599321535e-01
9.867368892391662483e-01
9.961554192810633257e-01
1.001293492120823414e+00
1.014694719866811035e+00
1.030917596896742339e+00
1.042749209642218844e+00
1.050631787708876441e+00
1.060361723154694902e+00
1.067540104079327090e+00
1.078311056377723842e+00
1.086258354493504941e+00
1.098786970884948921e+00
1.108335092094858254e+00
1.125496092909632040e+00
1.135694930246639700e+00
1.135618800826682984e+00
1.149457024804237282e+00
1.159853543750618332e+00
1.168121575428694658e+00
1.183540453393795211e+00
1.187290546728219542e+00
1.200854535214207930e+00
1.209990466264200704e+00
1.215994955547763157e+00
1.227118536906321111e+00
1.236962527058314443e+00
1.248107132262240349e+00
1.253482498364981712e+00
1.267819113097418571e+00
1.276896121318168209e+00
1.286190372693373440e+00
1.292000272862535493e+00
1.307801555041878228e+00
1.308693478651556941e+00
1.324951971060849498e+00
1.329604794106237886e+00
1.340816114648070378e+00
1.345262307697390636e+00
1.356935445364998438e+00
1.367275407178641711e+00
1.378248145966551430e+00
1.384022715122055436e+00
1.395341862211570305e+00
1.402626947375518407e+00
1.410306693808860423e+00
1.416627860255580407e+00
1.425267225719296205e+00
1.431996078729194766e+00
1.441397645176142994e+00
1.452283368353786130e+00
1.459245713973885694e+00
1.467735535539583358e+00
1.476249100452600382e+00
1.477481684438865406e+00
1.493138729146820998e+00
1.502946092025466474e+00
1.510660518546815823e+00
1.516756048514692035e+00
1.524048586772204006e+00
1.532413816505337367e+00
1.536719495757042253e+00
1.543458182524241495e+00
1.556610354866438506e+00
1.564077725916008355e+00
1.570795500895436625e+00
1.580186280375173169e+00
1.583488054873663176e+00
1.589610438425302252e+00
1.598826230957969496e+00
1.607025547969404222e+00
1.617118079080517967e+00
1.622157072473198847e+00
1.630779838869448772e+00
1.637160999177948995e+00
1.646132613013190804e+00
1.652106543071709011e+00
1.658995769388941666e+00
1.664938266726384342e+00
1.672922416339712726e+00
1.678176071630061550e+00
1.688465873119084470e+00
1.694498257844359923e+00
1.699078017598403711e+00
1.709303285449128129e+00
1.715432961062772987e+00
1.721942965488941768e+00
1.725425414984584460e+00
1.735684996076990005e+00
1.742945922528361002e+00
1.747634488686268694e+00
1.757297592501169348e+00
1.764894028609627519e+00
1.769092736595964999e+00
1.777568713837550884e+00
1.779153987733423259e+00
1.788572556490672927e+00
1.792496291871131797e+00
1.800873040775571532e+00
1.807381604824780386e+00
1.811927630733279670e+00
1.818427330885940885e+00
1.825386446793483719e+00
1.829504353119997484e+00
1.836900265354125095e+00
1.847005749810285868e+00
1.852847274002232147e+00
1.857748472414724406e+00
1.861408494039595185e+00
1.867870811762043060e+00
1.875587066319660545e+00
1.878463654728146803e+00
1.885998358312653167e+00
1.892726292172530078e+00
1.896695203869133151e+00
1.903677943955379037e+00
1.909313184445492251e+00
1.914753139073427146e+00
1.918772048863258695e+00
1.925799929111296604e+00
1.932292615656139079e+00
1.933560710094125890e+00
1.941643962335579898e+00
1.947050001218448401e+00
1.950882675465062777e+00
1.959234538147334614e+00
1.964496971898348709e+00
1.970377540410304329e+00
1.977167681529124366e+00
1.979249531556423802e+00
1.986119243926936617e+00
1.988785339460035662e+00
1.998626290419641238e+00
2.001645211507403932e+00
2.004853627445710273e+00
2.012550832720130689e+00
2.018884493261145163e+00
2.022799498024876463e+00
2.027057235892709031e+00
2.031937209299207403e+00
2.042260205922718619e+00
2.042370655060299800e+00
2.047880137034645109e+00
2.052883478142979001e+00
2.058670603731346027e+00
2.062119923611947403e+00
2.067442268114742188e+00
2.072879130302728523e+00
2.077330456858934138e+00
2.084238360984963290e+00
2.087145497954441709e+00
2.090562746108330483e+00
2.095995923390092219e+00
2.103747239591507334e+00
2.106918396986761977e+00
2.111674045404978717e+00
2.114924926938185124e+00
2.120671844764309810e+00
2.125621521429145844e+00
2.130031060170639368e+00
2.136345754694393584e+00
2.140388867411271434e+00
2.144490537823146248e+00
2.147914578320421430e+00
2.153408066370634533e+00
2.157445426811912981e+00
2.161583197879896723e+00
2.165852645270725851e+00
2.169062033387387789e+00
2.176164222417368954e+00
2.179819951202049300e+00
2.183043282818017961e+00
2.188916145412427294e+00
2.191517099186704343e+00
2.196641275954240413e+00
2.200370590419029160e+00
2.205246084304545384e+00
2.210122674250236674e+00
2.213195621063096752e+00
2.217055371835755739e+00
2.222474468460752473e+00
2.225059582428888127e+00
2.229775577291456923e+00
2.232019599848148683e+00
2.238251145054076297e+00
2.243057767080769427e+00
2.246201002958346571e+00
2.250324993476978452e+00
2.253870364844745566e+00
2.258487755474996472e+00
2.263011384601591125e+00
2.267327605277438707e+00
2.271378495370902417e+00
2.274281001181446271e+00
2.277312154583092330e+00
2.283405504807978659e+00
2.287061597718550221e+00
2.289032462849270644e+00
2.292860848820416297e+00
2.297210057399563077e+00
2.299215258289091235e+00
2.306398900954365949e+00
2.307099277326842390e+00
2.313468329036884708e+00
2.317163746596620832e+00
2.319997082514217546e+00
2.323422205579991129e+00
2.325508652548384791e+00
2.331418653409062625e+00
2.336162056958141608e+00
2.338730990995918191e+00
2.341780752225687934e+00
2.345162615652588656e+00
2.348249647681666552e+00
2.352761301721239651e+00
2.356315287833496974e+00
2.358697510927729279e+00
2.361318276888748624e+00
2.365891371587346192e+00
2.370163437191953992e+00
2.372846486552365963e+00
2.376641631406564148e+00
2.379134669813310232e+00
2.384009087553740525e+00
2.386994761908294294e+00
2.388973138561030218e+00
2.392077083654284841e+00
2.397753389846628114e+00
2.399625801788903168e+00
2.402771169558987729e+00
2.404753660709143315e+00
2.408838183515481290e+00
2.412370185116780696e+00
2.417338064320420532e+00
2.419849359154066626e+00
2.423236678098673380e+00
2.426731401866064175e+00
2.428354566121721625e+00
2.432545282771226614e+00
2.436634239919067468e+00
2.436765588715886999e+00
2.440345521173470811e+00
2.444056748047258143e+00
2.447951663639359676e+00
2.450952784316378086e+00
2.452991391647800778e+00
2.456879560874535517e+00
2.458907505139042993e+00
2.463062722303156260e+00
2.465914067921821662e+00
2.468514784024429254e+00
2.471809111688659577e+00
2.476277296193443167e+00
2.478326604323279891e+00
2.481723407958232652e+00
2.484449609867202646e+00
2.485902287217268913e+00
2.489029930838107418e+00
2.493010585554162883e+00
2.495921960611324320e+00
2.497302247494426197e+00
2.502081029988632466e+00
2.504018392117301595e+00
2.505841273323451190e+00
2.509824661770525989e+00
2.511837300503466874e+00
2.515402713145448832e+00
2.517746780822371022e+00
2.520761683091659489e+00
2.523208442218245917e+00
2.525986617662938194e+00
2.527931449597317748e+00
2.532910159344185619e+00
2.533904094967106335e+00
2.536197956992823244e+00
2.539157310381018551e+00
2.542618468340914095e+00
2.544595414414607237e+00
2.547875002455524118e+00
2.549810322871502777e+00
2.553021736935992436e+00
2.554843429434348945e+00
2.559137152265763326e+00
2.561638901729170303e+00
2.564213190751471139e+00
2.566142876494452718e+00
2.569235896085408477e+00
2.570943684911888738e+00
2.574839191795429194e+00
2.575921880942118936e+00
2.578510798802045922e+00
2.581322662505751708e+00
2.584027527588762307e+00
2.586953769830359295e+00
2.588755270687561616e+00
2.591355182251739109e+00
2.593529280005120619e+00
2.596312061710689623e+00
2.597760174771512887e+00
2.602098258854895541e+00
2.603126494511974531e+00
2.605368534624366017e+00
2.608608480776329230e+00
2.611892878810590179e+00
2.612433735610829366e+00
2.615201168837003376e+00
2.617899462162028623e+00
2.621546338663925724e+00
2.624289962534584575e+00
2.624928467602553717e+00
2.627928379370146672e+00
2.629960153800276590e+00
2.631649243175778974e+00
2.636184104330877798e+00
2.637349313284418351e+00
2.639578034752147584e+00
2.643458480430039170e+00
2.645307495034241452e+00
2.647376802950291541e+00
2.648597463566328525e+00
2.652392110637569633e+00
2.654451326031946667e+00
2.656384764133784326e+00
2.658481946984018407e+00
2.660143602383103545e+00
2.662445120292405765e+00
2.665918662694532593e+00
2.667899579120615705e+00
2.669580996839107989e+00
2.671221163095637063e+00
2.672581731934851934e+00
2.675743530111406088e+00
2.678558784526660297e+00
2.681362534882631099e+00
2.682675931455315688e+00
2.685086055311845854e+00
2.686426539866153540e+00
2.689234081504115803e+00
2.691711788229876223e+00
2.694361463297384240e+00
2.695766230402312225e+00
2.697310064740520374e+00
2.698995619203796270e+00
2.700057119152412088e+00
2.704327027391943084e+00
2.706203384260172928e+00
2.707449660788717960e+00
2.710402997230663136e+00
2.712468048774670848e+00
2.715031841835725324e+00
2.714672064048983202e+00
2.718347103847828627e+00
2.720973485735492137e+00
2.722645969493239893e+00
2.724194933609542790e+00
2.727267805788185395e+00
2.728577041591575547e+00
2.730552462894314303e+00
2.731711090111969220e+00
2.734295590969477274e+00
2.736508003233556696e+00
2.738151225792276211e+00
2.741209639008708621e+00
2.742530558879696212e+00
2.743290639900453520e+00
2.746599604997514987e+00
2.748194920721282575e+00
2.749793983179040335e+00
2.752440620287512019e+00
2.754818517520135401e+00
2.755823022555667912e+00
2.758029637385924104e+00
2.760391272805299501e+00
2.762252487826570846e+00
2.762727011252034348e+00
2.765957653714707032e+00
2.766509124040401613e+00
2.769804316279511625e+00
2.770771435415115391e+00
2.773053555156853811e+00
2.774784733114699975e+00
2.776788958892082881e+00
2.778769165957788889e+00
2.780384824025876167e+00
2.783276633092294894e+00
2.785010927821224058e+00
2.785574324327395157e+00
2.788145135006760977e+00
2.790476986264569081e+00
2.791134013122048341e+00
2.793227653533314481e+00
2.794795400494358262e+00
2.797354709728249400e+00
2.799693144403252454e+00
2.800722467720807796e+00
2.802211265121938855e+00
2.804021188405328324e+00
2.807445517446987893e+00
2.808995234812841968e+00
2.809321959278920033e+00
2.810892947001955022e+00
2.812365131590446321e+00
2.814872509532290845e+00
2.816656607252164157e+00
2.818561994145874827e+00
2.820873965555223961e+00
2.822735164192531343e+00
2.824066724454168842e+00
2.824726432788760455e+00
2.826835048413494977e+00
