7.806822343863594870e-04
1.801200106585570861e-03
2.302006999022453843e-03
3.005716125563202921e-03
4.497514619612094471e-03
6.550918215183115442e-03
8.673435896850904478e-03
8.872191839779147021e-03
1.112547006025185747e-02
1.247227508598677988e-02
1.455635128956455325e-02
1.619029604519115276e-02
1.973448309398118106e-02
2.083084354519472436e-02
2.385026959910509919e-02
2.336151489123096045e-02
2.486560273674089105e-02
2.475775599658710385e-02
2.716328792632041397e-02
2.743661657625197717e-02
2.821372684826756183e-02
2.926571106030814370e-02
3.231220728578861751e-02
3.413886354263979267e-02
3.568448228166166275e-02
3.567037885380353046e-02
3.323865439772418634e-02
3.612943246617663501e-02
3.541266007345796052e-02
3.400516050120559047e-02
3.605550393549144389e-02
3.562107662920420414e-02
3.761852494252482249e-02
3.743557395277682248e-02
4.014796155096909264e-02
3.922573129249163487e-02
4.177322701578767283e-02
4.109171905741113712e-02
4.005760553860587825e-02
4.092971672020769697e-02
4.132212167533834413e-02
4.141586754674411036e-02
4.179730325041806915e-02
4.243138522400188850e-02
4.246951932641789690e-02
4.437000513758570380e-02
4.487761720356558959e-02
4.518577433315980330e-02
4.435774120122946279e-02
4.688362465012018560e-02
4.657738308899059959e-02
4.811140731979970248e-02
4.897591356737090312e-02
4.989847558637304503e-02
4.808235388840414321e-02
5.113211007780163464e-02
5.178754228829363787e-02
5.151028378326173024e-02
5.295260612150980151e-02
5.210795151077154269e-02
5.504500920572905076e-02
5.571984176814703121e-02
5.427991008788881494e-02
5.433664068429217703e-02
5.502481070882224434e-02
5.777147256422958399e-02
5.767878022668678634e-02
5.782765628683425585e-02
5.770500402877419555e-02
5.987804179353014428e-02
6.035488141950914182e-02
5.955026629141792205e-02
6.132619102667054983e-02
6.392743547424341310e-02
6.307257832648079099e-02
6.229353352997224480e-02
6.785238003738169876e-02
6.364898781389433102e-02
6.648676650878962424e-02
6.667001419746616808e-02
6.688356042913276567e-02
6.802540076726824869e-02
6.701254388471501733e-02
6.843025217338856436e-02
6.930647298619496688e-02
7.020537315493131925e-02
6.937024955455974029e-02
7.199290541356154205e-02
6.869760117318993164e-02
7.170291192884369058e-02
6.969265917174972957e-02
7.150970977857168398e-02
7.269406281344709120e-02
7.365719054107847108e-02
7.493888207256663159e-02
7.363337514674248019e-02
7.375999398509608396e-02
7.542658838221634465e-02
7.487551282251528328e-02
7.429927157265649174e-02
7.736433977058071454e-02
7.616879057681011367e-02
7.707469194985090699e-02
7.620619369841608037e-02
7.789952270471689477e-02
7.859081469505042883e-02
7.759504885029860910e-02
7.775168677786077620e-02
7.871063727001859078e-02
7.853790706566080027e-02
7.901079442806946407e-02
8.031967488683992851e-02
8.088386104360599516e-02
7.941991386371445583e-02
8.091127934839555114e-02
8.087519463493143823e-02
8.030293340452893114e-02
8.101630976355382596e-02
8.157182535432958015e-02
8.296641561789656893e-02
8.139610632536836698e-02
8.160532804830340770e-02
8.128543479708172370e-02
8.237483017068726598e-02
8.107807327499888528e-02
8.181690573069866357e-02
8.375623658852501818e-02
8.242789870589070644e-02
8.306379603779515119e-02
8.554752638636348161e-02
8.316554047367612224e-02
8.314809360809626015e-02
8.380830803325553524e-02
8.307231207642079562e-02
8.396941877889575745e-02
8.305508502296674034e-02
8.318333930943037913e-02
8.397929039554716257e-02
8.443726116905031498e-02
8.405480741341987694e-02
8.397394505637337248e-02
8.463164243978923973e-02
8.474906158109481169e-02
8.382949179799738249e-02
8.586186835008360885e-02
8.685881027184108594e-02
8.635066519374602623e-02
8.386066195375013743e-02
8.610495105410555239e-02
8.601560713224030985e-02
8.581187852739118049e-02
8.433711265472926266e-02
8.555902285362815274e-02
8.508399788314174872e-02
8.628697152340979171e-02
8.599418784469160804e-02
8.601302190817916582e-02
8.643447135462117847e-02
8.680432211604417747e-02
8.496941168944557865e-02
8.625617116303814502e-02
8.660192409236387723e-02
8.601834751830077230e-02
8.633705549894780951e-02
8.629113954789358054e-02
8.522426468268412547e-02
8.684388808166190743e-02
8.723590258854219126e-02
8.589904084948235541e-02
8.739173805250205485e-02
8.745263269412266449e-02
8.716062575731417517e-02
8.646352618785817234e-02
8.716912819195699047e-02
8.698731301247665526e-02
8.736505416388082312e-02
8.748754427739462158e-02
8.640424957669731731e-02
8.592556367027860686e-02
8.786886739129994017e-02
8.679837625325252659e-02
8.766878361474340908e-02
8.685123191329173487e-02
8.720440770264872854e-02
8.716982102113698949e-02
8.734673948284867040e-02
8.718053985864000766e-02
8.713229150382577337e-02
8.760932589341072219e-02
8.752004488263155635e-02
8.787789202275621270e-02
8.831526034856448937e-02
8.733642853352424629e-02
8.763172659379574181e-02
8.731053782642037020e-02
8.890183386167990753e-02
8.743199569876750066e-02
8.860005207038512687e-02
8.764223182271664581e-02
8.882532825123259923e-02
8.974288409295039237e-02
8.759208704154471115e-02
8.746123377580872216e-02
8.893078743428092792e-02
8.971275162256292512e-02
8.937226844362188005e-02
8.977591362080863946e-02
8.842687771546836606e-02
8.888630852823048434e-02
8.918331357793865544e-02
9.059253645228508567e-02
8.899372628188927103e-02
9.027778718964933613e-02
9.001298544553752723e-02
8.966320758069405705e-02
9.018427785810523289e-02
9.051073493486209987e-02
9.008079265146896886e-02
9.052695132533845890e-02
9.091882889174887628e-02
9.061897228421779416e-02
9.000262361526009669e-02
9.113007165892196559e-02
9.078274248433251814e-02
9.225630703536491506e-02
9.193246486615225255e-02
9.191812582028649481e-02
9.076435166479207561e-02
9.238051343930821224e-02
9.130330696215699371e-02
9.195017975693924039e-02
9.255672313404993135e-02
9.184834579660015874e-02
9.226979635124296641e-02
9.421891173640564721e-02
9.339645257465246930e-02
9.364409107336464644e-02
9.294471544681665032e-02
9.419068599616149673e-02
9.395779550921978807e-02
9.471944212062641255e-02
9.423830091612524218e-02
9.441670479020668194e-02
9.402213349426266631e-02
9.429114086785270188e-02
9.427606085110110112e-02
9.561880295862699997e-02
9.528135067973705907e-02
9.517185814550703504e-02
9.566748016799096754e-02
9.622497140074802446e-02
9.613532172937688802e-02
9.630970164677302159e-02
9.584351332404929258e-02
9.672861502289520352e-02
9.571280542919319290e-02
9.745880689308020206e-02
9.679873993329020376e-02
9.848160880769397940e-02
9.778597270197168789e-02
9.735578943366872406e-02
9.942373225234275858e-02
9.850648143338622265e-02
9.861817919950481570e-02
9.892600181557270611e-02
9.946685732461858775e-02
9.901153695326259108e-02
9.961507794233830093e-02
9.933277038012848503e-02
1.005301520286512734e-01
1.005068450161193810e-01
1.008287867507772079e-01
1.003583274713901879e-01
1.019314403911268097e-01
1.025306434879214024e-01
1.020445483615399218e-01
1.021851410081114492e-01
1.019868250453882103e-01
1.024482629587522703e-01
1.031847655976149275e-01
1.032009331519988110e-01
1.038212269414331146e-01
1.032621703130136986e-01
1.046139908699833948e-01
1.039955556072936216e-01
1.048131168566048821e-01
1.048017301348830171e-01
1.051898708698570800e-01
1.049093662346753941e-01
1.060846336918670890e-01
1.068408883385586622e-01
1.055342943510218373e-01
1.069934857248280441e-01
1.062552785578259468e-01
1.077479711767703602e-01
1.081738922841654210e-01
1.076373414411109092e-01
1.079035121546348119e-01
1.086579951860553173e-01
1.086146916070290652e-01
1.086140337816221824e-01
1.102743465842062065e-01
1.096543289607809363e-01
1.101179647433268016e-01
1.104844645731489494e-01
1.096075553561970256e-01
1.114456192650954691e-01
1.110983769896295298e-01
1.109117257749794444e-01
1.118618122564364742e-01
1.115392255846988229e-01
1.124141548799640483e-01
1.120152310790601402e-01
1.132801978122938980e-01
1.131001010123209721e-01
1.133729957783435466e-01
1.139695683541004645e-01
1.141353389824742715e-01
1.142928770129606614e-01
1.148927483108969777e-01
1.149769440542763449e-01
1.150149620388328103e-01
1.155269347380187828e-01
1.162829836316766619e-01
1.158522666229495623e-01
1.167346330301907154e-01
1.165336305900758068e-01
1.173647761535675377e-01
1.168448167397903303e-01
1.180351898036699487e-01
1.183867286247037437e-01
1.180994573289837063e-01
1.186857186819083448e-01
1.188408449020438434e-01
1.194839325848860573e-01
1.190656869352912789e-01
1.190221459950719096e-01
1.206572401885268042e-01
1.205231662241541130e-01
1.207849552853022812e-01
1.213059072835033642e-01
1.214893727054508071e-01
1.210234119039833856e-01
1.213727901285373001e-01
1.222582984016270524e-01
1.229219914388401391e-01
1.235342555851050711e-01
1.226339280831130057e-01
1.236506919452797504e-01
1.240492728628181246e-01
1.238870030766424796e-01
1.231349403748496912e-01
1.246444029874775733e-01
1.247237938295863574e-01
1.246609149022943064e-01
1.254813721466350451e-01
1.262513268873549366e-01
1.263910069854471407e-01
1.263412322093582507e-01
1.262341926265727332e-01
1.267774475510302368e-01
1.272363548897580132e-01
1.271635424172986029e-01
1.282830542608434099e-01
1.287147937878936610e-01
1.286221113367825020e-01
1.287944680035540412e-01
1.291317567684230894e-01
1.295292897510401109e-01
1.297758663818187053e-01
1.299493278957504772e-01
1.300676561433420086e-01
1.304986150797091682e-01
1.312038480875105939e-01
1.304764846766530151e-01
1.311989909015591205e-01
1.315183771226298148e-01
1.319407982936654788e-01
1.323846089860866160e-01
1.317630049246238111e-01
1.324386846729803668e-01
1.328188355899216355e-01
1.332289707570606108e-01
1.340050188867296099e-01
1.338757575441128778e-01
1.336102591157741770e-01
1.343457561396991240e-01
1.346860820545282833e-01
1.346548267841516933e-01
1.348388518384248669e-01
1.352285611679063249e-01
1.355441118196605010e-01
1.350923802631533166e-01
1.357870487269247917e-01
1.362935466308793642e-01
1.369053277495538568e-01
1.364775766310259431e-01
1.368844832065543304e-01
1.374355043447678393e-01
1.375978855223544961e-01
1.381371034148276000e-01
1.386954713994901778e-01
1.382095001832875647e-01
1.383886395094165722e-01
1.390945342151941044e-01
1.394899153110998047e-01
1.395683240800091873e-01
1.398574519701912822e-01
1.407575475068430781e-01
1.409279370670065701e-01
1.402211250773817697e-01
1.407810603974476715e-01
1.414253371546213556e-01
1.418032110498640974e-01
1.418231637430520942e-01
1.421867696097301459e-01
1.420171850827703919e-01
1.422100314907462915e-01
1.430863025883048478e-01
1.430048507206709563e-01
1.431409927019327843e-01
1.437339747848946914e-01
1.432658697572400941e-01
1.440885999103247439e-01
1.442102253628870789e-01
1.446493904492244797e-01
1.445771243779938875e-01
1.448176975667662403e-01
1.449641321839136576e-01
1.452725014548695293e-01
1.453544609556363665e-01
1.459878760178702772e-01
1.465302169093451734e-01
1.464577704870598795e-01
1.466292263957705289e-01
1.463127093886223418e-01
1.471115429392227669e-01
1.472806507613288463e-01
1.476948866049011821e-01
1.473094077052307105e-01
1.477854042499555653e-01
1.484939084525299380e-01
1.480766319635608841e-01
1.491011978898920676e-01
1.484533016259204918e-01
1.493417444602275768e-01
1.492937597411336803e-01
1.494807755167281427e-01
1.496659113446711098e-01
1.501945831836482004e-01
1.503150015749492863e-01
1.504229737404090550e-01
1.504274627136262810e-01
1.511326652964508355e-01
1.509556399572890562e-01
1.513354087626632427e-01
1.514361801073241531e-01
1.518178016437778111e-01
1.517049366988132975e-01
1.521163911870263286e-01
1.525247880253718102e-01
1.524965899329025210e-01
1.527939100079513945e-01
1.533297967360920389e-01
1.534418034924985297e-01
1.533810078026423829e-01
1.535950407031690945e-01
1.534040984423902521e-01
1.540269559013386358e-01
1.545226606804562530e-01
1.544639644923194999e-01
1.545004083600722833e-01
1.551106149767980391e-01
1.555012667733499110e-01
1.554733827649557865e-01
1.556771585005964631e-01
1.557658343503250664e-01
1.559050054474529767e-01
1.563092107914193230e-01
1.568677294432300751e-01
1.568957546384306678e-01
1.572407456240597634e-01
1.571975755046282897e-01
1.570612526253435670e-01
1.571945516200333737e-01
1.574278164300446092e-01
1.580657550565532643e-01
1.585717410718849862e-01
1.587364997122277244e-01
1.585653198658503737e-01
1.583914579845131509e-01
1.586685969563166043e-01
1.587928090471187603e-01
1.595773071669842336e-01
1.595003209145033352e-01
1.597208528168851116e-01
1.601107634407890612e-01
1.601485215813194807e-01
1.601454649965479982e-01
1.602954034649966553e-01
1.603802869659150254e-01
1.609867087839264854e-01
1.607864576303187631e-01
1.611090943475129156e-01
1.614703240731758804e-01
1.615042706069544642e-01
1.616804447723773352e-01
1.614894248572679158e-01
1.620544549380877331e-01
1.620951173427625791e-01
1.622271440973764578e-01
1.622636180156486474e-01
