-4.729861783783186925e-03
1.172871090517420452e-02
7.914512185038262339e-04
-2.064723383629924608e-02
-1.160461555167322141e-02
-3.707658705620303467e-03
-2.377226516389509270e-02
-1.553921912321227020e-02
-3.093479947147734568e-02
4.850416403341457211e-03
-1.295019722717358386e-02
-2.360281011084978606e-02
-2.738879739984651646e-02
-9.634902290008616824e-03
-6.636291770310263384e-03
-8.025233088616046465e-03
2.466508590669093740e-02
1.117492881713304242e-02
3.578533997627005372e-03
1.988726760343046546e-02
2.011125873244008766e-02
1.817149528394346181e-02
5.230363033489783542e-02
7.513903022364140649e-02
5.032591063091824274e-02
5.566866899095623128e-02
1.023362235156172195e-01
8.924352670839469370e-02
1.056773002762074615e-01
1.254844870804280310e-01
1.160167776523473582e-01
1.260789772317332247e-01
1.554425551621610169e-01
1.406381517005345916e-01
1.696686919314590869e-01
1.945283046754464618e-01
2.012989576914687995e-01
2.202296763941902213e-01
2.227526976425706906e-01
2.167168318462192600e-01
2.546983599380745478e-01
2.516309779196743701e-01
2.705469999966316763e-01
2.784891218752963971e-01
3.026825361390181879e-01
3.079520156194434088e-01
3.272686885838335669e-01
3.372702905920548777e-01
3.550642172286323506e-01
3.722102948843221681e-01
3.879007951789592568e-01
3.939395641900164668e-01
4.045636551786085389e-01
4.035671343610767181e-01
4.286844441995479316e-01
4.510180417404955899e-01
4.603603866372264486e-01
4.817987551956314785e-01
5.057526132979660582e-01
4.996117260115016112e-01
5.023686405765679375e-01
5.320669349062714382e-01
5.423065037036411962e-01
5.590767187913026071e-01
5.716740491552154690e-01
5.894825586322695044e-01
5.910113068526825497e-01
5.992306300780381179e-01
6.179659283995198038e-01
6.362565897027054884e-01
6.375276067919952716e-01
6.668458095947465969e-01
6.776707652218740829e-01
6.772106153047952048e-01
6.994831871330624562e-01
7.108467759966550226e-01
7.264898623253115417e-01
7.391746769821172514e-01
7.429449202554460063e-01
7.526223167963340677e-01
7.689302877074920550e-01
7.776382017811079850e-01
7.929383331728095952e-01
8.167211127017499628e-01
8.190670323343094417e-01
8.378956397393197975e-01
8.518563333997543063e-01
8.603213111665202195e-01
8.765211842286180222e-01
8.810087405425959250e-01
8.990357592093172201e-01
9.101951384798173672e-01
9.201723240243306901e-01
9.275087846800367242e-01
9.417979584964729645e-01
9.525861977642712253e-01
9.637072422236192537e-01
9.775682969186206828e-01
9.875823481375829438e-01
1.004127131687037933e+00
1.015446491150263642e+00
1.027177763846437886e+00
1.035759918302019411e+00
1.047931919692822955e+00
1.058327071840842182e+00
1.063977581454918164e+00
1.077620613694600937e+00
1.094694032419286644e+00
1.107248447736935537e+00
1.115523313866438659e+00
1.126706202501928544e+00
1.133084637390785465e+00
1.144877113804807056e+00
1.150979132206593869e+00
1.163616340194521870e+00
1.173405695276275029e+00
1.192140795813415588e+00
1.201038721962233380e+00
1.202691720306769740e+00
1.217128977743101803e+00
1.228078952907987853e+00
1.234912426334058511e+00
1.253407115887717138e+00
1.256650845214237089e+00
1.267220831459215269e+00
1.277577489311408243e+00
1.284417650641827002e+00
1.296516045401176598e+00
1.306356555601970282e+00
1.317271342256258082e+00
1.323594341122491969e+00
1.338368375959099188e+00
1.345758098798217617e+00
1.355483089875039404e+00
1.361912017179081280e+00
1.378829622857392856e+00
1.381083882166181276e+00
1.394800810499379651e+00
1.400415363571921423e+00
1.411616277037224032e+00
1.416550785938129442e+00
1.428660862608789994e+00
1.438003149129501779e+00
1.450189181526257531e+00
1.456418537037265315e+00
1.468221705513119701e+00
1.474517659434044115e+00
1.482141281862410676e+00
1.487462467026476887e+00
1.499878183404446785e+00
1.505714786256597382e+00
1.513674560677751524e+00
1.525992491814495144e+00
1.532226255405269688e+00
1.540653890525313541e+00
1.550905319169362695e+00
1.552567641566740209e+00
1.567274008409483388e+00
1.575357546062942316e+00
1.583677142387442727e+00
1.590791678393427500e+00
1.598400812905645507e+00
1.607491308091288262e+00
1.611797256781437149e+00
1.618690615692101042e+00
1.630663586561755363e+00
1.637694593591215941e+00
1.645051653463912134e+00
1.654632217933819982e+00
1.658583957116313234e+00
1.664012673929026187e+00
1.674252539943592133e+00
1.682190027793003750e+00
1.691215405872061650e+00
1.697589042576487461e+00
1.704520416833214425e+00
1.711542199532447572e+00
1.720298519128113490e+00
1.726816700246645020e+00
1.733476075741494649e+00
1.738159512200373014e+00
1.748529144656113532e+00
1.752853985364315692e+00
1.763257060455830194e+00
1.768167117456584947e+00
1.774342428822623274e+00
1.783058411139047283e+00
1.790649921567594172e+00
1.797120701272564514e+00
1.802330968507987130e+00
1.811238236249995470e+00
1.818505691920676792e+00
1.823552262313875127e+00
1.832687150064315151e+00
1.839907482747867418e+00
1.844577262384540006e+00
1.852461620265315467e+00
1.855516724384412619e+00
1.862585419149580979e+00
1.868997930818084852e+00
1.876761323407867499e+00
1.883172709983781168e+00
1.887814639760682089e+00
1.894166742975932127e+00
1.900379344377381541e+00
1.906056738850172128e+00
1.911638801163081824e+00
1.921206912520199817e+00
1.929700345199988121e+00
1.932347088981847927e+00
1.936178708028022832e+00
1.941752312724458029e+00
1.950410511717131534e+00
1.953556431215114575e+00
1.960760093342968080e+00
1.966304717216564857e+00
1.971657285851031283e+00
1.978552446180419366e+00
1.983853104644214271e+00
1.990624321930325236e+00
1.993183074003525235e+00
2.001297275259765751e+00
2.006743626131236802e+00
2.007852367627209755e+00
2.017462069159452032e+00
2.023823893398536633e+00
2.025737063011310735e+00
2.034802251198516210e+00
2.039183071141122294e+00
2.044153212413342136e+00
2.050486354421536372e+00
2.054143562223959663e+00
2.060006521584415662e+00
2.064148083857174409e+00
2.072119141831984201e+00
2.074866676943497801e+00
2.078224994099908685e+00
2.084919442294942193e+00
2.091883136764459028e+00
2.095257440763877987e+00
2.099033933597588941e+00
2.103759340412212353e+00
2.114294734386137353e+00
2.116105711687668034e+00
2.121533241470913378e+00
2.126348931448238222e+00
2.131463396351228390e+00
2.134964337510013355e+00
2.141000495718532903e+00
2.144606823529624950e+00
2.149503217136103483e+00
2.156269537352297760e+00
2.159883747663545073e+00
2.162716405040655321e+00
2.168445498365324298e+00
2.174847723859747450e+00
2.178035832842911468e+00
2.183218313263932675e+00
2.186726524812148131e+00
2.193142174006153855e+00
2.197679664395927102e+00
2.202768335599304628e+00
2.207432480096801708e+00
2.211326233195705093e+00
2.214652178313947672e+00
2.219778984172596115e+00
2.223738069446237642e+00
2.228983531750388547e+00
2.234119016804540614e+00
2.237986434876519048e+00
2.241028726779389579e+00
2.247275037047128610e+00
2.250639558893800185e+00
2.254460852198693743e+00
2.259352162486000015e+00
2.263074312687472833e+00
2.268618169777385063e+00
2.271009107193968646e+00
2.275679610577630463e+00
2.280530648819870887e+00
2.283546795505310811e+00
2.288789514322381091e+00
2.293293290841542653e+00
2.295761547936490565e+00
2.300145476781514819e+00
2.302516800825054943e+00
2.309445671054369154e+00
2.312543981560309714e+00
2.317297828846663243e+00
2.320476227861536511e+00
2.324256153362111110e+00
2.327848912383470026e+00
2.332327001368857289e+00
2.336177573643580363e+00
2.339306457595719646e+00
2.344366173454402347e+00
2.346886960909474684e+00
2.351940482615322292e+00
2.356266606311686829e+00
2.358070002133511700e+00
2.363111301072672976e+00
2.366409219036870404e+00
2.368425822112541379e+00
2.374976393846995215e+00
2.379271973569728971e+00
2.383018375055894200e+00
2.385784278112953238e+00
2.387921918198983029e+00
2.392371390704159495e+00
2.395098218758338060e+00
2.399965567583725701e+00
2.403777922052133587e+00
2.406702829677675126e+00
2.409458847953966476e+00
2.413991697302110051e+00
2.416110058000732863e+00
2.421142559865381738e+00
2.423707991726539834e+00
2.426579096613572073e+00
2.430209479214511692e+00
2.434126135010493908e+00
2.437741519175580240e+00
2.441310385675777184e+00
2.443617880969067624e+00
2.448024526580962590e+00
2.451558044081290078e+00
2.454257376639615629e+00
2.457744011830113262e+00
2.461019685025485515e+00
2.464035874198670317e+00
2.466632985367504194e+00
2.470213396413798446e+00
2.473094157700825413e+00
2.477206266029371218e+00
2.478962899071293524e+00
2.483718049794029881e+00
2.486378013167927836e+00
2.489877991072968921e+00
2.493528443104018777e+00
2.495822206262638066e+00
2.500150092654193745e+00
2.502743323067611936e+00
2.503754189055266366e+00
2.507801584571262232e+00
2.511771479324945044e+00
2.514860917407620189e+00
2.517500653788065090e+00
2.520503102794504180e+00
2.522978299966747162e+00
2.526068387920313185e+00
2.530051276819994310e+00
2.532077520886260036e+00
2.535920808520291558e+00
2.538217984938134997e+00
2.541456181428152661e+00
2.545211860348600030e+00
2.548608924844395940e+00
2.551439352183160203e+00
2.553105423710850808e+00
2.554701953326943720e+00
2.560092065897863201e+00
2.562013801646049860e+00
2.563545928555915232e+00
2.567245311001490560e+00
2.569828460436069939e+00
2.573235795942657944e+00
2.576195116892102455e+00
2.578416694912272877e+00
2.581515282840542547e+00
2.584911087195516544e+00
2.586901465303974135e+00
2.589562440916334918e+00
2.591252847142794913e+00
2.593881780553634275e+00
2.597935367838571707e+00
2.599772944736293834e+00
2.602373401147775489e+00
2.604693864117914703e+00
2.606823463647958139e+00
2.610195366080705792e+00
2.614004722173451700e+00
2.616141425593097480e+00
2.619106629896666316e+00
2.620962914727619442e+00
2.625448463483426753e+00
2.627900433349026343e+00
2.628792618380924484e+00
2.631817004389349623e+00
2.634244722344071477e+00
2.636859019266239113e+00
2.639533062996380686e+00
2.642099397100531100e+00
2.644977341051207187e+00
2.647499659830105934e+00
2.649737840249328347e+00
2.652959869983746000e+00
2.654355484646655938e+00
2.655046324032349414e+00
2.659119790317332477e+00
2.661732676731937808e+00
2.664442090752991543e+00
2.667802035533934468e+00
2.668451233520998667e+00
2.671076146296796683e+00
2.673188274386609553e+00
2.676202843067680526e+00
2.677684562554935255e+00
2.679588745442508468e+00
2.684060414880821810e+00
2.685593195931001542e+00
2.688809279141302522e+00
2.689779614590335655e+00
2.692017021839171242e+00
2.695028696270318047e+00
2.697027778240200124e+00
2.700271823846536634e+00
2.703163739472426386e+00
2.704436321799192466e+00
2.708532342704993656e+00
2.709993338456814449e+00
2.711091254839716136e+00
2.714248431324843391e+00
2.715966850537490984e+00
2.718306331489379613e+00
2.720894938707947297e+00
2.722835836810424404e+00
2.724269516605944741e+00
2.726963380502706702e+00
2.728612169098907358e+00
2.731429602129011869e+00
2.732922190282988328e+00
2.735407714773697041e+00
2.736954280918522997e+00
2.739157742716755273e+00
2.741750217751763863e+00
2.744812559370954475e+00
2.747005253526355162e+00
2.748440948697310926e+00
2.750190669909070351e+00
2.753589464173901380e+00
2.755441021619687625e+00
2.757031390685273475e+00
2.759221974439129088e+00
2.760991731577273178e+00
2.764108048445644172e+00
2.764691535062333561e+00
2.768039412719145442e+00
2.768245822139027368e+00
2.771763147430690744e+00
2.773654772470697250e+00
2.775843102805358953e+00
2.777836241448499166e+00
2.779117368966045110e+00
2.781843407320960360e+00
2.785246394519811375e+00
2.787480475182342321e+00
2.787450191781482456e+00
2.789501345079435257e+00
2.792434472461036155e+00
2.793560246859013940e+00
2.794891775637797338e+00
2.797531014875952682e+00
2.800583654218605112e+00
2.801339906410588831e+00
2.802751155835908836e+00
2.806181173311521171e+00
2.807608191439197043e+00
2.809786402156237539e+00
2.812832337736987043e+00
2.812722600607404644e+00
2.815145577361699125e+00
2.817064157099823163e+00
2.817365651807290039e+00
2.820363875205842419e+00
2.822931276003854961e+00
2.824938237426195098e+00
2.826944325611781661e+00
2.828931453197144563e+00
2.830358473815847375e+00
2.832587247237481343e+00
2.832936386736064183e+00
2.836199665265572989e+00
2.837107241601682261e+00
2.839820169423431739e+00
2.840853368434997250e+00
2.843196799178998369e+00
2.844950331738277161e+00
2.846779887555201505e+00
2.848246457261286224e+00
2.851024439273351252e+00
2.852955128033573651e+00
2.854067516045014408e+00
2.856810439428212778e+00
2.858303422184144793e+00
2.860059607117110492e+00
2.862417804127730392e+00
2.862100913667488200e+00
2.865097966220742087e+00
2.866597851590947599e+00
2.869454744050200734e+00
2.870033971553615615e+00
2.873118178522332311e+00
2.873694307376280399e+00
2.875070655656432272e+00
2.877380830794871169e+00
2.879663900998395754e+00
2.881201351218429796e+00
2.883385091013908053e+00
2.884082911500968294e+00
2.886206910244604185e+00
2.887658419188085634e+00
2.888759719508211976e+00
