1.953437411827962807e-15
-5.749359321960412564e-15
2.320366121466577012e-16
6.644684802381562249e-16
-8.243405957841787115e-16
-3.996802888650563398e-17
-2.123856646107924351e-15
1.191269305422793015e-15
-1.839639551803884419e-15
-2.597921877622866147e-16
-1.208477762304482871e-15
-1.143529715363911266e-16
1.199595978107481610e-15
-1.132427485117659691e-16
-7.271960811294775636e-17
-1.865174681370262919e-16
-4.501954364855009456e-16
-1.076916333886401815e-16
1.210143096841420718e-16
2.386979502944086463e-16
6.122879980807737965e-16
-4.218847493575594903e-17
-1.498801083243961428e-17
-6.949996134153479706e-16
-9.664491429361987763e-16
-1.535993554568904168e-15
4.646283358056279688e-16
-1.388889003806070808e-15
-2.641775687095560177e-15
-1.640354518883668828e-16
8.104628079763642548e-17
-1.985633879542092646e-15
2.610966998162211705e-15
-3.136380044566066931e-17
-3.762268274698499147e-16
2.253197628476755388e-15
-4.521383267785949774e-16
-2.901012763345533930e-15
-6.108377692548571834e-15
-2.896988204881267848e-15
5.259750968100718119e-15
4.453278024119100343e-15
-6.257529217013057740e-15
7.040212596925998767e-15
7.956135750220027821e-16
6.101057159479950056e-15
-6.158823451229978047e-15
-5.060118990485307285e-15
-1.048078290821763441e-14
1.289107709467884896e-15
-7.058242879054433021e-15
7.920886169188179211e-15
-6.621092563108277436e-16
4.254790963997833950e-15
-5.212080766980875429e-15
4.835021272242557207e-16
-9.550693569337909770e-15
9.717227023031682068e-16
2.766953333122046325e-15
7.601419493852290669e-15
-7.846778782294449571e-15
-3.313738172749936000e-15
-3.559930128460564194e-15
-1.073169331178291878e-14
2.620959005383838492e-15
2.010058786083845964e-15
1.165456620100258134e-15
1.755817713444685013e-15
1.929012505286209538e-16
4.687639165723566824e-15
1.454392162258955029e-15
5.948019854429276086e-16
2.267630527796882313e-15
-2.534084053706919725e-15
2.489675132721913719e-16
1.002531391236516285e-15
1.656452752740733550e-15
-3.369804435493506295e-15
-3.491651412446117241e-15
8.554823516249144480e-15
5.401235014801386411e-15
6.988576384259203912e-15
6.256939411031226162e-15
4.753974991444920338e-15
-1.076000399891086134e-14
3.755606936550748350e-15
1.215777478691393223e-14
-5.599409824696977264e-15
-5.702938121743272827e-15
7.368272658681008427e-15
5.612732500992478859e-15
-1.041028374615393640e-14
7.139289159852069891e-15
5.001554725936329899e-15
-3.019251515468113243e-15
-4.984346269054640635e-15
-1.056627008111377102e-14
-2.637057239240903215e-15
7.224776332748206502e-15
4.895805982840783675e-15
8.204270596223749850e-15
1.347005840202086808e-14
-7.874256802153923039e-16
1.216166056750012147e-14
-1.149080830487036980e-15
1.828259765801476659e-15
-1.031730256784158049e-14
3.581579477440754779e-15
3.114730695585876643e-15
-5.192790641928013523e-15
3.740618925718308958e-15
7.873979246397766411e-15
1.540434446667404651e-16
-1.982136677014523192e-14
9.763578834309782401e-15
9.429956815409923365e-15
-4.485578575241789091e-15
-1.281613704051665081e-14
8.587575095475585209e-15
-3.616273946960290920e-15
6.592781875980335858e-15
-5.940525849013056390e-15
-1.470046306906169737e-14
1.614736122590443251e-14
-1.508237978953275255e-15
9.546530232995564486e-15
6.944445019030353845e-15
-6.855627177060341637e-15
-1.137923089089554247e-14
-3.671507542435392711e-15
9.861556016232953286e-15
-1.104200064716565022e-14
2.937650123158164301e-15
-1.851296893562448610e-15
1.654870684930642761e-14
-1.031591478906079873e-14
-8.661682482369314850e-15
-2.335853732660098217e-14
3.881894805601860222e-15
6.670775043460253168e-15
-2.031735890639652073e-14
-4.248268403728161565e-15
1.026290163963494681e-14
-1.416811112875393462e-14
-6.300515664747763416e-17
5.598299601672352328e-16
1.474098620946051660e-14
-4.499178807293447117e-16
-1.076555511403398681e-14
1.248862124825222932e-14
5.528355551120967182e-15
8.489875469308571938e-15
-1.230182622435904780e-14
1.259242710105468171e-14
-1.407901573102776638e-14
-1.229294444016204556e-15
-1.189520704159008327e-14
-1.494748769204079407e-14
-1.187050457929217392e-14
1.516009540125651382e-14
2.072231275462854588e-15
-1.331185162101178359e-14
-2.159661338652085823e-14
-1.202371535669044541e-15
2.860323089493021952e-14
-9.702516567955399107e-15
-1.016631223649255768e-14
1.496025525682398399e-15
-6.423472864724999643e-15
3.124306369173268586e-15
-1.664599014183920682e-14
7.720907246877573331e-15
9.842959780570481472e-15
2.213909611192832421e-14
-9.274386814084322800e-15
1.382990943987749625e-14
-4.565514633014800236e-15
-1.010011518864928298e-14
-1.654509862447639519e-15
-4.736488978807074446e-16
-1.195710197521293626e-14
1.404432126150823024e-14
6.215306047607782792e-15
5.154210391822288923e-15
-1.099259572256983151e-14
-1.166206020641880103e-14
1.228780965867315375e-14
-1.228586676838005992e-14
-1.453795417383218958e-14
1.936645288580507598e-15
1.909125635357611473e-14
-1.191033383030060147e-14
8.904127435371833788e-15
-8.604783552357275262e-15
-2.888494998742885552e-14
3.765737721650453057e-16
-8.623379788019747075e-15
8.441511378798338367e-15
1.901895307909740091e-14
7.424963421875929410e-15
-8.535186446501085950e-15
-6.763339888138375815e-15
1.615367561935698708e-14
-1.755956491322763229e-15
1.649336917042276809e-14
1.273342542518207615e-14
-1.746665312385431460e-14
4.318420621096663739e-15
1.034207441907852767e-15
-6.797340468267521077e-15
-2.209066263247905321e-15
-3.904931933362831779e-15
-5.738482605766038015e-15
1.906806310070230344e-14
5.070872649733104509e-15
6.282383467615116012e-15
9.482839860575075762e-15
-6.769659296025978855e-15
-2.530349194063141624e-14
2.038423249639542538e-14
4.379274720633930005e-15
1.113080114190090386e-14
5.672198821748964153e-16
-8.531335360384416997e-15
-1.182821202094785917e-14
9.937120570846502119e-15
3.565273076766572634e-15
-3.896119538104869725e-15
-1.398339777303192496e-14
-1.322685017068892004e-14
-2.377195662539577196e-15
-1.560418461110657486e-15
-8.481063074050609885e-15
5.355646481852716363e-15
-8.961303921140029413e-15
1.567711238603663977e-14
-5.550143677979235785e-15
5.308462003306146736e-15
6.176378852806863146e-15
-1.489947054622575555e-14
1.522851289514903682e-14
-1.370015212387443234e-14
-1.507835523106848528e-14
-2.631644901995855371e-15
1.641756175452258036e-14
-1.616207168098071547e-15
5.581368700546818313e-15
7.673306434696768861e-15
3.521627434110996420e-15
4.772571227107391757e-16
-2.972150303648390744e-14
5.891814813807627773e-15
7.392003675832370075e-15
-2.260552856014896987e-14
4.990313717812000158e-15
4.752032101151826503e-15
-9.163503289499885953e-16
9.196948758116719141e-15
2.914390950792267126e-14
-1.566483054382672410e-14
1.504046887035315156e-14
1.197708598965618825e-14
9.606343498447245615e-15
1.970507090831574841e-15
9.080791674165312075e-15
-8.062023271193651669e-15
5.801886748812989841e-15
1.067423927025856712e-14
-6.774164562628470713e-15
-2.018885059129615898e-14
-2.442601676477806804e-14
4.755085214469545273e-15
1.292854712175994744e-15
-9.232059561270489338e-15
6.228351168147128350e-15
-1.238453783969362089e-14
2.317590563905014278e-14
5.100087019371812858e-15
7.367995102924850813e-15
-1.140976202407273332e-14
-1.383976266922104502e-14
1.367239654825880343e-14
2.064515225441709984e-14
-2.160494005920554722e-15
-2.012806588069793330e-14
-6.025735466153036965e-15
1.368044566518733480e-14
4.941880238362728366e-15
2.779110275241691776e-14
-9.198475314775578921e-15
-2.477795746358424443e-14
2.280953204092384302e-15
-1.410982441996111485e-14
-1.278394057280252058e-14
-2.704725332591806414e-14
9.938161404932088835e-15
3.231026557415361727e-15
2.641581398066250636e-14
1.876970801006905276e-14
1.794286941247946844e-14
5.642986078413514469e-15
1.168565244569208466e-14
1.469574462120704159e-14
1.374567126788406338e-14
4.195810365814622508e-15
-1.081773559619136904e-14
-5.698219673888616259e-16
-1.878025512880299162e-14
-8.495981695944010268e-16
-1.006528194125166882e-14
1.845412711531935189e-14
-8.479605906330789114e-15
5.481448628330554382e-15
-3.531064329820310345e-15
1.607380895052301652e-14
-8.881229085488940250e-15
-1.362993051756689037e-14
-3.237132784050800057e-15
-8.187894806610529486e-15
-2.497752005226061467e-14
-1.894373546917904554e-14
-1.975503094442387919e-14
-6.724065748642260335e-15
1.967342955211392867e-14
-1.311145636506694207e-14
-3.950451077372463607e-15
3.967104422741840797e-15
-1.989797215884436746e-15
5.138944825233693494e-15
1.575406471943097076e-15
-8.326395128932518016e-15
-3.684830218730894305e-14
-1.107752778395365605e-14
-1.135203042679222563e-14
2.779443342149079415e-15
-1.311173392082309811e-14
5.219435994519017501e-15
-3.077815780017090235e-15
-3.670952430923079848e-15
-1.571520691356909209e-14
-5.123956814401254102e-15
-1.597388887830675180e-14
1.398159366061690914e-14
-1.491251566676510189e-14
-7.552292125012627603e-16
-1.672606497749029599e-14
6.544764730165297332e-16
-1.294631069015395035e-14
3.577971252610723146e-15
8.804623696789804701e-15
1.620176215411106619e-14
5.634936961484982305e-15
2.291777878582479199e-15
5.286882043264995162e-15
1.499189661302580096e-14
-5.440925487931735947e-15
-1.747574307486843269e-14
-8.771039450294892706e-15
5.875855357828640675e-15
1.385586090307810935e-14
1.050409759173476200e-14
1.302069563280383603e-14
2.230604589925633175e-14
-1.304789609690715169e-15
-7.188694084447888599e-15
-2.525757381022231216e-17
-8.977540932875171759e-15
-1.157685058927882006e-15
-4.938827125045008807e-15
7.679967772844520842e-16
5.071776332243871082e-15
-9.732215033864121855e-15
2.114530772701073235e-14
2.378097718747085499e-15
2.022909617593882217e-14
-1.599553822728694357e-15
3.594624597980100336e-15
-1.062067100932040312e-14
4.515277041150511839e-15
-8.872347301291939187e-15
-1.877442645792370854e-14
7.674416657721394586e-15
-4.654054919228656407e-15
9.775513731824503023e-15
4.252154184314349234e-15
1.057154364048074045e-14
7.673306434696768861e-15
-9.273692924693932708e-15
-1.194933041404055934e-14
2.431110868172936471e-14
8.028577802576819270e-15
-6.035727473374663753e-15
-1.310562769418766057e-14
1.067479438177088077e-14
-1.233291246904855074e-14
2.933209231059663769e-15
-2.496336470869664418e-15
1.812994199212880441e-15
-8.230083281546284929e-15
-1.719291375934517570e-14
-5.423439475293889858e-15
-1.810773753163630175e-15
5.646594303243546101e-15
-1.805777749552817176e-14
-1.112387959523175520e-14
1.148359185521030693e-14
1.991184994665218113e-15
-1.130262550219640692e-14
-2.199906923294747827e-15
-1.970645868709652859e-15
1.679600902804168034e-14
9.051093208256589327e-15
-9.209299989265673424e-16
-2.666200593637313495e-15
-1.514677272496101144e-14
5.058176100192213451e-15
-4.333200465111986103e-15
-1.081912337497214962e-15
1.704747454311927915e-15
-2.112088282046897903e-14
-9.788836408120005406e-15
-1.261490911730334119e-14
1.439626196031440347e-14
-2.042865876461519242e-14
-9.859335570183703415e-15
2.265021503689012964e-14
4.281019982954603872e-15
4.281575094466915946e-15
5.153655280309976850e-15
-5.834221994405197304e-15
3.979594431768873493e-15
4.130029651605582547e-16
8.681388941056410811e-15
-1.480482403337646341e-15
2.028210932536467251e-14
-1.923627923616777328e-14
7.149836278586008751e-15
5.428990590417015128e-16
-7.662204204450517927e-15
-4.049538482320258639e-15
-1.246613923200356984e-14
1.119659920334470308e-14
2.193245585146996635e-15
-1.036726260394971127e-14
-1.410316308181336366e-14
6.981082378842984610e-15
2.147837463439827931e-14
-2.034039603415749386e-14
2.535749388243857523e-15
1.344757638577220860e-14
-1.631528245837898933e-14
5.432876371003203783e-15
1.755207090781141220e-14
1.725064535662568182e-14
1.492084233944979246e-14
-9.319767180215875821e-15
7.349121311506222962e-15
-9.253708910250680711e-16
1.718625242119742372e-15
-1.211364342168508295e-14
-7.798761636479412623e-15
-2.172706459191431223e-14
2.147781952288596724e-14
-8.056888489704760257e-15
3.767541834065468972e-15
2.993161274389422128e-15
-4.610201109755962376e-15
-1.188549259012461410e-14
5.162537064506977913e-15
-1.101119195823230333e-14
-6.795120022218270416e-15
1.715794173406948037e-14
1.981304009746054450e-14
8.648637361829969489e-16
-4.206635040304718195e-15
1.182831610435641848e-14
1.857791698256505785e-14
-6.795120022218270416e-15
-1.044109243508728487e-14
-9.716116800007057527e-15
9.497957975668213888e-15
-1.713573727357697850e-14
-7.151501613122946549e-15
-7.311373728668968839e-15
6.001310559611283648e-15
4.779510121011298591e-15
4.836131495267182143e-15
3.995692665625938610e-15
1.333100296818656747e-14
9.510725540451404198e-15
1.157907103532807033e-14
-1.062205878810118488e-14
9.823253321883385511e-15
1.795119608516415585e-14
-1.563860152486995654e-14
9.913181386878023444e-15
-6.494249582544852899e-15
-7.646661082105765672e-15
6.223355164536314956e-15
6.938893903907228378e-16
6.906142324680786070e-15
9.667266986923550891e-15
1.957378703565382314e-14
-3.753664046257654516e-15
-9.046097204645775933e-15
2.188804693048496183e-14
-9.413025914284389349e-15
-7.825406989070415812e-15
8.361089598452054158e-15
7.236988786019083161e-15
-2.225442052861126475e-15
2.529088050096106725e-15
