-1.727163644585328782e-03
2.218607051409830864e-03
-2.114944037704992886e-03
-7.747593780955739848e-03
-1.653944468882000141e-03
2.096941314123615310e-03
-3.543828765727513683e-03
1.344962570665990810e-04
-6.926003666029537098e-03
6.430926573333049442e-03
-2.798301907428385037e-03
-4.901565854468323442e-03
-7.454668330387738233e-03
-1.406747832518280518e-03
7.600764458946622764e-04
-2.177313387768894850e-03
9.985085616782385029e-03
6.251851274525355683e-03
-1.741516059142246900e-03
6.371738452403616360e-03
1.234154823360519631e-03
2.455727412301953318e-04
9.449894610407957168e-03
1.926959957633696263e-02
1.126471873795039519e-02
1.195286192380595747e-02
2.941033627220547217e-02
1.444455566709318406e-02
2.113323416259875118e-02
2.877940742359817727e-02
1.802582609300187877e-02
2.215585208654424071e-02
3.829889062962311963e-02
2.981531876030996120e-02
3.120609978459138248e-02
4.809613344703082133e-02
3.494743290759907972e-02
3.983407238157360419e-02
4.342668933271959936e-02
3.694443903018940212e-02
5.407730636783454614e-02
4.736827478374781852e-02
5.586355748833946033e-02
5.829770709491105540e-02
6.749281560785423684e-02
7.078232064356593245e-02
6.163478890081913741e-02
6.749844976877097946e-02
8.302785927429286172e-02
7.492975368181752083e-02
7.994447864432253914e-02
7.204874953472151233e-02
9.165687612223354097e-02
8.921576195119701458e-02
9.352603840997056328e-02
9.476238835231030888e-02
1.027862712111775045e-01
1.128093634534344941e-01
1.071533716868224434e-01
1.047889634887030769e-01
1.072880932553870598e-01
1.172024969316754761e-01
1.226343504754570796e-01
1.319923491561486306e-01
1.280791626096214886e-01
1.304399858157865855e-01
1.409803079382097035e-01
1.374786411904284078e-01
1.450625290033216719e-01
1.419141049679840672e-01
1.399445240319334705e-01
1.596717567532017767e-01
1.663104398232644887e-01
1.560364627853487451e-01
1.611753424403869206e-01
1.613402429058760357e-01
1.668539280730482743e-01
1.774001133059458224e-01
1.735878116706220387e-01
1.868552163630647356e-01
1.939130584668179169e-01
1.896285061286598073e-01
1.973462236038354412e-01
2.033891010937037280e-01
2.025315846897710881e-01
1.989726860366141659e-01
2.066910322430035862e-01
2.101926109586316482e-01
2.252318483711883979e-01
2.234692684417628750e-01
2.217930038427071704e-01
2.285405063037647677e-01
2.376846734255352867e-01
2.352203954763728011e-01
2.392669717706378818e-01
2.434796223772139889e-01
2.414016246276060040e-01
2.554612575025902999e-01
2.531375823391030511e-01
2.606177778070180584e-01
2.617828174790316487e-01
2.743618077683396828e-01
2.711494707506016399e-01
2.749910233178313179e-01
2.746507006423358210e-01
2.856752505207753035e-01
2.893830386140461286e-01
2.869820020564053942e-01
2.995451539285693965e-01
2.960679933461554114e-01
2.942176911384138949e-01
2.982574682464412819e-01
3.074684489173508117e-01
3.035442966934641662e-01
3.185182990603854791e-01
3.147933117595158037e-01
3.231467614343208061e-01
3.259887993177454923e-01
3.226502773881342878e-01
3.315567535908370833e-01
3.373427998967358232e-01
3.402680399524533050e-01
3.475228903361676225e-01
3.471415018281291953e-01
3.555228280005084396e-01
3.550792178044298586e-01
3.625778925184405810e-01
3.664841455215204769e-01
3.654121923387170234e-01
3.689544154844777712e-01
3.720694450342372783e-01
3.845419404322546475e-01
3.795009356545972490e-01
3.825957285928022755e-01
3.863746747377602153e-01
3.938565379602154692e-01
3.929166764526905165e-01
4.004370327962148424e-01
4.062820959752012073e-01
4.059817077551037268e-01
4.120226565486759251e-01
4.206770579449658487e-01
4.194417935339323500e-01
4.201924448901511733e-01
4.238550966011948029e-01
4.283294700370126051e-01
4.359291129911785911e-01
4.411456538886553425e-01
4.471616049699315698e-01
4.437617937135544532e-01
4.465953989330938012e-01
4.482025622318020486e-01
4.548271258838059716e-01
4.566825989462149904e-01
4.579689744607159940e-01
4.659573948406454669e-01
4.699713115210021330e-01
4.746421075168058556e-01
4.762998422136316412e-01
4.814712959947266002e-01
4.839429459671439337e-01
4.866640762674283582e-01
4.881097928888396553e-01
4.948199567487237549e-01
5.022870501505546370e-01
5.005739896873128147e-01
5.043213813060450912e-01
5.061911587438467919e-01
5.080517147457835891e-01
5.134308303346405422e-01
5.189986589708037723e-01
5.211316843213923411e-01
5.231575869140935309e-01
5.281639986864763436e-01
5.334240537816896666e-01
5.364003747105471342e-01
5.372425046281481542e-01
5.437684069572527035e-01
5.409353110040404644e-01
5.485896509540622024e-01
5.494670143706995580e-01
5.527614025138457565e-01
5.594976863284811808e-01
5.627577824081515523e-01
5.654786994955409707e-01
5.674387096989637058e-01
5.717896708178196175e-01
5.771463123110637250e-01
5.789452608777000409e-01
5.825396692106774577e-01
5.882429172160578146e-01
5.889302434083318882e-01
5.925167900313970115e-01
5.962710810140406936e-01
5.985536324068997382e-01
5.994687083537362238e-01
6.110199438555138363e-01
6.117613513730413288e-01
6.122888687565255506e-01
6.143642117503634870e-01
6.165820379497654047e-01
6.213840705352836613e-01
6.253881842293114168e-01
6.275286951025065285e-01
6.332068108472240775e-01
6.338389377339400665e-01
6.363320204341997854e-01
6.409444842031277734e-01
6.417283435655272150e-01
6.479979504740173146e-01
6.522628036749088531e-01
6.567502521162490448e-01
6.570164539330664022e-01
6.580173466292590367e-01
6.635623843972991986e-01
6.676298802807351107e-01
6.710584891455820822e-01
6.714137759498886027e-01
6.731095676111593651e-01
6.783333694169477734e-01
6.801420184440236660e-01
6.846582972648161958e-01
6.891374262169622789e-01
6.910624548906804110e-01
6.943185400489720882e-01
6.979124430981545890e-01
7.029534775555912329e-01
7.034394997411103079e-01
7.073945559411846107e-01
7.111756639122320811e-01
7.124299200599228943e-01
7.154188705074833177e-01
7.190538613791124245e-01
7.238479079689016382e-01
7.254714758764357896e-01
7.286781757504495749e-01
7.317460218911412406e-01
7.333789986927674587e-01
7.380537915152411976e-01
7.392978641960485930e-01
7.420293229130990875e-01
7.439106680211953204e-01
7.494427550389595183e-01
7.507491646767237015e-01
7.548907350270614991e-01
7.581253978225549472e-01
7.599118889124841791e-01
7.631724896181358853e-01
7.630352880642911062e-01
7.663642219800576028e-01
7.690952771861270243e-01
7.718247208116301161e-01
7.768131727495337646e-01
7.765458077319412622e-01
7.803901258663052953e-01
7.861451000807392342e-01
