-4.986494998943036966e-03
-5.372124276299252398e-03
-6.314093388676368657e-03
-5.643333908022002583e-03
-5.226994408703861117e-03
-5.974576154497203764e-03
-7.779155986789255614e-03
-8.436116743877734164e-03
-8.207679048722438253e-03
-6.981083911720599097e-03
-4.781196914344100143e-03
-7.758231738950712233e-03
-5.866922173023878320e-03
-6.566055886535551462e-04
-1.755409640976476199e-03
3.838227122638353944e-03
9.184328733988934151e-03
3.083859296635238934e-03
3.636900104234279830e-03
9.742915724581205361e-03
1.413598885013257235e-02
1.972563133871339802e-02
2.841190170024619072e-02
3.860341867349476735e-02
2.974833596933772542e-02
3.665593450805833958e-02
5.148677449617766744e-02
4.970411778940104358e-02
6.454874300394432274e-02
6.739244604158534102e-02
7.243964197503460767e-02
7.207026830139935669e-02
8.300215050417361629e-02
8.396873911824298542e-02
1.043926153175849386e-01
1.138000089558245526e-01
1.184836691179524809e-01
1.325651348040922661e-01
1.380524801822602121e-01
1.351033982392781108e-01
1.515428064895409099e-01
1.561983199869562966e-01
1.625383810313573429e-01
1.708620216321072582e-01
1.750408280208042566e-01
1.859771808055710740e-01
1.926114477407035452e-01
2.031081156299396340e-01
2.140296067148171610e-01
2.266989993057354491e-01
2.288030817528541871e-01
2.383135604917715755e-01
2.520489932987331483e-01
2.510550443311378443e-01
2.592056997453527356e-01
2.778144545112540276e-01
2.895860908180067361e-01
3.018344959327981525e-01
3.083050814551377972e-01
3.088590225029194669e-01
3.189686909224564437e-01
3.254071664320509205e-01
3.397860312736901145e-01
3.455447802068747909e-01
3.546090831500861018e-01
3.702596424266987873e-01
3.739665415948029703e-01
3.776828159164474785e-01
3.890021099439722185e-01
3.978803381015018070e-01
4.046617871566749458e-01
4.218035345791644186e-01
4.288940383241561238e-01
4.297993421335443154e-01
4.490240262282024220e-01
4.547221586517969372e-01
4.650137205141886554e-01
4.721281488815310401e-01
4.742889712104200184e-01
4.873032419861987874e-01
4.999230130160485230e-01
5.080203649539261068e-01
5.194398837880859210e-01
5.337162992412766149e-01
5.361648854376888096e-01
5.442125807085275158e-01
5.551876289961455990e-01
5.634309297747073231e-01
5.756835677183482769e-01
5.792143243264853414e-01
5.879060689968482745e-01
6.016322687050089657e-01
6.112467656446253228e-01
6.148096235833441225e-01
6.243458669728177979e-01
6.366215902480077959e-01
6.404529125526737809e-01
6.553043253196876305e-01
6.596839003731130857e-01
6.714651901616190965e-01
6.791615573057042665e-01
6.891935023874121713e-01
6.943110179770414225e-01
7.083685312738779993e-01
7.147736923084679894e-01
7.164139154948531152e-01
7.297040772227888494e-01
7.369764270267413764e-01
7.468139150272264937e-01
7.531950353698487755e-01
7.618970991015097116e-01
7.694057787667014647e-01
7.765841168394967964e-01
7.876552467224180454e-01
7.999672496844812963e-01
8.021326657276057759e-01
8.118466314395640371e-01
8.249013230396831098e-01
8.323892745531568105e-01
8.369883322810389714e-01
8.458367470176496594e-01
8.524024055851254777e-01
8.603233567026464801e-01
8.657180801521281444e-01
8.783518999483106438e-01
8.890986159586851123e-01
8.952739394350803792e-01
8.997350412396151187e-01
9.098245499804401559e-01
9.205799733472550539e-01
9.242885107272698075e-01
9.330074444829982161e-01
9.429749991656786179e-01
9.487484304378581701e-01
9.528735459293279364e-01
9.641206753227899995e-01
9.747537435730981858e-01
9.807933038585170404e-01
9.877550714866317749e-01
9.944087881973173726e-01
1.003619607525745527e+00
1.009337832347636521e+00
1.018448109279201486e+00
1.027533239176039892e+00
1.034164558060084227e+00
1.043066284452613735e+00
1.047986041601042473e+00
1.055596350254629501e+00
1.064660751733385036e+00
1.071902999775578902e+00
1.076302507676474285e+00
1.083940190504961043e+00
1.091404220855770379e+00
1.099092531202765510e+00
1.106608173911558746e+00
1.114330389834939705e+00
1.117878916304507086e+00
1.125979230177305279e+00
1.140304294665212437e+00
1.144175153072721551e+00
1.152491518856330055e+00
1.157536523535117601e+00
1.163132849588392359e+00
1.170587163102570827e+00
1.176102035382046829e+00
1.185871936521766257e+00
1.195004395633165295e+00
1.199666917984157255e+00
1.204993974602188489e+00
1.212287674599230147e+00
1.221164239870904167e+00
1.229792764146290018e+00
1.235901951388689524e+00
1.242478743647816852e+00
1.249152215728113413e+00
1.255459575564556340e+00
1.262206993488474316e+00
1.267531879895369418e+00
1.273775828323462589e+00
1.281003523582541215e+00
1.284807355672150653e+00
1.291808381417059559e+00
1.301611314798537533e+00
1.306926947196872968e+00
1.312605433213827943e+00
1.319201583011137435e+00
1.326243033424579831e+00
1.332050839555082744e+00
1.340429541865628016e+00
1.343510370513659291e+00
1.352077730052848592e+00
1.357229328730275908e+00
1.364067241486975002e+00
1.370964748531252164e+00
1.375525368765331935e+00
1.382838202728149835e+00
1.388750751104071535e+00
1.394524451137862942e+00
1.401974564647522792e+00
1.407707598329327014e+00
1.414182628848190904e+00
1.417806823342907752e+00
1.424525533345211370e+00
1.431837492235768616e+00
1.436779047308917479e+00
1.442593387925211523e+00
1.451142591507514013e+00
1.456710812834049795e+00
1.459916749942946623e+00
1.466065905446614526e+00
1.473952240805387781e+00
1.476653698725990393e+00
1.482650445803239680e+00
1.490654562796827509e+00
1.495154457285936989e+00
1.501243942834654232e+00
1.506740060876238685e+00
1.512530352325099914e+00
1.518169697957582720e+00
1.523870150047367034e+00
1.529891323902013323e+00
1.535070011954388303e+00
1.540012003542303498e+00
1.545585894408914918e+00
1.553229313834879388e+00
1.556600502318193913e+00
1.563408402619826720e+00
1.568777972930191611e+00
1.574744598078930080e+00
1.580469985430166480e+00
1.584103812638362196e+00
1.589215176495498483e+00
1.594354138510123642e+00
1.601029766704515689e+00
1.607254911896975669e+00
1.609581001308240777e+00
1.615310526536669844e+00
1.621395005126349043e+00
1.628103113489489440e+00
1.633357465481066750e+00
1.636403584375515585e+00
1.642378532958866266e+00
1.647272729458492568e+00
1.652412256532857393e+00
1.657279731810988199e+00
1.661933626589915169e+00
1.668038611014558414e+00
1.673663257363299461e+00
1.678168840824196373e+00
1.683467995808988427e+00
1.687676359591323783e+00
1.692526708210393638e+00
1.697651038945439117e+00
1.701482463364547115e+00
1.707416279271229520e+00
1.713222529914402825e+00
1.718328113179357075e+00
1.723366743451866689e+00
1.726876505262382899e+00
1.731662766271808929e+00
1.735947622675804602e+00
1.741516791829142763e+00
1.747747597364483818e+00
1.751748661981895827e+00
1.755028029683769253e+00
1.759969019859655814e+00
1.765884796365689180e+00
1.770222261898693361e+00
1.773837554246178172e+00
1.778784072718717191e+00
1.784627310744415274e+00
1.789245233854786399e+00
1.793989677864887389e+00
1.797409431677463809e+00
1.800671464596600879e+00
1.806047190758512722e+00
1.811599589307380631e+00
1.816643831331521852e+00
1.820845322106937170e+00
1.824423860958353183e+00
1.828530833280941792e+00
1.834259881460950981e+00
1.839839851313223251e+00
1.841884496836863505e+00
1.845042574088405551e+00
1.850684739343927188e+00
1.855758455264657103e+00
1.859390411513807573e+00
1.863760942665467324e+00
1.868343583548862652e+00
1.871848920018755136e+00
1.875788391417011258e+00
1.880708727176077844e+00
1.886109545786114783e+00
1.888872466023061136e+00
1.892475805733678129e+00
1.897209314019939974e+00
1.902765982570775005e+00
1.905684284031213815e+00
1.909252754260188922e+00
1.915161982893056392e+00
1.919360858511898860e+00
1.922336811302236326e+00
1.927157930285182674e+00
1.931165737687174477e+00
1.934430297898260598e+00
1.937749341289949356e+00
1.941251118079555305e+00
1.945828828002745148e+00
1.949722891751460185e+00
1.953557528763387285e+00
1.958216280643948481e+00
1.961705113749754537e+00
1.965417798877719280e+00
1.969308938709450452e+00
1.973456823373049396e+00
1.978220506325626182e+00
1.982152736557965644e+00
1.985471917666775443e+00
1.988634414177804288e+00
1.992964896542898545e+00
1.997777207930375720e+00
2.001491973005438574e+00
2.004318042994618132e+00
2.007770831369280806e+00
2.011660566585943499e+00
2.016064245406468114e+00
2.019999696534055644e+00
2.023025862219282711e+00
2.026872743730292026e+00
2.031033501688781051e+00
2.033852950599274401e+00
2.037408588499788120e+00
2.040965305370600724e+00
2.044802476986750328e+00
2.048209441208572290e+00
2.051639667186138105e+00
2.055334569954657020e+00
2.058822934818515638e+00
2.062242321944427470e+00
2.066140765351756059e+00
2.069331672381697018e+00
2.073127117769271166e+00
2.076395252075682318e+00
2.079506077831195121e+00
2.083050503873065562e+00
2.086996154927041935e+00
2.090600483613673788e+00
2.093859686211458015e+00
2.097209678924592868e+00
2.099991715818557036e+00
2.103691996703794143e+00
2.107454277021015621e+00
2.111132503855559950e+00
2.113686897147243560e+00
2.116926009565540667e+00
2.120061805634691154e+00
2.123632509872139806e+00
2.126434330757620561e+00
2.129552041234954896e+00
2.132756372947935741e+00
2.136404290087628333e+00
2.139850147624557497e+00
2.143712508602115374e+00
2.147133572469984930e+00
2.150174381487310438e+00
2.152453606777878559e+00
2.155550409132671152e+00
2.158693461574076267e+00
2.162250778528014727e+00
2.165701491405495727e+00
2.169251472000567116e+00
2.172340992166204909e+00
2.175409760265441417e+00
2.178122805969043174e+00
2.181020904371666180e+00
2.184096437886241304e+00
2.187269608784083719e+00
2.190066630218118426e+00
2.193339336514446458e+00
2.196507921694212051e+00
2.199485848783188757e+00
2.202945815346686320e+00
2.205940913892277866e+00
2.208975118612019894e+00
2.211362575569808531e+00
2.214499297216964369e+00
2.217962596076458404e+00
2.221105155117829799e+00
2.224184737673595702e+00
2.226467092331397168e+00
2.228629280839170779e+00
2.232528656690628388e+00
2.235493833651695184e+00
2.238062806552735040e+00
2.240395841539393196e+00
2.244062665386766131e+00
2.246852523302395266e+00
2.249758127427582188e+00
2.252374691763677106e+00
2.255238958680257255e+00
2.258062238702843505e+00
2.261013555832358524e+00
2.263620911199782260e+00
2.266059758676518765e+00
2.269266705123901495e+00
2.271865838556845318e+00
2.275070397071695893e+00
2.277816916551667514e+00
2.280704262705734564e+00
2.283596793048505269e+00
2.285991201193856348e+00
2.288575093861571652e+00
2.291512747031535735e+00
2.294147396890398927e+00
2.296706529378143458e+00
2.299283488248254237e+00
2.302300593056064493e+00
2.304676787075296662e+00
2.306803201038121198e+00
2.310017402115822183e+00
2.312930579636264916e+00
2.315662756834913072e+00
2.317810877192597818e+00
2.320601060247509562e+00
2.323428070499598430e+00
2.325732470085632109e+00
2.328225143668638975e+00
2.331377410525170557e+00
2.333440831465323217e+00
2.336079925531143964e+00
2.338888822697534842e+00
2.341675086879281054e+00
2.344042453468852205e+00
2.346382149160278541e+00
2.348933722054281414e+00
2.351782007735236046e+00
2.354318036976554840e+00
2.356546249297498896e+00
2.358808637002411501e+00
2.360718537636556036e+00
2.363880772027351806e+00
2.366256567589854587e+00
2.368143065359321842e+00
2.370943743348110200e+00
2.373242401754544595e+00
2.375998566443174642e+00
2.378122314045763908e+00
2.379942420999334285e+00
2.382930968466437704e+00
2.385333338515559287e+00
2.387907484245368916e+00
2.390668404646122625e+00
2.393285787834008360e+00
2.395622430178919515e+00
2.397123423909317541e+00
2.399585689415888456e+00
2.401649984115108882e+00
2.404596327868569805e+00
2.406960435296386258e+00
2.409552776042246158e+00
2.411574625801210736e+00
2.413680839344717111e+00
2.415460646522789911e+00
2.417810149233539097e+00
2.420270261400432332e+00
2.422367702922205712e+00
2.424960072925321786e+00
2.426980859022063619e+00
2.429250368229679768e+00
2.431077897356265449e+00
2.434014961891431739e+00
2.436367790589413218e+00
2.438341378694407702e+00
2.440271869722973719e+00
2.442505479497841137e+00
2.444383734408665632e+00
2.447410264063809571e+00
2.449535898990608640e+00
2.451706935415722821e+00
2.453607140868127701e+00
2.455965144847481962e+00
2.457625108517242030e+00
2.459993534005328275e+00
2.462599022597020682e+00
2.464358741566935684e+00
2.467032174425036750e+00
2.468783035333244502e+00
2.470589686373343419e+00
2.473012103848069465e+00
2.475218232963755316e+00
2.477174371017970778e+00
2.479493738396554736e+00
2.481497156898022638e+00
2.483295849314580028e+00
2.485346938459882082e+00
2.487665088772192945e+00
2.489380706225187811e+00
2.492093960818438259e+00
2.493577308701476092e+00
2.495430482755534474e+00
2.498101765898538940e+00
2.499840881069081533e+00
2.502014740105114488e+00
2.503819157071766721e+00
2.505704232729234260e+00
2.508297030055330445e+00
2.510289736972329155e+00
2.512378499304277035e+00
2.514084821674732684e+00
2.516072189919142055e+00
2.517799042233094031e+00
