-5.076356679617003050e-03
-4.785541047846660588e-03
-5.425249049899976556e-03
-3.947983883285298597e-03
-2.150780699522907187e-03
-2.113106106096328349e-03
-2.434251037177456549e-03
-2.558826082701905376e-03
-2.962123724514766424e-03
-2.622015794607949861e-03
-2.054982054382106793e-03
-3.335104887500649987e-03
-2.260119757501310479e-03
3.641027087609775251e-04
3.527349644288633231e-04
3.144137837087668252e-03
5.663108944491930009e-03
2.671887664268426683e-03
2.624052922696488207e-03
5.304669808327424664e-03
7.046793089192009661e-03
9.888140179681184985e-03
1.384725362202926524e-02
1.938363373211413401e-02
1.508032395627829925e-02
1.853605789621850033e-02
2.616060555416050565e-02
2.449632315659424839e-02
3.170446679439518217e-02
3.363134131682843364e-02
3.563530910586693717e-02
3.418511446962329420e-02
3.960484776482316172e-02
4.140503271605634056e-02
5.254970532187958066e-02
5.698517784385832841e-02
5.808157544464968153e-02
6.591485763983725987e-02
6.979328174387847139e-02
6.670383009530918283e-02
7.581573970284224973e-02
7.807750499792069643e-02
8.059527476909326971e-02
8.432292988147685464e-02
8.551573603034078042e-02
9.252117288085356939e-02
9.589616781261818546e-02
1.012739508547100126e-01
1.085619929185056148e-01
1.136601391092137564e-01
1.141757297251133896e-01
1.210182055943733598e-01
1.290658214534699255e-01
1.285333526827844575e-01
1.312084544579278644e-01
1.393494886121431908e-01
1.468373870856199692e-01
1.567311350995066466e-01
1.582936705699518887e-01
1.558922696102486294e-01
1.635237798033568057e-01
1.656716566382891720e-01
1.720813607920584631e-01
1.787098708618890530e-01
1.808580858982360984e-01
1.869688060734120971e-01
1.963253551394854857e-01
1.949561726440964815e-01
2.021549330588897908e-01
2.057695682046012386e-01
2.116767074071297938e-01
2.225939407934258429e-01
2.235052616355627242e-01
2.248490858300244144e-01
2.361587272027486639e-01
2.374970093344836441e-01
2.452176864860211303e-01
2.495881791879036582e-01
2.500861601593787897e-01
2.614464283059287908e-01
2.695527225928320836e-01
2.701984181664882079e-01
2.781786503827916590e-01
2.895854949772410092e-01
2.860286569059807826e-01
2.862703259138161260e-01
2.937446730533389561e-01
3.001675977829678654e-01
3.094242412879792958e-01
3.084500774699561743e-01
3.122994547500165252e-01
3.231326766551251284e-01
3.282254711481654708e-01
3.323909090035400693e-01
3.376985912981572691e-01
3.468989224118522174e-01
3.482689594444024483e-01
3.577863524760579450e-01
3.565390137456550534e-01
3.638445411850894651e-01
3.689031760714560071e-01
3.781723147864509138e-01
3.792938765873645202e-01
3.858795747874754767e-01
3.881179327659087241e-01
3.938628170191257327e-01
4.016647187121200613e-01
4.030056617251153717e-01
4.122031478868392607e-01
4.134162602922106244e-01
4.184248584405639293e-01
4.227204449905971329e-01
4.265717875075162313e-01
4.371089238041555025e-01
4.432646365085935458e-01
4.413207496170308830e-01
4.506530244807832042e-01
4.581300220667601786e-01
4.609419129800604309e-01
4.645871061060092844e-01
4.720661377319547714e-01
4.745140514661536635e-01
4.806852589894595185e-01
4.864651479704190651e-01
4.941701192863030001e-01
4.987019415670723710e-01
5.048966921541838682e-01
5.073361788104323589e-01
5.125105909996644504e-01
5.193809888402282082e-01
5.216952759599290390e-01
5.284652616723138907e-01
5.330514147995357721e-01
5.358039244057946071e-01
5.392300336175767095e-01
5.498919933818298134e-01
5.521559515289428122e-01
5.579254642843467504e-01
5.678706234868410307e-01
5.677593291316417323e-01
5.727857745326380146e-01
5.800608097086367154e-01
5.844302192891336345e-01
5.907960071124309653e-01
5.934581328014830737e-01
5.972605375999270327e-01
6.038773477367725961e-01
6.105909302243242021e-01
6.183042368119455734e-01
6.192036905503065514e-01
6.228612759842517832e-01
6.273876241414120258e-01
6.320995121293204733e-01
6.371029919264264985e-01
6.409007364915983995e-01
6.479052048086070270e-01
6.510704975959067387e-01
6.559144939507396410e-01
6.619979228247661052e-01
6.678156662541427924e-01
6.704206887878616516e-01
6.762448824055001806e-01
6.808280264816548577e-01
6.868321386554949726e-01
6.935251738082994777e-01
6.973344855475211990e-01
7.001489383441923398e-01
7.050880929591949453e-01
7.099670672048007392e-01
7.128019102471578883e-01
7.203442666464221489e-01
7.279082933403817623e-01
7.280470026163068376e-01
7.322224342617802417e-01
7.392174531399539061e-01
7.423998023594308160e-01
7.476848456817610789e-01
7.539854980350639835e-01
7.570841295820307515e-01
7.605504005922875121e-01
7.669817635787383736e-01
7.698642626398559674e-01
7.754076174234487695e-01
7.811741715625718507e-01
7.834741428190398205e-01
7.885125686555615188e-01
7.935961760510032992e-01
7.976978178592362134e-01
8.027497693938708823e-01
8.085674961894998569e-01
8.143527286750321670e-01
8.136752833856949474e-01
8.207920240520155675e-01
8.267209487391669054e-01
8.288249350776434321e-01
8.340940709787312279e-01
8.402952151145942628e-01
8.447728796481772662e-01
8.481588796289675214e-01
8.520965491682375159e-01
8.583653858191360175e-01
8.610383358658977304e-01
8.653059982687381080e-01
8.704867464155660040e-01
8.742576062766130862e-01
8.774597929748295666e-01
8.828584614414550780e-01
8.861560021056607006e-01
8.936311768682854151e-01
8.958722850575919772e-01
9.001863194317082373e-01
9.074923799384514433e-01
9.094321461267914630e-01
9.132094700773841778e-01
9.197717908810657539e-01
9.246860191618062608e-01
9.278864543372569162e-01
9.314375264746226346e-01
9.359337778357901261e-01
9.412772752080367233e-01
9.441410886186084594e-01
9.484085548624014983e-01
9.550802367838406859e-01
9.568029864918485838e-01
9.596756859536229589e-01
9.664053917573903751e-01
9.698485121559238253e-01
9.742227882276923712e-01
9.784449651999549413e-01
9.829332480049287613e-01
9.876276934963955645e-01
9.900749495204119732e-01
9.947402272701268977e-01
1.000521750881123051e+00
1.003886598866835733e+00
1.008698881347205978e+00
1.011623840167660271e+00
1.015106537987512825e+00
1.020066237590489200e+00
1.025676746299482467e+00
1.029644716209686228e+00
1.031091752096924719e+00
1.036380574613869232e+00
1.041374720782702878e+00
1.045208562980553646e+00
1.049675255777942295e+00
1.054055341510979682e+00
1.056591058714394293e+00
1.060021972754711994e+00
1.064506862724792891e+00
1.067089217510805765e+00
1.070635700903191490e+00
1.076046588121641223e+00
1.080009445963014070e+00
1.084013766916702037e+00
1.089110905489813819e+00
1.092652742287803180e+00
1.096465435930910282e+00
1.102052522984830807e+00
1.105377777932127437e+00
1.108525871918178529e+00
1.111972853909264813e+00
1.115491768536261752e+00
1.120817023381009303e+00
1.125522265408266831e+00
1.129115807936008187e+00
1.132838408026574983e+00
1.137085273261291940e+00
1.139550820923117103e+00
1.143803371092376731e+00
1.148747497021712638e+00
1.150904651943459811e+00
1.154446762783767122e+00
1.158444318398021977e+00
1.162134436172514551e+00
1.166305733459622074e+00
1.170130060506152425e+00
1.174436963610661744e+00
1.178762722261793794e+00
1.181978852872801466e+00
1.186404609634913454e+00
1.190004264300997594e+00
1.192853259236210439e+00
1.197125752832791878e+00
1.200448175457756728e+00
1.202907871182800292e+00
1.206430063224394056e+00
1.211705244312344165e+00
1.215156436357412106e+00
1.217685337102830667e+00
1.222407341232955247e+00
1.225641564189219768e+00
1.228451991471080751e+00
1.233497640143829788e+00
1.237006726809893875e+00
1.241112402800124803e+00
1.245449518508713105e+00
1.248478138719579800e+00
1.252043042432017028e+00
1.255983219952497176e+00
1.258397936105161596e+00
1.261733703139363172e+00
1.266117493421383244e+00
1.269503561961101035e+00
1.272547689212258248e+00
1.276466101556222865e+00
1.281076162079586744e+00
1.284022212334127389e+00
1.286268059222755999e+00
1.289722830511653928e+00
1.294459089620697778e+00
1.298734112866323676e+00
1.300536384587716698e+00
1.304103566154816374e+00
1.308471244869908512e+00
1.312086616407480477e+00
1.314701562364742671e+00
1.317813519451362048e+00
1.322050148560536931e+00
1.325569765628971330e+00
1.327991094818153028e+00
1.331311266328838672e+00
1.334668268691995507e+00
1.337188721612782683e+00
1.341276498851097676e+00
1.345624302895041424e+00
1.349657913607696713e+00
1.352785927221528350e+00
1.355462205201646730e+00
1.358539915333708992e+00
1.361748918905662409e+00
1.365251775509438437e+00
1.368950333452348733e+00
1.372308973763359585e+00
1.375085083299134148e+00
1.378896855388598075e+00
1.383140294867023723e+00
1.385235638215814857e+00
1.388475565978899651e+00
1.392355512355945235e+00
1.395909860732783114e+00
1.398631561307383864e+00
1.402919823710931491e+00
1.406060011002191912e+00
1.407697075116675078e+00
1.410746320881046234e+00
1.414417262249417995e+00
1.418471025148444697e+00
1.421764435200732368e+00
1.424494011262416704e+00
1.427610960490660608e+00
1.430870327964409272e+00
1.433584884180780783e+00
1.435754045591476791e+00
1.439517184947436634e+00
1.443232724958634305e+00
1.446423288322423062e+00
1.449483362894155913e+00
1.452202605997381379e+00
1.455986209821151123e+00
1.459180011437477997e+00
1.461614606018570850e+00
1.463880197686436624e+00
1.467045453878062400e+00
1.470088284421237734e+00
1.473503228087866823e+00
1.476391275306206063e+00
1.479819761740186701e+00
1.483010703953997478e+00
1.485951440683727531e+00
1.488885035799386358e+00
1.491571547491459038e+00
1.494997794574836947e+00
1.498259754031062263e+00
1.501745340657971051e+00
1.505559186697363661e+00
1.508563650249444166e+00
1.511040285556605633e+00
1.513398930260949848e+00
1.516357379013366646e+00
1.519451004808934469e+00
1.522043157420720716e+00
1.524802852348343229e+00
1.527962284479482014e+00
1.531139746529608825e+00
1.533814300928029173e+00
1.536608857473092948e+00
1.539276054139122385e+00
1.541712569989519777e+00
1.544620468762421206e+00
1.547169038639903960e+00
1.550185120711696785e+00
1.553715587734807890e+00
1.557031572959675092e+00
1.559893933864566984e+00
1.562741737242037798e+00
1.565671900527583427e+00
1.568477475931060461e+00
1.570801042597077091e+00
1.573446156702731358e+00
1.576258684471756766e+00
1.579282450379466907e+00
1.581846057782227755e+00
1.584405394826442937e+00
1.586636799710613666e+00
1.589687221838300468e+00
1.593004604739197694e+00
1.596408356385098148e+00
1.598966014163218707e+00
1.601827967079449522e+00
1.604323069867633178e+00
1.606982302977663757e+00
1.609525706492605623e+00
1.612320181477147063e+00
1.615371307918446853e+00
1.618069517175854788e+00
1.620006262730257829e+00
1.622620613308268345e+00
1.625116022297602214e+00
1.627994848051131038e+00
1.630778539938656069e+00
1.633644949307260674e+00
1.635685762265682630e+00
1.638310095089575258e+00
1.641408685717734794e+00
1.644047255694879750e+00
1.646678519831088927e+00
1.649353164528150728e+00
1.652132817803502407e+00
1.654137858578756060e+00
1.656430689337551332e+00
1.658794371551513214e+00
1.661745976095285293e+00
1.664014703172933318e+00
1.666644598098425689e+00
1.669259346787326903e+00
1.672093256918365078e+00
1.675035780801943375e+00
1.677011338672807383e+00
1.679105602597990465e+00
1.681385734942901999e+00
1.683789329563698978e+00
1.686684782379753278e+00
1.689282015629129940e+00
1.691727864585491403e+00
1.693496234623098395e+00
1.696085268495156617e+00
1.699248605793173494e+00
1.702518017055619559e+00
1.705006620592551592e+00
1.706777978068734214e+00
1.708802184208138675e+00
1.711084123173132410e+00
1.713739365876534526e+00
1.716192052540470581e+00
1.718418035862886883e+00
1.721168796377735788e+00
1.723606118735492743e+00
1.725961245134950195e+00
1.728111876760065391e+00
1.730390588447294764e+00
1.732762946310570706e+00
1.735449098624326503e+00
1.737472470130418500e+00
1.740127902255000247e+00
1.742810174003172285e+00
1.744684654964375747e+00
1.746172917450789175e+00
1.748329294745510021e+00
1.751042938078201772e+00
1.753934722116304190e+00
1.756196977199154574e+00
1.757993386935255309e+00
1.759888001350668807e+00
1.761930713215449584e+00
1.764522449918908498e+00
1.766663523456471818e+00
1.769368051832812094e+00
1.771225608854477551e+00
1.773540736729370293e+00
1.775485440054102249e+00
1.777853932815137039e+00
1.780228200685326501e+00
1.782240488266365386e+00
1.784367251385793329e+00
1.786562745566860233e+00
1.788497037988226568e+00
1.790911458346730489e+00
1.793094144077024721e+00
1.795326582015627004e+00
1.797599863703269518e+00
1.798649403602101682e+00
1.800965036427120358e+00
1.803262425526419577e+00
1.805637718290042271e+00
1.807982436222236311e+00
1.809741568289776170e+00
1.811606101428491655e+00
1.813638597482515546e+00
1.816507088483253485e+00
1.818264948861485042e+00
1.820351944490097518e+00
1.822481984147808820e+00
1.824244436502230338e+00
1.826201570717737921e+00
1.828376569971256860e+00
1.830705750965871736e+00
1.832542881223803377e+00
1.834679271563420366e+00
1.836144350413028814e+00
1.837659667828982935e+00
1.839782452508756494e+00
